179 163 199.0 163 199.0 206.0 179 206.0
182 166 203.0 166 203.0 208.0 182 208.0
180 167 203.0 167 203.0 207.0 180 207.0
183 165 206.0 165 206.0 205.0 183 205.0
183 165 206.0 165 206.0 205.0 183 205.0
183 163 207.0 163 207.0 205.0 183 205.0
185 166 210.0 166 210.0 206.0 185 206.0
185 166 210.0 166 210.0 206.0 185 206.0
188 164 211.0 164 211.0 208.0 188 208.0
192 167 215.0 167 215.0 206.0 192 206.0
192 167 215.0 167 215.0 206.0 192 206.0
192 167 215.0 167 215.0 206.0 192 206.0
195 167 215.0 167 215.0 207.0 195 207.0
195 167 215.0 167 215.0 207.0 195 207.0
197 167 217.0 167 217.0 208.0 197 208.0
197 167 217.0 167 217.0 208.0 197 208.0
200 167 219.0 167 219.0 207.0 200 207.0
200 167 219.0 167 219.0 207.0 200 207.0
201 166 220.0 166 220.0 207.0 201 207.0
201 166 220.0 166 220.0 207.0 201 207.0
204 166 223.0 166 223.0 208.0 204 208.0
204 166 223.0 166 223.0 208.0 204 208.0
205 163 225.0 163 225.0 209.0 205 209.0
205 163 225.0 163 225.0 209.0 205 209.0
208 161 227.0 161 227.0 209.0 208 209.0
208 161 227.0 161 227.0 209.0 208 209.0
211 161 229.0 161 229.0 207.0 211 207.0
211 161 229.0 161 229.0 207.0 211 207.0
213 160 233.0 160 233.0 209.0 213 209.0
213 160 233.0 160 233.0 209.0 213 209.0
215 161 237.0 161 237.0 209.0 215 209.0
215 161 237.0 161 237.0 209.0 215 209.0
217 160 240.0 160 240.0 210.0 217 210.0
217 160 240.0 160 240.0 210.0 217 210.0
219 159 243.0 159 243.0 209.0 219 209.0
219 159 243.0 159 243.0 209.0 219 209.0
221 159 246.0 159 246.0 208.0 221 208.0
221 159 246.0 159 246.0 208.0 221 208.0
221 160 245.0 160 245.0 210.0 221 210.0
223 159 247.0 159 247.0 210.0 223 210.0
223 159 247.0 159 247.0 210.0 223 210.0
225 159 251.0 159 251.0 209.0 225 209.0
229 160 253.0 160 253.0 209.0 229 209.0
229 160 253.0 160 253.0 209.0 229 209.0
228 160 253.0 160 253.0 208.0 228 208.0
231 160 255.0 160 255.0 209.0 231 209.0
231 160 255.0 160 255.0 209.0 231 209.0
233 160 256.0 160 256.0 210.0 233 210.0
233 160 256.0 160 256.0 209.0 233 209.0
235 159 255.0 159 255.0 210.0 235 210.0
235 159 255.0 159 255.0 210.0 235 210.0
237 160 257.0 160 257.0 210.0 237 210.0
237 160 257.0 160 257.0 210.0 237 210.0
240 160 259.0 160 259.0 210.0 240 210.0
240 160 259.0 160 259.0 210.0 240 210.0
242 160 260.0 160 260.0 210.0 242 210.0
242 160 260.0 160 260.0 210.0 242 210.0
243 158 262.0 158 262.0 210.0 243 210.0
243 158 262.0 158 262.0 210.0 243 210.0
245 157 265.0 157 265.0 212.0 245 212.0
245 157 265.0 157 265.0 212.0 245 212.0
248 157 268.0 157 268.0 211.0 248 211.0
248 157 268.0 157 268.0 211.0 248 211.0
250 159 269.0 159 269.0 214.0 250 214.0
250 159 269.0 159 269.0 214.0 250 214.0
252 159 270.0 159 270.0 212.0 252 212.0
252 159 270.0 159 270.0 212.0 252 212.0
254 159 275.0 159 275.0 213.0 254 213.0
254 159 275.0 159 275.0 213.0 254 213.0
256 159 279.0 159 279.0 214.0 256 214.0
256 159 279.0 159 279.0 214.0 256 214.0
258 158 282.0 158 282.0 213.0 258 213.0
258 158 282.0 158 282.0 213.0 258 213.0
260 158 286.0 158 286.0 214.0 260 214.0
260 158 286.0 158 286.0 214.0 260 214.0
262 157 288.0 157 288.0 215.0 262 215.0
262 157 288.0 157 288.0 215.0 262 215.0
264 157 288.0 157 288.0 214.0 264 214.0
264 157 288.0 157 288.0 214.0 264 214.0
266 157 290.0 157 290.0 214.0 266 214.0
266 157 290.0 157 290.0 214.0 266 214.0
267 160 292.0 160 292.0 216.0 267 216.0
267 160 292.0 160 292.0 216.0 267 216.0
269 161 292.0 161 292.0 215.0 269 215.0
269 161 292.0 161 292.0 215.0 269 215.0
271 159 293.0 159 293.0 215.0 271 215.0
271 159 293.0 159 293.0 215.0 271 215.0
271 159 293.0 159 293.0 216.0 271 216.0
271 159 293.0 159 293.0 217.0 271 217.0
271 159 293.0 159 293.0 217.0 271 217.0
272 159 296.0 159 296.0 215.0 272 215.0
273 158 295.0 158 295.0 217.0 273 217.0
273 158 295.0 158 295.0 217.0 273 217.0
274 159 295.0 159 295.0 216.0 274 216.0
273 159 296.0 159 296.0 216.0 273 216.0
273 159 296.0 159 296.0 216.0 273 216.0
276 158 298.0 158 298.0 216.0 276 216.0
276 158 298.0 158 298.0 216.0 276 216.0
276 157 298.0 157 298.0 217.0 276 217.0
276 157 298.0 157 298.0 217.0 276 217.0
278 159 300.0 159 300.0 218.0 278 218.0
278 159 300.0 159 300.0 218.0 278 218.0
278 159 302.0 159 302.0 219.0 278 219.0
278 159 302.0 159 302.0 219.0 278 219.0
279 155 303.0 155 303.0 219.0 279 219.0
279 155 303.0 155 303.0 219.0 279 219.0
281 157 304.0 157 304.0 217.0 281 217.0
281 157 304.0 157 304.0 217.0 281 217.0
281 157 304.0 157 304.0 219.0 281 219.0
281 157 304.0 157 304.0 219.0 281 219.0
280 156 305.0 156 305.0 218.0 280 218.0
280 156 305.0 156 305.0 218.0 280 218.0
279 156 305.0 156 305.0 219.0 279 219.0
279 156 305.0 156 305.0 219.0 279 219.0
279 157 307.0 157 307.0 220.0 279 220.0
279 157 307.0 157 307.0 220.0 279 220.0
279 155 308.0 155 308.0 221.0 279 221.0
279 155 308.0 155 308.0 221.0 279 221.0
279 155 307.0 155 307.0 220.0 279 220.0
279 155 307.0 155 307.0 220.0 279 220.0
280 155 308.0 155 308.0 222.0 280 222.0
280 155 308.0 155 308.0 222.0 280 222.0
280 157 307.0 157 307.0 224.0 280 224.0
280 157 307.0 157 307.0 224.0 280 224.0
279 154 307.0 154 307.0 223.0 279 223.0
279 154 307.0 154 307.0 223.0 279 223.0
280 156 308.0 156 308.0 222.0 280 222.0
280 156 308.0 156 308.0 222.0 280 222.0
280 157 309.0 157 309.0 224.0 280 224.0
280 157 309.0 157 309.0 224.0 280 224.0
281 155 308.0 155 308.0 225.0 281 225.0
281 155 308.0 155 308.0 225.0 281 225.0
281 154 307.0 154 307.0 225.0 281 225.0
281 154 307.0 154 307.0 225.0 281 225.0
280 153 310.0 153 310.0 225.0 280 225.0
280 153 310.0 153 310.0 225.0 280 225.0
281 154 309.0 154 309.0 228.0 281 228.0
281 154 309.0 154 309.0 228.0 281 228.0
280 154 309.0 154 309.0 226.0 280 226.0
280 154 309.0 154 309.0 226.0 280 226.0
279 153 311.0 153 311.0 227.0 279 227.0
279 153 311.0 153 311.0 227.0 279 227.0
279 153 311.0 153 311.0 228.0 279 228.0
279 153 311.0 153 311.0 228.0 279 228.0
281 153 312.0 153 312.0 228.0 281 228.0
281 153 312.0 153 312.0 228.0 281 228.0
281 154 312.0 154 312.0 229.0 281 229.0
281 154 312.0 154 312.0 229.0 281 229.0
281 154 311.0 154 311.0 231.0 281 231.0
281 154 311.0 154 311.0 231.0 281 231.0
280 155 313.0 155 313.0 230.0 280 230.0
281 153 312.0 153 312.0 230.0 281 230.0
280 153 312.0 153 312.0 232.0 280 232.0
280 153 312.0 153 312.0 232.0 280 232.0
280 154 311.0 154 311.0 232.0 280 232.0
280 154 311.0 154 311.0 232.0 280 232.0
281 152 312.0 152 312.0 232.0 281 232.0
281 152 312.0 152 312.0 232.0 281 232.0
281 155 314.0 155 314.0 234.0 281 234.0
281 155 314.0 155 314.0 234.0 281 234.0
