40 90 56.0 90 56.0 130.0 40 130.0
40 89 57.0 89 57.0 122.0 40 122.0
40 89 57.0 89 57.0 122.0 40 122.0
44 87 60.0 87 60.0 120.0 44 120.0
44 87 60.0 87 60.0 120.0 44 120.0
47 89 64.0 89 64.0 119.0 47 119.0
47 89 64.0 89 64.0 119.0 47 119.0
50 90 66.0 90 66.0 117.0 50 117.0
50 90 66.0 90 66.0 117.0 50 117.0
52 90 69.0 90 69.0 118.0 52 118.0
52 90 69.0 90 69.0 118.0 52 118.0
57 89 71.0 89 71.0 118.0 57 118.0
57 89 71.0 89 71.0 118.0 57 118.0
57 90 71.0 90 71.0 118.0 57 118.0
61 92 70.0 92 70.0 121.0 61 121.0
61 92 70.0 92 70.0 121.0 61 121.0
63 94 72.0 94 72.0 117.0 63 117.0
63 94 72.0 94 72.0 117.0 63 117.0
73 89 81.0 89 81.0 120.0 73 120.0
73 89 81.0 89 81.0 120.0 73 120.0
75 89 84.0 89 84.0 123.0 75 123.0
75 89 84.0 89 84.0 123.0 75 123.0
76 89 87.0 89 87.0 124.0 76 124.0
76 89 87.0 89 87.0 124.0 76 124.0
77 90 88.0 90 88.0 124.0 77 124.0
77 90 88.0 90 88.0 124.0 77 124.0
77 89 89.0 89 89.0 124.0 77 124.0
78 90 92.0 90 92.0 127.0 78 127.0
78 90 92.0 90 92.0 127.0 78 127.0
80 89 97.0 89 97.0 127.0 80 127.0
80 89 97.0 89 97.0 127.0 80 127.0
82 89 99.0 89 99.0 128.0 82 128.0
82 89 99.0 89 99.0 128.0 82 128.0
85 89 102.0 89 102.0 128.0 85 128.0
85 89 102.0 89 102.0 128.0 85 128.0
87 89 105.0 89 105.0 128.0 87 128.0
87 89 105.0 89 105.0 128.0 87 128.0
91 90 109.0 90 109.0 130.0 91 130.0
91 90 109.0 90 109.0 130.0 91 130.0
91 90 109.0 90 109.0 129.0 91 129.0
94 89 111.0 89 111.0 129.0 94 129.0
94 89 111.0 89 111.0 129.0 94 129.0
97 87 113.0 87 113.0 128.0 97 128.0
100 87 116.0 87 116.0 129.0 100 129.0
100 87 116.0 87 116.0 129.0 100 129.0
100 88 115.0 88 115.0 129.0 100 129.0
102 89 120.0 89 120.0 131.0 102 131.0
102 89 120.0 89 120.0 131.0 102 131.0
106 89 123.0 89 123.0 131.0 106 131.0
106 89 123.0 89 123.0 131.0 106 131.0
110 89 126.0 89 126.0 131.0 110 131.0
110 89 126.0 89 126.0 131.0 110 131.0
116 88 129.0 88 129.0 131.0 116 131.0
116 88 129.0 88 129.0 131.0 116 131.0
117 88 132.0 88 132.0 131.0 117 131.0
117 88 132.0 88 132.0 131.0 117 131.0
119 88 135.0 88 135.0 129.0 119 129.0
119 88 135.0 88 135.0 129.0 119 129.0
119 88 135.0 88 135.0 130.0 119 130.0
124 90 140.0 90 140.0 130.0 124 130.0
124 90 140.0 90 140.0 130.0 124 130.0
128 90 142.0 90 142.0 131.0 128 131.0
128 90 142.0 90 142.0 131.0 128 131.0
130 89 148.0 89 148.0 130.0 130 130.0
130 89 148.0 89 148.0 130.0 130 130.0
134 89 150.0 89 150.0 131.0 134 131.0
134 89 150.0 89 150.0 131.0 134 131.0
137 88 153.0 88 153.0 131.0 137 131.0
137 88 153.0 88 153.0 131.0 137 131.0
141 88 156.0 88 156.0 130.0 141 130.0
141 88 156.0 88 156.0 130.0 141 130.0
140 88 156.0 88 156.0 131.0 140 131.0
143 88 158.0 88 158.0 129.0 143 129.0
143 88 158.0 88 158.0 129.0 143 129.0
145 88 163.0 88 163.0 130.0 145 130.0
149 89 166.0 89 166.0 130.0 149 130.0
149 89 166.0 89 166.0 130.0 149 130.0
150 89 166.0 89 166.0 127.0 150 127.0
154 89 168.0 89 168.0 128.0 154 128.0
154 89 168.0 89 168.0 128.0 154 128.0
154 87 168.0 87 168.0 129.0 154 129.0
154 87 168.0 87 168.0 129.0 154 129.0
159 90 175.0 90 175.0 127.0 159 127.0
159 90 175.0 90 175.0 127.0 159 127.0
161 88 177.0 88 177.0 127.0 161 127.0
161 88 177.0 88 177.0 127.0 161 127.0
166 89 182.0 89 182.0 131.0 166 131.0
166 89 182.0 89 182.0 131.0 166 131.0
168 88 183.0 88 183.0 128.0 168 128.0
170 89 187.0 89 187.0 129.0 170 129.0
170 89 187.0 89 187.0 129.0 170 129.0
175 88 189.0 88 189.0 129.0 175 129.0
175 88 189.0 88 189.0 129.0 175 129.0
176 87 193.0 87 193.0 130.0 176 130.0
176 87 193.0 87 193.0 130.0 176 130.0
179 88 195.0 88 195.0 130.0 179 130.0
179 88 195.0 88 195.0 130.0 179 130.0
181 89 199.0 89 199.0 131.0 181 131.0
181 89 199.0 89 199.0 131.0 181 131.0
183 88 201.0 88 201.0 131.0 183 131.0
183 88 201.0 88 201.0 131.0 183 131.0
187 89 204.0 89 204.0 130.0 187 130.0
187 89 204.0 89 204.0 130.0 187 130.0
190 89 207.0 89 207.0 130.0 190 130.0
190 89 207.0 89 207.0 130.0 190 130.0
195 88 213.0 88 213.0 131.0 195 131.0
195 88 213.0 88 213.0 131.0 195 131.0
194 87 211.0 87 211.0 131.0 194 131.0
197 88 215.0 88 215.0 131.0 197 131.0
197 88 215.0 88 215.0 131.0 197 131.0
199 88 218.0 88 218.0 130.0 199 130.0
199 88 218.0 88 218.0 130.0 199 130.0
201 89 222.0 89 222.0 132.0 201 132.0
201 89 222.0 89 222.0 132.0 201 132.0
205 89 224.0 89 224.0 132.0 205 132.0
205 89 224.0 89 224.0 132.0 205 132.0
209 89 228.0 89 228.0 130.0 209 130.0
209 89 228.0 89 228.0 130.0 209 130.0
211 87 231.0 87 231.0 131.0 211 131.0
211 87 231.0 87 231.0 131.0 211 131.0
217 88 237.0 88 237.0 131.0 217 131.0
217 88 237.0 88 237.0 131.0 217 131.0
216 88 237.0 88 237.0 130.0 216 130.0
220 89 238.0 89 238.0 131.0 220 131.0
220 89 238.0 89 238.0 131.0 220 131.0
222 89 242.0 89 242.0 132.0 222 132.0
222 89 242.0 89 242.0 132.0 222 132.0
227 89 245.0 89 245.0 132.0 227 132.0
227 89 245.0 89 245.0 132.0 227 132.0
229 89 248.0 89 248.0 130.0 229 130.0
229 89 248.0 89 248.0 130.0 229 130.0
232 89 250.0 89 250.0 131.0 232 131.0
232 89 250.0 89 250.0 131.0 232 131.0
236 87 254.0 87 254.0 131.0 236 131.0
236 87 254.0 87 254.0 131.0 236 131.0
237 87 254.0 87 254.0 132.0 237 132.0
238 88 255.0 88 255.0 129.0 238 129.0
238 88 255.0 88 255.0 129.0 238 129.0
243 90 259.0 90 259.0 130.0 243 130.0
243 90 259.0 90 259.0 130.0 243 130.0
246 88 262.0 88 262.0 129.0 246 129.0
246 88 262.0 88 262.0 129.0 246 129.0
246 88 262.0 88 262.0 129.0 246 129.0
249 89 266.0 89 266.0 127.0 249 127.0
249 89 266.0 89 266.0 127.0 249 127.0
253 87 271.0 87 271.0 126.0 253 126.0
253 87 271.0 87 271.0 126.0 253 126.0
257 88 272.0 88 272.0 118.0 257 118.0
257 88 272.0 88 272.0 118.0 257 118.0
261 87 275.0 87 275.0 127.0 261 127.0
261 87 275.0 87 275.0 127.0 261 127.0
263 87 276.0 87 276.0 125.0 263 125.0
263 87 276.0 87 276.0 125.0 263 125.0
264 87 276.0 87 276.0 126.0 264 126.0
264 87 276.0 87 276.0 126.0 264 126.0
278 88 288.0 88 288.0 126.0 278 126.0
278 88 288.0 88 288.0 126.0 278 126.0
279 89 291.0 89 291.0 127.0 279 127.0
279 89 291.0 89 291.0 127.0 279 127.0
280 88 290.0 88 290.0 129.0 280 129.0
282 88 293.0 88 293.0 128.0 282 128.0
282 88 293.0 88 293.0 128.0 282 128.0
284 88 297.0 88 297.0 132.0 284 132.0
284 88 297.0 88 297.0 132.0 284 132.0
285 89 302.0 89 302.0 132.0 285 132.0
285 89 302.0 89 302.0 132.0 285 132.0
287 89 303.0 89 303.0 131.0 287 131.0
287 89 303.0 89 303.0 131.0 287 131.0
292 92 307.0 92 307.0 131.0 292 131.0
292 92 307.0 92 307.0 131.0 292 131.0
296 90 311.0 90 311.0 132.0 296 132.0
296 90 311.0 90 311.0 132.0 296 132.0
297 90 311.0 90 311.0 132.0 297 132.0
300 90 315.0 90 315.0 130.0 300 130.0
300 90 315.0 90 315.0 130.0 300 130.0
304 89 319.0 89 319.0 131.0 304 131.0
304 89 319.0 89 319.0 131.0 304 131.0
302 88 319.0 88 319.0 131.0 302 131.0
308 89 323.0 89 323.0 133.0 308 133.0
