348 167 359.0 167 359.0 196.0 348 196.0
345 167 359.0 167 359.0 196.0 345 196.0
344 165 356.0 165 356.0 195.0 344 195.0
340 164 353.0 164 353.0 195.0 340 195.0
340 163 352.0 163 352.0 191.0 340 191.0
336 160 348.0 160 348.0 187.0 336 187.0
335 160 348.0 160 348.0 191.0 335 191.0
333 161 345.0 161 345.0 191.0 333 191.0
330 157 342.0 157 342.0 191.0 330 191.0
327 156 339.0 156 339.0 188.0 327 188.0
325 155 338.0 155 338.0 188.0 325 188.0
323 155 335.0 155 335.0 186.0 323 186.0
321 153 332.0 153 332.0 179.0 321 179.0
318 153 330.0 153 330.0 179.0 318 179.0
316 151 328.0 151 328.0 178.0 316 178.0
315 150 327.0 150 327.0 177.0 315 177.0
314 150 326.0 150 326.0 176.0 314 176.0
311 147 324.0 147 324.0 174.0 311 174.0
310 147 322.0 147 322.0 173.0 310 173.0
309 147 321.0 147 321.0 172.0 309 172.0
307 145 319.0 145 319.0 169.0 307 169.0
306 145 317.0 145 317.0 168.0 306 168.0
305 142 317.0 142 317.0 168.0 305 168.0
303 141 314.0 141 314.0 168.0 303 168.0
301 140 313.0 140 313.0 166.0 301 166.0
301 139 311.0 139 311.0 164.0 301 164.0
297 138 310.0 138 310.0 164.0 297 164.0
298 138 309.0 138 309.0 163.0 298 163.0
296 137 308.0 137 308.0 163.0 296 163.0
294 136 304.0 136 304.0 161.0 294 161.0
292 135 303.0 135 303.0 161.0 292 161.0
291 136 302.0 136 302.0 160.0 291 160.0
289 134 300.0 134 300.0 161.0 289 161.0
288 132 300.0 132 300.0 156.0 288 156.0
286 131 296.0 131 296.0 157.0 286 157.0
284 130 296.0 130 296.0 156.0 284 156.0
282 130 294.0 130 294.0 155.0 282 155.0
281 130 293.0 130 293.0 155.0 281 155.0
279 128 289.0 128 289.0 152.0 279 152.0
279 127 290.0 127 290.0 152.0 279 152.0
277 128 287.0 128 287.0 150.0 277 150.0
275 125 285.0 125 285.0 150.0 275 150.0
273 124 284.0 124 284.0 148.0 273 148.0
271 125 282.0 125 282.0 149.0 271 149.0
270 126 282.0 126 282.0 147.0 270 147.0
269 122 280.0 122 280.0 147.0 269 147.0
267 122 279.0 122 279.0 145.0 267 145.0
266 122 276.0 122 276.0 144.0 266 144.0
264 120 275.0 120 275.0 143.0 264 143.0
264 120 274.0 120 274.0 140.0 264 140.0
262 119 272.0 119 272.0 138.0 262 138.0
260 119 270.0 119 270.0 142.0 260 142.0
259 117 269.0 117 269.0 140.0 259 140.0
257 116 267.0 116 267.0 138.0 257 138.0
256 116 266.0 116 266.0 138.0 256 138.0
254 114 264.0 114 264.0 137.0 254 137.0
254 115 264.0 115 264.0 139.0 254 139.0
253 114 263.0 114 263.0 137.0 253 137.0
251 113 261.0 113 261.0 135.0 251 135.0
251 112 261.0 112 261.0 135.0 251 135.0
250 111 260.0 111 260.0 134.0 250 134.0
248 110 258.0 110 258.0 132.0 248 132.0
248 110 258.0 110 258.0 133.0 248 133.0
246 108 257.0 108 257.0 132.0 246 132.0
245 108 255.0 108 255.0 128.0 245 128.0
243 108 254.0 108 254.0 129.0 243 129.0
243 107 252.0 107 252.0 128.0 243 128.0
241 106 251.0 106 251.0 129.0 241 129.0
241 107 252.0 107 252.0 128.0 241 128.0
240 104 250.0 104 250.0 128.0 240 128.0
240 104 249.0 104 249.0 127.0 240 127.0
239 104 248.0 104 248.0 125.0 239 125.0
236 102 246.0 102 246.0 124.0 236 124.0
235 102 246.0 102 246.0 120.0 235 120.0
233 101 244.0 101 244.0 126.0 233 126.0
232 102 243.0 102 243.0 123.0 232 123.0
230 101 241.0 101 241.0 121.0 230 121.0
229 100 240.0 100 240.0 121.0 229 121.0
227 99 239.0 99 239.0 123.0 227 123.0
226 99 237.0 99 237.0 124.0 226 124.0
226 99 237.0 99 237.0 120.0 226 120.0
227 98 236.0 98 236.0 118.0 227 118.0
225 96 235.0 96 235.0 118.0 225 118.0
224 95 235.0 95 235.0 117.0 224 117.0
225 96 234.0 96 234.0 116.0 225 116.0
224 95 233.0 95 233.0 115.0 224 115.0
222 96 231.0 96 231.0 114.0 222 114.0
222 95 232.0 95 232.0 113.0 222 113.0
220 93 231.0 93 231.0 113.0 220 113.0
220 94 230.0 94 230.0 113.0 220 113.0
219 91 230.0 91 230.0 112.0 219 112.0
218 89 228.0 89 228.0 111.0 218 111.0
218 90 228.0 90 228.0 111.0 218 111.0
216 91 226.0 91 226.0 110.0 216 110.0
215 89 224.0 89 224.0 111.0 215 111.0
211 89 222.0 89 222.0 111.0 211 111.0
212 90 221.0 90 221.0 107.0 212 107.0
212 90 221.0 90 221.0 108.0 212 108.0
211 88 221.0 88 221.0 107.0 211 107.0
208 88 217.0 88 217.0 109.0 208 109.0
207 87 217.0 87 217.0 109.0 207 109.0
206 87 217.0 87 217.0 108.0 206 108.0
205 85 215.0 85 215.0 108.0 205 108.0
204 85 214.0 85 214.0 106.0 204 106.0
203 85 213.0 85 213.0 105.0 203 105.0
202 84 212.0 84 212.0 104.0 202 104.0
201 83 211.0 83 211.0 105.0 201 105.0
200 84 209.0 84 209.0 104.0 200 104.0
199 82 209.0 82 209.0 104.0 199 104.0
198 82 208.0 82 208.0 103.0 198 103.0
197 82 208.0 82 208.0 103.0 197 103.0
196 81 206.0 81 206.0 102.0 196 102.0
196 81 205.0 81 205.0 101.0 196 101.0
194 81 204.0 81 204.0 101.0 194 101.0
193 80 203.0 80 203.0 102.0 193 102.0
193 79 202.0 79 202.0 101.0 193 101.0
192 79 201.0 79 201.0 100.0 192 100.0
190 78 201.0 78 201.0 99.0 190 99.0
190 78 199.0 78 199.0 99.0 190 99.0
189 77 199.0 77 199.0 99.0 189 99.0
187 77 198.0 77 198.0 97.0 187 97.0
187 77 198.0 77 198.0 96.0 187 96.0
186 76 197.0 76 197.0 96.0 186 96.0
186 76 196.0 76 196.0 96.0 186 96.0
185 75 196.0 75 196.0 95.0 185 95.0
185 75 195.0 75 195.0 95.0 185 95.0
184 74 195.0 74 195.0 96.0 184 96.0
183 74 195.0 74 195.0 95.0 183 95.0
183 74 194.0 74 194.0 93.0 183 93.0
183 73 193.0 73 193.0 93.0 183 93.0
183 73 192.0 73 192.0 93.0 183 93.0
181 72 191.0 72 191.0 94.0 181 94.0
180 72 190.0 72 190.0 92.0 180 92.0
184 72 192.0 72 192.0 88.0 184 88.0
184 72 191.0 72 191.0 88.0 184 88.0
182 71 190.0 71 190.0 88.0 182 88.0
178 70 187.0 70 187.0 90.0 178 90.0
180 70 188.0 70 188.0 88.0 180 88.0
179 68 189.0 68 189.0 85.0 179 85.0
179 69 188.0 69 188.0 84.0 179 84.0
174 68 184.0 68 184.0 88.0 174 88.0
177 69 186.0 69 186.0 86.0 177 86.0
177 69 186.0 69 186.0 86.0 177 86.0
177 67 186.0 67 186.0 84.0 177 84.0
176 67 184.0 67 184.0 83.0 176 83.0
176 66 185.0 66 185.0 84.0 176 84.0
175 66 184.0 66 184.0 82.0 175 82.0
174 65 184.0 65 184.0 83.0 174 83.0
174 66 183.0 66 183.0 82.0 174 82.0
173 64 182.0 64 182.0 80.0 173 80.0
173 65 182.0 65 182.0 79.0 173 79.0
171 63 180.0 63 180.0 79.0 171 79.0
169 63 179.0 63 179.0 80.0 169 80.0
170 64 179.0 64 179.0 80.0 170 80.0
170 63 178.0 63 178.0 80.0 170 80.0
168 62 177.0 62 177.0 78.0 168 78.0
168 63 176.0 63 176.0 78.0 168 78.0
168 63 175.0 63 175.0 77.0 168 77.0
167 62 175.0 62 175.0 76.0 167 76.0
165 61 173.0 61 173.0 77.0 165 77.0
165 61 173.0 61 173.0 76.0 165 76.0
164 59 173.0 59 173.0 76.0 164 76.0
163 59 172.0 59 172.0 76.0 163 76.0
162 60 171.0 60 171.0 75.0 162 75.0
161 58 170.0 58 170.0 74.0 161 74.0
161 59 169.0 59 169.0 76.0 161 76.0
161 59 169.0 59 169.0 75.0 161 75.0
