300,277,33,69
301,278,32,68
299,277,33,70
299,273,34,71
305,277,33,70
307,278,33,70
309,275,34,72
310,278,34,72
318,275,33,72
317,280,33,70
323,281,33,70
329,281,33,70
339,281,33,70
342,281,33,71
344,281,33,71
347,282,33,69
351,282,33,68
354,288,32,68
357,286,33,69
359,284,33,69
363,286,32,68
365,285,32,67
367,286,32,68
374,289,32,68
376,289,32,67
380,290,32,67
383,288,32,67
390,287,32,68
393,286,33,70
398,286,33,69
405,286,33,69
412,285,33,70
414,288,33,69
416,289,33,69
419,292,33,69
422,294,33,69
428,293,33,69
435,289,33,70
439,289,34,71
447,291,34,72
450,292,33,70
456,291,33,69
459,294,33,70
464,295,34,71
470,294,34,72
475,294,34,72
482,291,34,72
488,291,34,72
497,289,34,72
499,292,34,71
504,292,34,71
513,293,32,72
516,297,34,71
520,298,34,71
526,295,34,72
533,297,35,73
539,296,35,74
546,296,35,73
552,298,35,73
558,300,34,72
565,302,34,72
570,305,34,71
579,302,33,70
588,302,34,72
592,301,34,72
597,299,34,72
597,299,34,72
614,302,34,72
622,307,34,72
625,308,34,71
633,308,34,72
643,304,34,72
650,304,35,73
663,300,35,71
672,301,35,68
678,302,35,69
685,303,36,67
692,307,34,72
701,307,34,72
709,310,34,71
717,306,34,73
726,303,34,72
726,303,34,72
745,293,34,71
753,298,33,71
757,307,34,73
763,312,35,74
769,314,35,74
777,311,36,75
786,310,37,77
794,309,37,77
803,308,36,77
811,307,37,77
821,311,36,77
829,314,37,78
836,315,37,78
844,313,37,79
853,311,37,78
862,311,37,77
872,312,37,77
878,309,37,78
885,308,37,78
894,312,37,78
902,316,37,78
911,320,38,80
916,319,38,79
