549,335,70,132
555,331,68,130
564,328,67,130
569,320,65,128
569,320,65,128
569,320,65,128
569,320,65,128
569,320,65,128
569,320,65,128
569,320,65,128
569,320,65,128
569,320,65,128
569,320,65,128
569,320,65,128
569,320,65,128
569,320,65,128
569,320,65,128
569,320,65,128
569,320,65,128
569,320,65,128
569,320,65,128
569,320,65,128
569,320,65,128
569,320,65,128
569,320,65,128
569,320,65,128
569,320,65,128
569,320,65,128
569,320,65,128
569,320,65,128
569,320,65,128
569,320,65,128
569,320,65,128
569,320,65,128
569,320,65,128
569,320,65,128
569,320,65,128
569,320,65,128
569,320,65,128
569,320,65,128
569,320,65,128
569,320,65,128
569,320,65,128
569,320,65,128
569,320,65,128
569,320,65,128
569,320,65,128
569,320,65,128
569,320,65,128
569,320,65,128
569,320,65,128
569,320,65,128
569,320,65,128
569,320,65,128
569,320,65,128
569,320,65,128
569,320,65,128
569,320,65,128
569,320,65,128
569,320,65,128
474,360,61,121
492,359,59,117
507,348,60,117
523,342,59,118
535,336,59,117
542,328,59,120
551,323,59,120
561,318,57,117
562,312,59,113
575,310,53,108
573,295,57,113
568,286,61,115
568,286,61,115
568,286,61,115
568,286,61,115
568,286,61,115
568,286,61,115
568,286,61,115
568,286,61,115
568,286,61,115
568,286,61,115
568,286,61,115
568,286,61,115
568,286,61,115
568,286,61,115
568,286,61,115
568,286,61,115
568,286,61,115
568,286,61,115
568,286,61,115
568,286,61,115
568,286,61,115
568,286,61,115
568,286,61,115
568,286,61,115
568,286,61,115
568,286,61,115
568,286,61,115
568,286,61,115
568,286,61,115
568,286,61,115
568,286,61,115
568,286,61,115
568,286,61,115
568,286,61,115
568,286,61,115
568,286,61,115
568,286,61,115
568,286,61,115
568,286,61,115
568,286,61,115
568,286,61,115
568,286,61,115
568,286,61,115
568,286,61,115
568,286,61,115
568,286,61,115
568,286,61,115
568,286,61,115
568,286,61,115
568,286,61,115
568,286,61,115
568,286,61,115
568,286,61,115
568,286,61,115
568,286,61,115
568,286,61,115
568,286,61,115
568,286,61,115
568,286,61,115
568,286,61,115
568,286,61,115
568,286,61,115
568,286,61,115
568,286,61,115
568,286,61,115
568,286,61,115
568,286,61,115
568,286,61,115
568,286,61,115
568,286,61,115
568,286,61,115
568,286,61,115
568,286,61,115
568,286,61,115
568,286,61,115
568,286,61,115
568,286,61,115
568,286,61,115
568,286,61,115
568,286,61,115
568,286,61,115
568,286,61,115
568,286,61,115
568,286,61,115
568,286,61,115
568,286,61,115
568,286,61,115
568,286,61,115
568,286,61,115
568,286,61,115
568,286,61,115
568,286,61,115
568,286,61,115
568,286,61,115
568,286,61,115
568,286,61,115
568,286,61,115
568,286,61,115
568,286,61,115
568,286,61,115
568,286,61,115
568,286,61,115
568,286,61,115
568,286,61,115
568,286,61,115
568,286,61,115
568,286,61,115
568,286,61,115
568,286,61,115
568,286,61,115
568,286,61,115
568,286,61,115
568,286,61,115
568,286,61,115
568,286,61,115
568,286,61,115
568,286,61,115
568,286,61,115
568,286,61,115
568,286,61,115
568,286,61,115
568,286,61,115
568,286,61,115
568,286,61,115
568,286,61,115
568,286,61,115
568,286,61,115
568,286,61,115
568,286,61,115
568,286,61,115
568,286,61,115
568,286,61,115
568,286,61,115
568,286,61,115
568,286,61,115
568,286,61,115
568,286,61,115
568,286,61,115
568,286,61,115
568,286,61,115
568,286,61,115
568,286,61,115
568,286,61,115
568,286,61,115
568,286,61,115
568,286,61,115
568,286,61,115
568,286,61,115
568,286,61,115
568,286,61,115
568,286,61,115
568,286,61,115
568,286,61,115
568,286,61,115
568,286,61,115
568,286,61,115
568,286,61,115
568,286,61,115
568,286,61,115
568,286,61,115
568,286,61,115
568,286,61,115
568,286,61,115
568,286,61,115
568,286,61,115
568,286,61,115
568,286,61,115
568,286,61,115
568,286,61,115
568,286,61,115
568,286,61,115
568,286,61,115
568,286,61,115
568,286,61,115
568,286,61,115
568,286,61,115
568,286,61,115
568,286,61,115
568,286,61,115
568,286,61,115
568,286,61,115
568,286,61,115
568,286,61,115
568,286,61,115
568,286,61,115
568,286,61,115
568,286,61,115
568,286,61,115
568,286,61,115
568,286,61,115
568,286,61,115
568,286,61,115
568,286,61,115
568,286,61,115
568,286,61,115
568,286,61,115
568,286,61,115
568,286,61,115
568,286,61,115
568,286,61,115
568,286,61,115
568,286,61,115
568,286,61,115
568,286,61,115
568,286,61,115
568,286,61,115
568,286,61,115
568,286,61,115
568,286,61,115
568,286,61,115
568,286,61,115
568,286,61,115
568,286,61,115
568,286,61,115
568,286,61,115
568,286,61,115
568,286,61,115
568,286,61,115
568,286,61,115
568,286,61,115
568,286,61,115
568,286,61,115
568,286,61,115
568,286,61,115
568,286,61,115
568,286,61,115
568,286,61,115
568,286,61,115
568,286,61,115
568,286,61,115
568,286,61,115
568,286,61,115
568,286,61,115
568,286,61,115
568,286,61,115
568,286,61,115
568,286,61,115
568,286,61,115
568,286,61,115
568,286,61,115
568,286,61,115
568,286,61,115
568,286,61,115
568,286,61,115
568,286,61,115
568,286,61,115
568,286,61,115
568,286,61,115
568,286,61,115
568,286,61,115
568,286,61,115
568,286,61,115
568,286,61,115
568,286,61,115
568,286,61,115
568,286,61,115
568,286,61,115
568,286,61,115
568,286,61,115
568,286,61,115
568,286,61,115
568,286,61,115
568,286,61,115
568,286,61,115
568,286,61,115
568,286,61,115
568,286,61,115
568,286,61,115
568,286,61,115
568,286,61,115
568,286,61,115
568,286,61,115
568,286,61,115
568,286,61,115
568,286,61,115
568,286,61,115
568,286,61,115
568,286,61,115
568,286,61,115
568,286,61,115
568,286,61,115
568,286,61,115
568,286,61,115
568,286,61,115
568,286,61,115
568,286,61,115
