504,428,24,67
501,430,23,65
500,433,23,64
499,436,23,65
500,439,23,64
500,439,23,66
503,444,23,66
505,443,23,66
506,445,24,65
506,441,24,65
508,438,23,63
506,431,24,67
505,427,24,67
505,425,24,68
503,419,25,69
504,416,25,69
502,415,25,69
501,413,25,71
501,413,25,70
500,413,25,71
499,415,25,71
495,413,25,72
496,417,25,71
496,419,25,70
496,419,25,70
498,420,24,69
499,420,25,70
502,418,25,70
506,419,25,70
506,421,25,69
506,421,25,69
508,418,24,69
508,424,25,70
508,424,25,70
508,423,25,70
512,423,23,66
520,428,23,63
523,426,25,65
525,425,25,67
527,427,26,65
529,428,25,66
530,431,25,65
532,430,25,65
533,430,25,63
534,430,26,63
534,432,26,61
533,429,25,64
540,425,25,70
547,424,25,68
536,423,25,70
542,423,25,70
546,424,25,70
547,425,25,69
547,425,25,70
551,425,25,69
549,425,25,70
553,426,25,67
555,425,24,69
556,424,25,65
558,425,25,61
554,424,25,60
545,423,25,61
537,421,24,68
530,421,24,68
521,422,24,69
508,422,24,69
494,423,24,68
478,422,25,69
468,425,25,69
464,429,27,64
462,431,26,66
463,434,25,62
463,433,24,64
461,434,25,64
462,434,25,64
459,428,25,67
456,424,25,68
454,424,25,70
454,424,25,70
454,413,26,72
458,411,26,72
461,410,26,73
464,409,26,74
468,410,28,70
472,410,27,68
476,409,27,67
478,411,26,64
480,411,26,65
482,413,26,63
483,417,26,64
482,418,25,65
483,417,25,66
483,418,25,68
484,419,24,69
482,418,26,72
487,420,27,68
488,416,27,70
490,414,26,69
488,412,27,71
488,413,27,70
486,412,28,70
485,413,28,70
489,414,27,67
491,413,25,68
493,412,27,69
490,405,28,73
494,405,28,74
499,405,28,73
497,402,27,77
498,402,28,78
499,403,28,76
499,402,28,76
502,401,28,74
506,405,28,68
509,406,28,67
512,407,27,65
514,407,29,65
517,407,28,66
519,409,27,64
522,409,25,65
523,409,24,66
525,410,24,67
524,410,24,68
524,410,25,68
522,408,25,69
520,409,26,69
519,408,27,68
518,408,26,70
517,410,26,70
518,415,26,67
519,418,26,64
517,421,26,64
517,424,26,63
516,424,24,65
516,424,24,67
515,423,25,67
515,424,26,66
513,423,27,69
512,421,27,67
511,418,26,66
511,419,26,64
512,419,25,68
523,421,25,70
531,422,25,71
541,426,25,71
540,430,25,72
539,432,27,65
536,431,26,67
530,424,25,72
525,427,26,74
520,430,26,74
513,432,26,74
514,434,28,71
512,435,27,71
509,436,28,71
507,438,27,68
504,440,26,68
503,441,26,66
502,443,25,64
501,444,25,63
498,438,26,69
497,434,27,69
497,432,26,69
498,429,26,68
498,427,26,70
498,426,26,69
499,428,26,66
499,431,26,64
498,433,25,63
498,433,25,65
501,433,25,67
506,431,26,66
506,429,25,70
507,426,25,70
513,427,25,66
512,425,25,66
512,422,25,65
512,420,24,66
512,419,25,66
513,417,24,66
515,415,24,67
517,415,24,68
515,415,24,67
513,416,24,68
510,417,24,67
509,417,24,68
508,417,24,67
507,417,24,68
509,417,24,68
511,417,24,68
515,415,24,67
515,415,24,66
516,416,25,63
515,413,25,66
514,411,25,67
513,410,25,68
513,411,26,66
512,408,25,67
513,406,26,68
