423,237,53,61
423,237,52,59
424,237,51,59
422,236,52,59
421,237,53,61
422,237,52,60
424,238,52,59
425,236,52,60
426,237,52,60
428,236,52,59
432,236,51,59
430,236,50,58
432,236,50,57
432,236,50,58
434,235,51,58
435,234,50,58
434,235,50,58
433,234,51,59
436,236,51,59
438,238,50,58
439,236,51,58
441,236,50,58
443,236,50,57
444,237,49,57
445,236,48,56
446,237,48,56
447,236,48,56
449,234,47,55
449,237,47,55
451,237,47,54
453,237,47,54
453,238,47,54
454,237,48,55
453,237,47,54
455,237,47,55
454,237,48,55
455,237,48,55
456,237,47,54
457,239,46,54
457,236,46,53
457,236,47,54
458,233,47,54
458,233,46,53
460,234,45,52
460,235,45,52
458,237,46,53
459,238,47,54
457,238,46,53
457,240,45,52
458,241,46,53
456,241,45,52
454,241,45,51
454,241,45,52
455,242,44,51
453,241,45,51
455,241,45,52
456,241,46,53
456,242,45,52
459,242,44,51
459,242,44,51
461,244,43,50
460,242,43,50
461,242,43,49
462,242,42,48
463,242,42,48
463,242,42,48
464,242,41,47
465,241,41,47
465,241,41,48
464,243,42,49
465,243,42,49
464,243,41,47
464,244,41,47
464,244,41,47
464,243,41,48
465,243,41,47
464,244,41,47
464,243,41,47
464,242,41,47
463,241,42,49
464,242,43,49
464,242,42,48
465,242,43,49
465,243,43,49
465,242,43,50
466,241,43,50
467,241,43,49
467,241,42,49
468,244,43,49
469,245,42,48
469,250,42,48
470,246,42,48
469,246,42,49
470,246,41,47
470,247,42,48
470,246,42,49
471,246,43,49
469,246,43,49
468,246,43,50
471,247,42,49
471,246,42,49
469,247,43,49
470,246,42,49
470,247,42,49
470,246,41,48
471,247,41,47
470,246,41,48
470,247,42,48
470,246,42,48
470,247,41,47
471,245,41,47
471,245,41,47
471,247,41,48
471,246,42,48
471,246,42,48
471,246,42,49
471,246,43,49
471,248,43,49
470,245,43,50
471,246,44,51
469,245,44,51
470,245,44,51
471,246,45,51
469,245,45,52
468,244,45,52
469,243,46,53
468,243,46,53
466,244,46,53
465,243,46,53
466,244,46,53
464,244,46,54
465,244,46,53
462,244,47,54
462,244,47,54
465,243,48,55
459,243,50,55
463,246,49,56
463,246,49,56
460,243,47,54
464,244,49,56
469,245,49,56
467,243,48,55
467,244,48,55
468,244,47,55
470,243,47,54
468,244,47,54
471,243,48,55
472,243,48,55
471,245,48,56
472,243,49,56
475,244,49,56
473,244,49,56
472,243,49,56
472,243,50,54
472,241,49,55
473,242,49,54
472,242,49,56
473,243,50,56
473,241,49,56
474,242,50,55
474,241,49,55
473,240,49,55
476,243,48,55
473,243,49,56
474,243,49,57
474,242,49,57
473,242,49,57
472,242,49,57
474,242,49,57
474,244,48,56
474,245,48,55
474,242,48,55
474,245,48,55
473,244,49,56
471,244,50,57
474,244,50,57
471,244,51,57
471,245,51,56
473,244,49,57
473,245,50,55
472,244,51,56
471,246,52,54
472,245,50,56
472,246,52,55
469,247,54,55
471,248,54,52
473,247,51,55
475,245,49,57
472,249,52,54
473,248,53,53
473,248,52,54
474,248,53,53
472,248,51,54
474,249,53,52
473,249,51,53
473,247,48,53
475,249,50,51
473,249,51,52
472,250,54,50
469,247,51,54
469,247,50,56
468,245,50,57
466,245,50,58
467,246,50,57
469,246,49,57
467,244,50,57
468,245,50,58
467,246,49,57
468,245,50,57
466,245,50,58
468,246,49,57
470,245,50,57
469,245,51,58
467,247,53,56
468,250,56,52
469,245,51,58
468,246,49,57
470,246,49,56
471,247,48,56
470,245,49,56
471,245,49,56
471,246,48,56
471,246,48,55
472,247,48,55
472,248,47,54
472,247,47,54
472,246,47,54
473,247,47,55
473,247,48,55
475,246,47,54
473,246,47,55
473,247,47,54
472,247,48,55
474,246,48,55
474,246,48,55
475,246,48,55
475,246,48,55
473,246,48,55
473,245,48,56
472,245,49,56
474,246,48,56
473,245,48,56
473,245,49,56
474,245,49,56
474,245,48,55
474,245,49,56
472,244,50,57
472,245,49,57
473,245,49,57
474,245,51,55
472,245,52,57
471,243,51,59
471,244,54,56
469,244,52,58
472,245,55,56
472,244,54,57
471,244,54,57
472,246,55,55
471,245,55,56
471,243,53,59
471,243,53,59
470,242,53,61
469,243,55,61
469,241,54,63
471,241,56,62
470,242,58,59
470,243,55,59
472,242,54,60
471,242,54,60
471,242,52,60
473,241,52,59
473,244,54,58
473,244,53,58
470,243,51,59
474,245,52,56
474,245,51,57
474,243,51,57
475,245,49,57
474,244,50,56
473,245,49,57
474,243,50,58
472,243,52,57
471,242,50,58
471,242,51,58
471,244,51,57
471,243,51,55
472,244,52,54
472,245,52,55
470,245,50,55
471,244,50,54
470,244,50,55
470,242,49,56
469,242,49,56
470,241,49,56
470,242,49,56
468,242,50,57
467,241,50,58
467,242,50,58
467,242,50,58
468,242,50,57
467,242,49,57
466,243,49,57
467,242,49,57
466,244,49,56
466,243,49,57
467,244,50,57
466,243,50,58
465,242,50,58
465,243,50,58
466,242,51,58
464,243,50,58
464,243,50,58
464,242,50,58
464,243,51,58
463,243,51,59
462,243,51,59
463,244,51,59
460,248,52,59
459,246,53,61
458,244,52,60
458,246,51,59
455,246,52,59
456,248,51,59
455,247,51,58
456,248,50,57
453,248,50,57
449,246,50,57
446,247,49,57
446,247,49,57
441,228,50,57
441,228,50,57
437,223,50,58
431,236,51,59
433,236,52,60
434,235,53,61
434,235,55,63
434,235,55,63
435,236,55,63
436,234,55,64
438,234,56,65
445,239,56,65
444,235,58,67
442,233,59,68
438,229,60,69
439,228,60,69
440,231,61,70
442,237,61,70
447,242,62,68
451,245,62,68
455,243,61,68
454,244,62,70
452,245,60,69
455,246,62,65
457,244,59,67
457,244,58,66
459,242,57,66
459,244,56,65
461,242,56,64
461,243,55,63
462,243,54,62
461,244,55,63
461,244,54,63
461,243,55,63
462,241,55,64
462,243,55,64
462,244,55,63
462,243,55,63
461,244,55,64
462,243,56,64
463,243,55,64
463,242,56,64
463,241,56,65
464,243,57,63
464,243,55,64
464,245,55,61
465,243,53,61
465,243,53,61
467,245,52,60
467,243,52,60
465,245,54,60
468,245,54,60
468,246,56,58
470,246,54,59
471,245,53,59
468,245,53,61
470,245,52,60
471,246,54,59
470,243,53,62
469,244,53,61
471,244,52,60
472,246,52,60
471,243,52,59
471,245,52,59
470,243,52,60
472,244,51,59
470,245,51,59
472,245,52,58
470,245,51,59
471,247,50,58
470,244,50,58
471,246,52,58
470,245,51,59
470,245,52,59
469,246,52,60
470,247,53,58
470,246,52,59
471,246,52,59
470,245,52,59
469,244,52,60
468,245,53,60
469,244,52,59
469,245,52,60
470,246,52,59
471,247,52,58
471,247,53,58
469,244,53,60
469,244,53,60
472,246,52,58
470,245,52,59
470,245,52,59
471,246,53,58
471,246,51,57
471,245,50,56
469,245,50,58
468,245,50,57
471,246,51,56
469,246,50,57
470,246,50,56
470,247,50,56
470,245,51,56
470,246,49,55
472,247,51,55
469,247,50,56
470,246,50,55
469,245,50,57
470,245,50,56
469,245,49,56
469,245,50,55
468,246,49,56
469,245,50,54
467,246,48,56
467,246,50,56
466,245,49,57
468,245,51,55
469,245,49,55
467,245,49,55
468,245,48,55
467,242,48,55
467,243,48,55
468,245,47,54
467,245,47,54
467,245,48,55
466,245,48,56
466,245,48,56
467,244,47,54
466,245,48,55
468,245,47,55
467,246,48,55
467,246,47,55
466,246,48,55
467,246,47,54
467,245,48,55
466,245,48,55
466,246,48,56
465,245,48,56
465,246,48,55
467,245,48,55
466,246,49,56
466,247,48,56
465,246,48,56
465,247,49,56
465,247,49,56
465,246,49,57
464,246,50,58
464,244,51,59
463,247,51,58
464,247,50,58
464,248,51,58
464,246,51,57
464,247,50,58
464,247,50,57
464,246,50,58
463,248,51,58
463,247,53,56
463,246,51,59
463,246,52,59
462,246,53,60
463,246,55,58
464,245,56,56
463,245,54,56
462,245,55,58
462,245,53,59
463,245,53,61
463,243,54,60
463,243,56,61
465,246,56,60
464,245,55,61
463,245,55,60
465,245,54,58
466,247,54,58
465,246,52,59
466,246,54,57
466,247,52,58
467,247,52,57
466,247,52,59
467,247,52,58
466,246,52,58
465,247,51,59
465,245,52,60
463,247,53,61
465,247,53,61
463,245,52,60
463,247,53,61
463,245,52,60
461,247,53,61
463,245,53,60
463,245,53,61
463,244,54,61
466,243,54,61
466,243,53,62
467,245,54,61
468,244,53,61
470,247,56,58
468,244,54,62
468,246,55,58
468,247,56,58
470,247,56,58
472,249,55,56
472,249,55,57
472,246,54,59
473,245,53,60
473,246,53,60
474,246,52,59
475,245,52,59
474,244,53,60
474,246,54,59
472,246,55,60
473,245,54,61
473,245,54,60
474,245,53,61
472,244,53,61
474,245,52,60
474,245,52,60
472,245,53,61
472,245,53,61
474,245,53,61
472,246,54,61
472,246,53,60
471,246,53,61
472,246,53,60
470,245,53,59
471,245,53,59
471,244,54,59
469,246,54,59
468,245,53,61
467,243,54,62
466,243,55,63
465,246,57,61
465,245,57,63
467,247,58,61
468,246,58,60
468,248,58,59
471,246,56,59
471,247,56,60
472,247,56,58
471,246,55,58
472,248,55,54
470,245,53,56
471,245,49,57
473,246,51,53
473,247,51,53
472,245,48,53
473,247,47,51
473,247,49,51
471,246,49,52
472,248,50,51
471,248,49,52
471,247,47,53
471,247,50,51
472,249,49,50
471,248,50,50
471,247,48,53
470,247,49,53
469,246,49,52
470,247,49,53
470,247,51,54
470,246,50,54
469,247,49,54
470,247,48,55
470,246,47,53
470,247,46,54
470,248,47,52
470,247,46,54
469,247,47,54
469,246,49,54
469,247,49,56
469,246,48,55
469,246,49,56
470,247,48,56
471,248,50,54
472,250,51,54
470,248,51,55
470,247,50,57
473,248,52,54
471,248,52,55
470,247,54,56
469,245,53,58
470,246,54,58
470,246,53,58
470,245,53,60
471,243,54,60
473,246,54,58
473,245,53,59
472,244,54,60
473,244,53,60
473,246,53,59
475,248,53,57
473,246,53,59
474,246,54,60
474,245,54,60
474,246,54,59
471,244,54,61
472,245,54,61
472,245,54,61
471,244,55,62
472,246,54,61
473,246,54,60
472,245,54,61
473,246,53,59
472,246,53,59
473,247,54,59
472,245,53,59
473,246,53,59
472,245,53,59
472,245,53,61
471,244,52,60
474,247,54,60
475,248,54,60
474,250,55,59
473,245,54,61
473,246,53,60
471,245,53,61
472,245,53,60
471,245,52,60
470,243,52,60
468,245,51,59
467,245,51,59
468,244,51,58
469,245,51,56
470,244,51,57
470,246,53,56
469,247,54,55
467,244,54,59
468,248,55,56
470,249,56,56
473,249,54,56
474,250,53,56
474,249,53,57
476,249,53,57
478,251,52,56
481,252,52,56
479,251,53,58
478,247,52,59
479,247,53,60
479,246,52,60
477,246,53,61
478,247,54,61
478,246,53,61
478,246,53,61
479,246,52,60
478,245,53,61
477,244,53,62
479,244,53,61
479,247,51,59
480,247,52,59
479,246,53,60
481,250,53,59
480,248,52,59
481,247,53,60
481,248,52,60
480,247,51,59
481,248,52,59
481,248,51,59
481,248,50,58
480,249,51,59
482,250,51,59
482,250,51,58
483,253,52,58
484,254,52,57
484,252,52,58
485,255,51,56
484,252,51,57
485,251,50,57
486,254,51,57
485,255,51,57
484,254,52,57
485,256,53,57
485,254,52,58
487,256,53,56
486,256,54,58
486,256,54,58
486,257,53,58
487,257,54,58
487,256,53,58
488,258,53,57
487,256,51,57
486,257,52,58
486,257,54,58
486,256,53,58
486,256,52,58
484,255,53,58
486,256,53,59
485,256,52,57
484,255,53,58
484,256,54,58
483,256,53,59
483,255,53,58
483,256,53,58
482,255,52,56
481,255,53,59
482,255,54,58
480,254,53,58
482,255,53,57
480,255,53,57
479,255,53,58
480,256,53,58
481,256,54,58
482,256,54,57
480,256,53,60
482,256,52,59
483,255,52,56
482,255,51,58
481,257,52,60
483,257,52,58
483,259,52,59
483,258,52,58
484,260,52,60
485,258,52,58
484,258,52,58
483,257,51,58
482,257,52,59
482,257,52,60
482,256,52,58
481,255,52,56
479,255,52,59
479,254,52,59
478,253,53,58
478,254,54,57
477,253,53,60
478,251,53,58
476,252,53,57
476,251,53,57
474,251,52,57
475,251,53,55
476,251,52,53
473,250,52,54
474,250,53,53
474,251,53,54
474,250,54,55
472,250,53,55
471,250,54,55
470,249,54,56
471,250,52,53
470,250,52,54
469,250,52,55
471,251,54,55
467,251,53,54
467,250,54,55
467,250,53,55
465,250,55,57
465,250,57,57
465,250,56,56
463,250,56,58
465,248,56,59
462,250,57,58
462,248,57,59
463,249,59,60
463,247,59,61
463,250,59,58
461,249,60,60
462,249,60,59
463,250,59,57
463,250,58,56
462,250,58,57
460,251,60,59
461,251,59,58
464,253,58,57
463,253,58,58
463,257,58,58
463,254,59,58
463,257,58,58
460,261,57,58
462,263,58,58
462,264,58,57
464,264,58,57
462,266,56,58
462,267,57,57
462,270,56,56
464,271,55,56
464,271,54,56
459,268,53,59
460,271,55,56
460,272,53,56
459,272,53,56
457,270,53,55
454,271,51,57
455,271,52,56
455,272,53,54
452,272,51,55
447,272,50,57
448,272,50,56
445,273,49,56
444,273,48,56
440,276,47,55
