567,88,21,27
565,88,20,26
564,90,20,26
562,91,21,27
561,94,21,27
559,97,21,27
557,100,21,27
556,97,21,27
555,94,21,27
551,92,21,28
550,92,21,27
548,91,22,28
546,92,22,28
544,93,22,29
541,92,23,29
538,93,22,29
536,93,22,29
534,94,23,29
531,93,22,29
529,95,23,30
526,94,23,30
525,95,23,29
522,95,22,29
520,95,22,28
518,97,22,29
515,95,23,29
512,97,23,29
508,97,23,29
505,96,23,30
503,95,23,30
500,97,24,31
497,97,24,31
494,98,25,32
491,98,25,32
488,98,25,32
485,100,25,32
482,111,25,33
480,111,25,33
480,113,26,33
480,113,26,33
480,113,26,33
480,113,26,33
480,113,26,33
480,113,26,33
480,113,26,33
480,113,26,33
480,113,26,33
480,113,26,33
480,113,26,33
480,113,26,33
480,113,26,33
480,113,26,33
480,113,26,33
480,113,26,33
480,113,26,33
480,113,26,33
480,113,26,33
480,113,26,33
480,113,26,33
480,113,26,33
480,113,26,33
480,113,26,33
480,113,26,33
480,113,26,33
480,113,26,33
480,113,26,33
480,113,26,33
480,113,26,33
480,113,26,33
480,113,26,33
480,113,26,33
480,113,26,33
480,113,26,33
480,113,26,33
480,113,26,33
480,113,26,33
480,113,26,33
480,113,26,33
480,113,26,33
480,113,26,33
480,113,26,33
480,113,26,33
480,113,26,33
480,113,26,33
480,113,26,33
480,113,26,33
480,113,26,33
480,113,26,33
480,113,26,33
480,113,26,33
480,113,26,33
480,113,26,33
480,113,26,33
480,113,26,33
480,113,26,33
480,113,26,33
480,113,26,33
480,113,26,33
480,113,26,33
480,113,26,33
480,113,26,33
480,113,26,33
480,113,26,33
480,113,26,33
480,113,26,33
480,113,26,33
480,113,26,33
480,113,26,33
480,113,26,33
480,113,26,33
480,113,26,33
480,113,26,33
480,113,26,33
480,113,26,33
480,113,26,33
480,113,26,33
480,113,26,33
480,113,26,33
480,113,26,33
480,113,26,33
480,113,26,33
480,113,26,33
480,113,26,33
480,113,26,33
480,113,26,33
480,113,26,33
480,113,26,33
480,113,26,33
480,113,26,33
480,113,26,33
480,113,26,33
480,113,26,33
480,113,26,33
480,113,26,33
480,113,26,33
480,113,26,33
480,113,26,33
480,113,26,33
480,113,26,33
480,113,26,33
480,113,26,33
480,113,26,33
