276,242,41,98
274,243,40,94
273,245,40,98
270,251,40,98
269,255,39,98
266,260,38,98
264,264,37,99
260,272,38,98
261,275,37,98
260,279,39,99
261,283,40,97
263,286,40,97
262,287,40,93
261,287,41,92
261,287,41,94
264,288,40,94
267,289,40,91
269,292,41,89
270,292,40,89
271,292,40,90
272,291,40,91
272,292,39,90
273,293,41,94
275,293,40,94
278,295,41,96
280,297,43,94
283,299,42,92
289,298,41,93
290,298,42,93
292,299,41,92
292,299,41,92
293,299,41,92
293,300,41,92
294,300,42,93
295,300,44,93
296,302,43,94
295,300,45,93
296,301,42,87
298,300,41,88
299,299,39,89
300,300,36,88
300,299,37,90
302,303,36,86
303,302,36,87
305,302,37,87
307,302,36,86
310,301,37,86
312,299,38,89
313,301,37,88
313,297,40,93
314,297,39,94
315,296,37,95
315,296,38,95
316,296,38,95
316,295,39,94
315,294,38,94
315,293,38,94
314,290,36,93
314,289,36,92
313,286,37,95
313,286,39,96
315,285,41,96
317,287,39,93
318,287,37,91
319,288,35,90
319,289,34,89
318,289,34,89
318,288,34,89
317,289,34,88
316,288,35,91
318,289,33,89
320,286,35,93
327,288,34,92
330,290,35,91
331,290,36,91
333,289,36,94
334,288,38,96
336,286,37,98
336,284,38,101
337,286,38,100
337,287,38,98
336,287,38,98
337,290,37,95
336,287,38,98
336,286,40,99
337,286,40,101
337,286,43,101
339,287,42,97
340,288,41,96
341,289,38,94
342,288,38,96
344,290,36,93
346,289,35,93
347,288,36,94
348,288,36,94
346,287,38,98
351,287,36,94
354,285,36,94
357,283,36,95
357,282,36,95
357,282,36,96
358,281,38,99
357,281,39,100
357,279,40,105
358,276,39,108
358,277,39,106
358,280,39,106
358,280,38,104
358,280,39,105
352,274,42,107
352,274,42,107
354,277,41,106
361,281,40,104
362,283,38,102
361,283,39,103
361,284,38,103
361,281,37,103
359,280,37,104
359,280,37,104
354,280,41,112
353,275,39,112
351,278,40,112
346,272,41,121
342,273,40,117
342,273,40,117
334,273,43,121
330,267,47,128
325,262,47,128
325,262,47,128
304,246,50,126
295,236,51,127
287,227,51,132
281,220,55,131
278,211,55,133
278,214,56,134
276,207,55,138
274,215,56,134
275,215,54,143
273,220,56,141
272,220,55,144
268,228,58,138
266,228,58,140
261,227,59,143
255,219,56,152
250,224,60,144
246,222,60,143
246,222,59,142
245,222,59,141
248,222,58,139
252,220,55,143
253,222,57,142
255,224,58,139
255,224,57,137
257,225,58,139
256,225,58,140
254,224,59,141
253,222,58,140
252,218,59,141
252,216,59,141
249,213,60,143
245,212,60,145
239,209,61,147
234,211,59,147
231,216,61,146
231,217,59,149
230,222,60,144
231,217,58,146
230,220,59,141
221,221,58,140
217,220,59,142
214,221,59,143
212,217,60,144
211,215,60,143
211,216,60,143
210,219,60,143
209,216,60,143
205,217,59,142
202,214,60,145
193,212,61,146
186,210,61,147
181,210,62,148
176,208,61,147
173,208,61,146
172,205,62,148
170,206,63,151
165,207,63,151
157,207,63,151
148,206,64,153
132,200,64,153
124,195,65,155
126,186,65,155
129,182,65,155
135,181,64,154
136,173,65,155
134,170,66,158
133,175,65,156
129,177,64,154
123,175,65,157
114,178,66,158
114,177,65,157
114,184,65,157
114,187,66,158
114,188,66,158
113,197,65,157
109,196,66,158
104,194,66,164
99,196,66,163
97,194,67,162
92,197,67,167
82,194,69,165
68,198,68,164
43,200,68,163
20,203,68,163
0,202,67,161
0,202,67,161
0,202,67,161
0,202,67,161
0,200,66,158
0,206,64,153
0,213,61,147
0,216,59,141
0,216,57,136
0,218,55,133
0,213,57,137
0,210,59,141
0,208,59,142
0,206,61,146
0,203,62,149
0,200,64,153
0,199,63,151
0,201,63,151
0,202,62,149
0,203,63,151
0,207,63,151
0,207,63,152
0,209,62,150
0,212,60,145
0,213,59,142
0,211,58,138
0,210,57,137
0,209,55,132
0,214,52,126
0,216,51,121
0,219,49,119
0,223,49,118
0,226,48,115
0,229,47,113
0,232,47,113
0,232,47,114
0,230,48,116
0,228,47,113
0,226,46,111
0,227,45,109
0,216,46,111
0,218,46,109
0,218,46,109
0,218,46,109
0,218,46,109
0,218,46,109
0,218,46,109
0,218,46,109
0,218,46,109
0,218,46,109
0,218,46,109
0,218,46,109
0,218,46,109
0,218,46,109
0,218,46,109
0,218,46,109
0,218,46,109
0,218,46,109
0,218,46,109
0,218,46,109
0,218,46,109
0,218,46,109
0,218,46,109
0,218,46,109
0,218,46,109
0,218,46,109
0,218,46,109
0,218,46,109
0,218,46,109
0,218,46,109
0,218,46,109
0,218,46,109
0,218,46,109
0,218,46,109
0,218,46,109
0,218,46,109
0,218,46,109
0,218,46,109
0,218,46,109
0,218,46,109
0,218,46,109
0,218,46,109
0,218,46,109
0,218,46,109
0,218,46,109
0,218,46,109
0,218,46,109
0,218,46,109
0,218,46,109
0,218,46,109
0,218,46,109
0,218,46,109
0,218,46,109
0,218,46,109
0,218,46,109
0,218,46,109
0,218,46,109
0,218,46,109
0,218,46,109
0,218,46,109
0,218,46,109
0,218,46,109
0,218,46,109
0,218,46,109
0,218,46,109
0,218,46,109
0,218,46,109
0,218,46,109
0,218,46,109
0,218,46,109
0,218,46,109
0,218,46,109
0,218,46,109
0,218,46,109
0,218,46,109
0,218,46,109
0,218,46,109
0,218,46,109
0,218,46,109
0,218,46,109
0,218,46,109
0,218,46,109
0,218,46,109
0,218,46,109
0,218,46,109
0,218,46,109
0,218,46,109
0,218,46,109
0,218,46,109
0,218,46,109
0,218,46,109
0,218,46,109
0,218,46,109
0,218,46,109
0,218,46,109
0,218,46,109
0,218,46,109
0,218,46,109
0,218,46,109
0,218,46,109
0,218,46,109
0,218,46,109
0,218,46,109
0,218,46,109
0,218,46,109
0,218,46,109
0,218,46,109
0,218,46,109
0,218,46,109
0,218,46,109
0,218,46,109
0,218,46,109
0,218,46,109
0,218,46,109
0,218,46,109
0,218,46,109
0,218,46,109
0,218,46,109
0,218,46,109
0,218,46,109
0,218,46,109
0,218,46,109
0,218,46,109
0,218,46,109
0,218,46,109
0,218,46,109
0,218,46,109
0,218,46,109
0,218,46,109
0,218,46,109
0,218,46,109
0,218,46,109
0,218,46,109
0,218,46,109
0,218,46,109
0,218,46,109
0,218,46,109
0,218,46,109
0,218,46,109
0,218,46,109
0,218,46,109
0,218,46,109
0,218,46,109
0,218,46,109
0,218,46,109
0,218,46,109
0,218,46,109
0,218,46,109
0,218,46,109
0,218,46,109
0,218,46,109
0,218,46,109
0,218,46,109
0,218,46,109
0,218,46,109
0,218,46,109
0,218,46,109
0,218,46,109
0,218,46,109
0,218,46,109
0,218,46,109
0,218,46,109
0,218,46,109
0,218,46,109
0,218,46,109
0,218,46,109
0,218,46,109
0,218,46,109
0,218,46,109
0,218,46,109
0,218,46,109
0,218,46,109
0,218,46,109
0,218,46,109
0,218,46,109
0,218,46,109
0,218,46,109
0,218,46,109
0,218,46,109
0,218,46,109
0,218,46,109
0,218,46,109
0,218,46,109
0,218,46,109
0,218,46,109
0,218,46,109
0,218,46,109
0,218,46,109
0,218,46,109
0,218,46,109
0,218,46,109
0,218,46,109
0,218,46,109
0,218,46,109
0,218,46,109
0,218,46,109
0,218,46,109
0,159,46,111
0,160,45,107
0,160,45,107
0,160,45,107
0,160,45,107
0,160,45,107
0,160,45,107
0,160,45,107
0,160,45,107
0,160,45,107
0,160,45,107
0,160,45,107
0,160,45,107
0,160,45,107
0,160,45,107
0,160,45,107
0,160,45,107
0,160,45,107
0,160,45,107
0,160,45,107
0,160,45,107
0,160,45,107
0,160,45,107
0,160,45,107
0,160,45,107
0,160,45,107
0,160,45,107
0,160,45,107
0,160,45,107
0,160,45,107
0,160,45,107
0,160,45,107
0,160,45,107
0,160,45,107
0,160,45,107
0,160,45,107
0,160,45,107
0,160,45,107
0,160,45,107
0,160,45,107
0,160,45,107
0,160,45,107
0,160,45,107
0,160,45,107
0,160,45,107
0,160,45,107
0,160,45,107
0,160,45,107
0,160,45,107
0,160,45,107
0,160,45,107
0,160,45,107
0,160,45,107
0,160,45,107
0,160,45,107
0,160,45,107
0,160,45,107
0,160,45,107
0,160,45,107
0,160,45,107
0,160,45,107
0,160,45,107
0,160,45,107
0,160,45,107
0,160,45,107
0,160,45,107
0,160,45,107
0,160,45,107
0,160,45,107
0,160,45,107
0,160,45,107
0,160,45,107
0,160,45,107
0,160,45,107
0,160,45,107
0,160,45,107
0,160,45,107
0,160,45,107
0,160,45,107
0,160,45,107
0,160,45,107
0,160,45,107
0,160,45,107
0,160,45,107
0,160,45,107
0,160,45,107
0,160,45,107
0,160,45,107
0,160,45,107
0,160,45,107
0,160,45,107
0,160,45,107
0,160,45,107
0,160,45,107
0,160,45,107
0,160,45,107
0,160,45,107
0,160,45,107
0,160,45,107
0,160,45,107
0,160,45,107
0,160,45,107
0,160,45,107
0,160,45,107
0,160,45,107
0,166,44,106
0,166,44,106
14,144,43,104
0,170,43,103
0,176,44,105
10,177,43,103
1,193,45,101
0,174,43,103
0,174,43,103
0,174,43,103
0,148,43,104
0,161,42,101
0,159,41,99
0,157,40,95
0,155,40,96
0,133,39,95
0,134,40,97
0,134,40,96
0,132,41,99
0,132,42,101
0,131,44,105
6,130,44,106
6,139,44,105
0,152,43,103
0,152,42,102
0,152,42,100
0,152,41,99
0,153,41,98
10,154,40,97
23,155,40,97
27,154,41,98
27,158,40,97
24,157,40,97
23,155,39,95
22,152,39,94
18,147,39,94
13,146,39,94
0,148,40,96
0,147,39,95
0,151,38,92
0,145,38,91
0,135,38,92
0,141,39,93
0,153,38,91
0,156,38,91
0,157,38,91
0,157,38,91
0,158,38,91
0,161,37,89
0,166,37,89
0,166,37,89
0,166,37,89
0,166,37,89
0,166,37,89
0,166,37,89
0,166,37,89
0,166,37,89
0,166,37,89
0,233,38,89
0,230,39,92
0,221,38,90
0,221,37,89
0,218,37,89
0,218,37,89
0,214,38,90
0,214,38,90
0,203,37,90
0,199,37,89
0,198,36,88
0,198,36,88
0,167,37,89
0,190,37,90
0,190,37,90
0,236,38,92
0,237,39,93
0,237,39,94
0,237,39,94
0,237,39,94
0,237,39,94
0,237,39,94
0,237,39,94
0,195,40,96
0,166,40,95
0,167,39,94
0,167,39,94
0,266,39,94
0,266,39,94
0,269,38,93
0,272,38,92
0,272,39,93
0,272,38,92
0,272,38,92
0,210,39,93
0,195,39,94
0,194,39,94
0,179,40,96
0,186,40,95
0,186,40,95
0,175,39,94
0,175,39,95
0,185,39,94
0,164,40,96
0,164,40,96
0,171,39,94
0,174,39,95
0,173,39,95
0,168,39,94
0,167,38,93
0,167,38,93
0,164,39,93
0,189,39,95
0,213,38,92
9,210,37,90
28,208,37,89
16,193,37,89
18,197,37,89
4,171,37,90
0,193,38,92
0,191,39,95
0,163,40,96
0,154,39,95
0,128,39,95
0,96,39,94
0,78,40,95
0,78,40,96
0,78,40,96
0,92,39,94
0,89,39,94
0,77,39,94
0,77,39,94
0,77,39,94
0,88,39,94
0,105,39,93
0,108,39,94
0,114,40,95
0,111,40,96
0,112,40,95
0,111,39,93
0,118,39,95
0,117,40,95
0,119,39,94
0,135,39,95
0,145,39,94
0,177,40,95
0,177,39,95
0,175,40,95
0,175,40,95
0,277,39,94
0,286,40,96
0,286,40,96
0,197,40,96
0,156,40,97
0,145,40,95
0,146,40,95
0,166,39,95
0,145,39,94
0,154,39,95
0,153,40,96
0,176,39,95
0,167,39,95
0,171,40,95
1,171,40,96
0,176,40,96
1,167,40,96
0,168,40,97
1,166,41,100
0,163,41,98
0,163,39,95
0,166,40,96
0,154,39,95
0,155,40,95
0,169,39,95
0,158,39,94
0,160,39,94
0,176,39,94
0,173,39,94
0,179,39,95
0,188,39,94
0,187,39,93
0,187,39,94
0,182,39,93
0,179,39,93
0,168,39,95
0,162,39,94
0,167,40,96
0,145,40,96
0,161,40,95
0,173,40,95
0,161,40,96
0,175,39,94
0,177,39,93
0,143,40,95
0,146,39,94
0,164,39,94
0,174,39,95
0,172,40,96
0,179,40,97
0,183,40,96
0,185,40,96
0,184,39,94
0,183,39,95
0,183,39,95
0,187,40,95
0,191,39,95
0,200,39,94
0,190,38,92
0,216,38,92
0,215,38,92
0,215,38,92
0,116,39,93
0,85,39,93
0,102,39,94
0,105,39,93
0,105,39,93
0,111,39,95
0,103,39,95
0,104,39,94
0,106,38,92
0,108,38,92
0,108,38,90
0,106,39,94
0,104,39,93
0,103,39,93
0,105,39,94
0,110,40,95
0,112,40,95
0,113,39,95
0,109,40,96
0,111,40,96
0,112,40,97
0,114,40,96
0,115,40,96
0,117,39,95
0,116,40,95
0,116,40,95
0,117,40,95
0,117,39,95
0,117,39,95
0,123,39,95
0,118,40,96
0,121,39,95
0,124,39,95
0,126,39,95
0,126,40,96
0,126,39,95
0,125,40,95
0,126,39,94
0,129,38,93
0,131,39,93
0,130,39,94
0,131,39,95
0,127,40,97
0,158,40,97
0,133,40,95
0,173,40,96
0,176,39,94
0,181,40,95
0,182,40,95
0,186,40,95
0,181,39,95
0,179,39,95
0,183,39,95
0,194,39,95
0,215,39,93
0,224,39,93
0,223,39,93
0,223,39,93
0,155,39,93
0,172,38,93
0,137,38,92
0,125,38,91
0,98,39,93
0,64,40,95
0,76,39,94
0,72,40,96
0,73,40,95
0,75,40,97
0,62,40,97
0,67,39,95
0,66,40,95
0,27,39,94
0,0,39,94
0,2,39,93
0,7,39,95
0,4,39,94
0,6,39,95
0,9,39,94
0,8,39,94
0,6,40,95
0,6,39,94
0,4,39,93
0,4,39,93
0,4,39,94
0,2,39,94
0,2,39,94
0,1,39,94
0,1,39,94
0,1,39,94
0,1,39,94
0,0,39,94
0,1,39,94
0,0,39,93
0,0,39,93
0,0,39,94
0,0,39,93
0,2,39,94
0,1,39,95
0,2,39,95
0,2,39,95
0,1,40,95
0,1,40,96
0,1,40,96
0,1,40,96
0,2,40,97
0,0,39,94
0,0,39,95
0,0,38,93
0,0,39,93
0,0,39,93
0,0,39,93
0,0,39,93
0,0,39,93
0,0,39,93
0,1,40,95
0,0,39,94
0,0,39,94
0,0,38,92
0,0,38,92
0,87,39,93
0,88,39,95
0,98,39,95
0,98,39,95
0,0,39,93
0,0,37,90
0,0,36,86
0,0,34,82
0,0,33,79
0,0,32,78
0,0,32,77
0,0,31,74
0,0,30,73
0,0,31,76
0,0,33,79
0,0,33,78
0,0,33,79
0,34,32,78
0,1,32,78
0,0,32,78
0,27,32,77
0,29,32,78
0,33,32,77
0,39,31,76
0,40,31,76
0,45,30,73
0,45,30,73
0,45,31,74
0,43,30,73
0,11,31,74
0,1,31,75
0,0,30,73
0,0,30,73
0,0,29,71
0,0,28,68
0,0,29,69
0,0,28,68
0,0,27,66
0,0,26,64
0,0,26,64
0,0,27,66
0,0,26,64
0,0,25,61
0,0,25,61
0,0,25,60
0,0,24,57
0,0,23,56
0,0,23,55
0,0,23,56
0,1,23,56
0,0,23,56
0,0,23,56
0,0,23,56
0,0,23,56
0,0,23,56
0,0,23,56
0,0,23,56
0,0,23,56
0,0,24,57
0,0,25,60
0,0,25,60
0,0,24,59
0,0,23,56
0,0,24,59
0,0,25,60
0,0,25,59
0,0,26,62
0,0,26,63
0,0,26,64
0,0,27,64
0,0,26,62
0,0,26,62
0,0,26,62
0,0,25,60
0,0,25,59
0,0,23,57
0,0,23,56
0,0,23,56
0,0,23,56
0,0,23,56
0,0,23,56
0,0,23,56
0,0,23,56
0,0,23,56
0,0,23,56
0,0,23,56
0,0,23,56
0,0,23,56
0,0,24,59
0,0,25,61
0,0,25,61
0,0,27,64
0,0,28,68
0,0,27,66
0,0,27,65
0,0,27,65
0,0,26,63
0,0,25,60
0,0,24,59
0,0,24,59
0,0,24,57
0,0,23,56
0,0,23,56
0,0,23,56
0,0,23,56
0,0,23,56
0,0,23,56
0,0,23,56
0,0,23,56
0,0,23,56
0,0,23,57
0,0,23,57
0,0,23,57
0,0,24,58
0,0,24,57
0,0,23,56
0,0,23,57
0,0,23,57
0,0,23,56
0,0,23,56
0,0,23,56
0,0,23,56
0,0,23,56
0,0,23,57
0,0,25,60
0,0,24,57
0,0,23,57
0,0,23,56
0,0,23,56
0,0,23,57
0,0,24,57
0,0,23,57
0,0,23,56
0,0,23,57
0,0,23,57
0,0,23,56
0,0,23,56
0,0,23,56
0,0,23,56
0,0,24,58
0,0,24,59
0,0,24,58
0,0,24,58
0,0,23,56
0,0,23,56
0,0,23,56
0,0,23,56
0,0,23,56
0,0,23,56
0,0,23,56
0,0,24,58
0,0,24,57
0,0,23,56
0,0,24,58
0,0,24,59
0,0,24,59
0,0,24,59
0,0,24,57
0,0,24,58
0,0,23,56
0,0,23,56
0,0,23,56
0,0,23,56
0,0,23,56
0,0,23,56
0,0,23,56
0,0,23,56
0,0,23,56
0,0,23,56
0,0,23,56
0,0,23,56
0,0,23,56
0,0,23,57
0,0,23,56
0,0,23,56
0,0,23,56
0,0,23,56
0,0,23,56
0,0,23,56
0,0,23,56
0,0,23,57
0,0,23,56
0,0,23,56
0,0,23,56
0,0,23,56
0,0,23,56
0,0,23,56
0,0,23,56
0,0,23,57
0,0,23,56
0,0,23,56
0,0,23,56
0,0,23,56
0,0,23,56
0,0,23,56
0,0,23,56
0,0,23,56
0,0,23,56
0,0,23,56
0,0,23,56
0,0,23,56
0,0,23,56
0,0,23,56
0,0,23,57
0,0,24,58
0,0,24,59
0,0,23,56
0,0,23,56
0,0,23,56
0,0,23,56
0,0,24,58
0,0,24,59
0,0,24,59
0,0,24,59
0,0,23,56
0,0,23,56
0,0,23,56
0,0,23,56
0,0,23,56
0,0,23,56
0,0,23,56
0,0,23,56
0,0,23,55
0,0,23,56
0,0,23,56
0,0,23,56
0,0,23,56
0,0,23,56
0,0,23,56
0,0,23,56
0,0,23,56
0,0,23,56
0,0,23,56
0,0,23,56
0,0,23,56
0,0,23,56
0,0,23,56
0,0,23,56
0,0,23,57
0,0,23,57
0,0,23,56
0,0,23,56
0,0,23,56
0,0,23,57
0,0,23,57
0,0,24,58
0,0,24,57
0,0,24,58
0,0,24,58
0,0,23,56
0,0,23,56
0,0,23,56
0,0,23,57
0,4,24,53
0,3,24,54
0,0,24,59
0,0,24,58
0,0,24,58
0,0,24,58
0,0,24,58
0,0,24,58
0,0,23,56
0,0,23,56
0,0,23,56
0,0,24,58
0,0,25,61
0,0,24,58
0,0,24,59
0,0,25,59
0,0,25,60
0,0,26,63
0,0,27,65
0,4,29,62
0,2,28,66
0,3,29,64
0,1,28,67
0,1,27,65
0,2,27,64
0,2,27,66
0,3,28,67
0,1,28,68
0,0,27,66
0,0,27,65
0,0,28,67
0,0,28,67
0,10,31,58
0,3,28,67
0,11,31,62
0,12,31,60
0,12,31,60
0,11,30,65
0,4,31,72
0,1,31,75
0,3,31,74
0,15,33,65
0,8,31,66
0,5,32,69
0,0,31,76
0,0,31,75
0,0,32,78
0,0,33,80
0,0,32,77
0,0,31,75
0,7,34,64
0,7,35,63
0,6,34,65
0,0,31,75
0,0,31,75
0,0,31,76
0,0,30,73
0,8,34,67
0,0,30,72
0,0,30,73
0,0,30,73
0,0,30,72
0,0,28,68
0,0,27,66
0,15,32,57
0,12,31,58
0,9,29,59
0,5,28,59
0,5,28,58
0,0,27,66
0,0,27,65
0,0,27,66
0,0,27,66
0,0,26,63
0,0,25,61
0,0,24,59
0,0,24,57
0,0,23,57
0,0,23,56
0,0,24,57
0,0,23,56
0,0,23,56
0,0,23,56
0,0,24,59
0,7,24,53
0,1,23,55
0,0,23,57
0,0,24,59
0,0,24,59
0,0,24,59
0,0,24,59
0,0,24,58
0,0,24,58
0,0,24,58
0,0,24,59
0,0,24,59
0,0,24,59
0,0,25,60
0,0,25,60
0,0,25,61
0,0,26,62
0,0,26,62
0,0,24,59
0,0,24,59
0,0,24,58
0,0,24,58
0,0,23,57
0,0,23,56
0,0,23,57
0,0,23,57
0,0,23,56
0,0,24,58
0,0,23,56
0,0,23,56
0,0,24,59
0,0,24,57
0,0,24,59
0,0,24,59
0,0,24,59
0,0,24,59
0,0,24,59
0,0,24,59
0,0,24,59
0,0,24,59
0,0,24,59
0,0,24,59
0,0,24,59
0,0,24,59
0,0,25,59
0,0,24,59
0,0,24,59
0,0,24,59
0,0,24,59
0,0,24,59
0,0,24,59
0,0,23,56
0,0,24,58
0,0,24,59
0,0,25,59
0,0,24,59
0,0,24,58
0,0,25,59
0,0,24,59
0,0,24,59
0,0,24,58
0,0,23,57
0,0,23,56
0,3,24,55
0,0,24,59
0,0,24,59
0,0,23,57
0,0,25,59
0,0,24,58
0,0,24,59
0,0,24,59
0,0,24,59
0,0,24,59
0,0,24,58
0,0,24,58
0,0,24,59
0,0,24,58
0,0,24,59
0,0,23,57
0,0,24,58
0,0,24,59
0,0,24,59
0,0,24,59
0,0,24,58
0,0,24,59
0,0,24,59
0,0,24,59
0,0,24,59
0,0,24,59
0,0,24,59
0,0,24,59
0,0,24,59
0,0,24,58
0,0,24,59
0,0,24,59
0,0,24,58
0,0,24,58
0,0,24,59
0,0,25,59
0,0,25,59
0,0,24,58
0,0,24,58
0,0,24,59
0,0,24,59
0,0,24,58
0,0,24,57
0,0,23,56
0,0,23,57
0,0,23,56
0,0,24,57
0,0,24,58
0,0,24,57
0,0,24,57
0,0,23,57
0,0,24,59
0,0,24,58
0,0,24,57
0,0,23,56
0,0,23,57
0,0,23,56
0,0,24,59
0,0,24,57
0,0,24,57
0,0,23,57
0,0,24,59
0,0,24,58
0,0,24,58
0,0,23,56
0,0,24,57
0,0,23,56
0,0,23,56
0,0,23,56
0,0,23,56
0,0,23,57
0,0,23,56
0,0,24,57
0,0,23,56
0,0,24,57
0,0,24,58
0,0,24,57
0,0,25,59
0,0,26,62
0,0,27,65
0,0,28,67
0,0,28,67
0,0,28,67
0,0,27,66
0,0,27,65
0,0,27,65
0,0,28,67
0,0,28,67
0,0,29,69
0,0,27,66
0,0,27,66
0,0,28,67
0,0,27,65
0,0,26,63
0,0,26,64
0,0,27,66
0,0,27,66
0,0,28,68
0,0,27,66
0,0,26,64
0,0,27,66
0,0,27,65
0,0,27,65
0,0,27,65
0,0,27,65
0,0,27,65
0,0,27,66
0,0,28,67
0,0,26,64
0,0,26,63
0,0,25,60
0,0,25,60
0,0,24,59
0,0,24,59
0,0,24,58
0,0,24,59
0,0,25,59
0,0,25,60
0,0,24,59
0,0,24,57
0,0,23,57
0,0,23,56
0,0,23,56
0,0,23,56
0,0,24,57
0,0,23,57
0,0,23,56
0,0,23,56
0,0,23,56
0,0,23,56
0,0,23,56
0,0,23,56
0,0,23,56
0,0,23,56
0,0,23,56
0,0,23,56
0,0,23,57
0,0,24,59
0,0,24,58
0,0,23,57
0,3,24,54
0,0,24,57
0,0,25,59
0,0,24,59
0,0,24,58
0,0,23,56
0,0,23,56
0,0,23,56
0,0,23,57
