458,360,16,30
457,360,16,29
457,360,16,29
456,361,16,29
454,361,17,28
453,361,17,30
452,360,17,30
452,360,17,30
449,357,16,31
448,359,17,29
446,358,17,28
445,358,17,28
446,356,17,29
445,355,17,30
444,356,16,29
443,356,18,29
444,356,17,31
443,357,17,30
442,356,18,30
442,357,16,29
440,356,17,30
438,355,18,30
437,355,17,29
436,356,15,27
437,356,14,27
435,357,14,27
434,358,14,27
433,360,14,28
433,360,14,29
429,362,15,27
427,364,15,27
428,365,15,27
427,368,13,27
427,369,13,28
424,373,15,26
423,374,15,28
423,372,15,28
419,373,15,28
418,372,15,29
418,373,14,28
417,371,16,30
417,371,15,29
418,371,13,29
416,372,14,28
416,372,14,28
414,371,16,28
413,370,16,29
413,369,16,30
412,367,17,29
411,367,16,30
411,366,15,29
410,366,15,30
410,366,15,30
409,365,16,31
410,364,15,31
408,365,15,30
406,365,15,31
405,364,16,31
405,365,16,30
405,363,17,32
403,363,18,32
402,364,17,30
399,367,18,30
398,367,19,30
398,370,18,28
398,369,19,30
397,369,19,31
398,370,20,31
398,369,20,32
398,368,19,31
399,368,19,31
399,369,17,29
397,369,18,28
395,368,19,29
394,368,18,29
395,367,19,29
395,367,19,29
395,367,19,29
395,367,19,29
395,367,19,29
395,367,19,29
395,367,19,29
395,367,19,29
395,367,19,29
395,367,19,29
395,367,19,29
395,367,19,29
395,367,19,29
439,369,18,34
441,377,16,29
440,379,17,29
439,379,18,30
438,380,18,30
436,381,18,31
435,381,18,30
436,380,18,31
436,378,18,30
435,376,19,32
435,373,18,33
432,371,18,33
432,370,18,34
432,371,18,32
433,373,17,31
432,374,17,30
431,374,17,30
430,375,18,30
429,375,18,30
429,377,18,29
428,378,18,29
429,379,17,29
428,379,17,29
428,379,17,30
428,379,17,30
427,379,16,31
428,382,16,30
429,381,15,32
428,381,17,32
428,381,16,32
429,383,16,32
429,383,16,31
431,384,16,32
432,384,15,32
433,385,17,32
435,385,21,32
450,386,21,31
458,384,22,33
463,387,21,33
465,387,19,32
467,387,18,32
463,387,20,35
462,385,18,37
460,383,18,34
459,379,17,36
457,374,17,36
455,369,17,36
454,366,18,37
451,364,17,36
451,362,16,36
450,362,17,35
450,362,17,35
447,361,17,34
448,361,17,35
447,358,18,37
447,357,17,37
445,355,17,37
445,354,16,38
445,354,16,35
445,354,16,36
441,355,19,36
442,356,18,36
441,358,18,38
438,360,19,38
438,360,19,37
438,361,18,37
439,362,18,36
439,361,17,37
438,361,17,37
437,360,17,36
438,360,17,37
437,358,18,38
434,357,20,39
434,356,19,40
434,356,19,40
434,356,18,40
433,355,19,40
434,355,18,40
433,354,19,41
431,355,19,41
430,355,19,40
432,354,18,41
431,353,20,41
430,354,19,38
429,355,20,38
428,357,20,38
427,359,21,39
428,362,20,39
426,368,19,38
427,368,17,38
426,368,18,38
425,368,18,39
423,367,18,38
423,365,19,39
421,361,17,39
419,361,18,39
418,361,18,38
418,362,16,35
418,361,18,37
417,362,18,37
417,363,18,38
415,367,17,35
415,368,18,36
414,369,18,38
412,370,18,38
412,370,18,38
411,370,19,36
410,367,20,39
409,367,19,39
409,369,19,37
409,369,17,37
409,371,17,38
408,377,16,35
406,378,17,35
404,380,19,35
403,381,19,35
403,380,19,35
406,378,17,38
405,377,17,38
405,373,17,38
402,374,18,37
401,373,17,38
401,375,16,38
401,383,17,37
400,387,17,38
400,391,16,38
395,396,18,36
396,398,17,37
395,399,17,37
394,402,17,36
392,402,17,35
391,402,17,36
391,400,17,37
388,399,19,37
389,403,17,34
388,403,16,35
387,402,17,35
387,399,18,38
388,399,16,36
386,399,16,37
383,400,15,35
383,401,15,35
380,398,19,37
381,401,17,35
380,404,15,33
378,407,18,34
377,406,18,34
376,406,18,35
376,405,16,36
375,404,17,36
373,403,17,35
372,402,16,35
372,399,16,36
373,399,16,34
374,400,15,33
370,398,17,36
369,399,17,35
369,401,17,33
368,401,17,32
367,401,17,33
370,400,16,35
367,391,21,40
372,392,17,37
378,387,18,36
378,387,19,36
378,389,18,35
379,388,18,35
380,391,18,38
379,392,18,37
378,395,18,37
377,396,19,38
376,398,18,38
377,399,17,37
379,399,18,35
384,397,19,36
388,398,19,36
391,400,17,34
394,403,15,36
392,405,16,39
388,407,18,39
388,406,17,40
388,405,18,39
386,401,18,39
384,401,17,37
383,402,16,36
381,405,15,35
380,407,16,34
379,409,15,34
377,409,17,36
376,411,16,35
375,413,16,36
374,414,16,36
374,414,17,37
374,411,16,37
373,407,16,39
371,406,18,37
371,405,18,36
368,402,18,37
366,400,17,37
366,399,15,38
364,398,16,38
364,399,16,38
365,397,15,36
364,396,14,37
364,396,15,36
363,396,15,36
363,394,16,37
365,394,16,36
369,391,17,38
375,393,17,38
377,391,18,38
377,392,18,38
381,390,17,38
377,388,16,39
375,385,16,38
372,383,18,38
372,382,18,39
373,381,18,38
372,380,18,38
371,378,18,38
370,377,17,39
368,375,18,39
366,373,20,40
366,371,20,41
365,372,19,38
364,371,19,38
365,365,17,38
363,363,17,39
363,363,18,38
361,362,17,39
360,361,16,40
361,361,15,39
360,361,15,38
359,360,15,38
358,358,15,37
356,357,15,37
357,356,15,37
356,352,14,38
354,350,15,37
353,349,16,37
350,347,18,39
351,347,17,39
351,350,17,37
346,347,17,37
345,346,17,36
346,346,16,36
345,346,17,36
344,347,17,36
344,345,17,37
343,345,16,37
342,347,17,37
342,348,17,36
341,348,15,35
337,347,18,37
339,347,17,36
339,348,15,35
337,348,16,35
335,346,16,35
336,348,15,34
332,345,18,38
331,342,18,38
332,343,14,37
331,344,15,37
329,343,16,37
329,343,16,36
328,344,16,36
328,346,16,37
327,344,16,38
327,345,17,38
325,343,18,38
324,342,18,35
323,343,18,36
321,343,18,34
322,345,16,34
318,344,18,38
317,343,18,38
317,344,20,39
316,346,19,37
316,348,19,37
315,346,20,39
316,346,19,37
313,343,21,39
313,342,21,39
314,345,21,37
313,344,21,38
308,342,22,42
308,346,20,40
309,348,18,39
305,343,21,42
307,347,18,43
305,344,18,42
304,344,18,42
304,345,18,41
302,341,23,44
303,344,20,43
306,350,17,42
306,349,21,42
308,353,19,41
310,350,21,43
311,351,22,41
315,347,21,43
317,343,18,42
315,342,19,41
316,341,18,42
317,341,18,43
319,342,19,43
324,345,22,46
324,345,22,46
336,351,23,44
345,356,19,46
345,357,20,44
345,359,19,45
345,355,18,42
346,353,19,40
342,347,22,41
343,345,22,41
343,344,22,41
342,345,22,42
342,343,22,42
343,346,22,42
344,349,22,42
335,350,22,41
336,351,22,41
336,351,22,41
348,348,21,42
349,345,22,42
349,345,22,42
349,344,22,41
349,346,22,41
338,350,22,41
331,353,21,42
329,356,21,41
329,357,22,41
331,358,21,42
330,360,20,41
327,356,22,40
326,357,22,40
324,353,22,41
322,358,22,42
320,361,22,40
320,363,21,42
320,365,21,41
318,362,22,41
316,360,21,40
317,357,21,40
317,354,21,39
319,353,20,39
320,354,19,39
320,354,17,37
319,355,17,40
318,356,17,40
319,355,16,39
316,354,16,38
318,356,16,37
317,354,16,39
315,354,17,39
315,354,18,40
314,354,18,39
311,356,20,37
312,356,18,37
312,356,18,37
311,355,18,39
309,354,19,40
308,354,20,40
307,352,19,41
309,350,18,41
308,349,19,44
307,348,20,45
309,350,18,42
301,350,21,42
302,349,21,43
300,349,22,44
299,347,22,44
305,345,20,46
303,343,20,43
300,344,21,43
301,344,20,43
299,345,20,44
299,345,19,40
298,348,21,43
298,347,20,42
297,345,21,44
296,345,21,43
296,345,20,42
298,344,19,42
296,343,19,43
298,343,18,43
296,344,19,41
298,344,20,44
300,343,22,44
302,345,21,41
302,346,22,41
302,344,21,43
303,345,20,42
305,344,19,42
301,342,22,43
302,342,21,43
303,343,21,43
303,344,20,42
304,345,20,45
303,345,20,43
302,345,21,43
303,345,20,44
303,345,21,45
305,345,20,45
304,345,20,45
303,345,20,46
301,344,21,46
301,347,20,44
301,347,20,43
303,346,19,42
305,344,22,42
307,344,22,44
307,342,22,42
306,342,21,42
306,342,21,42
307,342,21,42
308,343,21,43
313,344,19,40
321,341,23,42
324,339,23,44
329,338,24,45
338,338,24,45
342,339,23,44
344,337,22,45
344,337,22,44
342,332,22,46
342,331,22,46
343,330,20,45
347,333,20,43
351,337,21,43
355,340,20,42
364,341,24,45
374,342,24,45
388,346,23,45
392,347,22,46
392,348,21,47
391,346,21,46
390,341,21,47
388,338,21,47
387,334,20,49
386,331,21,48
383,329,22,47
383,329,22,47
385,331,21,47
384,332,21,47
383,334,21,48
384,336,21,48
382,338,22,48
383,337,22,48
383,336,22,48
382,335,22,48
383,333,21,47
382,331,21,45
383,326,21,47
380,323,22,45
380,322,23,45
381,323,22,45
381,321,22,47
380,325,21,44
381,326,21,43
381,328,21,43
381,330,20,43
380,329,20,44
382,329,20,44
381,327,20,44
380,325,20,45
380,324,20,45
380,323,19,44
381,324,19,43
381,325,19,43
381,327,19,43
382,329,19,43
380,330,21,43
380,332,19,41
380,333,19,40
381,333,20,42
382,333,21,42
387,334,21,43
388,332,22,43
388,332,21,41
389,333,21,42
389,332,19,42
389,331,20,43
390,331,19,41
390,331,18,40
390,331,18,40
390,330,18,39
391,331,17,39
393,331,18,38
395,331,18,39
398,330,21,39
402,329,21,41
407,329,21,40
415,331,20,40
419,330,20,40
422,327,20,41
426,327,21,40
430,326,21,40
438,327,22,41
444,328,22,41
450,330,21,41
455,331,19,41
459,331,18,40
461,331,18,37
462,329,19,42
462,328,19,42
464,328,18,41
464,330,18,39
463,330,18,39
464,331,19,39
465,331,18,40
466,332,18,38
467,331,18,39
470,331,19,39
471,330,19,40
470,329,19,39
471,329,18,40
471,331,19,41
471,331,19,40
471,330,18,40
472,331,18,39
471,332,19,39
472,332,18,40
471,332,18,39
473,332,18,39
473,330,18,40
472,330,18,40
471,328,18,40
470,328,19,41
472,328,18,42
470,328,18,42
470,329,18,40
471,330,17,39
470,330,18,39
471,332,19,40
470,332,20,40
470,333,20,39
470,333,19,39
471,332,18,39
470,333,19,40
469,332,19,41
469,332,20,41
469,331,20,40
472,333,18,40
471,329,19,43
469,330,19,40
469,328,19,42
469,330,19,40
469,329,19,40
469,330,20,39
469,330,19,41
469,331,20,39
469,331,18,39
469,333,18,39
469,334,18,40
467,332,20,41
467,331,20,42
467,331,20,43
468,330,20,43
467,329,19,44
466,328,20,44
467,329,20,44
465,329,20,42
466,328,19,41
466,328,19,42
466,328,19,42
466,329,19,42
467,327,19,44
466,327,18,42
467,328,18,42
468,329,20,43
467,330,19,42
465,329,20,43
465,328,20,43
467,330,20,42
466,327,19,43
465,327,19,43
465,328,21,44
464,327,20,43
463,326,19,43
463,327,21,42
464,330,20,42
463,328,20,41
465,327,18,41
464,326,18,41
464,326,17,41
464,328,18,39
464,327,18,40
462,326,18,41
463,327,18,41
463,328,19,40
465,327,18,40
462,325,20,42
461,322,19,42
461,320,18,43
463,325,19,41
465,325,18,42
465,330,18,42
464,332,18,41
463,331,19,44
460,332,19,43
460,332,19,43
459,332,19,41
459,332,18,41
460,331,19,43
460,332,19,44
461,335,20,41
459,335,20,41
459,336,20,41
460,334,19,42
457,333,21,42
457,333,20,42
457,330,20,43
457,331,19,44
456,332,20,43
457,332,20,43
455,335,20,41
455,334,20,43
455,335,19,41
456,334,19,41
455,335,19,41
456,334,19,42
458,336,19,41
456,334,19,42
457,334,19,41
458,336,19,40
457,335,20,41
456,334,20,42
455,331,20,43
457,333,19,43
457,331,21,45
457,330,20,44
457,330,21,44
459,331,20,45
459,332,20,45
459,334,21,45
459,334,20,44
458,336,21,45
458,335,22,45
457,335,22,45
458,335,22,46
459,335,20,47
459,334,21,47
459,336,20,46
460,334,21,48
460,333,21,47
456,332,23,46
454,331,24,45
455,331,24,46
457,330,22,49
455,328,22,49
455,327,23,50
455,328,23,51
455,328,23,50
454,328,23,49
453,329,25,49
454,329,23,49
455,331,23,51
456,333,23,49
454,332,23,49
