363,170,80,128
366,170,78,126
370,171,78,125
373,171,79,126
375,171,79,125
379,171,80,127
380,172,80,127
386,173,78,126
389,176,79,127
399,177,78,126
402,184,78,125
406,187,77,123
411,187,78,126
411,188,79,127
416,190,79,127
414,186,80,129
413,192,81,129
413,192,82,131
410,193,80,129
404,194,80,128
400,198,78,125
395,195,78,126
387,206,79,126
375,208,80,128
364,216,80,128
348,222,80,129
333,225,79,127
325,227,78,126
324,227,78,125
323,230,76,122
326,228,77,124
333,229,77,123
336,227,78,126
340,224,79,126
340,222,79,127
339,224,80,129
339,222,81,130
334,222,80,128
332,220,78,126
326,221,78,125
326,221,78,125
326,221,78,125
326,221,78,125
326,221,78,125
326,221,78,125
326,221,78,125
326,221,78,125
326,221,78,125
326,221,78,125
326,221,78,125
326,221,78,125
326,221,78,125
326,221,78,125
326,221,78,125
326,221,78,125
326,221,78,125
326,221,78,125
326,221,78,125
326,221,78,125
326,221,78,125
326,221,78,125
326,221,78,125
326,221,78,125
326,221,78,125
326,221,78,125
326,221,78,125
326,221,78,125
326,221,78,125
326,221,78,125
326,221,78,125
326,221,78,125
326,221,78,125
326,221,78,125
326,221,78,125
326,221,78,125
326,221,78,125
326,221,78,125
326,221,78,125
326,221,78,125
326,221,78,125
326,221,78,125
326,221,78,125
326,221,78,125
326,221,78,125
326,221,78,125
326,221,78,125
326,221,78,125
326,221,78,125
326,221,78,125
326,221,78,125
326,221,78,125
326,221,78,125
326,221,78,125
326,221,78,125
326,221,78,125
326,221,78,125
326,221,78,125
326,221,78,125
326,221,78,125
326,221,78,125
326,221,78,125
326,221,78,125
326,221,78,125
326,221,78,125
326,221,78,125
326,221,78,125
326,221,78,125
326,221,78,125
326,221,78,125
326,221,78,125
326,221,78,125
326,221,78,125
326,221,78,125
326,221,78,125
326,221,78,125
326,221,78,125
326,221,78,125
326,221,78,125
326,221,78,125
326,221,78,125
326,221,78,125
326,221,78,125
326,221,78,125
326,221,78,125
326,221,78,125
326,221,78,125
326,221,78,125
326,221,78,125
326,221,78,125
326,221,78,125
326,221,78,125
326,221,78,125
326,221,78,125
326,221,78,125
326,221,78,125
326,221,78,125
326,221,78,125
326,221,78,125
326,221,78,125
326,221,78,125
326,221,78,125
326,221,78,125
326,221,78,125
326,221,78,125
326,221,78,125
326,221,78,125
418,182,77,123
433,193,77,116
430,182,75,121
420,181,76,121
417,182,75,120
416,181,76,121
413,182,75,120
408,181,75,120
407,184,73,118
406,182,74,118
405,183,73,117
407,182,72,116
409,182,73,116
409,183,72,116
410,182,72,116
413,182,71,114
412,181,70,113
410,183,70,112
413,181,70,112
413,183,69,111
413,180,68,110
412,181,68,109
414,183,68,110
414,184,67,108
413,183,68,109
413,185,67,108
414,185,68,109
414,186,69,111
413,186,71,114
421,185,70,113
419,186,72,116
418,189,73,116
418,190,71,114
418,192,70,112
419,189,70,113
418,187,72,116
422,190,73,117
421,190,74,119
421,187,77,124
420,187,79,127
418,184,81,130
417,187,83,133
415,185,83,132
414,183,84,135
411,180,84,135
404,178,85,136
397,179,84,134
395,175,85,136
387,171,86,138
377,167,88,141
361,168,89,142
312,168,88,141
309,171,88,140
307,171,88,141
307,171,87,140
304,169,87,139
303,169,86,138
301,167,87,139
300,168,85,136
300,168,85,136
296,165,86,137
292,160,86,138
293,162,84,135
293,163,83,133
294,162,83,133
294,162,83,133
294,161,82,131
288,162,83,132
286,162,83,133
281,164,82,131
281,164,82,131
264,159,82,132
251,150,82,131
251,150,82,131
323,156,82,131
323,156,82,131
415,157,81,131
409,166,83,134
412,161,85,136
411,159,87,139
407,156,89,143
408,161,89,143
406,159,91,146
402,162,92,147
403,159,93,148
404,162,91,146
404,161,90,144
404,160,91,146
402,161,91,147
406,163,90,145
404,161,92,148
400,158,92,148
393,160,90,144
381,157,92,148
380,155,91,146
356,160,92,147
342,155,93,150
336,154,93,150
328,149,92,147
293,149,93,149
290,153,92,148
282,152,93,149
279,155,94,151
273,156,93,149
272,155,92,148
272,154,91,146
272,153,90,144
271,153,90,145
273,158,89,142
274,157,88,141
278,155,87,139
281,155,87,140
283,158,88,141
283,157,89,142
284,155,88,141
282,156,86,138
282,154,85,137
277,153,84,135
273,145,83,134
270,143,82,131
261,134,81,130
257,131,80,129
257,131,80,129
281,138,79,127
281,138,79,127
281,138,79,127
281,138,79,127
281,138,79,127
257,120,78,126
267,123,76,122
263,124,75,121
267,130,74,119
266,132,73,117
269,133,71,114
269,134,70,112
268,140,68,109
263,137,68,110
262,136,68,109
261,135,67,107
262,138,66,105
260,140,64,103
259,138,64,103
259,137,64,103
260,140,63,102
259,140,65,104
259,141,63,102
257,139,64,102
257,140,64,102
255,137,64,102
255,138,63,101
255,140,63,101
254,137,64,103
251,133,64,103
250,135,65,104
250,136,65,105
248,136,65,105
248,136,66,105
247,134,67,107
245,132,68,110
248,132,70,112
248,131,70,112
247,132,71,113
249,131,69,111
249,133,69,111
251,134,68,110
252,133,68,108
252,134,67,107
250,129,67,107
252,133,67,107
252,132,67,107
253,134,67,107
250,131,68,109
250,132,67,108
250,131,68,110
248,130,69,111
250,131,69,111
252,134,70,112
248,131,70,112
250,130,70,112
250,130,70,112
251,129,70,113
249,129,71,114
253,130,69,111
252,131,70,112
254,131,69,110
253,130,69,111
254,130,69,111
256,133,68,109
254,130,69,110
254,132,68,109
254,130,68,110
257,130,69,110
261,124,69,110
268,119,69,110
272,112,69,111
280,105,70,113
284,102,70,112
289,98,71,113
293,93,70,112
294,90,71,114
294,83,71,114
293,80,71,115
295,80,70,112
292,77,70,113
288,74,70,112
280,78,70,112
274,77,71,114
269,81,70,112
267,82,69,111
267,95,70,112
266,108,71,113
263,117,71,114
258,130,72,115
249,134,73,117
238,141,74,119
227,151,75,120
219,156,75,120
208,162,76,122
198,169,77,123
187,178,76,122
178,192,75,121
165,201,75,120
158,206,76,121
153,208,75,120
150,213,75,121
141,218,75,120
136,225,74,119
136,223,75,120
142,223,74,119
149,226,74,119
149,224,75,120
144,223,74,118
133,216,74,118
116,213,74,119
98,210,73,118
88,205,74,119
87,196,74,118
99,190,73,117
115,184,75,121
131,189,77,123
145,193,77,123
158,201,75,120
160,205,76,121
154,208,74,119
140,204,75,120
125,202,74,118
117,199,74,118
122,199,72,116
133,199,73,117
151,201,73,118
164,199,74,119
164,199,74,119
164,199,74,119
164,199,74,119
164,199,74,119
164,199,74,119
164,199,74,119
164,199,74,119
164,199,74,119
164,199,74,119
164,199,74,119
164,199,74,119
164,199,74,119
164,199,74,119
164,199,74,119
164,199,74,119
164,199,74,119
164,199,74,119
164,199,74,119
164,199,74,119
164,199,74,119
164,199,74,119
164,199,74,119
164,199,74,119
164,199,74,119
164,199,74,119
164,199,74,119
164,199,74,119
164,199,74,119
164,199,74,119
164,199,74,119
164,199,74,119
164,199,74,119
164,199,74,119
164,199,74,119
164,199,74,119
164,199,74,119
154,267,75,120
155,259,75,120
152,251,74,119
152,251,74,119
193,237,75,120
220,230,74,118
220,230,74,118
220,230,74,118
220,230,74,118
220,230,74,118
220,230,74,118
220,230,74,118
220,230,74,118
199,236,73,118
179,247,72,116
152,256,73,118
151,257,73,116
157,260,71,115
151,257,70,113
159,247,69,110
158,246,68,109
167,235,68,109
171,234,68,109
176,226,68,109
187,213,69,111
201,203,70,113
207,202,70,112
215,199,70,113
217,201,70,112
229,201,70,112
224,198,72,116
234,195,73,117
236,190,72,115
237,186,72,116
239,179,72,116
250,173,72,116
257,167,72,116
257,160,72,115
259,155,72,116
255,144,72,116
252,138,72,116
252,127,73,117
249,119,74,119
250,110,74,118
252,103,75,121
258,104,75,120
271,108,73,117
273,117,71,114
274,124,70,112
279,133,69,111
307,140,70,113
304,143,71,114
305,142,73,116
307,141,74,119
304,140,76,121
304,140,77,124
304,139,77,124
311,137,76,122
311,136,77,124
314,134,76,121
318,134,74,119
344,129,74,118
355,128,73,117
353,128,72,116
363,131,72,115
364,136,71,114
366,137,72,115
371,141,72,116
369,145,71,115
367,149,72,115
366,148,73,117
369,150,72,115
361,148,73,117
358,149,74,119
357,146,75,120
356,142,75,120
359,142,74,118
363,139,73,116
367,138,74,118
372,135,73,117
373,135,73,117
373,137,72,115
374,136,71,114
378,135,70,112
375,131,71,114
378,131,71,114
379,127,72,115
379,122,72,115
381,122,71,114
381,118,71,114
381,119,71,115
377,115,73,117
378,110,73,118
378,109,73,118
379,108,75,121
381,111,74,119
379,109,75,120
374,106,76,122
371,103,75,120
372,98,74,118
373,89,75,120
367,81,74,119
358,74,75,120
357,64,74,119
351,56,76,122
341,49,75,121
337,44,75,121
340,43,75,121
335,39,76,122
334,37,76,122
340,38,75,120
338,40,74,119
347,32,74,119
344,30,74,119
340,30,75,121
347,17,75,120
349,11,74,118
351,2,74,119
345,0,72,115
333,0,71,115
286,4,72,116
278,18,72,116
264,18,74,119
261,23,75,120
264,35,75,120
269,55,75,121
267,69,75,121
269,79,77,123
274,86,78,125
281,91,77,123
284,91,77,124
290,93,77,124
290,93,77,123
295,94,77,123
293,96,78,124
295,101,78,125
291,101,78,126
287,104,80,128
287,105,80,128
288,106,79,127
288,106,79,127
291,102,79,127
297,102,79,127
303,101,79,127
305,100,78,125
311,102,77,124
313,103,78,125
322,104,77,124
322,104,78,125
327,105,79,127
329,117,81,130
325,98,81,130
325,98,81,130
315,97,81,129
310,96,85,125
306,97,91,112
303,94,85,124
301,94,87,119
302,94,91,113
301,95,91,115
304,91,89,117
308,92,84,118
305,89,82,120
306,91,87,114
306,94,86,113
301,88,87,118
300,90,88,119
301,92,89,116
297,94,86,118
291,94,91,117
289,90,88,120
282,91,86,123
280,90,89,121
278,93,91,120
278,93,94,116
275,95,92,113
273,94,93,117
273,93,92,119
274,92,91,118
274,93,90,120
277,93,90,117
279,98,89,115
283,96,87,110
282,96,90,116
281,93,89,118
281,93,89,118
317,103,85,125
351,120,85,136
348,124,83,133
349,127,82,132
344,125,82,131
342,120,81,130
345,123,81,129
344,118,79,126
337,121,85,107
325,119,85,109
294,122,81,110
290,123,82,113
300,126,89,104
296,123,89,104
292,124,87,106
285,128,86,105
281,130,87,110
279,132,86,114
281,129,84,113
280,127,82,114
277,130,84,118
279,127,84,119
277,128,84,119
277,128,84,121
273,125,85,120
269,124,86,120
273,122,82,116
279,116,80,114
276,110,83,117
277,111,87,121
278,106,87,119
277,106,88,119
274,111,88,117
269,111,86,124
271,122,85,122
271,125,85,126
273,130,84,124
268,128,83,125
264,135,82,125
269,132,80,124
273,133,78,117
270,135,79,113
272,133,79,111
277,132,78,112
275,128,78,113
279,131,75,113
273,124,75,114
271,126,74,113
274,129,75,109
273,128,75,106
273,127,76,108
276,125,75,111
274,126,77,119
271,121,77,120
274,124,77,122
272,123,78,125
275,133,78,125
274,133,79,122
274,131,78,123
274,128,77,122
276,133,77,116
282,134,75,111
279,134,77,112
277,130,77,113
280,126,77,115
285,124,74,112
283,129,75,116
286,129,74,113
285,130,75,118
285,124,76,113
283,131,79,118
282,129,80,120
284,128,80,119
283,128,79,119
286,134,80,117
287,126,77,118
291,130,79,113
287,133,81,113
280,130,83,113
285,132,79,114
280,129,82,109
281,132,79,109
283,126,75,119
287,130,77,117
290,129,79,118
291,124,79,120
295,124,76,122
297,124,78,121
295,124,76,123
292,124,76,122
282,125,77,121
274,125,77,123
273,126,78,120
272,126,79,116
265,128,83,111
259,126,82,114
258,117,82,115
261,112,78,126
262,115,78,125
265,113,77,124
259,110,79,127
260,107,80,129
257,104,81,129
254,100,81,130
252,97,82,132
249,93,86,128
251,94,91,120
243,90,95,119
242,88,94,125
250,88,91,128
258,96,89,140
249,104,89,143
252,103,87,142
247,105,89,142
246,105,88,140
244,107,86,137
240,99,89,140
237,103,90,142
238,92,91,138
235,77,92,132
238,68,87,139
240,60,85,137
241,59,85,136
241,54,84,135
241,55,83,133
243,53,82,132
246,100,81,130
250,115,82,131
248,112,83,133
252,113,83,132
252,115,83,133
255,112,84,134
258,102,88,135
254,104,89,140
260,95,89,136
257,101,89,141
257,86,91,145
267,52,89,143
276,26,88,142
278,31,86,138
277,24,86,138
281,20,86,138
281,19,86,138
284,20,85,137
283,19,85,137
285,24,85,136
266,69,88,138
264,95,89,138
260,105,88,141
257,105,88,141
260,95,89,141
263,86,86,138
289,31,87,140
289,32,88,141
289,34,88,141
284,33,87,140
282,35,88,142
281,35,87,139
272,42,89,137
264,73,88,133
268,61,90,135
268,56,93,133
266,77,92,129
260,93,90,133
259,91,93,129
259,95,95,131
260,93,96,132
263,91,97,134
265,92,98,134
262,97,100,140
267,99,98,145
263,98,104,146
260,101,102,156
260,101,104,158
261,105,104,151
260,111,101,150
259,109,101,150
262,117,101,144
262,114,99,149
262,112,101,145
259,116,101,148
259,113,96,151
254,112,101,143
245,111,102,141
244,112,102,139
239,104,100,138
236,110,97,142
233,112,97,144
230,111,98,153
225,103,96,153
232,117,98,150
232,122,95,150
233,124,95,150
239,106,95,147
237,104,94,149
238,104,97,151
237,99,98,155
241,100,97,151
241,100,97,150
244,99,99,152
244,99,98,152
245,99,99,151
244,100,98,152
245,104,97,152
248,99,99,149
247,104,97,147
246,103,96,152
250,101,97,148
252,100,97,146
256,100,97,141
261,97,93,137
265,97,89,134
268,98,91,136
267,99,91,140
270,101,90,136
275,102,90,137
275,109,90,138
277,105,90,135
280,106,89,132
280,114,89,134
281,120,87,130
278,125,89,128
275,126,92,134
273,131,91,134
270,137,87,139
268,150,86,139
269,158,87,140
271,169,87,139
271,169,87,139
279,195,87,139
288,196,86,137
293,206,87,140
297,208,88,141
304,204,90,144
307,212,89,143
310,225,88,142
311,233,89,143
313,236,89,142
310,250,88,141
310,252,89,143
308,253,91,145
307,256,91,146
305,255,91,147
304,265,92,148
303,264,90,145
304,266,90,144
301,269,91,146
301,262,90,145
298,261,91,146
295,259,91,147
291,260,91,146
289,262,92,148
287,262,94,151
284,265,94,150
283,265,95,152
283,260,95,153
288,256,94,151
285,258,94,151
285,254,94,151
286,254,94,150
290,250,93,149
273,294,93,148
265,331,92,148
268,328,92,148
268,323,92,147
271,320,92,147
274,320,90,145
276,321,89,143
278,322,89,143
282,320,88,142
281,321,89,142
285,324,89,142
288,322,89,143
287,323,89,142
288,325,89,142
285,322,88,141
283,318,89,143
280,317,88,141
278,316,88,141
278,312,86,138
277,305,86,138
279,307,84,135
279,307,85,137
275,308,84,135
273,303,84,135
271,302,84,135
267,293,85,136
269,297,85,136
268,295,84,135
268,299,84,135
275,299,83,134
283,302,83,132
283,303,83,133
290,302,81,131
292,302,82,132
303,301,83,133
305,310,83,133
309,312,83,134
309,314,84,135
310,316,83,134
307,316,85,136
307,316,86,138
304,314,86,138
308,313,86,138
311,312,86,138
314,311,86,137
316,310,86,139
315,310,88,141
321,309,87,140
324,310,85,136
327,315,84,135
333,318,82,132
331,317,83,132
335,317,82,132
333,314,82,132
329,308,82,131
305,304,86,121
304,297,85,118
294,285,83,113
284,278,88,116
286,248,85,136
292,295,85,129
290,302,80,129
288,299,80,128
287,301,79,126
287,302,78,125
285,304,78,126
284,298,79,127
283,299,79,126
283,300,79,126
283,302,79,127
285,303,80,128
286,303,78,125
285,305,78,126
286,302,78,126
286,305,77,124
284,305,78,124
288,306,77,124
288,309,77,123
288,312,77,123
286,311,77,123
287,313,76,122
281,312,75,120
278,313,75,120
272,314,74,119
266,316,73,117
262,311,73,117
260,316,74,119
260,315,75,121
264,313,76,122
267,314,76,122
268,311,76,122
269,311,77,123
269,315,77,123
273,314,77,124
272,313,77,124
275,313,77,124
276,313,76,122
276,313,76,122
280,316,75,120
279,315,75,120
277,317,75,121
275,317,76,121
275,318,76,122
273,316,77,123
275,315,79,126
278,316,78,125
279,314,78,126
282,315,79,127
281,313,80,128
283,315,80,128
283,314,78,126
287,315,78,125
285,313,78,126
288,313,79,127
286,312,79,126
288,311,79,127
287,309,80,129
288,308,80,129
288,309,81,130
286,310,82,131
284,309,83,132
282,307,83,134
283,310,82,132
281,310,82,132
285,311,82,132
284,309,83,133
283,299,87,130
285,294,84,135
287,302,88,136
288,306,87,139
289,309,88,142
292,311,89,143
290,312,91,145
288,313,91,146
291,312,91,146
295,308,90,145
299,305,90,145
303,302,90,144
309,302,90,144
308,302,89,143
312,308,89,143
311,306,90,144
309,304,91,145
308,307,91,146
309,311,91,145
307,313,91,146
311,310,90,144
312,311,90,144
312,311,90,144
311,309,91,145
310,306,90,145
307,305,92,147
307,303,92,147
302,301,93,148
304,303,93,149
302,301,93,148
300,301,92,148
301,303,91,147
304,305,91,145
303,302,91,146
302,303,90,144
303,307,88,141
306,311,87,140
304,309,86,138
307,313,84,134
312,314,83,133
314,315,84,134
316,317,83,132
319,317,81,130
317,318,82,132
318,317,82,131
317,317,83,133
315,315,83,133
320,318,83,132
319,320,80,129
318,319,81,130
317,318,81,130
317,316,80,128
318,319,80,129
316,319,80,128
318,321,80,128
318,319,81,129
316,319,81,131
316,319,85,127
314,316,86,124
313,320,81,130
312,320,82,124
312,317,83,124
309,315,85,121
320,305,87,126
328,302,90,128
347,296,83,134
352,295,85,136
353,290,85,136
359,289,87,140
353,290,86,138
311,305,86,138
308,307,85,136
312,309,85,137
313,307,85,137
313,305,86,138
309,300,87,139
312,307,86,139
310,307,88,140
309,305,87,140
309,310,87,140
313,311,86,138
314,309,85,136
314,309,84,135
311,311,85,136
310,308,85,137
311,309,85,136
310,311,84,135
311,307,85,137
311,308,86,138
307,305,85,136
307,299,86,138
307,299,86,139
308,300,88,141
309,302,86,138
306,300,86,138
309,303,84,134
304,301,83,134
306,300,83,133
302,302,82,131
302,302,82,131
303,306,81,130
300,304,81,130
295,297,82,132
290,296,84,134
286,290,85,137
289,291,86,138
296,289,86,138
299,290,83,134
304,293,83,134
305,305,98,113
312,310,93,109
320,310,91,111
327,299,91,125
332,291,85,136
332,296,87,139
331,299,87,140
330,304,88,141
332,313,88,141
330,316,88,142
326,324,87,140
324,320,87,136
325,325,90,129
327,323,85,136
330,327,87,131
335,325,92,123
345,332,90,129
340,339,88,133
338,349,87,139
318,320,88,141
296,304,88,141
278,304,88,140
274,305,87,139
270,304,85,137
269,306,84,135
267,308,83,134
269,308,85,136
269,309,85,136
264,307,85,137
269,310,85,136
266,310,84,135
