582,145,69,149
571,143,67,150
565,142,64,149
552,134,66,154
534,132,70,151
520,123,69,149
509,122,68,148
499,120,67,145
488,121,66,142
476,120,65,141
476,120,65,141
461,118,64,139
447,112,64,139
433,107,65,141
433,107,65,141
410,100,65,141
400,101,65,140
389,101,64,140
375,98,63,137
365,92,63,137
350,92,63,136
339,96,63,136
328,93,62,134
315,89,63,136
304,85,62,135
289,88,63,137
275,97,63,137
266,96,62,134
257,93,61,133
241,96,60,131
228,101,61,132
231,103,60,130
236,99,60,130
257,100,60,129
289,106,60,131
316,104,61,132
323,92,62,134
340,101,62,134
364,103,62,134
364,82,62,135
348,85,62,134
337,76,61,133
333,77,61,132
328,80,60,131
320,67,61,131
312,76,60,131
309,76,59,129
298,73,59,129
293,72,60,130
285,75,58,127
299,80,58,125
299,80,58,125
336,68,58,126
332,63,59,128
326,62,60,130
321,54,61,132
342,53,62,134
374,54,62,135
405,60,62,135
410,55,62,135
406,46,61,132
403,49,60,131
399,45,59,128
394,45,60,129
392,41,58,126
390,42,57,127
387,42,58,126
384,40,57,123
379,35,58,125
376,42,59,126
372,39,59,129
367,72,55,130
367,111,60,129
358,159,58,128
359,181,58,127
357,204,59,127
353,218,57,125
350,224,57,124
347,222,57,125
342,217,55,123
338,216,56,121
335,218,56,121
332,212,56,121
329,214,57,123
326,215,56,122
323,212,55,120
316,210,55,119
314,212,55,119
309,209,55,119
306,211,54,116
301,212,53,114
298,208,53,116
294,209,53,114
289,208,52,113
285,206,52,112
284,206,51,110
279,205,51,110
276,203,50,108
273,200,50,108
267,194,50,108
262,200,50,109
259,201,49,106
258,198,48,104
254,196,48,104
253,197,48,103
251,198,47,102
247,197,46,100
243,196,46,100
238,195,46,101
235,195,47,101
233,193,47,103
230,190,47,102
228,191,46,100
227,193,45,98
223,190,45,98
221,187,45,98
220,187,45,97
217,187,46,99
215,188,45,97
214,184,45,97
211,186,43,94
208,186,42,92
207,186,41,90
206,186,41,89
204,184,40,88
204,183,40,87
203,183,39,86
201,184,39,85
199,183,39,85
198,180,39,86
199,179,40,87
196,179,40,87
195,175,41,89
194,173,40,87
194,173,41,89
192,171,41,89
190,168,42,90
187,169,42,92
186,170,42,91
185,168,41,90
183,171,42,90
180,169,43,93
178,165,43,94
176,162,44,95
175,165,44,95
170,163,43,94
168,165,43,93
166,161,43,93
164,159,43,93
161,157,43,94
160,156,43,93
159,159,42,91
159,156,42,91
155,155,42,91
151,158,42,90
149,158,42,91
147,158,41,90
146,159,42,91
146,159,41,89
143,158,41,89
147,152,40,87
145,155,40,87
140,156,40,87
137,159,39,85
139,158,39,85
136,157,39,85
154,158,39,85
173,153,39,85
169,156,39,85
169,151,39,86
161,151,39,85
161,149,39,84
159,148,40,86
158,145,39,86
158,147,39,85
156,148,38,83
151,144,39,84
146,134,39,84
146,137,38,83
145,137,39,84
138,120,38,83
144,143,39,85
143,139,39,85
141,139,39,86
139,136,40,86
138,136,39,86
137,136,39,86
135,133,39,85
133,133,39,85
133,131,39,84
132,132,38,83
130,133,38,82
131,134,37,81
128,133,38,83
126,135,39,84
125,133,38,83
124,135,39,84
123,132,39,85
123,133,38,84
122,132,38,83
119,131,38,82
117,133,37,81
118,136,37,80
115,136,36,79
113,137,36,77
111,135,35,76
109,135,35,76
109,135,35,76
108,134,34,74
107,134,34,73
105,135,33,73
105,134,33,72
104,134,33,71
102,133,33,71
101,135,32,70
101,134,32,70
132,131,33,72
130,130,33,72
99,131,33,72
99,133,32,70
99,133,32,69
98,134,32,69
97,134,31,68
98,134,31,67
98,131,31,67
101,134,31,67
101,131,31,67
104,132,30,66
104,132,30,66
104,132,30,66
104,132,30,66
104,132,30,66
104,132,30,66
104,132,30,66
104,132,30,66
104,132,30,66
104,132,30,66
128,133,30,66
121,128,31,67
122,128,31,68
126,130,31,68
137,141,31,67
131,137,31,67
131,137,31,67
124,131,31,68
119,124,31,68
117,123,31,68
120,124,32,69
116,120,31,67
116,120,31,67
118,121,30,66
117,120,31,67
116,118,30,66
115,118,30,66
114,118,30,66
112,120,30,66
113,118,30,65
111,117,30,66
109,118,30,66
110,118,31,67
109,116,31,67
108,116,31,68
109,116,31,67
108,116,31,66
107,114,31,67
107,114,31,67
105,114,31,67
108,114,30,66
110,114,30,65
112,113,30,65
113,113,30,65
112,113,30,65
113,112,29,64
114,110,29,64
113,112,29,63
114,113,29,64
115,112,29,63
119,111,28,62
121,111,29,62
121,111,29,63
122,111,28,62
122,111,28,62
121,110,28,61
122,111,27,60
123,112,27,60
123,109,28,60
123,109,28,60
122,109,28,61
123,110,28,62
122,110,28,61
123,107,28,62
121,106,29,63
121,104,29,64
122,105,29,63
122,104,29,64
122,104,29,63
120,105,29,63
119,102,29,64
121,100,30,65
119,100,30,65
118,101,29,64
117,99,30,65
118,98,30,66
117,97,30,66
116,97,30,65
115,98,30,66
114,94,31,67
115,93,31,66
114,94,31,67
114,95,31,67
114,96,31,67
113,92,31,68
115,93,30,66
114,95,30,65
115,93,30,65
115,94,30,66
115,92,30,66
115,93,31,67
116,90,30,66
116,92,30,66
117,93,30,66
117,92,30,66
119,94,30,66
117,92,30,66
119,91,30,65
119,94,29,64
121,93,29,63
121,90,29,63
121,90,29,63
122,91,29,64
123,96,29,64
122,91,29,64
122,89,30,65
122,89,30,65
124,89,30,66
124,89,30,65
124,88,29,64
125,86,29,64
123,90,29,63
125,90,29,63
124,90,30,64
125,87,30,65
125,88,30,64
126,89,30,65
125,85,30,65
125,84,30,65
127,86,30,64
127,85,29,64
128,87,30,65
121,97,30,66
112,120,30,66
110,116,30,66
118,103,30,66
129,79,30,66
130,81,30,66
130,82,30,66
129,82,30,65
130,80,30,65
131,78,29,64
131,78,29,63
131,79,29,62
131,79,29,62
131,79,29,62
123,82,28,62
132,79,29,63
133,79,29,63
133,78,29,63
134,80,29,62
135,79,29,63
135,79,28,61
137,78,29,62
136,81,29,63
136,81,29,63
137,78,29,63
137,80,29,64
138,78,29,64
139,78,29,64
140,78,29,63
142,77,29,63
143,76,29,63
142,82,29,64
143,81,29,63
145,77,30,65
146,75,30,66
145,77,30,66
147,77,30,65
149,77,30,66
147,82,30,66
149,77,30,65
149,78,30,66
149,79,30,66
150,77,30,65
151,77,30,65
152,77,29,64
153,76,30,64
152,80,30,65
153,77,30,65
154,79,29,64
154,79,29,63
154,76,29,63
155,78,29,62
156,78,29,63
156,80,29,62
158,78,29,63
158,79,29,63
158,78,29,63
159,78,29,62
159,84,28,61
159,81,28,62
160,82,28,62
164,78,28,61
164,82,28,61
164,83,28,61
165,83,28,61
165,83,28,61
165,83,28,61
166,85,28,60
168,84,27,59
169,88,26,57
169,88,26,57
167,89,26,57
167,90,26,57
168,89,26,58
168,88,26,58
166,87,27,58
168,87,26,57
165,88,26,57
165,87,27,58
169,85,27,58
169,86,27,59
