273,216,60,173
275,215,60,171
279,212,59,171
286,211,58,169
290,209,58,166
292,208,59,171
303,203,60,173
308,199,59,171
314,195,59,170
318,190,58,167
320,186,58,173
323,186,58,172
326,183,59,173
328,179,58,169
336,180,59,168
339,176,59,168
347,208,58,173
356,249,58,163
362,247,57,160
364,243,60,165
370,244,57,159
374,240,57,160
379,240,57,156
385,237,59,163
394,234,56,163
403,231,56,161
407,229,57,157
412,228,56,151
416,228,57,155
422,223,57,155
427,215,57,160
431,213,57,161
436,212,57,162
443,214,58,160
449,209,57,155
455,210,56,152
459,208,56,150
462,206,56,146
464,205,55,147
467,197,54,145
472,197,54,148
474,198,54,147
481,193,53,153
484,194,54,145
488,191,54,148
493,191,52,151
491,188,52,151
495,189,51,149
499,184,51,147
501,187,50,145
506,185,50,144
509,180,51,145
511,177,50,142
513,179,49,140
515,180,48,138
516,173,49,137
518,172,49,136
520,166,48,140
522,169,48,140
529,168,48,139
531,168,48,138
533,162,48,138
536,166,48,133
540,166,46,131
542,163,46,131
545,163,46,130
547,157,46,133
552,159,46,134
557,160,46,135
562,155,47,135
567,152,47,133
571,155,48,126
559,151,47,135
526,149,47,137
496,150,47,135
489,152,47,135
487,147,47,136
495,148,47,135
503,146,46,134
508,142,46,133
512,144,46,132
516,141,48,132
520,143,47,130
523,143,48,127
526,142,47,124
531,142,47,130
534,140,46,131
539,138,45,128
542,135,45,131
544,131,45,132
546,133,46,128
545,132,45,131
545,133,46,126
545,128,45,132
547,128,45,132
547,128,46,128
550,125,46,127
549,127,46,133
551,126,46,134
550,125,47,129
549,117,47,130
547,117,47,132
547,113,47,133
546,113,47,130
548,116,45,129
548,111,45,128
551,110,45,128
551,108,45,129
551,111,44,128
551,108,44,125
550,107,44,127
550,107,45,124
550,104,44,127
551,105,43,126
555,100,43,125
556,98,43,124
558,98,43,124
559,96,42,122
558,98,42,121
557,98,41,119
554,96,42,121
555,93,42,122
553,93,42,121
553,91,42,120
554,93,41,120
553,90,42,119
552,90,42,115
549,90,41,116
549,91,41,117
545,90,41,115
543,88,41,115
543,85,40,117
542,87,40,117
541,89,40,115
542,83,40,116
539,83,41,113
538,82,41,113
538,82,40,116
539,86,39,114
535,82,39,115
532,78,40,115
532,78,39,113
529,78,40,116
529,76,40,114
529,74,40,111
529,73,39,113
528,76,40,111
526,77,39,113
524,75,39,112
520,74,39,113
521,73,38,111
520,73,37,108
521,73,38,111
519,70,38,111
520,71,39,112
518,84,39,110
517,125,38,110
515,168,37,108
515,207,37,108
514,205,37,109
511,205,38,109
509,202,38,111
508,204,38,112
506,202,39,113
505,201,38,112
502,200,39,113
498,199,39,115
492,195,40,113
492,194,40,117
490,193,40,117
487,194,41,118
487,195,40,118
486,192,41,118
485,191,41,119
481,193,41,119
480,187,41,119
475,186,41,118
473,182,40,117
473,182,40,117
472,185,41,118
467,187,40,117
466,183,41,119
464,184,40,116
461,183,40,115
457,182,41,119
455,178,42,121
451,184,42,122
450,183,42,122
447,181,43,124
447,182,43,125
443,181,44,127
442,182,44,128
440,181,44,128
436,183,44,128
432,182,44,128
432,180,43,126
429,179,43,126
427,177,43,124
429,179,42,123
426,175,42,123
425,177,42,123
424,178,42,123
420,178,43,124
418,175,43,125
415,173,42,122
412,173,42,122
411,177,42,122
410,175,42,121
410,172,42,121
407,173,41,120
406,175,41,120
403,174,42,121
401,169,41,119
400,170,41,118
396,166,40,117
398,169,40,116
395,170,40,116
393,165,39,114
392,164,40,115
390,163,40,117
387,163,40,117
384,161,40,115
384,163,39,114
380,162,40,117
378,156,40,116
376,165,40,116
374,169,39,115
373,160,38,112
372,157,38,109
372,157,38,109
372,157,38,109
372,157,38,109
372,157,38,109
372,157,38,109
372,157,38,109
372,157,38,109
372,157,38,109
372,157,38,109
372,157,38,109
372,157,38,109
372,157,38,109
341,156,38,102
342,157,37,96
340,152,37,98
338,159,36,92
338,159,36,91
337,160,35,91
336,159,36,91
333,156,36,93
331,157,36,90
330,153,36,90
330,155,35,92
330,156,35,88
329,154,36,90
329,154,36,89
328,153,36,89
326,154,36,89
326,155,36,87
326,153,35,88
324,152,35,87
323,152,35,86
323,152,35,90
323,153,35,87
322,151,35,87
322,151,36,85
322,149,34,90
319,150,35,86
319,150,33,84
318,149,32,84
317,148,32,83
318,149,31,81
316,150,33,81
316,150,32,80
316,149,32,81
315,146,32,83
316,148,31,80
315,150,32,78
315,151,30,76
315,148,31,78
314,148,31,79
316,148,31,79
316,148,32,78
318,147,31,79
318,146,31,78
319,146,30,76
319,148,30,77
318,146,31,79
320,146,31,77
320,146,32,80
320,144,32,80
323,142,33,85
325,139,33,88
325,139,33,85
326,139,34,85
328,141,34,85
332,139,33,87
333,137,34,85
334,140,33,90
336,142,32,91
340,136,31,92
341,138,32,91
345,135,31,92
344,134,31,90
344,134,31,90
344,134,31,90
344,134,31,90
344,134,31,90
344,134,31,90
344,134,31,90
344,134,31,90
344,134,31,90
368,127,31,91
370,129,31,91
371,130,31,90
373,129,31,89
373,132,31,90
374,132,31,90
377,132,31,91
378,132,31,89
380,130,31,88
379,130,31,85
383,137,31,86
384,133,30,83
384,135,30,78
387,135,31,77
388,132,30,82
392,132,29,84
395,133,29,83
396,133,29,75
399,133,29,76
399,132,28,73
400,131,29,72
401,132,29,71
402,129,29,74
404,130,29,74
405,131,29,74
406,131,29,74
408,129,28,72
409,129,29,76
412,125,27,78
411,124,28,77
411,126,28,76
411,128,28,74
411,128,28,76
412,126,28,76
412,129,29,76
413,126,28,77
413,121,27,78
413,127,27,75
413,125,27,75
412,123,27,76
411,123,28,76
412,123,28,76
413,122,28,77
413,122,28,79
413,122,28,77
413,118,27,79
413,119,27,79
413,115,28,82
411,117,28,80
411,120,28,79
411,116,29,81
412,116,28,81
411,121,29,80
411,118,28,83
412,114,28,85
411,118,28,82
409,119,28,80
408,117,28,80
407,117,28,80
407,118,28,80
407,120,28,78
406,118,29,79
406,119,29,79
405,115,29,82
404,116,29,79
403,118,27,77
402,116,27,76
401,117,27,75
401,116,28,76
402,115,27,75
402,117,28,75
402,116,28,75
402,114,27,74
402,113,27,76
401,111,27,75
400,113,27,76
399,111,28,76
400,113,28,75
400,112,27,75
400,112,27,75
399,110,28,75
399,108,27,77
399,110,27,74
397,113,27,74
397,108,27,77
396,108,27,75
396,110,27,74
398,110,28,77
399,110,27,77
397,109,27,72
397,109,26,73
399,108,26,73
398,111,26,72
398,106,26,72
398,108,26,71
397,109,26,71
397,108,27,71
399,109,27,71
400,109,26,72
399,108,26,71
399,106,25,69
400,106,25,69
400,108,24,69
399,108,24,68
399,108,24,69
398,107,24,70
400,107,24,70
399,107,24,70
399,107,25,72
400,106,24,71
399,104,24,71
397,106,25,73
396,103,25,73
396,104,25,73
396,103,25,73
396,106,25,72
396,105,25,72
396,106,24,71
395,104,24,71
394,104,25,73
394,103,25,72
392,105,25,73
391,105,25,72
392,104,25,73
392,104,25,73
392,104,25,73
392,104,25,74
392,103,25,73
392,104,25,74
392,103,25,73
391,105,25,74
392,104,25,74
391,103,25,74
391,102,26,75
390,102,25,74
391,103,25,73
391,102,25,74
393,103,25,74
392,103,25,74
392,103,25,74
392,102,26,75
391,102,26,75
391,101,26,75
391,103,26,75
390,101,25,74
391,102,25,74
392,99,26,75
392,100,25,74
392,98,25,74
393,96,26,75
392,99,26,76
392,101,26,76
393,97,26,75
392,96,25,74
393,98,26,75
393,98,26,75
395,98,25,74
394,98,25,73
394,101,25,73
395,99,25,73
394,97,25,73
393,95,25,73
394,95,25,72
394,96,24,71
395,100,24,69
396,98,23,68
395,97,23,67
396,98,23,67
396,96,23,67
396,96,23,67
395,96,23,67
396,96,23,68
396,94,23,68
396,95,23,68
397,96,23,67
399,97,22,65
399,95,23,66
400,93,23,64
399,94,23,65
399,94,23,65
401,94,23,66
400,92,23,67
401,93,23,66
402,94,23,66
402,94,23,64
404,95,22,65
404,92,22,65
404,92,22,64
404,91,22,63
404,92,22,64
404,94,22,65
404,93,22,64
405,94,22,64
406,94,22,63
406,93,22,63
407,93,22,63
407,93,22,64
407,93,23,64
407,93,22,65
407,91,22,64
407,93,22,63
407,91,22,64
408,94,22,64
408,91,22,64
409,94,22,63
409,92,21,62
409,92,22,63
408,93,21,62
408,93,21,61
408,92,21,61
408,93,21,61
409,92,21,62
409,94,21,62
409,90,21,62
409,92,21,62
408,90,21,62
408,91,21,62
408,90,21,61
408,91,21,61
408,91,21,61
408,92,21,60
407,91,20,60
408,92,20,59
407,91,20,60
408,90,20,59
407,90,20,58
407,91,20,58
406,90,20,59
406,89,20,60
406,90,20,59
406,90,20,60
406,89,21,60
405,88,21,61
405,89,20,59
405,89,20,59
405,90,20,59
403,90,20,59
403,88,20,59
403,88,20,59
403,89,20,58
403,90,20,57
402,88,20,58
402,89,20,58
402,88,20,58
401,89,20,58
400,89,19,57
400,89,19,57
399,88,19,57
399,87,19,57
399,89,19,57
399,86,20,58
398,84,20,59
398,85,20,58
398,87,19,57
397,87,19,57
397,87,19,57
397,86,19,57
396,87,19,56
396,88,19,55
