297,238,37,109
297,234,33,109
295,236,34,105
296,237,33,103
295,239,34,104
296,237,34,101
297,235,32,99
296,234,33,103
272,233,39,103
226,230,39,102
189,236,37,102
151,234,37,105
145,229,37,107
143,228,36,106
143,227,34,107
143,227,35,104
141,226,36,104
142,225,33,104
140,226,34,104
139,225,34,106
136,225,34,106
134,222,35,108
130,225,35,105
128,224,33,101
129,222,31,104
124,221,35,101
124,223,35,98
124,220,33,100
123,220,32,102
118,219,35,104
113,217,35,103
109,217,34,104
108,213,32,106
105,214,32,103
103,216,33,101
102,217,32,100
100,214,32,101
99,214,31,100
97,212,33,105
92,215,33,102
91,214,33,103
85,216,32,101
81,216,32,98
77,212,33,101
75,212,32,101
73,210,32,103
72,208,32,102
68,209,33,104
61,212,35,101
56,210,34,101
49,211,34,97
59,210,34,102
90,210,34,102
90,210,34,102
127,217,34,100
127,217,34,100
127,217,34,100
127,217,34,100
127,217,34,100
127,217,34,100
127,217,34,100
127,217,34,100
127,217,34,100
127,217,34,100
127,217,34,100
127,217,34,100
127,217,34,100
127,217,34,100
127,217,34,100
127,217,34,100
127,217,34,100
127,217,34,100
127,217,34,100
127,217,34,100
127,217,34,100
127,217,34,100
127,217,34,100
127,217,34,100
127,217,34,100
127,217,34,100
127,217,34,100
127,217,34,100
127,217,34,100
127,217,34,100
127,217,34,100
127,217,34,100
127,217,34,100
127,217,34,100
127,217,34,100
127,217,34,100
127,217,34,100
127,217,34,100
127,217,34,100
127,217,34,100
127,217,34,100
127,217,34,100
127,217,34,100
127,217,34,100
127,217,34,100
127,217,34,100
127,217,34,100
127,217,34,100
127,217,34,100
127,217,34,100
127,217,34,100
127,217,34,100
127,217,34,100
127,217,34,100
127,217,34,100
127,217,34,100
127,217,34,100
127,217,34,100
127,217,34,100
127,217,34,100
127,217,34,100
127,217,34,100
