921,343,32,50
920,343,32,49
919,340,32,52
919,341,31,51
919,340,32,51
918,340,31,52
918,341,32,50
917,341,32,50
915,341,34,51
914,342,35,50
913,341,34,53
913,342,34,50
912,340,33,52
911,339,33,52
909,340,34,50
907,338,35,53
908,340,36,50
907,340,34,53
905,340,35,50
904,339,35,52
904,340,35,49
902,338,36,53
901,339,36,54
901,340,35,50
901,339,35,50
900,338,34,54
901,339,33,50
901,339,33,52
900,337,34,54
900,336,32,53
898,336,34,54
899,335,33,56
899,337,33,54
897,337,34,56
897,337,34,56
896,338,36,52
896,339,35,52
895,340,35,51
896,338,33,54
895,337,33,55
895,337,33,53
893,337,33,55
892,339,34,51
892,338,33,55
891,338,34,51
891,340,33,53
891,339,33,52
889,340,33,52
891,342,32,50
890,341,31,49
890,341,31,49
889,342,29,51
888,340,30,49
889,342,31,48
889,342,30,47
889,343,30,47
889,343,31,48
890,341,32,50
890,343,32,50
889,342,32,51
889,342,32,51
885,342,33,51
888,341,32,50
888,342,31,49
887,342,31,49
887,342,31,49
888,341,32,50
888,341,32,51
889,342,33,52
889,343,33,52
888,341,33,52
886,342,33,52
886,340,33,52
887,342,33,52
886,342,33,52
887,342,33,52
887,342,33,52
886,341,33,52
888,342,33,53
887,341,34,54
887,340,34,54
887,341,34,54
887,341,35,54
887,342,34,54
888,342,35,55
888,343,34,53
888,342,34,54
887,343,34,54
887,343,35,55
888,342,35,54
889,342,35,54
887,342,35,54
887,342,35,55
889,343,35,55
889,343,35,55
889,343,35,56
888,343,35,55
888,342,36,56
889,341,36,56
889,343,36,56
889,343,35,56
888,342,36,56
890,343,35,56
889,341,36,57
888,342,36,57
889,341,36,56
889,339,37,58
888,339,37,59
888,340,37,59
889,338,37,58
888,337,37,58
889,339,36,57
887,338,37,57
888,337,37,58
889,340,37,58
889,341,37,58
889,342,37,58
890,342,37,58
889,344,37,57
889,344,36,57
890,341,37,58
889,341,37,58
890,340,37,58
889,341,37,58
889,340,37,58
889,340,37,58
889,338,38,59
889,340,38,60
889,341,38,59
889,341,38,59
890,342,38,59
889,342,39,61
889,342,38,60
890,342,39,61
889,341,39,61
890,341,38,60
890,340,37,58
891,342,37,58
890,343,37,58
891,340,37,59
891,344,37,58
891,343,37,58
891,341,37,58
891,343,36,57
891,343,36,57
891,342,36,57
892,344,36,57
891,344,37,58
892,343,37,58
892,343,37,59
891,341,38,59
891,343,38,59
891,344,38,60
891,345,38,59
892,344,38,60
891,343,39,60
892,343,38,60
891,343,39,61
891,343,38,60
890,343,38,60
892,341,38,60
892,344,38,60
890,342,39,61
891,344,38,60
892,343,38,59
892,342,38,59
892,342,38,59
892,343,37,58
893,343,37,58
893,342,38,59
892,343,38,59
893,343,38,59
892,342,37,59
893,342,38,59
893,343,37,59
892,343,38,60
892,342,39,61
892,342,39,61
892,343,39,61
892,343,39,61
892,341,39,61
892,343,39,61
893,343,39,61
892,341,39,61
892,342,39,61
892,343,38,60
892,342,38,60
893,343,38,60
893,342,38,60
894,343,39,61
892,343,38,60
894,343,39,60
893,343,39,61
893,342,38,60
894,344,38,60
894,342,38,60
893,340,38,60
894,341,38,60
894,342,38,59
894,343,37,58
895,344,37,58
895,345,37,58
895,343,37,59
895,344,37,59
895,343,37,59
895,344,37,58
895,344,37,58
895,342,37,59
895,342,38,59
895,342,38,60
895,341,39,60
894,340,38,60
894,339,38,60
894,338,39,61
894,337,39,61
894,337,38,60
894,336,39,61
894,336,39,62
893,338,39,62
894,340,39,61
894,339,39,61
894,341,39,61
894,341,38,60
894,340,39,60
894,341,39,61
894,339,38,60
894,341,37,59
895,342,37,59
895,344,37,58
893,344,37,59
894,343,37,59
894,344,38,59
893,343,38,59
895,343,38,59
895,343,37,58
894,342,37,59
894,343,37,58
894,341,38,59
894,341,38,60
893,341,37,59
893,341,38,59
893,342,37,59
893,343,38,59
893,342,38,60
894,342,38,59
893,342,38,60
894,342,38,60
893,341,38,60
893,343,37,59
892,341,37,58
893,342,38,59
893,341,37,59
893,343,37,59
892,343,38,60
893,342,38,59
893,342,38,59
892,343,39,61
892,341,39,61
893,341,39,62
892,341,39,62
893,339,39,62
891,337,39,62
892,338,40,63
891,340,40,62
891,341,39,61
892,342,39,62
892,341,40,62
892,340,40,63
892,342,40,62
893,341,39,62
892,342,39,62
892,344,39,61
891,342,39,62
891,342,39,62
891,343,39,62
890,343,39,61
892,342,39,61
892,342,39,61
891,342,39,62
891,343,39,62
891,342,40,63
890,342,40,63
891,339,40,63
890,340,40,63
891,338,40,63
891,338,40,63
890,340,40,62
891,340,39,62
891,341,40,62
890,339,40,62
890,340,40,62
890,341,39,62
890,341,40,62
890,342,39,62
891,340,40,63
890,339,40,63
890,339,40,62
889,340,40,62
889,344,40,63
890,346,40,63
890,346,39,62
890,346,40,62
890,346,39,61
890,345,39,62
888,347,39,61
889,347,39,61
889,346,39,61
890,346,39,61
889,347,39,61
889,347,39,60
889,348,38,60
889,348,38,60
890,349,37,58
890,349,37,58
890,350,38,59
889,350,38,60
888,351,38,60
888,351,38,60
889,350,39,61
889,350,39,61
889,351,39,62
889,351,39,61
889,350,38,60
889,350,38,60
889,350,38,60
888,352,39,61
889,352,38,60
889,351,39,61
888,349,39,61
888,350,39,62
888,348,40,62
888,348,40,62
888,349,39,61
888,348,39,61
888,348,39,62
888,352,39,61
889,350,39,61
887,350,39,62
888,352,39,61
887,349,39,61
888,351,39,61
888,350,39,61
889,351,39,61
888,352,40,62
889,350,40,63
888,349,39,62
887,349,40,62
887,348,39,61
887,348,40,62
888,347,40,62
885,348,40,63
885,349,40,63
887,348,40,62
887,352,40,63
886,355,40,62
887,359,39,62
886,357,39,61
886,356,40,62
885,354,39,61
886,354,38,60
887,353,38,60
886,354,39,61
887,353,39,61
887,356,39,61
887,356,38,60
888,357,39,61
887,358,38,60
888,359,38,59
888,360,37,59
888,360,37,59
888,361,38,59
887,362,38,60
887,360,38,60
887,360,38,60
885,358,39,62
885,357,40,62
886,358,40,62
885,356,40,62
885,354,40,63
886,356,39,62
886,355,39,62
886,358,39,62
885,355,39,62
886,356,39,61
886,358,39,61
886,358,39,61
886,358,40,62
886,362,39,61
886,364,39,61
887,365,38,60
885,366,38,60
886,365,39,61
885,363,39,61
885,364,39,61
885,363,40,62
885,365,39,62
885,365,40,62
885,363,40,62
886,362,39,61
885,362,39,61
884,359,39,62
884,357,40,63
884,356,40,63
883,355,41,64
883,353,41,64
883,353,40,63
883,353,40,63
884,353,40,62
883,354,40,63
883,355,40,63
883,356,39,62
882,357,40,63
882,356,40,63
882,359,39,62
883,361,40,62
882,361,40,62
882,362,40,63
881,362,40,63
882,360,40,63
881,361,40,63
881,361,40,64
881,360,41,64
881,361,41,64
880,359,40,63
881,359,40,63
881,360,39,61
880,357,39,62
882,356,39,61
881,353,39,61
883,351,39,61
882,347,40,63
882,345,40,62
882,342,40,62
882,342,39,62
883,342,39,61
883,339,39,61
883,338,40,62
883,334,40,63
882,331,40,63
883,326,39,62
882,323,40,62
882,318,40,62
882,314,39,61
880,312,40,62
879,310,39,61
879,309,39,61
877,308,39,61
877,307,39,61
877,309,39,61
877,307,39,61
876,302,39,61
877,296,39,61
876,290,39,61
874,286,39,61
874,281,39,61
875,279,39,61
875,275,39,62
876,273,39,61
875,270,39,61
876,267,37,59
875,264,38,59
875,261,38,59
875,258,38,60
874,253,39,61
875,249,38,60
875,247,38,60
876,245,38,60
875,242,38,60
876,241,38,59
875,240,38,59
876,239,38,60
875,239,38,59
876,239,38,59
876,238,38,59
875,238,38,60
876,238,37,58
876,239,37,58
877,238,37,58
877,239,36,57
