252,326,37,31
252,326,36,30
252,326,36,30
252,327,36,30
252,326,35,30
252,326,35,31
251,326,35,31
252,326,36,31
251,326,37,30
251,326,36,30
251,327,36,29
251,327,36,29
250,327,37,29
250,326,36,30
250,327,36,29
250,326,37,30
250,327,37,30
250,327,37,30
252,327,36,30
251,327,36,30
252,328,35,30
251,327,35,30
252,328,36,30
252,328,36,30
252,327,35,30
252,328,36,30
252,327,35,30
252,327,35,30
252,328,34,30
252,327,34,31
251,327,36,31
251,327,34,31
251,327,33,31
252,327,33,31
251,327,34,31
252,327,34,31
251,327,34,31
252,327,33,31
251,327,34,32
251,326,34,32
252,326,34,32
251,326,34,32
251,327,35,31
250,327,34,32
251,327,34,32
251,327,34,32
250,327,34,32
250,327,35,32
251,327,34,32
251,327,35,32
251,327,35,31
251,327,35,31
251,327,35,32
251,327,35,32
250,328,36,31
251,328,35,30
250,328,36,31
250,328,36,31
251,328,35,30
252,328,34,30
251,328,35,31
252,328,34,30
251,328,35,30
252,328,35,31
252,327,35,32
252,327,35,32
252,328,34,31
251,328,35,31
251,328,35,32
251,328,35,31
252,328,34,32
251,328,35,32
252,328,34,31
252,327,34,32
252,328,34,31
251,328,35,31
251,328,35,32
250,328,35,31
250,328,35,31
250,328,35,31
251,328,35,31
250,328,35,31
250,328,35,31
250,329,34,30
250,328,35,30
250,329,34,30
249,328,34,31
249,328,34,31
249,329,34,31
248,328,34,30
249,329,34,31
249,329,33,31
248,329,34,30
248,329,33,31
248,329,32,30
247,329,33,31
249,329,32,31
247,329,33,31
248,329,34,30
249,329,33,30
249,329,33,31
249,329,34,30
248,329,33,30
248,329,34,30
247,329,34,30
247,330,34,30
248,329,35,29
247,329,34,29
247,329,33,29
247,330,33,29
247,329,34,29
247,329,32,30
247,330,33,29
247,329,33,30
246,329,33,30
247,329,33,30
246,330,33,29
246,330,32,29
245,330,33,30
246,329,32,30
246,329,32,30
245,329,32,30
245,329,33,30
245,330,33,30
246,329,32,31
246,329,32,31
244,329,32,30
244,328,31,31
244,329,32,30
244,328,31,31
245,328,30,31
244,329,32,30
243,329,31,30
244,329,31,30
244,329,31,30
243,329,31,31
243,329,31,30
243,329,30,31
243,329,30,29
242,329,30,30
242,330,30,29
242,330,31,29
242,330,31,29
242,330,31,29
243,329,30,30
242,329,30,30
241,329,31,30
242,330,31,29
242,330,32,29
241,329,32,29
243,330,32,28
242,330,32,29
242,329,31,31
242,329,32,30
242,330,33,29
242,329,32,30
243,329,32,31
243,329,31,31
241,330,31,30
242,329,31,30
243,329,32,29
242,329,32,30
241,328,30,32
242,329,31,30
241,329,32,31
241,329,32,31
242,329,32,31
241,328,31,32
241,328,31,32
242,328,32,32
241,328,32,32
241,328,32,33
241,328,31,33
241,328,32,33
241,327,31,34
242,328,32,33
242,327,31,33
241,328,31,33
240,328,30,32
240,328,30,33
240,328,31,33
241,328,31,33
241,328,31,33
240,328,32,33
241,328,32,32
240,328,31,33
241,329,32,32
241,329,32,32
242,329,33,30
241,329,33,30
241,329,32,30
241,329,31,31
241,329,32,31
240,329,31,30
241,329,32,31
241,328,31,32
240,329,31,32
240,329,31,31
240,329,31,31
240,329,31,31
240,329,31,31
240,329,31,31
240,329,31,31
241,329,31,31
240,329,31,32
241,329,30,31
241,329,31,31
241,329,30,31
240,329,31,31
240,329,31,31
239,329,31,30
239,329,31,30
239,329,32,30
238,329,31,31
238,329,31,30
238,329,31,31
238,329,32,30
237,329,32,31
237,329,32,30
237,330,31,31
237,329,32,31
237,329,32,31
238,329,32,30
238,330,31,30
238,330,31,29
239,329,32,30
239,330,32,30
238,330,31,30
238,329,31,30
239,330,31,30
238,329,31,31
239,329,31,31
239,330,32,30
239,330,31,30
239,330,31,30
239,330,32,29
239,331,32,29
239,331,31,28
239,330,31,28
239,330,32,29
240,331,32,28
240,330,31,28
239,331,31,28
239,330,32,28
240,330,31,30
240,329,31,30
239,330,32,31
239,329,32,31
239,330,32,30
239,329,32,30
239,329,31,31
239,329,31,31
239,329,31,31
240,329,31,31
240,329,30,31
239,329,31,31
239,329,31,31
240,330,31,30
241,330,30,30
240,330,31,30
240,330,30,30
241,330,31,30
240,330,31,30
240,330,31,30
240,330,31,30
240,330,31,30
240,329,32,30
240,330,32,29
240,329,33,28
240,329,33,30
239,329,32,30
239,329,33,31
239,329,33,31
240,329,32,31
240,329,32,31
239,329,32,31
239,329,32,31
240,329,32,31
240,329,33,32
240,329,32,31
240,329,32,31
240,329,31,31
240,330,32,31
240,330,32,31
239,330,32,31
240,329,32,31
240,329,31,31
239,330,32,31
240,330,32,31
240,330,32,30
240,330,33,30
240,330,33,31
240,330,33,31
239,330,32,31
240,329,32,32
239,329,32,32
239,329,32,32
239,329,33,32
239,329,32,32
239,329,33,32
238,329,33,32
238,329,33,32
238,329,33,32
237,329,33,32
238,329,33,32
238,329,32,31
239,329,32,31
238,329,33,31
239,329,33,31
239,329,32,31
238,329,32,31
238,330,32,30
237,330,32,30
238,330,32,30
238,330,33,30
237,330,33,30
237,329,33,30
238,329,33,30
238,329,32,31
237,329,33,31
238,329,32,31
239,329,32,31
239,329,31,30
238,330,31,29
238,329,31,30
238,330,31,30
236,329,31,29
237,330,32,29
236,329,33,29
237,330,33,29
235,330,34,28
236,329,35,29
236,329,34,29
236,329,34,29
237,329,34,29
236,330,34,29
235,330,34,29
237,330,34,29
235,330,35,29
235,329,35,29
238,329,36,29
236,329,36,30
238,328,37,30
237,328,38,30
236,328,37,30
236,328,38,30
237,329,37,29
237,329,38,29
236,329,37,29
237,329,37,29
237,328,37,30
238,329,36,30
238,329,36,30
239,328,36,30
237,329,37,29
238,329,36,29
237,329,36,29
238,330,36,29
238,329,36,30
239,329,36,30
238,329,36,30
238,329,36,30
238,329,36,30
238,329,35,29
239,329,34,30
238,330,35,29
238,329,35,30
238,330,35,30
239,329,35,31
239,329,35,31
239,329,35,31
239,329,36,30
239,329,36,30
239,330,35,29
239,329,36,30
239,330,36,29
238,329,36,29
239,329,35,30
239,328,36,30
239,329,35,29
240,328,36,30
240,329,36,29
239,329,35,29
241,328,36,30
240,329,36,29
240,330,35,28
240,330,34,29
239,329,34,29
240,330,34,29
240,329,34,29
241,330,34,28
242,329,34,29
242,330,33,28
240,329,34,29
240,330,34,29
241,330,33,28
241,330,34,28
242,329,34,28
241,329,34,28
241,329,35,29
242,330,34,28
243,328,35,29
243,328,35,29
241,328,35,29
240,328,36,30
239,328,36,30
240,329,35,29
240,329,35,29
240,329,36,29
240,329,35,29
241,329,36,29
241,328,35,29
240,328,35,29
241,328,36,29
241,328,35,30
240,328,35,29
237,329,36,29
238,328,36,30
238,328,36,30
238,328,36,29
237,328,36,29
240,328,36,30
237,328,36,30
238,328,36,30
238,328,37,30
238,328,36,29
236,327,36,30
237,328,35,29
238,328,35,30
238,328,36,30
238,326,33,31
238,326,32,31
238,326,32,32
239,327,33,30
239,327,33,31
238,326,31,31
238,326,30,31
240,328,31,29
238,326,32,31
238,326,31,31
239,328,33,30
238,326,31,31
237,324,31,32
238,325,31,32
238,326,32,31
240,326,32,31
238,326,32,31
239,327,32,31
237,325,32,32
239,326,31,31
238,326,31,31
237,324,31,32
237,325,31,31
238,325,31,32
238,325,30,31
238,325,31,31
238,325,32,31
237,325,30,30
237,325,31,30
237,325,31,30
237,324,31,31
237,325,31,30
237,326,31,30
238,325,31,31
237,325,31,31
237,324,31,31
236,324,31,30
237,324,32,32
236,323,32,31
237,323,33,32
237,324,32,31
236,323,33,32
237,323,32,33
236,324,32,31
236,323,32,31
236,323,32,33
236,324,32,32
236,324,31,32
236,324,32,31
237,324,32,32
236,324,32,32
236,323,33,33
236,323,33,33
236,323,33,33
237,323,33,33
236,323,34,33
236,323,34,33
236,322,34,34
236,323,34,33
236,323,33,33
237,323,34,34
236,323,33,33
236,322,34,33
236,323,34,34
236,323,33,33
235,323,34,33
235,323,34,33
236,323,33,34
236,323,33,34
236,323,33,34
236,323,33,33
236,322,33,34
236,323,34,34
235,323,33,34
236,323,34,34
235,323,33,34
236,323,33,34
236,324,33,34
235,323,33,34
235,324,33,34
235,324,33,34
235,324,34,33
235,324,34,34
235,324,33,34
234,324,34,33
234,324,34,33
234,324,34,33
234,324,34,33
234,323,33,34
234,324,33,33
234,324,33,33
234,325,33,32
234,324,33,32
234,324,33,32
234,325,33,32
234,324,33,32
234,325,32,31
234,325,32,31
234,325,32,31
235,326,32,31
234,325,33,31
234,325,32,32
235,326,33,31
234,327,33,31
234,326,33,31
234,327,32,31
234,326,34,31
234,327,33,30
234,325,32,32
234,327,31,31
233,326,31,31
232,326,31,30
233,326,31,30
233,326,31,30
234,326,29,30
234,327,29,30
233,327,29,29
233,326,29,29
232,326,29,30
233,326,29,30
232,326,30,30
233,326,31,30
232,326,31,30
233,327,30,30
232,327,30,30
230,325,30,31
231,326,30,31
232,326,30,30
232,326,30,31
231,326,30,31
232,326,31,30
231,326,30,30
232,326,31,31
231,327,32,30
231,327,31,31
231,326,31,31
231,327,32,30
231,327,32,30
231,328,32,30
230,327,33,30
231,328,32,30
230,326,33,31
229,326,33,31
230,326,32,31
230,327,32,30
230,327,33,30
230,327,34,31
230,327,33,30
230,327,33,30
229,326,33,31
229,326,34,31
228,326,33,30
229,326,33,31
229,326,33,31
229,327,33,30
229,326,33,31
228,327,33,30
228,325,33,31
228,325,33,32
227,326,33,31
228,326,33,31
228,326,32,30
227,326,33,30
226,324,33,31
227,326,33,31
227,326,33,30
228,327,33,30
227,326,32,31
226,326,32,31
227,325,32,31
227,326,32,31
226,326,32,31
225,326,32,30
228,326,33,32
227,326,33,31
226,326,33,31
226,325,33,32
225,325,34,31
226,326,33,31
226,325,33,32
227,326,33,32
226,327,34,31
226,328,34,30
225,328,35,30
226,328,35,30
225,327,35,31
225,326,35,31
225,328,35,31
225,328,35,31
224,327,35,31
223,328,36,31
223,327,36,32
224,326,36,31
224,328,36,31
224,328,37,31
224,326,37,32
223,327,37,32
223,328,36,31
223,330,36,30
223,327,35,31
224,327,35,31
223,327,37,33
223,328,37,32
223,328,37,33
222,328,38,32
223,328,38,32
222,329,38,32
222,327,38,32
221,329,38,32
220,328,38,32
222,329,37,32
223,329,38,31
221,329,38,32
222,325,35,33
216,327,36,33
220,329,37,33
221,329,36,33
220,329,36,32
221,329,35,32
222,329,36,32
221,329,35,32
220,329,35,32
220,330,35,31
220,330,34,31
220,330,35,31
220,330,35,31
219,330,35,31
220,329,35,31
221,330,35,31
220,329,36,32
219,329,36,32
218,329,36,31
220,330,35,31
220,330,35,31
218,330,36,31
219,330,35,31
219,329,34,31
218,329,35,31
218,330,35,31
218,330,36,31
220,330,35,30
218,329,36,31
217,329,36,31
217,330,37,31
216,330,37,31
216,329,37,32
218,329,36,31
216,330,37,30
217,330,37,32
217,329,37,32
216,328,37,32
217,328,37,32
217,328,37,33
216,328,37,33
217,328,37,32
218,328,37,33
215,328,38,33
218,329,37,32
217,328,37,32
215,328,38,33
216,328,38,32
217,328,38,33
216,328,38,33
216,329,38,33
216,329,38,32
215,329,38,32
215,329,38,32
214,329,39,32
215,329,39,32
214,329,39,32
214,328,39,33
215,329,39,33
215,329,40,32
214,329,39,32
215,329,39,32
215,329,39,32
214,329,39,32
214,330,39,32
214,331,38,31
214,330,38,31
213,331,38,31
214,331,38,30
213,330,39,31
215,330,39,31
212,330,39,30
213,330,38,30
213,330,38,30
213,330,38,31
212,330,39,30
213,331,38,30
212,330,39,30
213,331,39,30
212,330,39,30
212,331,38,30
212,331,38,29
212,332,38,29
212,331,37,29
212,331,38,30
213,331,37,29
213,331,38,30
212,331,38,29
212,331,37,29
212,330,39,31
211,330,39,30
211,330,39,30
211,331,38,29
210,331,38,29
211,330,39,30
210,330,38,30
210,330,39,31
210,330,38,30
209,330,39,30
210,330,40,30
209,330,39,31
208,329,40,30
209,330,39,30
209,330,40,31
209,329,39,31
208,328,39,31
210,331,39,31
210,330,39,30
208,330,39,30
207,330,40,30
208,330,39,30
208,330,39,30
206,330,40,30
207,331,39,29
208,330,39,30
209,330,39,31
207,330,39,30
207,330,39,30
207,330,39,31
206,330,39,30
207,330,39,30
206,330,39,30
208,330,40,31
207,330,39,31
206,329,39,31
206,329,40,32
207,329,40,31
205,329,38,30
205,329,39,31
206,329,39,32
205,329,39,31
206,329,41,32
204,329,40,31
204,329,41,31
204,329,41,31
204,328,40,31
206,330,40,31
205,329,40,31
205,329,40,32
206,330,39,31
206,330,39,31
206,329,39,31
207,329,40,31
207,330,40,31
209,330,39,31
209,329,39,31
212,330,39,32
211,330,39,31
212,329,38,31
214,330,37,31
214,328,38,32
215,328,37,32
214,328,38,32
217,328,37,32
218,328,37,32
219,328,36,32
220,328,35,32
220,328,36,32
222,328,35,32
222,328,36,32
224,328,35,32
225,328,34,31
226,328,34,32
227,328,34,32
228,328,34,32
229,328,33,31
230,329,34,31
231,328,35,31
231,329,35,31
232,329,35,32
233,330,35,31
233,329,35,31
236,330,34,29
235,329,34,30
237,330,35,30
237,330,35,30
235,330,34,30
234,330,34,29
233,330,34,29
232,330,34,30
231,330,33,30
230,329,33,30
229,330,34,30
229,329,33,30
229,329,33,30
230,329,33,30
229,328,34,31
229,328,34,30
229,328,33,31
230,328,35,31
230,329,34,31
229,328,35,31
230,328,35,31
230,329,34,29
228,327,34,30
229,327,35,30
228,327,34,30
231,328,34,30
230,328,34,29
229,328,34,30
230,328,34,30
229,327,33,30
229,326,33,30
230,328,33,29
229,327,33,29
229,326,34,30
229,326,34,30
230,327,33,28
228,326,34,30
228,326,33,29
229,326,33,30
227,325,33,29
228,326,33,30
231,326,34,29
231,326,35,29
231,325,34,30
231,326,34,29
233,326,33,29
232,325,34,30
232,325,34,30
232,326,34,30
233,325,33,30
232,326,34,30
233,326,34,30
232,326,34,30
232,326,33,30
232,325,34,31
232,326,33,30
231,325,33,30
230,325,33,30
231,325,33,30
230,325,34,30
230,325,34,31
230,325,34,30
230,326,34,30
230,325,35,31
228,325,34,31
229,324,34,31
230,326,34,30
230,325,35,31
229,325,34,31
231,326,35,30
229,325,35,30
230,326,34,30
228,324,35,31
229,325,36,31
227,323,37,32
227,324,37,32
228,324,37,31
227,324,36,32
229,325,37,31
229,325,36,31
228,324,35,32
228,325,36,31
229,325,37,32
227,324,37,32
229,324,37,32
228,323,38,32
229,324,37,32
229,324,36,32
230,326,37,31
229,324,37,31
230,325,37,31
230,326,37,31
229,326,37,31
229,325,37,31
228,325,37,31
230,326,36,30
228,325,36,32
228,324,36,32
227,324,36,32
228,325,35,31
230,325,36,30
229,324,35,31
229,324,36,31
229,325,36,30
229,324,37,31
228,325,37,31
228,325,37,30
230,325,37,31
228,326,37,30
229,325,37,31
227,324,38,32
226,324,37,32
227,324,37,32
230,323,37,33
228,323,38,33
228,323,38,33
230,323,37,34
239,323,38,33
243,321,39,34
252,320,38,35
258,320,38,34
262,321,38,33
266,320,37,33
269,321,36,32
271,321,37,33
273,321,37,33
273,321,37,32
274,321,37,32
274,320,37,33
275,320,36,32
274,322,37,31
274,322,37,31
273,319,36,34
276,321,36,32
278,321,37,32
281,321,37,32
283,321,37,33
285,321,37,33
284,321,38,33
284,321,37,32
285,321,36,32
286,320,37,34
288,320,37,34
290,319,38,35
293,320,36,34
295,319,37,35
297,322,37,32
298,322,39,34
299,322,39,34
300,323,39,33
301,323,39,34
302,322,38,36
307,323,38,34
314,322,39,35
318,324,39,34
320,323,40,35
326,322,38,35
331,323,39,33
332,321,39,35
338,321,39,34
344,319,40,35
349,319,41,35
352,319,39,34
356,320,39,34
359,325,38,35
359,326,40,34
363,327,38,36
363,328,40,35
362,326,39,37
363,326,42,39
362,321,40,39
363,320,40,39
363,320,41,39
361,320,42,38
360,320,41,38
358,321,41,37
356,322,41,36
354,323,42,36
355,321,41,36
356,322,41,36
356,321,42,37
357,322,40,36
358,322,40,36
358,322,41,36
358,322,39,36
358,323,40,35
358,322,41,35
357,322,40,35
358,322,40,35
359,322,40,35
359,323,40,35
358,322,41,35
359,323,39,34
358,322,39,35
359,322,40,35
359,323,38,34
359,324,39,33
359,324,39,33
359,324,39,33
358,324,40,33
358,324,39,34
357,324,39,34
357,324,39,34
358,325,38,33
356,324,39,32
357,323,39,33
354,318,41,37
355,316,41,38
353,322,45,38
353,321,45,38
350,320,45,38
351,320,45,37
350,318,45,38
350,312,45,39
347,308,45,40
342,311,43,39
343,310,45,39
344,308,44,40
345,307,45,40
364,308,43,41
377,305,42,40
365,306,44,41
376,308,44,41
388,305,41,40
401,307,41,39
403,307,43,39
406,306,41,39
407,307,41,38
406,306,41,39
406,306,42,38
410,307,41,38
413,306,42,40
417,306,42,40
424,305,41,39
427,304,42,40
433,305,41,40
438,306,42,39
440,306,43,39
444,307,43,38
446,307,43,38
449,309,41,36
448,308,42,36
450,308,41,36
453,308,41,37
456,309,43,37
459,308,42,37
459,309,42,37
459,308,42,37
459,307,41,37
459,308,42,37
458,308,42,37
458,308,42,37
458,308,42,37
457,306,43,37
456,307,43,37
456,307,44,39
456,306,45,39
456,306,44,39
456,304,45,40
456,305,44,40
456,307,44,39
454,305,44,40
454,305,43,40
454,306,43,39
454,305,42,39
454,305,43,39
453,306,43,39
454,307,42,38
454,306,41,38
454,307,42,38
453,307,42,38
454,307,42,37
454,308,41,37
453,307,42,38
454,308,41,37
453,307,41,37
453,307,41,37
452,307,42,37
453,307,41,37
452,306,41,37
453,308,41,36
453,308,41,36
452,307,40,37
452,307,41,38
451,307,40,37
450,308,41,37
451,308,41,37
450,307,42,38
449,307,42,37
449,307,43,37
448,307,42,37
448,307,43,37
447,307,44,38
447,306,43,39
447,306,44,39
447,307,43,37
446,308,45,36
445,308,46,36
446,308,46,36
446,307,45,36
446,307,45,35
446,308,45,35
447,308,45,36
444,305,51,43
448,307,42,37
449,306,42,37
449,306,45,37
448,307,41,36
448,308,41,36
449,306,41,36
449,308,41,35
447,308,43,35
449,308,42,36
451,309,41,35
450,309,41,35
450,309,43,36
451,308,41,35
450,308,41,35
450,309,43,34
449,309,44,35
450,309,42,35
449,308,44,36
450,308,44,36
451,308,40,36
450,309,40,36
450,309,40,35
450,309,40,35
449,308,43,37
449,309,43,35
450,309,43,35
450,309,44,35
450,309,43,35
451,310,41,34
449,309,45,36
450,310,43,35
450,308,43,36
449,310,43,35
448,308,43,36
449,308,44,37
449,309,43,35
448,307,44,36
448,308,43,37
447,309,43,36
447,308,44,37
446,307,44,37
446,307,44,37
446,307,44,37
446,308,44,37
445,308,44,36
444,306,45,37
445,309,45,35
444,307,45,37
444,307,44,36
444,308,45,38
444,308,45,37
445,306,44,37
444,308,46,37
444,308,45,37
444,309,45,36
444,308,46,37
444,308,45,37
444,308,45,37
444,308,45,37
444,308,45,37
445,309,44,36
444,307,45,37
445,308,44,37
445,308,44,36
444,307,44,37
445,307,44,36
445,307,44,36
445,307,43,36
444,308,44,36
444,308,45,36
444,307,45,37
444,309,46,37
443,308,47,38
443,306,47,38
443,308,47,37
444,307,47,38
443,306,48,39
443,306,47,39
441,304,48,40
443,307,47,38
444,307,47,39
443,306,47,38
445,307,46,38
445,308,45,37
445,308,46,37
446,306,47,39
446,306,46,39
445,305,46,41
446,306,46,39
447,308,47,38
447,308,47,38
447,307,46,39
447,306,48,40
448,306,47,38
447,305,50,39
447,305,48,39
448,305,48,39
449,305,48,39
447,305,47,39
449,306,46,38
450,307,47,38
449,307,47,38
449,306,46,38
450,307,45,37
450,306,46,38
450,307,46,37
452,308,44,36
452,307,44,37
452,309,44,36
453,307,43,36
453,308,43,36
454,309,43,35
454,309,43,35
455,308,43,36
456,309,42,35
456,308,42,36
457,309,41,34
457,309,41,34
458,309,40,35
457,309,40,34
458,310,40,34
457,309,41,35
458,310,40,35
459,309,40,34
457,309,41,34
458,309,41,34
457,310,41,35
457,309,41,35
457,310,42,35
457,308,41,35
458,308,41,35
458,309,42,35
458,309,41,35
459,309,41,35
459,310,41,34
461,310,40,34
461,310,40,34
461,310,40,33
462,310,40,33
461,309,41,34
462,308,40,34
463,310,41,34
463,309,41,34
464,309,40,34
463,309,43,36
464,309,42,35
463,307,44,37
464,307,44,37
464,307,43,36
466,307,42,36
466,308,42,37
465,306,45,39
465,306,45,39
464,306,48,40
464,306,50,42
465,306,45,38
466,308,45,37
467,307,43,36
467,307,44,37
467,307,44,38
468,307,43,37
469,308,41,35
468,307,45,38
470,309,40,35
470,308,40,35
469,309,40,34
470,310,40,34
468,307,45,38
470,308,41,35
469,307,42,35
470,308,41,35
469,308,41,36
