122,202,43,135
124,203,43,135
127,207,43,137
128,220,43,136
136,255,42,134
143,268,43,136
152,287,44,138
164,307,44,137
176,310,44,136
176,310,44,136
202,271,43,137
207,263,43,136
212,265,41,137
211,264,41,138
207,269,40,138
207,274,41,135
210,273,43,135
214,266,42,137
217,258,41,141
219,255,42,136
221,249,42,138
226,245,40,137
231,237,40,137
236,230,41,134
244,217,43,134
253,209,42,134
265,204,43,135
265,204,43,135
289,196,48,126
326,197,49,121
343,194,49,122
359,193,50,122
374,188,49,123
389,178,47,131
408,178,48,131
418,173,45,137
429,169,45,141
438,164,45,138
445,163,46,133
456,165,44,129
457,162,41,129
458,161,40,131
455,161,38,131
450,171,38,129
446,178,36,129
446,182,34,132
446,187,34,134
447,195,35,134
449,204,38,131
453,214,40,124
458,221,40,118
463,217,38,120
466,212,36,120
468,213,36,120
471,214,40,118
476,216,40,126
481,222,40,126
490,226,41,119
497,222,39,120
502,217,37,124
507,199,34,133
508,195,35,128
504,195,38,122
500,200,38,122
489,208,37,122
486,212,37,121
482,212,38,120
480,207,38,121
474,201,39,123
470,197,39,123
466,194,39,124
467,195,38,120
462,194,40,123
461,197,39,122
453,197,38,122
445,196,39,122
438,196,39,123
431,199,39,119
426,201,38,116
425,204,38,112
427,198,38,118
433,198,38,113
437,199,37,113
440,197,35,112
434,198,37,113
422,197,36,116
408,197,37,119
394,198,38,119
382,200,38,121
365,203,38,122
354,207,38,120
343,209,38,119
331,209,38,119
320,207,38,120
306,210,38,117
298,208,37,118
287,208,37,119
275,212,37,117
268,211,37,118
261,208,37,118
254,207,37,117
247,207,38,117
242,209,36,112
239,210,36,112
234,209,36,114
234,212,36,113
232,214,34,113
233,214,32,116
232,214,33,116
235,217,32,116
234,218,32,116
234,221,32,114
235,223,31,112
235,224,32,112
236,225,34,108
237,223,35,109
237,220,36,111
241,222,35,112
242,218,36,114
243,218,36,115
247,218,37,118
248,218,39,115
248,218,38,115
250,218,37,112
250,218,37,113
248,222,37,113
247,223,37,114
245,218,37,116
242,220,36,115
237,223,37,114
234,224,37,110
231,226,37,108
230,222,36,111
230,221,35,111
229,223,35,110
229,225,34,111
230,224,34,112
233,219,34,116
235,221,35,113
240,217,36,113
246,220,35,112
248,223,35,112
257,223,36,111
263,225,36,110
268,225,35,111
272,223,35,111
276,225,35,112
277,216,36,113
279,217,36,113
280,217,36,113
280,218,36,114
279,215,35,112
276,220,36,111
274,221,36,109
274,223,37,106
270,221,36,109
267,222,35,109
265,219,36,108
265,218,34,109
263,215,35,112
262,218,35,110
264,216,35,110
268,213,36,113
271,214,36,113
274,210,36,115
281,214,37,116
289,212,37,116
290,214,37,119
297,214,38,118
300,214,39,118
306,213,37,117
309,212,36,117
310,210,36,119
311,211,35,118
312,212,33,116
309,208,36,120
307,213,37,116
303,211,38,118
301,210,38,118
298,208,38,121
294,209,37,121
292,210,38,119
290,211,37,118
288,213,38,116
287,213,36,116
285,210,37,115
286,208,36,117
287,206,35,116
287,206,34,116
284,207,36,116
278,208,37,115
276,209,37,116
273,209,35,114
269,209,35,114
267,208,34,114
263,206,34,117
259,207,35,113
253,205,37,116
249,207,38,117
243,207,37,117
237,208,37,116
232,205,38,118
227,205,38,121
223,207,38,122
219,206,38,121
216,206,38,120
214,208,38,118
210,209,37,118
209,209,37,118
209,209,37,119
207,209,37,117
208,208,37,119
208,207,37,118
210,208,36,117
211,207,36,118
210,206,35,120
211,206,34,120
209,202,35,124
208,202,36,126
208,202,34,125
207,202,34,124
207,203,34,124
207,203,33,124
207,204,33,124
206,204,35,124
205,204,35,123
206,207,34,120
205,206,36,121
204,206,37,122
204,208,39,123
208,209,38,122
213,209,39,123
215,208,38,121
220,208,38,120
226,211,38,119
228,208,38,120
238,202,39,122
242,206,39,123
246,210,39,122
253,206,39,124
260,205,40,125
267,205,40,125
274,203,40,126
279,205,39,124
288,203,39,124
296,201,39,124
302,196,39,124
305,204,40,125
307,201,40,126
308,202,40,127
313,203,40,126
319,202,40,126
321,202,40,127
320,203,40,126
322,204,40,125
321,201,40,127
324,201,40,127
324,197,41,130
321,200,41,129
321,198,41,128
318,200,40,127
316,199,41,129
315,200,41,128
313,197,41,130
311,199,41,130
309,199,41,131
309,197,42,133
309,196,40,135
309,193,39,141
309,193,37,140
308,193,37,139
306,194,38,137
305,196,38,137
304,196,38,137
302,194,39,138
300,195,40,140
297,196,41,135
294,196,42,134
293,200,43,131
294,199,41,133
293,202,42,131
294,198,39,136
295,199,38,134
297,202,37,134
297,202,39,135
295,206,40,132
296,203,40,132
293,200,41,134
289,202,43,135
288,202,42,133
286,198,43,135
283,198,43,137
279,200,43,136
275,200,43,136
272,202,43,135
267,210,43,128
260,212,41,129
255,213,39,128
247,215,38,125
243,219,38,124
239,218,37,125
231,217,39,124
224,218,40,122
218,211,40,127
215,214,39,125
213,212,40,126
211,210,40,126
208,214,40,127
205,215,40,125
200,217,40,126
202,217,40,126
200,218,40,125
198,218,39,124
200,217,39,124
198,218,39,124
199,218,39,122
199,218,39,123
200,217,39,123
201,215,39,124
203,217,40,126
206,214,40,127
211,218,41,128
215,214,41,130
221,212,41,129
222,213,41,131
226,215,41,129
232,213,41,130
233,210,41,130
235,211,41,130
236,211,40,129
237,209,39,132
237,211,40,130
239,208,38,135
239,208,39,136
238,210,40,132
239,210,38,133
235,208,40,135
234,208,40,132
232,210,40,131
229,212,41,127
226,214,41,125
223,212,40,128
221,210,41,130
218,210,42,133
215,209,42,133
218,212,41,131
219,209,41,131
221,208,42,132
223,211,41,130
228,207,41,129
233,204,41,130
236,206,41,131
236,208,41,129
238,208,43,131
242,207,42,131
242,210,42,128
245,212,41,131
247,214,41,130
249,215,40,129
253,215,40,128
257,217,39,129
259,216,40,128
262,217,39,127
264,216,39,125
267,218,39,126
270,219,38,125
271,216,38,127
272,216,36,128
272,215,35,129
271,215,36,126
270,209,35,130
265,211,37,125
261,211,38,122
256,209,39,123
250,212,39,124
246,213,40,125
239,214,39,124
234,215,39,124
228,214,39,124
224,215,39,124
220,214,39,123
215,218,38,120
216,215,35,126
213,215,36,126
213,215,35,126
213,212,35,125
210,211,36,121
210,213,37,117
212,216,37,117
217,214,37,119
218,212,37,118
222,213,37,118
225,212,38,120
226,212,37,118
229,212,37,118
232,211,37,119
232,211,38,120
233,210,38,120
233,210,37,120
234,210,37,119
233,210,37,119
229,210,38,121
226,212,38,121
224,209,39,122
221,212,38,120
216,210,36,124
213,210,37,117
211,212,37,116
209,215,36,114
209,215,36,114
209,214,34,118
208,216,36,114
208,216,36,114
210,219,35,113
210,219,35,113
215,214,34,109
217,212,35,110
219,209,34,108
220,206,34,109
220,207,34,109
222,212,34,108
222,210,34,109
222,210,34,108
224,212,34,107
224,206,34,108
227,206,34,109
225,204,35,110
225,206,35,111
223,202,33,118
222,201,33,117
219,201,32,121
219,207,35,115
217,206,34,115
218,205,33,114
220,207,34,110
223,202,35,111
198,208,35,110
178,212,35,111
180,214,35,110
184,213,35,111
189,213,35,111
189,213,35,111
194,213,36,115
195,211,36,116
196,210,37,117
200,210,37,116
213,208,37,117
219,210,37,118
221,210,38,120
223,213,38,120
222,210,38,121
215,209,38,121
224,209,39,123
217,207,40,126
212,210,40,126
208,209,40,126
200,208,40,125
196,211,39,125
191,216,40,120
191,208,40,126
191,209,40,126
188,214,40,125
187,215,41,125
188,212,40,124
186,208,40,127
187,206,39,127
189,212,38,123
193,209,39,124
197,208,39,124
200,208,38,122
204,207,38,121
211,211,38,121
220,210,39,123
227,213,39,123
233,213,39,124
238,213,40,126
244,214,39,124
253,213,39,125
258,210,40,125
263,208,40,126
267,208,40,126
269,207,40,126
271,204,39,130
269,209,39,128
268,208,39,127
265,209,39,128
260,210,39,127
258,210,39,124
253,210,39,125
249,207,40,127
243,207,41,130
241,208,41,128
241,207,41,129
236,206,40,132
240,205,42,132
240,209,41,131
244,207,41,128
250,208,41,129
256,206,41,129
261,207,40,128
266,206,40,128
272,207,41,129
280,204,40,127
286,205,40,126
291,204,40,126
297,206,39,124
301,207,39,122
303,204,40,126
304,203,41,128
304,200,41,130
305,201,42,133
302,199,42,133
300,202,41,130
297,202,41,131
293,205,41,129
288,201,41,131
283,203,41,130
278,208,41,129
278,208,41,129
297,206,40,128
339,207,38,129
341,208,36,128
341,213,35,124
344,215,35,122
344,213,36,124
344,216,36,120
345,217,37,118
346,222,37,114
346,222,37,114
346,224,37,108
342,220,37,110
338,219,36,112
293,215,36,113
291,210,36,114
290,210,37,117
286,210,36,115
287,207,37,117
292,207,37,116
294,208,37,118
293,209,37,119
298,207,38,120
298,210,38,121
300,211,39,123
298,210,38,120
299,210,38,120
303,211,38,120
307,208,38,119
306,206,38,121
307,209,38,121
309,210,38,121
310,209,38,119
308,208,38,120
307,208,38,121
305,208,38,120
304,208,38,120
301,205,39,123
301,207,39,122
299,207,39,125
302,210,39,123
302,210,39,123
301,211,38,122
303,208,38,120
305,209,39,122
307,204,39,125
312,205,39,124
316,204,39,125
318,206,40,127
321,209,40,128
322,209,40,125
323,209,40,125
325,212,39,123
327,208,37,126
328,210,35,125
328,208,34,128
328,207,34,129
325,205,35,131
321,204,36,130
316,206,37,126
310,205,37,128
303,208,39,126
297,210,39,125
292,209,39,125
286,210,39,124
282,213,38,121
279,214,38,123
279,212,37,123
278,210,35,125
277,211,34,123
276,213,35,121
274,214,35,119
273,215,36,120
272,215,37,120
274,215,37,118
278,215,36,118
277,218,36,116
278,218,37,116
280,219,36,114
280,222,35,111
280,220,36,114
277,222,36,114
279,221,35,112
283,222,35,112
286,223,35,111
287,224,34,108
290,225,34,108
293,224,34,107
298,221,34,108
302,219,34,107
306,220,33,105
309,221,33,103
311,221,33,104
312,221,33,105
312,223,33,106
312,220,34,107
310,222,34,108
309,222,34,109
308,221,34,108
305,222,34,107
304,222,34,107
302,222,33,105
299,221,32,102
297,223,32,103
294,221,32,103
293,215,32,103
292,211,32,103
292,211,32,103
287,214,32,103
284,210,33,103
281,208,33,103
278,206,33,103
279,209,31,106
278,209,31,107
279,207,29,110
279,209,29,110
278,207,30,110
280,209,31,109
280,208,31,108
282,207,29,114
281,212,31,111
282,211,30,113
282,211,30,112
283,207,30,112
282,209,32,110
283,209,32,110
284,206,31,109
285,209,32,107
287,212,32,104
289,210,32,103
290,212,32,105
291,210,32,106
294,207,29,111
297,207,28,111
300,206,28,114
305,210,30,105
309,212,32,100
312,213,31,100
317,215,31,98
319,213,31,99
324,214,31,99
329,211,31,101
333,208,29,108
338,209,27,110
342,206,27,112
345,212,31,100
350,210,29,105
352,211,27,106
354,209,27,106
354,211,27,104
356,210,26,102
355,212,27,101
355,208,27,104
355,212,28,100
354,213,30,98
355,212,29,98
354,214,30,96
354,215,30,96
353,213,29,96
353,215,30,96
354,212,28,99
355,213,27,99
356,216,30,95
357,213,31,97
357,209,31,97
357,209,31,97
364,210,30,96
377,217,30,96
380,215,31,97
384,214,30,97
390,211,31,99
395,211,31,99
400,212,31,98
404,208,31,98
410,209,31,98
414,209,31,98
420,208,31,98
420,208,31,98
435,214,31,98
439,215,30,97
449,216,30,96
456,216,31,97
462,214,30,96
468,215,30,95
455,217,30,95
447,211,30,95
451,212,30,95
457,211,30,96
461,212,30,96
461,212,30,96
461,212,30,96
499,215,26,102
499,208,25,106
497,208,26,104
498,209,26,105
498,210,27,100
499,209,25,104
498,208,25,104
496,210,28,98
494,213,29,93
492,211,29,96
490,213,30,94
487,212,30,95
486,212,30,96
483,210,30,96
482,209,31,98
481,207,29,104
479,206,31,105
478,204,30,109
479,206,31,105
481,204,29,112
484,205,31,102
487,204,31,102
491,203,31,100
495,202,32,102
500,200,32,100
504,200,32,100
508,200,32,101
511,200,32,101
515,200,32,102
518,199,32,104
520,199,32,104
523,200,32,101
524,201,31,100
525,202,31,102
526,202,30,103
525,203,30,100
524,201,31,99
522,200,31,99
520,205,32,100
514,207,31,100
512,206,32,100
509,207,31,100
504,208,32,100
500,206,32,101
495,207,32,101
490,204,32,101
484,201,32,103
480,199,33,105
477,200,33,104
468,198,33,106
464,201,33,106
458,202,34,107
455,201,34,108
450,204,34,108
440,209,35,107
434,210,34,107
428,207,34,108
425,200,35,110
425,200,35,110
425,200,35,110
425,200,35,110
425,200,35,110
425,200,35,110
425,200,35,110
425,200,35,110
425,200,35,110
425,200,35,110
425,200,35,110
425,200,35,110
425,200,35,110
425,200,35,110
425,200,35,110
437,188,35,112
441,186,35,110
445,182,35,109
446,184,34,111
449,190,30,112
447,190,30,114
446,190,30,109
443,195,33,105
443,195,33,105
433,203,33,104
429,202,32,103
430,200,32,102
422,202,32,102
418,202,32,102
417,204,32,101
414,201,32,102
412,196,32,101
412,193,32,101
408,193,32,102
410,194,32,101
412,192,31,99
407,197,31,97
394,202,30,96
382,204,31,98
378,198,31,98
377,196,31,99
374,193,30,101
375,196,31,99
375,195,31,102
372,196,31,102
370,198,31,100
368,202,32,100
366,204,32,102
363,201,29,107
358,200,30,106
355,202,31,105
355,201,29,108
353,198,29,111
355,199,28,110
353,197,28,113
353,199,28,111
351,201,29,111
350,205,29,111
349,210,28,107
349,212,27,107
350,217,27,106
349,219,28,103
352,215,27,107
352,217,27,107
351,215,29,106
352,211,28,107
351,209,29,107
351,210,31,105
348,204,33,104
347,203,32,102
347,204,32,101
346,201,32,100
345,202,31,100
345,202,31,100
345,202,31,100
345,202,31,100
345,202,31,100
345,202,31,100
380,205,32,101
378,194,33,103
378,204,33,105
365,215,33,105
347,217,33,104
348,213,33,104
348,211,32,103
348,212,32,103
350,209,33,103
351,209,33,103
357,211,32,102
347,209,32,101
339,207,32,102
347,210,32,101
346,211,32,101
350,211,32,102
347,210,33,104
348,211,32,103
346,214,32,103
345,212,33,103
345,212,33,103
342,210,33,104
340,207,32,102
338,204,33,104
338,204,33,104
338,204,33,104
338,204,33,104
338,204,33,104
338,204,33,104
338,204,33,104
338,204,33,104
338,204,33,104
338,204,33,104
338,204,33,104
338,204,33,104
338,204,33,104
338,204,33,104
343,208,33,104
343,210,32,101
344,208,32,103
342,206,33,105
344,207,33,104
343,208,33,105
339,212,33,104
341,210,33,104
347,210,32,102
347,210,32,102
343,196,32,102
344,197,32,102
329,184,33,105
325,177,34,107
320,182,34,107
320,182,34,107
316,187,34,107
312,190,34,109
326,191,33,106
321,196,34,108
315,204,34,108
309,208,34,107
307,210,34,107
307,210,34,107
307,210,34,107
323,214,34,107
310,207,34,109
293,211,34,108
287,211,34,108
282,213,34,107
287,213,33,105
287,210,33,104
288,212,32,101
290,210,33,104
291,213,33,105
277,210,33,105
277,209,33,106
276,211,33,105
276,211,33,106
277,211,34,107
277,209,33,105
277,207,34,108
274,207,34,107
273,208,34,107
271,204,34,109
271,204,34,109
270,207,34,107
268,206,34,108
267,206,34,109
266,206,34,107
265,208,33,106
263,205,33,106
263,208,33,106
259,210,33,105
258,207,33,104
257,205,33,105
256,206,33,105
258,206,33,106
254,206,33,105
254,204,34,108
253,203,34,109
250,204,34,109
249,203,34,108
247,205,34,108
245,203,34,108
243,202,34,107
248,203,34,107
254,203,34,106
256,205,34,107
259,206,34,107
263,211,34,106
263,207,34,107
264,205,34,109
265,205,35,110
266,206,35,112
270,205,35,112
267,203,35,112
271,199,36,114
273,199,36,113
276,201,36,113
279,200,36,114
280,199,36,114
284,202,36,113
287,198,35,112
289,199,35,110
287,198,35,110
288,199,35,111
305,201,31,121
306,200,30,124
307,199,31,125
306,202,32,122
305,207,36,113
306,206,35,111
304,202,35,110
309,206,35,109
309,205,35,110
311,206,35,111
316,207,35,110
319,207,35,111
320,202,35,112
324,204,33,114
327,202,30,117
328,202,30,118
327,206,33,112
327,202,35,113
329,203,36,113
333,203,35,114
333,202,35,112
335,203,35,111
339,203,35,112
340,202,35,110
343,201,35,111
342,202,35,111
347,200,36,113
358,204,36,114
358,204,37,116
361,203,37,117
363,204,37,117
369,204,37,119
376,204,37,118
381,201,38,119
382,197,34,125
383,192,31,124
384,194,33,124
390,191,35,120
392,195,34,122
394,194,33,123
393,196,32,123
392,195,31,122
388,195,32,122
387,193,31,123
386,190,30,121
386,188,30,119
384,188,32,116
389,190,33,115
394,190,34,113
400,193,32,113
404,194,32,112
408,196,30,110
410,196,31,111
410,196,32,110
411,196,32,110
415,196,32,111
417,194,33,114
422,194,31,118
428,193,30,118
432,193,29,118
438,194,31,117
446,197,31,112
453,199,30,113
458,202,29,112
460,204,30,112
460,203,30,113
461,205,30,112
462,207,32,108
463,211,31,107
465,212,30,106
466,210,29,107
465,208,30,110
464,210,29,106
464,207,27,105
464,206,28,108
462,204,31,109
463,206,32,103
463,204,32,102
460,206,32,103
461,204,32,102
462,206,32,103
460,205,33,103
460,205,33,103
425,213,33,105
425,213,33,104
420,213,33,104
432,212,32,103
425,211,33,104
421,214,32,102
416,213,32,102
414,212,33,103
411,213,33,104
405,212,32,102
399,221,32,102
399,221,32,102
385,216,32,102
385,217,32,102
380,220,32,103
376,223,32,102
376,223,32,102
377,222,32,102
374,220,32,101
377,218,32,100
383,220,31,100
387,220,32,102
390,219,32,103
392,214,32,102
387,218,32,100
386,220,32,102
387,218,33,104
389,212,29,111
385,211,30,113
385,210,30,112
382,211,31,110
382,212,34,106
381,214,33,106
378,214,34,108
377,212,33,110
375,215,34,106
373,218,33,106
371,218,33,106
364,215,34,107
361,219,33,104
358,220,33,103
354,221,33,103
340,223,33,104
336,219,33,104
333,216,33,104
338,207,32,111
333,209,33,111
329,209,34,110
331,208,31,113
325,211,32,111
321,211,34,112
321,214,33,111
322,214,31,113
317,215,33,111
314,212,32,115
312,208,32,117
311,210,32,117
309,205,31,121
310,208,30,118
312,206,32,116
306,207,33,119
301,210,37,116
303,210,37,117
305,212,36,115
308,209,34,118
308,212,36,114
303,216,36,115
316,206,34,121
322,203,32,126
331,208,35,115
334,207,32,122
338,207,32,122
341,209,31,119
344,208,32,119
347,208,33,117
350,209,32,120
354,209,31,117
356,212,31,116
356,211,32,115
360,210,32,112
360,214,34,109
361,215,34,108
363,214,34,108
363,215,34,107
363,210,34,107
369,210,33,106
369,208,34,107
370,208,34,107
369,207,34,108
369,205,34,109
368,201,35,112
366,202,35,111
367,205,35,112
369,206,35,111
371,208,35,111
355,209,35,110
349,208,34,109
349,214,34,109
342,213,34,108
342,216,33,106
342,216,33,106
331,215,33,105
328,214,33,104
333,213,33,105
339,217,33,106
326,214,33,105
321,213,34,108
317,215,34,107
315,210,35,110
313,212,35,109
314,209,34,108
307,207,34,109
307,205,35,110
311,206,35,110
309,207,35,111
308,207,35,110
302,208,35,112
299,207,36,113
299,210,36,114
297,210,36,115
295,209,35,111
295,208,35,110
295,207,34,109
294,203,35,111
291,205,35,111
290,203,36,113
289,202,36,115
288,201,37,118
284,201,37,116
281,206,36,114
277,211,35,112
273,211,36,113
271,212,35,111
270,212,35,111
267,213,35,110
264,215,34,108
261,217,34,107
260,217,34,109
259,218,35,110
256,219,34,109
249,219,34,109
250,223,34,109
246,221,34,109
246,224,34,108
244,224,34,107
242,222,34,108
241,219,34,108
239,219,34,107
240,221,33,106
236,221,34,107
234,220,33,105
233,220,33,105
231,221,33,104
229,224,32,101
229,226,31,100
226,225,32,100
225,226,31,99
224,225,31,99
223,225,31,99
222,224,31,98
221,225,31,98
221,225,31,100
221,224,31,99
220,225,31,98
219,226,31,97
217,226,30,96
216,225,30,97
215,227,30,96
215,227,31,97
215,228,30,95
214,229,30,96
214,229,30,95
214,227,30,96
214,229,30,95
216,229,30,95
218,228,30,96
219,230,30,96
219,229,30,96
220,229,31,97
222,229,30,97
222,228,30,96
224,231,30,96
228,233,30,94
229,234,29,93
231,237,29,93
237,238,29,93
238,236,30,95
241,237,30,96
243,237,30,95
243,237,31,97
246,240,30,96
247,239,31,98
248,242,31,98
250,241,31,100
249,244,32,101
250,245,32,101
254,246,32,102
256,245,33,103
258,243,33,105
259,242,32,106
259,241,33,103
261,240,32,101
263,238,32,100
261,235,32,101
261,235,31,99
263,234,31,97
262,232,30,97
263,230,30,95
261,231,30,96
263,231,31,99
260,230,32,101
258,226,32,101
258,228,32,100
258,229,32,101
257,227,32,101
256,228,33,103
256,227,33,103
257,230,33,103
258,229,33,104
259,229,33,104
260,229,32,101
260,230,31,100
261,231,31,99
262,232,31,99
261,232,31,99
262,234,31,99
260,235,31,99
260,235,31,99
260,235,31,99
260,235,31,99
260,235,31,99
260,235,31,99
260,235,31,99
260,235,31,99
260,235,31,99
263,232,31,99
263,232,31,99
263,236,31,100
263,234,31,99
263,233,31,100
261,237,31,99
256,236,31,99
250,232,31,98
246,233,31,98
245,233,31,99
243,229,31,98
242,230,31,98
238,230,31,98
236,231,31,99
236,230,31,99
235,229,32,101
236,229,32,102
235,233,32,102
238,230,32,104
239,232,32,103
239,231,33,103
239,231,33,103
234,231,32,103
231,235,32,103
228,233,32,103
226,234,32,103
226,237,32,102
225,239,31,100
222,232,32,102
221,233,32,100
222,237,31,99
218,236,31,98
217,238,31,98
219,239,31,97
218,237,31,98
221,236,31,97
226,235,31,97
231,235,30,96
238,234,30,95
241,231,30,96
244,229,30,95
253,227,30,95
258,231,29,92
262,232,29,92
262,232,29,92
239,233,29,92
239,233,29,92
239,233,29,92
239,233,29,92
239,233,29,92
187,237,29,92
181,241,29,92
180,238,29,93
180,239,29,93
186,236,30,95
190,238,30,94
198,234,30,94
205,233,29,93
209,236,29,93
212,234,29,93
215,234,30,95
215,233,29,94
211,234,30,94
208,235,30,95
204,235,30,95
199,238,30,94
196,236,30,95
193,236,31,98
190,234,31,100
187,236,31,99
186,237,31,98
187,237,30,97
186,241,30,95
186,241,30,97
185,240,30,97
188,235,31,97
192,237,31,99
198,238,31,100
198,238,31,99
200,232,32,102
202,233,33,104
205,231,33,104
205,229,33,105
205,226,33,106
205,225,33,106
207,226,33,104
206,223,33,104
205,222,34,107
204,226,34,108
201,226,33,106
200,224,33,106
200,224,33,106
200,224,33,106
200,224,33,106
200,224,33,106
200,224,33,106
210,230,33,106
210,228,33,106
213,224,33,106
213,232,33,104
213,233,33,105
216,229,33,105
216,228,34,107
215,227,34,108
220,229,33,104
221,227,33,104
222,231,32,102
222,230,33,104
222,230,33,106
223,231,34,106
218,227,34,106
221,231,33,104
219,234,32,103
220,232,32,101
221,233,31,99
223,234,31,100
225,230,32,100
227,231,32,102
231,229,32,103
233,227,33,104
235,228,33,103
240,227,33,104
246,229,32,103
250,226,32,101
255,226,32,101
258,223,32,101
261,222,32,101
262,220,32,102
265,219,32,102
265,218,32,102
253,218,32,103
239,219,33,104
233,219,33,105
233,219,33,105
202,222,34,106
188,226,33,106
172,230,34,107
162,232,33,106
154,233,34,108
145,234,33,106
139,233,33,106
137,233,33,105
137,234,34,106
143,233,34,107
147,232,34,108
158,229,34,108
165,228,35,110
175,226,35,110
181,227,34,109
185,226,34,107
185,225,34,108
182,226,34,107
173,227,34,106
167,226,34,107
156,229,34,108
146,230,33,106
134,233,34,107
124,232,34,107
114,234,34,107
110,234,34,109
108,234,35,110
93,234,35,110
96,233,35,112
106,237,35,111
115,237,35,112
121,233,36,113
128,232,36,113
135,230,36,113
142,226,35,112
142,225,35,111
144,226,35,111
138,228,36,113
129,226,36,114
119,226,36,115
110,227,36,115
99,227,36,114
83,228,36,115
68,229,36,115
61,230,36,115
55,229,36,115
56,228,37,116
58,229,37,116
64,229,37,117
73,230,37,117
77,227,37,118
84,227,37,117
97,226,37,118
112,226,37,118
117,225,37,119
121,225,37,118
126,223,37,117
133,219,37,117
138,219,37,117
141,219,37,117
139,217,37,118
133,216,37,118
125,216,37,118
118,216,37,118
112,217,37,118
112,217,37,118
112,218,37,118
113,216,37,117
121,214,37,117
128,212,37,117
140,207,37,117
149,202,37,118
158,204,37,118
167,207,37,119
169,208,38,119
169,214,37,119
169,214,37,119
169,214,37,119
169,214,37,119
169,214,37,119
159,222,38,119
161,218,37,118
165,221,37,118
165,221,37,118
165,221,37,118
165,221,37,118
165,221,37,118
165,221,37,118
180,221,37,117
177,224,37,116
175,223,37,117
173,223,37,117
173,221,37,118
172,221,37,117
178,221,37,116
188,221,37,116
195,218,37,119
215,216,38,120
225,212,38,120
232,216,38,120
235,215,38,119
239,212,38,121
238,212,38,121
238,210,38,121
241,211,38,119
241,212,37,118
237,212,37,118
227,212,38,119
224,214,38,119
221,216,38,120
219,219,37,118
224,220,37,118
226,220,37,118
238,219,37,117
250,214,37,118
255,214,37,117
255,216,37,117
258,215,36,116
251,218,36,114
245,220,36,113
238,221,36,113
234,221,36,113
239,223,35,111
239,222,35,111
238,226,35,112
237,226,35,111
240,225,35,112
249,225,35,110
259,223,35,111
264,218,35,112
267,218,35,110
267,220,35,110
262,223,34,108
251,226,34,108
243,227,34,109
238,230,34,107
235,231,34,108
235,236,34,107
237,240,34,109
243,236,34,108
243,236,34,108
262,235,34,109
271,234,35,111
284,231,35,111
284,231,35,111
298,228,35,111
312,228,35,111
317,225,36,114
320,223,36,113
317,221,36,113
313,216,36,114
304,218,36,114
289,224,36,115
271,234,37,116
260,238,36,116
248,248,36,113
251,253,35,112
287,236,36,113
293,241,36,113
295,233,36,114
301,227,37,116
305,225,38,119
319,220,38,120
335,218,38,120
335,219,38,120
340,213,38,120
330,218,38,119
332,223,37,118
324,220,37,118
321,225,37,117
310,228,37,118
297,228,37,117
289,231,37,118
282,231,38,120
281,231,38,120
282,230,39,122
285,231,38,120
289,228,38,121
297,224,38,120
308,221,38,121
315,215,38,120
325,214,37,118
335,211,37,116
341,204,37,118
344,202,37,118
343,203,38,119
343,205,38,119
334,208,38,119
327,212,37,118
318,219,37,119
305,219,38,119
295,224,38,119
284,227,37,119
277,229,37,118
275,234,37,116
276,233,36,115
279,234,36,113
287,234,35,111
285,228,35,111
285,222,35,112
281,218,36,114
274,217,36,115
274,217,36,115
242,230,36,115
242,230,36,115
180,234,36,114
152,236,36,114
143,236,36,114
132,239,36,115
119,237,36,114
115,239,36,114
109,241,35,112
104,246,34,108
95,250,33,106
98,247,33,106
119,239,33,106
129,241,33,105
126,240,33,105
124,236,34,107
127,236,33,106
131,234,34,106
136,236,34,107
130,238,34,107
143,244,34,107
148,248,33,105
158,253,33,106
177,254,33,106
189,259,34,106
203,262,33,104
210,265,33,103
230,264,32,103
246,262,33,104
263,258,33,104
279,248,33,104
292,246,32,102
306,243,32,103
321,241,33,104
341,243,32,103
353,242,32,102
365,236,32,102
375,234,32,103
382,231,32,102
386,231,33,104
391,235,32,102
389,238,32,101
389,239,32,101
386,244,31,99
380,246,32,100
371,249,32,100
366,255,31,99
362,257,32,101
361,259,32,100
366,262,31,99
368,265,31,99
378,264,32,101
380,267,31,99
394,264,32,101
407,262,31,99
417,259,32,101
426,253,32,101
426,253,32,101
452,247,32,100
459,246,32,101
464,245,32,101
475,242,32,102
484,239,33,104
487,235,33,106
492,235,33,105
496,235,33,103
502,235,32,103
504,236,32,102
504,235,31,99
500,235,31,99
497,237,31,99
485,243,31,97
475,245,31,98
463,250,30,96
449,255,30,95
436,258,30,96
420,261,30,95
410,264,30,96
405,264,30,95
404,264,30,95
404,265,30,94
406,262,29,93
406,259,29,93
411,258,29,92
419,252,29,92
426,247,29,93
436,242,30,96
436,242,30,96
456,234,30,95
457,228,30,95
460,227,30,95
461,227,30,95
458,227,30,95
456,230,29,93
449,237,29,92
443,239,29,91
431,247,28,91
422,253,28,90
410,260,28,90
405,264,28,90
402,265,28,90
400,266,28,89
404,267,27,87
408,266,27,87
414,265,27,85
422,261,26,84
430,260,26,83
436,256,26,84
442,254,27,84
443,251,27,84
446,253,26,83
448,251,26,83
444,252,26,83
439,252,26,83
434,252,27,84
429,255,27,85
421,256,27,87
415,257,27,87
414,258,28,88
413,258,28,88
409,257,28,89
412,252,28,88
420,248,28,90
426,245,28,90
433,241,29,93
440,239,29,92
449,236,29,93
453,235,29,92
457,231,29,92
461,232,28,90
462,233,28,89
469,232,28,88
470,231,28,88
474,230,27,87
471,229,28,88
471,227,28,90
469,225,29,91
471,224,29,91
471,225,29,91
468,226,29,91
468,227,29,91
466,226,29,92
464,227,29,92
468,224,29,92
465,221,29,92
464,222,29,91
466,222,29,92
461,220,30,94
456,223,30,94
449,224,30,95
445,229,30,96
435,231,31,98
429,235,31,98
425,236,31,98
423,239,31,99
418,236,31,100
417,235,31,98
419,236,31,97
421,234,31,98
425,232,31,97
427,229,31,98
433,227,31,99
435,226,31,99
438,225,31,98
438,225,31,97
437,226,31,98
431,226,31,98
426,230,30,97
421,231,31,98
414,233,31,97
406,236,30,96
393,240,31,97
387,241,31,97
381,241,30,96
378,243,30,95
374,244,30,95
374,242,30,96
373,243,30,96
375,242,30,96
373,235,31,98
375,232,31,98
380,231,31,99
380,233,31,100
382,234,31,98
374,228,31,98
371,233,30,96
362,232,31,97
354,233,32,100
344,236,32,101
337,239,31,99
335,241,32,101
330,240,32,103
329,240,33,103
329,238,33,105
330,239,33,105
331,237,33,106
338,231,34,108
345,228,35,111
353,223,35,110
360,219,35,110
366,216,35,111
372,217,35,111
374,215,36,113
374,219,36,113
372,220,35,111
368,222,35,112
362,223,36,113
353,227,36,113
347,228,36,114
340,229,36,115
333,230,37,117
329,231,37,116
329,231,37,116
330,231,37,117
330,231,37,116
337,231,37,116
342,229,37,117
348,228,37,117
357,227,38,119
364,224,38,120
373,222,38,121
382,221,38,120
385,218,38,120
387,217,38,121
392,222,38,119
388,220,38,120
382,223,38,122
375,230,38,120
367,233,37,119
360,237,37,118
347,237,38,119
341,239,37,118
334,240,38,120
338,240,38,120
334,239,38,120
340,239,37,116
345,239,36,115
355,239,36,113
360,236,36,114
368,236,35,111
376,233,35,110
382,233,34,108
388,230,33,106
391,228,33,105
393,225,33,106
395,224,33,106
399,222,34,107
397,223,34,107
398,226,33,104
393,229,32,102
390,232,32,101
387,232,31,99
381,232,31,99
378,233,31,99
375,237,31,100
373,234,31,100
374,238,31,99
378,239,31,98
383,238,31,100
390,237,31,99
398,235,32,101
408,233,32,100
417,230,31,99
423,231,31,98
423,230,31,99
422,229,31,100
419,232,32,100
408,231,32,103
398,232,33,105
389,234,34,108
382,235,35,110
372,239,35,112
360,240,36,114
354,240,36,114
353,242,36,114
355,242,35,112
359,242,35,112
356,242,36,113
358,241,36,114
362,242,36,113
362,243,35,112
361,243,35,110
350,245,35,110
340,250,35,110
331,253,34,109
326,254,34,108
322,255,34,108
322,257,34,108
323,255,34,108
328,253,34,108
334,251,34,108
344,250,34,107
350,248,34,108
361,247,34,107
368,248,33,105
378,243,33,105
384,242,32,103
393,238,32,101
391,239,32,102
392,239,32,101
389,240,32,100
385,243,31,99
381,251,31,97
380,252,30,95
374,252,29,94
368,255,29,93
360,256,29,93
353,259,29,93
347,260,29,92
342,258,29,93
340,261,30,94
337,263,30,94
351,268,30,95
351,267,29,93
358,268,29,92
366,267,29,93
376,268,29,92
388,264,29,92
400,261,29,93
413,257,29,93
420,257,30,96
429,254,30,94
438,247,30,95
446,243,30,95
452,242,30,95
455,239,30,97
458,236,31,97
459,235,31,100
459,240,32,102
455,239,32,103
453,240,33,104
448,239,33,105
438,240,33,106
431,241,33,106
425,244,33,105
417,244,33,104
413,247,32,102
407,247,32,103
404,247,33,103
403,246,33,104
404,244,31,111
407,244,33,105
414,243,33,103
417,240,33,104
421,236,33,105
428,235,33,105
434,232,33,103
440,228,31,106
442,228,31,104
443,230,32,104
441,227,33,105
438,227,34,107
429,229,34,107
424,232,35,110
418,235,35,110
412,236,35,112
409,238,36,113
400,238,36,114
395,241,36,115
385,242,37,117
379,242,37,117
370,241,38,119
365,244,37,118
360,245,38,119
354,247,37,118
351,245,37,117
349,249,36,114
348,251,36,114
348,253,36,114
351,254,35,114
355,253,35,112
360,251,35,111
369,250,35,111
377,252,34,107
382,253,33,106
391,248,34,106
398,249,34,109
406,248,35,111
415,244,35,111
429,243,35,110
440,243,34,109
448,240,34,108
456,237,34,107
463,232,34,107
467,229,34,106
471,224,34,107
472,222,34,108
473,222,34,107
472,222,34,107
470,224,34,107
465,229,34,108
461,231,34,108
455,233,34,108
454,234,34,109
452,236,34,109
445,235,34,108
438,235,33,106
438,238,33,104
441,240,32,103
445,239,32,101
450,241,31,99
456,239,31,98
462,236,31,100
473,231,32,102
478,227,32,103
488,225,32,103
494,217,33,106
503,212,34,108
513,212,34,108
524,207,34,108
531,199,35,111
533,202,35,112
537,206,35,111
542,204,36,113
546,199,36,113
546,199,36,113
547,212,35,110
547,212,35,110
547,212,35,110
547,212,35,110
547,212,35,110
547,212,35,110
534,236,34,109
532,235,35,111
519,240,35,110
519,240,35,110
506,250,35,111
501,253,35,111
500,258,35,110
498,257,35,110
497,257,34,108
492,254,34,107
489,254,33,104
489,257,33,104
483,257,33,103
479,256,33,104
478,259,32,103
472,260,33,104
468,263,33,104
467,260,33,103
470,262,32,102
468,264,32,100
467,264,31,100
469,265,31,98
469,263,31,99
474,264,30,97
483,262,31,97
487,259,31,98
494,254,31,99
497,251,31,100
505,246,31,100
506,243,32,102
510,241,33,104
517,238,33,105
521,236,33,106
527,237,34,107
533,239,34,107
539,239,34,109
547,238,34,108
552,238,34,108
559,235,35,110
564,237,35,110
572,234,36,113
583,232,36,115
591,233,37,118
592,229,36,114
592,229,36,114
592,229,36,114
592,229,36,114
592,229,36,114
592,229,36,114
592,229,36,114
592,229,36,114
592,229,36,114
592,229,36,114
592,229,36,114
592,229,36,114
592,229,36,114
592,229,36,114
592,229,36,114
592,229,36,114
592,229,36,114
592,229,36,114
592,229,36,114
592,229,36,114
592,229,36,114
592,229,36,114
592,229,36,114
593,223,35,112
593,227,35,111
593,241,35,110
594,239,34,109
594,243,33,106
590,241,33,106
584,243,33,104
580,239,33,105
576,240,33,105
574,232,34,106
575,235,34,107
574,228,34,107
572,226,34,107
572,226,34,108
573,229,33,105
571,230,33,104
571,230,34,106
569,232,34,107
566,231,35,110
562,233,35,110
553,236,34,109
547,234,35,110
536,231,35,111
533,228,34,111
527,222,35,110
521,221,35,111
517,220,35,111
512,225,35,111
507,223,35,110
504,230,34,108
501,234,35,110
489,231,35,112
483,231,35,111
479,231,35,112
469,233,35,111
460,235,35,109
450,241,34,109
444,238,34,109
434,235,35,111
425,233,35,110
417,231,34,109
412,234,35,112
408,233,35,111
404,237,35,110
398,238,35,110
390,238,35,112
385,239,35,112
382,241,35,111
382,240,35,111
375,235,35,112
374,235,35,110
374,232,34,108
376,232,34,109
376,233,34,108
374,234,34,109
371,237,34,108
370,236,34,108
367,238,34,108
367,238,34,106
360,241,34,106
355,238,34,107
350,237,34,109
342,233,36,113
336,229,36,114
329,233,36,114
324,232,37,116
317,230,37,119
312,227,38,120
303,225,39,122
294,229,39,122
283,227,39,123
274,229,39,122
270,229,38,120
266,228,38,122
257,227,39,123
255,227,39,123
252,227,38,121
249,229,39,122
249,227,38,121
250,235,37,117
249,233,36,116
250,232,37,117
251,232,37,117
253,232,36,115
256,234,36,115
257,232,36,115
265,232,36,114
265,230,36,115
267,229,36,115
265,229,36,115
267,230,36,115
269,229,37,117
268,227,37,117
269,230,36,117
267,233,37,116
266,233,36,117
263,233,36,114
261,234,36,113
259,234,36,113
256,234,35,112
255,237,35,112
252,236,36,113
251,237,36,113
250,236,36,114
248,235,36,115
248,237,37,116
249,236,37,117
248,235,37,118
249,234,37,118
252,239,37,118
252,235,37,117
258,237,37,116
257,237,37,117
262,237,37,118
264,236,37,118
266,237,37,116
269,237,36,115
272,238,36,114
273,236,36,115
278,238,36,115
276,236,37,116
280,238,37,117
281,237,37,117
281,238,37,116
280,238,37,116
278,236,37,117
279,239,36,114
278,238,36,113
279,237,36,114
278,237,36,113
279,236,36,114
278,234,36,115
278,237,36,113
283,238,35,111
281,237,35,112
281,236,36,113
281,238,35,111
282,240,35,111
283,236,36,113
286,239,35,111
288,239,34,109
291,237,35,111
295,239,35,110
299,238,35,111
303,239,35,110
307,239,34,109
312,237,35,110
318,238,34,109
320,237,35,110
324,235,35,111
326,232,35,111
330,231,36,113
331,233,35,111
332,234,34,108
329,235,35,109
327,235,34,108
325,238,34,107
321,240,34,107
316,236,34,108
311,239,33,106
307,242,33,104
299,243,32,101
296,242,32,102
292,244,32,102
289,243,32,101
284,244,32,101
281,246,32,101
279,245,32,100
276,245,32,103
275,245,32,103
274,244,32,103
274,246,32,102
274,248,32,101
274,248,32,102
275,248,32,101
274,247,32,102
275,244,32,103
276,243,33,104
276,242,33,104
278,243,33,105
276,244,33,104
278,246,33,104
278,246,33,104
280,248,32,102
278,248,32,101
278,250,32,101
278,253,31,100
276,251,31,99
275,250,31,100
276,248,32,101
278,247,32,101
285,249,32,101
295,248,32,103
297,249,33,104
308,248,33,105
311,247,34,107
316,243,34,107
320,243,33,106
326,243,34,106
332,241,33,105
337,240,33,106
346,238,33,105
352,238,34,107
356,240,34,108
361,246,34,109
365,240,35,110
371,240,35,110
375,240,35,111
380,236,36,113
386,239,36,113
397,246,35,111
419,250,34,109
425,246,34,107
426,248,34,107
426,245,34,108
426,242,34,109
427,241,34,109
424,236,34,108
426,238,34,108
428,237,34,108
428,237,34,107
429,238,34,106
427,238,34,109
427,236,35,110
427,238,35,111
427,236,35,112
428,238,35,112
430,235,35,112
431,232,36,114
432,234,37,116
436,232,37,116
439,235,36,115
440,235,36,115
441,234,36,115
441,235,37,116
443,237,36,115
441,236,37,116
443,235,37,116
444,237,36,115
445,241,36,115
447,236,36,115
448,236,37,116
449,237,36,114
448,236,36,114
447,235,37,116
445,235,37,118
444,241,37,117
443,246,37,117
441,247,38,119
440,249,37,119
441,250,37,117
439,252,36,115
437,252,35,112
435,249,35,111
435,247,35,110
436,241,35,111
434,231,35,110
432,218,35,111
434,213,35,110
430,210,35,111
429,205,35,112
430,205,35,112
428,202,35,112
426,201,35,111
425,206,35,111
425,208,35,112
426,214,35,112
420,214,35,112
419,221,36,113
420,227,37,116
420,235,37,117
421,243,37,117
421,243,37,117
419,242,37,117
420,237,36,114
421,235,36,113
421,236,33,117
418,234,35,113
417,236,34,114
416,235,35,116
412,235,36,117
411,234,37,116
408,234,37,117
406,233,36,115
404,234,36,113
402,234,35,112
402,233,35,111
400,231,35,111
398,232,35,112
397,231,35,112
394,230,36,114
394,234,36,114
391,229,36,114
389,232,36,115
388,229,37,116
386,230,37,116
383,230,37,118
380,230,37,118
377,231,37,118
373,233,38,119
371,228,38,121
369,226,38,119
362,226,38,119
359,228,37,117
354,230,37,118
351,227,37,117
347,229,37,118
339,233,36,115
337,232,36,115
332,233,36,114
329,235,36,113
324,239,36,113
314,238,36,112
312,236,35,111
304,237,34,109
297,237,34,109
291,236,34,109
282,238,34,108
279,239,34,108
275,236,34,107
269,238,34,106
268,237,34,106
263,238,34,108
260,239,34,108
254,239,34,109
247,238,35,110
243,241,34,108
236,240,34,107
230,240,34,109
227,244,33,106
222,242,34,107
219,243,34,107
217,239,34,109
215,238,35,112
211,238,36,113
210,238,35,111
207,242,35,112
205,244,35,111
205,243,35,111
205,245,35,111
203,244,35,112
202,247,35,111
202,247,35,111
201,248,35,110
199,244,35,112
199,246,35,111
195,242,35,111
194,243,35,111
194,243,35,112
194,243,36,114
191,242,36,113
189,241,35,112
187,239,35,112
186,237,35,110
181,238,34,108
178,237,34,108
173,240,34,108
169,240,34,107
165,241,34,108
160,240,34,107
156,243,34,107
154,245,33,105
149,245,34,106
145,247,33,106
140,250,33,105
135,248,33,105
131,251,33,105
124,251,33,105
119,250,33,106
113,250,34,107
107,249,34,107
103,248,34,106
101,252,33,104
98,254,33,103
90,253,33,104
90,255,32,103
85,250,33,104
81,254,32,102
79,253,32,102
77,252,32,102
74,251,33,104
70,254,33,103
71,256,32,102
71,257,32,101
69,257,31,100
65,256,32,102
66,257,32,103
64,257,33,103
65,258,32,102
65,258,32,103
65,258,32,102
64,258,32,101
65,261,32,101
64,258,31,99
65,262,31,98
64,261,31,97
65,263,30,95
64,260,30,96
65,263,30,94
65,262,30,95
63,261,30,95
63,259,30,95
61,259,30,96
61,256,30,96
60,259,31,98
56,258,31,98
56,258,31,98
56,258,31,98
56,258,31,98
56,258,31,98
56,258,31,98
88,256,30,101
89,256,31,100
91,257,31,99
93,255,32,101
95,253,33,103
97,254,33,104
101,256,33,103
103,257,33,104
104,256,33,104
106,257,33,105
106,258,33,104
107,259,33,105
108,260,33,105
108,261,32,102
115,261,32,102
110,261,33,103
109,263,33,104
107,261,32,103
107,262,32,102
102,264,33,104
100,264,32,102
99,264,32,101
101,261,32,102
101,263,32,102
99,259,32,102
96,261,32,101
95,263,32,101
94,264,32,101
93,264,31,98
91,267,30,95
88,270,29,93
88,272,29,92
90,269,29,91
90,270,28,90
92,266,28,88
95,265,28,89
98,263,28,90
105,262,29,91
110,264,29,91
114,262,29,91
117,262,29,92
123,263,29,92
130,259,29,92
135,257,29,93
138,256,29,91
141,256,29,91
143,256,28,90
152,256,28,89
155,253,28,91
160,251,29,91
164,249,29,93
168,246,30,94
175,248,30,96
179,245,31,97
186,244,31,97
192,243,31,97
196,243,31,97
204,240,31,99
208,242,31,99
213,237,31,99
217,243,31,99
223,245,31,97
231,244,31,98
234,243,31,98
236,244,31,99
240,247,31,100
244,246,32,101
249,243,32,102
255,240,32,101
259,241,32,101
262,241,31,100
265,240,32,102
269,241,32,101
273,242,32,101
275,243,32,100
275,243,32,102
277,243,32,100
277,243,32,103
280,244,32,101
281,242,32,101
283,245,31,99
281,245,31,98
283,247,30,96
283,243,31,98
282,242,30,96
281,242,30,97
282,240,31,98
282,242,31,98
282,242,31,98
282,242,31,98
282,242,31,98
282,242,31,98
282,242,31,98
282,242,31,98
282,242,31,98
282,242,31,98
282,242,31,98
282,242,31,98
282,242,31,98
282,242,31,98
232,237,31,98
233,238,30,97
234,239,30,96
235,242,30,96
233,241,30,96
232,247,30,95
233,245,30,96
229,245,30,97
230,248,30,95
229,247,30,96
226,247,30,96
225,246,30,96
223,245,30,96
222,246,30,97
220,246,31,97
219,248,31,97
217,247,31,98
216,248,31,99
215,247,31,97
214,248,31,98
211,247,31,99
209,248,31,99
205,247,31,97
201,247,31,99
195,248,31,98
192,249,31,97
188,250,31,97
183,252,30,96
177,250,30,94
175,252,30,94
174,252,29,92
170,251,29,91
166,250,28,90
164,251,28,89
164,252,28,88
166,255,27,86
167,252,27,85
168,251,27,87
170,254,27,87
173,254,27,86
175,254,27,87
178,256,27,87
180,257,27,87
180,257,27,87
180,257,27,87
180,257,27,87
180,257,27,87
180,257,27,87
180,257,27,87
180,257,27,87
180,257,27,87
180,257,27,87
180,257,27,87
180,257,27,87
180,257,27,87
180,257,27,87
180,257,27,87
239,250,27,86
241,245,27,86
243,246,27,86
244,245,27,84
245,245,27,85
246,249,26,84
243,246,26,84
240,245,27,85
240,245,27,85
228,246,26,84
224,247,26,83
224,247,26,82
220,245,26,81
215,241,26,82
228,260,25,81
224,258,25,81
217,261,25,80
216,260,25,80
213,260,25,81
209,257,25,80
206,258,25,80
201,257,25,80
199,258,25,80
194,257,26,82
192,256,25,80
189,255,25,80
180,257,25,81
177,260,26,83
178,253,26,84
177,253,27,85
177,252,27,84
174,254,26,83
171,256,27,85
171,250,27,85
169,250,27,86
156,251,27,86
134,250,27,87
127,250,27,86
121,249,27,86
121,249,27,86
121,249,27,86
137,253,27,86
137,253,27,86
104,255,27,86
91,258,27,86
86,260,27,86
86,260,27,86
124,255,27,86
158,257,27,85
155,253,27,85
152,255,27,86
150,256,27,85
146,256,26,84
145,258,26,83
143,257,26,82
141,257,26,83
139,257,26,83
139,258,27,84
137,256,27,86
137,257,27,86
137,259,27,85
136,258,27,85
138,258,27,86
139,258,27,86
140,261,27,86
143,263,27,85
146,264,27,86
149,264,27,86
150,266,27,84
154,265,27,85
159,268,26,84
162,268,26,84
165,270,26,82
169,270,26,83
171,267,26,81
175,267,25,80
175,267,25,80
175,268,25,81
175,268,25,81
179,270,25,80
181,270,25,79
181,271,25,79
183,270,24,77
185,271,24,78
186,270,24,78
188,270,24,75
191,270,24,75
194,268,24,75
196,267,24,76
196,264,24,78
197,262,25,80
198,261,25,80
203,262,25,79
205,264,25,79
206,265,25,80
207,266,25,79
209,263,25,78
210,264,24,77
213,264,24,77
214,262,24,78
217,264,24,77
219,264,24,76
220,262,24,76
220,262,24,76
220,262,24,76
220,262,24,76
233,263,24,77
237,261,24,77
241,261,24,77
244,263,24,77
246,259,25,78
250,262,24,77
251,260,24,77
253,259,24,77
253,258,25,78
256,257,25,80
257,256,25,80
259,257,26,83
260,255,26,82
260,256,26,83
262,256,26,83
261,249,27,86
259,250,27,85
255,243,27,86
254,241,27,87
254,241,27,87
245,232,27,87
241,234,28,87
238,234,27,87
230,232,27,86
229,232,28,88
226,234,28,90
222,242,28,89
221,246,28,89
219,248,28,90
219,250,29,91
219,251,28,90
219,252,28,89
220,252,28,89
222,253,28,88
222,254,28,88
220,256,27,87
211,252,28,88
207,250,28,88
212,252,28,89
214,250,27,86
217,249,27,85
221,248,27,85
223,248,27,86
226,247,26,83
228,249,26,83
232,249,26,83
234,250,26,82
239,250,25,81
242,249,25,80
227,252,26,81
228,252,26,83
228,253,26,83
232,253,26,82
263,246,26,83
263,246,25,81
268,243,25,81
260,242,26,82
261,241,26,82
264,248,26,82
267,247,25,80
276,244,25,79
277,241,25,79
286,241,25,78
286,237,25,79
280,233,25,80
283,233,25,79
285,237,26,81
286,236,26,82
291,238,26,82
300,241,25,81
307,244,25,80
307,244,25,80
318,222,25,80
324,226,25,79
331,226,25,79
334,230,24,78
344,230,24,78
348,230,25,79
356,225,25,79
366,218,25,81
382,211,26,82
383,211,26,84
385,208,27,86
389,214,27,87
362,224,27,87
362,224,27,87
362,224,27,87
428,228,27,87
448,234,27,87
457,230,28,88
457,230,28,88
468,181,27,87
476,182,27,86
475,198,26,84
479,217,27,85
484,224,27,86
496,226,27,87
502,221,28,88
502,221,28,88
518,209,28,88
527,204,28,89
527,204,28,89
546,203,28,88
554,210,28,88
566,214,28,90
575,215,28,90
582,214,29,91
587,212,28,90
590,209,29,92
593,205,29,93
599,204,29,91
600,206,28,90
599,206,28,90
599,210,29,92
599,210,29,92
599,218,29,91
599,218,29,91
599,218,29,91
599,218,29,91
599,218,29,91
599,218,29,91
599,218,29,91
599,218,29,91
599,218,29,91
599,218,29,91
599,218,29,91
599,218,29,91
599,218,29,91
599,218,29,91
599,218,29,91
540,235,28,89
540,235,28,89
542,237,28,87
542,238,27,87
542,238,27,86
542,240,27,85
547,242,27,86
549,244,27,84
548,246,26,84
552,245,27,84
554,245,27,85
554,243,26,83
555,243,26,82
551,238,25,81
552,238,25,81
555,239,25,81
558,244,26,81
556,244,26,82
553,242,26,82
550,233,26,81
535,227,25,80
533,231,25,79
550,237,24,77
546,235,25,79
552,238,25,78
554,240,24,77
557,242,24,77
557,240,24,77
554,238,24,78
554,237,24,76
553,237,24,76
553,237,24,75
553,237,24,75
553,237,24,75
553,237,24,75
553,237,24,75
553,237,24,75
544,241,24,75
545,244,23,73
545,244,23,72
545,244,23,72
543,241,23,73
542,241,23,73
541,244,24,75
540,244,24,76
538,244,24,77
535,244,25,79
534,246,25,78
533,246,25,79
531,244,25,80
530,245,25,79
526,246,25,80
525,244,25,79
526,248,25,79
525,247,25,80
522,245,25,79
522,246,25,79
518,244,25,79
518,245,25,81
517,245,25,80
515,246,25,80
513,247,24,78
513,247,24,78
510,247,24,77
509,246,24,77
509,249,24,77
510,249,24,75
508,251,23,74
498,236,23,74
496,238,24,76
495,240,24,75
492,243,24,75
488,243,24,75
485,245,24,76
481,243,24,77
479,245,24,76
476,244,24,77
476,246,24,77
474,248,24,78
472,246,24,77
469,247,24,77
463,247,24,78
461,248,25,79
459,247,25,79
456,247,25,79
453,248,25,80
450,246,25,81
448,246,26,82
447,247,26,84
445,246,27,85
440,244,27,87
438,242,27,87
436,240,28,87
435,239,27,88
434,236,27,88
435,238,26,93
436,239,25,97
436,238,24,99
434,240,25,95
433,243,27,89
433,239,24,98
432,240,24,97
433,245,27,85
432,245,27,85
431,247,27,85
429,245,26,84
430,243,27,85
426,246,26,85
425,245,26,83
424,244,25,87
422,243,25,87
421,247,25,86
420,244,25,86
418,247,26,82
417,247,26,83
417,248,26,82
416,244,26,83
413,244,26,84
413,245,27,86
414,245,27,86
412,243,27,87
411,242,28,88
408,241,28,90
406,240,28,91
405,241,29,92
405,245,29,92
404,242,29,92
402,243,29,93
400,244,29,93
399,244,29,91
398,245,29,92
398,244,29,94
397,246,30,94
398,243,29,93
397,243,30,94
398,242,30,96
395,243,30,95
392,245,29,94
388,246,29,92
386,247,29,92
385,247,28,90
383,247,28,90
376,250,28,89
373,249,28,89
371,248,28,90
368,247,28,89
367,245,29,91
364,245,26,95
363,246,27,93
361,246,27,93
361,247,27,91
361,249,27,92
362,248,27,91
361,249,28,90
363,250,28,91
363,250,28,88
364,249,28,89
369,250,27,87
370,248,28,89
370,247,28,89
373,246,28,88
376,248,27,86
378,246,27,88
381,246,27,88
382,246,27,86
385,248,26,84
385,247,26,83
388,246,26,84
387,247,26,83
388,246,26,83
390,246,26,83
391,246,27,85
391,245,27,86
392,246,27,86
393,246,27,86
392,245,28,88
392,245,27,87
396,245,27,86
399,245,27,87
398,244,28,88
401,244,28,88
403,243,27,87
407,239,28,88
410,240,27,87
414,240,27,86
417,241,27,86
418,239,27,87
424,238,28,87
427,238,28,88
429,239,28,89
431,237,29,91
433,239,28,90
437,237,28,90
439,237,29,92
438,235,30,95
439,237,30,95
441,237,29,94
442,237,29,93
441,235,29,93
442,237,29,92
442,233,29,93
441,235,30,94
441,234,30,94
441,240,30,95
444,240,30,95
446,239,30,96
448,236,30,96
451,234,31,97
455,233,30,97
459,235,31,97
463,234,31,99
464,232,31,98
471,232,31,98
474,233,31,97
477,232,31,97
481,234,31,97
486,237,30,95
489,240,30,94
489,236,29,93
490,241,29,92
491,241,29,92
490,241,29,93
492,241,29,92
491,240,29,92
491,239,28,90
493,240,28,89
490,241,28,89
492,240,28,89
490,240,28,90
493,238,29,93
496,239,29,95
500,238,29,98
501,239,27,101
502,241,30,99
505,244,31,97
510,246,31,99
513,247,31,99
517,251,31,98
519,250,31,97
521,250,30,97
521,249,30,96
519,248,30,94
520,248,29,93
518,242,30,94
515,243,30,94
515,242,29,93
513,240,29,93
509,238,29,92
506,238,29,93
503,236,29,92
501,237,28,92
497,236,29,91
494,236,28,89
491,236,28,90
488,235,27,92
486,236,28,92
483,234,27,93
478,230,26,98
474,229,27,95
471,228,28,95
469,228,28,93
469,229,28,94
469,231,29,91
468,231,28,90
467,232,29,91
466,235,28,90
467,236,28,92
465,235,29,92
465,236,29,92
465,236,28,93
465,235,29,95
469,236,27,100
470,237,27,100
471,236,29,96
472,238,30,96
472,243,30,95
474,246,30,95
475,246,30,95
476,246,30,96
477,248,30,96
479,249,30,97
480,249,30,100
481,246,28,105
481,248,28,102
480,246,29,100
481,244,29,103
481,244,29,103
482,241,27,106
481,242,28,106
483,244,28,108
483,242,29,104
481,240,32,100
481,238,31,101
479,240,32,100
477,244,32,102
476,247,31,100
474,249,31,100
474,249,30,102
472,248,31,101
474,249,29,102
476,250,28,105
478,251,27,106
478,250,27,105
479,250,27,105
479,249,27,106
479,250,27,106
479,248,28,108
478,247,28,108
476,243,28,107
475,242,29,108
473,241,31,107
474,240,35,110
478,238,35,111
479,232,34,112
478,233,35,111
480,231,36,113
485,229,35,112
488,231,35,112
492,233,34,113
494,237,34,111
499,240,35,111
505,243,34,110
513,244,34,109
521,246,32,110
523,248,32,108
527,245,33,109
532,245,34,108
537,245,34,109
542,249,34,110
543,249,33,111
544,251,34,110
547,250,34,109
550,248,34,109
552,245,34,109
555,245,34,109
553,245,34,108
557,246,33,106
557,245,33,105
558,243,33,106
558,242,33,105
559,240,33,103
560,240,32,103
560,239,32,101
560,240,31,100
561,236,32,101
562,240,32,100
566,244,28,107
565,244,28,105
561,243,30,102
560,246,31,98
555,243,31,100
554,239,32,102
553,239,32,103
549,237,33,103
547,235,33,105
546,235,33,105
546,236,33,105
545,235,33,106
544,234,34,107
544,235,34,106
545,236,33,106
546,235,34,107
546,235,33,104
544,233,33,104
542,235,32,103
543,239,32,101
542,239,31,103
541,237,30,106
539,236,31,105
540,234,31,108
537,234,33,105
537,231,33,106
537,230,33,104
533,230,33,104
533,229,33,103
532,231,33,103
532,231,32,102
532,231,32,102
530,236,31,100
530,240,32,100
529,239,32,102
527,242,32,102
529,241,31,105
529,242,31,106
530,242,30,107
530,243,31,108
530,243,31,109
530,243,30,111
530,242,31,111
531,242,30,110
531,244,30,110
530,240,29,111
527,240,29,110
523,241,31,112
519,240,31,109
516,240,32,110
513,240,32,110
510,238,32,114
504,234,31,115
499,236,33,114
492,237,34,116
489,234,35,114
485,233,35,112
480,233,36,113
475,232,36,115
472,233,36,115
468,233,36,114
467,234,34,117
465,238,33,114
464,237,31,116
464,237,32,118
462,236,33,117
461,233,34,118
461,234,33,116
461,234,32,116
465,233,32,118
465,229,33,119
467,229,33,120
470,230,33,118
471,228,33,117
472,230,33,119
474,231,31,116
474,233,31,116
473,232,31,114
471,233,31,115
471,235,30,114
468,234,31,115
468,235,31,115
466,237,32,114
466,240,32,114
462,237,33,113
462,238,32,112
461,239,33,112
461,239,34,112
464,240,34,112
467,240,35,113
471,238,36,114
474,238,35,115
480,237,35,116
485,234,35,119
486,231,34,121
489,228,34,120
489,226,37,116
495,221,34,124
496,221,33,121
498,222,33,120
497,219,33,117
497,220,33,119
497,224,33,115
495,226,33,115
491,226,35,115
490,229,36,114
488,232,37,115
486,233,37,113
481,234,37,113
478,232,38,112
477,231,38,115
474,226,37,118
470,232,37,114
470,238,36,112
467,242,36,111
463,241,37,111
461,242,36,110
455,241,38,115
450,231,38,121
449,226,39,122
445,224,39,123
445,224,39,123
438,217,39,124
433,211,40,125
429,207,40,128
428,208,41,128
427,208,41,129
427,208,40,128
425,207,40,126
423,211,36,128
426,217,35,129
427,225,35,127
429,227,35,123
432,233,36,121
437,234,36,122
438,234,37,120
442,233,36,123
444,233,35,123
446,234,36,122
449,234,36,123
454,237,34,120
456,235,34,121
461,236,34,120
465,236,35,117
469,236,36,118
474,238,37,116
479,240,37,116
484,239,36,114
492,238,36,114
496,240,36,113
500,239,36,115
502,241,36,113
502,241,36,113
498,246,35,111
498,250,35,111
491,251,34,107
485,247,34,107
485,251,34,105
484,250,34,103
484,249,35,103
484,250,36,103
484,247,36,104
482,241,35,105
482,241,36,105
480,241,36,104
480,240,36,106
481,239,36,108
479,237,36,109
479,237,37,111
479,235,37,111
479,234,37,113
479,235,37,111
479,234,37,109
480,230,37,114
479,233,36,111
479,232,35,111
479,228,36,112
479,229,36,111
478,231,35,108
479,230,35,109
478,233,35,108
479,229,36,110
479,230,36,109
479,232,35,108
479,233,35,107
478,232,35,108
480,230,36,109
480,231,35,108
480,231,35,108
481,232,35,109
483,231,35,110
483,227,35,110
483,228,35,110
483,230,35,111
483,227,35,111
483,230,35,110
482,228,35,110
482,229,35,111
480,228,36,111
480,229,36,112
480,232,36,110
480,231,36,110
480,232,37,109
480,231,37,112
478,232,37,111
478,234,37,109
477,235,36,107
477,236,36,107
477,236,35,107
477,236,36,107
478,235,35,105
478,234,33,108
478,233,35,110
477,231,35,112
477,229,36,113
478,231,36,113
477,232,35,112
480,232,35,111
483,234,35,111
479,231,35,112
478,234,35,112
476,233,35,111
475,237,35,110
471,238,35,110
465,232,35,112
465,230,35,112
460,226,36,113
459,224,36,113
457,229,35,111
456,231,35,111
457,230,35,110
455,233,35,111
454,234,36,113
451,232,36,113
449,227,36,114
445,222,37,116
442,218,37,116
440,216,36,114
435,216,36,115
433,216,36,114
432,220,36,116
430,221,37,118
426,224,37,118
425,231,37,117
423,229,37,118
421,225,37,117
419,225,37,118
415,225,37,118
411,215,37,118
408,217,38,120
406,212,39,122
405,212,39,122
402,209,39,124
401,217,38,121
400,221,38,120
399,221,37,119
397,224,37,118
392,224,37,119
388,222,37,118
386,222,37,118
386,220,37,116
382,216,38,119
379,215,38,120
376,217,38,120
377,218,38,121
374,221,38,121
369,222,38,121
366,225,38,120
357,222,38,119
358,226,37,118
350,221,37,117
350,226,36,114
347,224,36,113
342,217,36,115
340,216,36,116
337,215,36,115
335,217,36,115
334,220,36,115
330,220,37,116
327,219,37,117
324,219,37,118
322,217,38,119
320,220,38,122
317,220,38,119
313,214,38,121
309,217,38,121
308,218,39,123
305,217,41,128
300,217,40,126
295,217,40,126
296,218,40,128
292,219,40,128
287,218,41,131
282,214,42,131
275,216,42,132
273,217,42,133
270,216,41,131
268,214,42,132
264,215,41,131
261,214,42,132
258,211,42,134
256,218,42,132
251,218,42,132
248,216,42,134
245,215,42,132
243,215,41,131
241,211,42,133
238,213,42,133
239,210,43,135
232,212,43,135
231,212,43,136
225,212,43,135
228,212,42,134
227,212,43,135
223,210,42,133
221,211,41,131
221,212,41,130
223,209,41,129
222,206,41,131
219,206,41,131
218,204,42,132
215,207,41,131
211,205,42,133
202,206,42,134
196,206,43,135
191,207,43,136
187,207,42,134
185,208,43,135
179,208,43,136
174,209,43,136
176,206,43,136
173,207,43,136
170,207,42,134
166,205,43,135
167,208,42,133
166,208,42,133
164,208,42,134
165,212,43,135
162,209,43,137
159,207,44,139
158,212,44,139
157,213,44,138
154,209,44,139
148,207,44,140
150,212,43,137
148,209,44,139
148,205,43,137
149,204,44,140
148,204,45,144
146,206,45,144
143,200,45,144
141,202,45,143
137,206,45,142
135,201,46,144
132,198,46,145
129,200,46,145
126,201,46,144
123,206,45,143
121,204,45,141
120,204,45,142
121,200,46,145
119,202,45,144
120,198,46,146
120,198,46,146
119,195,47,147
118,196,47,148
116,196,47,148
116,195,47,149
115,195,47,150
113,194,48,151
111,198,48,153
111,198,48,153
108,200,48,152
107,203,47,149
101,198,48,151
96,198,48,153
89,196,49,154
88,198,49,155
86,198,50,157
84,197,49,156
83,198,50,158
82,198,50,158
79,197,50,158
80,192,51,160
80,192,51,161
82,196,50,158
83,199,51,160
86,202,50,160
96,198,50,158
108,191,50,158
117,188,50,157
128,187,50,161
136,181,49,161
146,193,49,154
137,180,50,162
130,193,51,162
126,196,51,162
127,203,51,160
134,209,50,158
138,201,50,157
140,201,49,156
139,201,49,155
144,194,49,155
148,200,49,157
151,194,46,160
159,208,48,154
160,213,48,158
173,226,50,146
145,203,49,160
125,193,51,160
122,190,51,161
118,199,51,162
116,194,51,161
116,192,51,160
115,197,51,163
114,193,51,162
112,194,51,162
112,192,52,163
116,194,49,163
117,188,48,167
114,183,48,168
116,188,45,169
112,185,46,169
108,186,46,166
102,185,47,163
98,182,46,161
98,184,48,161
96,185,48,160
96,185,48,158
92,191,48,154
90,190,48,157
88,191,49,151
86,191,49,155
81,188,49,156
76,193,49,157
73,191,49,160
70,195,49,163
62,191,51,158
65,192,50,158
64,199,50,159
55,198,50,159
49,198,50,158
64,203,50,158
64,203,49,155
56,203,49,155
51,203,49,153
53,203,49,156
42,210,51,160
43,208,51,160
32,223,49,156
39,209,50,157
37,207,50,157
35,208,49,155
33,209,48,152
35,207,47,148
30,209,47,149
28,207,47,149
31,206,47,148
29,207,47,148
24,209,46,146
26,210,46,144
24,210,45,143
24,210,44,140
26,212,44,140
26,212,43,137
25,215,43,135
25,217,42,132
25,218,42,133
26,216,42,134
27,218,42,134
30,219,42,133
30,219,42,132
36,217,41,131
37,219,41,129
40,221,41,130
42,220,41,129
40,221,41,131
46,217,41,131
45,218,42,132
48,219,41,130
53,220,41,129
54,219,40,127
62,219,39,124
65,217,39,123
65,221,38,121
69,217,39,123
70,218,39,122
71,217,39,123
69,216,39,122
80,215,38,121
85,214,37,119
90,213,37,117
89,214,37,119
94,212,36,115
95,216,36,114
99,215,36,115
101,214,36,115
104,215,36,114
108,214,36,115
107,212,36,116
111,211,37,117
111,210,37,118
111,209,37,118
113,209,38,120
113,212,38,119
112,215,37,118
114,211,38,119
113,211,38,120
110,211,38,121
105,210,38,119
104,211,37,118
105,211,37,119
102,213,37,118
99,213,38,119
100,213,38,120
94,211,39,122
96,214,38,120
90,212,38,121
91,211,39,122
86,211,38,122
86,209,39,123
85,206,39,124
83,210,40,125
82,211,39,125
83,212,40,126
81,213,39,125
81,213,39,125
85,213,40,126
92,214,40,126
92,214,40,126
98,218,39,125
101,217,39,124
101,217,39,124
101,217,39,124
67,210,39,124
71,205,39,123
71,205,40,125
72,206,40,126
72,210,40,128
72,205,41,130
77,203,41,130
75,211,42,132
79,204,42,133
83,201,43,136
85,203,44,139
92,195,44,140
93,196,45,142
97,195,45,143
98,198,45,141
98,193,45,143
100,188,46,144
100,188,46,146
101,186,47,147
106,186,47,149
107,187,47,148
112,187,47,148
114,189,47,149
117,191,47,150
117,188,46,146
117,188,46,146
117,188,46,146
132,182,46,144
129,191,46,145
131,194,46,145
131,194,46,145
131,194,46,145
131,194,46,145
131,194,46,145
131,194,46,145
131,194,46,145
131,194,46,145
149,184,46,145
151,186,46,146
150,187,46,145
150,190,46,145
157,189,45,144
157,191,45,142
160,186,44,138
160,190,44,139
159,188,45,141
159,188,45,142
160,190,44,140
162,189,44,140
163,189,44,138
161,197,44,139
162,195,43,137
160,196,43,136
162,198,44,138
160,196,44,139
157,195,43,136
155,197,43,135
156,199,42,132
156,199,42,132
156,199,42,132
156,199,42,132
156,199,42,132
165,192,42,132
163,195,42,132
160,187,42,133
160,189,42,134
161,191,42,132
159,186,43,135
158,189,42,134
161,186,43,135
160,189,43,135
161,187,43,137
162,187,44,140
165,190,44,140
167,191,42,144
167,191,42,144
167,191,42,144
167,191,42,144
167,191,42,144
167,191,42,144
167,191,42,144
167,191,42,144
173,195,45,144
176,193,45,143
178,198,45,143
178,198,45,143
183,213,45,143
184,203,46,144
184,203,46,144
184,203,46,144
184,203,46,144
184,203,46,144
184,203,46,144
184,203,46,144
184,203,46,144
184,203,46,144
184,203,46,144
184,203,46,144
193,183,45,144
193,185,46,146
194,189,45,142
198,185,46,145
199,183,47,147
203,182,46,147
208,186,45,143
208,186,46,144
212,183,45,144
216,180,46,144
220,180,46,147
224,182,46,147
226,180,46,146
227,177,47,150
224,184,46,149
226,182,46,151
228,186,46,149
228,183,46,146
229,185,46,145
231,186,45,143
232,186,45,142
233,188,44,140
236,188,44,139
237,188,43,137
241,188,43,137
243,189,43,136
244,188,44,138
244,193,44,140
245,188,45,142
246,187,46,144
254,182,45,145
261,174,43,151
265,172,44,150
264,176,45,146
264,173,46,146
268,173,46,146
268,171,46,147
272,169,46,146
275,171,46,146
278,173,46,146
281,169,47,147
285,172,47,148
286,177,47,147
290,173,45,153
294,174,47,149
295,171,47,149
296,175,47,149
294,178,47,148
296,180,47,148
299,181,47,147
304,177,47,147
307,179,47,149
311,176,46,149
309,185,47,146
319,175,47,147
325,171,47,150
326,171,46,152
326,173,46,148
325,173,46,150
