2.660000000000000000e+02 2.110000000000000000e+02 300.0 2.110000000000000000e+02 300.0 242.0 2.660000000000000000e+02 242.0
2.624147338867187500e+02 2.071877441406250000e+02 296.5332832336426 2.071877441406250000e+02 296.5332832336426 238.29583358764648 2.624147338867187500e+02 238.29583358764648
2.596696472167968750e+02 2.050679168701171875e+02 294.7962341308594 2.050679168701171875e+02 294.7962341308594 237.09510040283203 2.596696472167968750e+02 237.09510040283203
2.515340576171875000e+02 1.945651550292968750e+02 286.59728240966797 1.945651550292968750e+02 286.59728240966797 226.53456497192383 2.515340576171875000e+02 226.53456497192383
2.490116729736328125e+02 1.937154083251953125e+02 283.6601791381836 1.937154083251953125e+02 283.6601791381836 225.3066921234131 2.490116729736328125e+02 225.3066921234131
2.411674804687500000e+02 1.870895690917968750e+02 275.64086532592773 1.870895690917968750e+02 275.64086532592773 218.52118492126465 2.411674804687500000e+02 218.52118492126465
2.379968261718750000e+02 1.845215759277343750e+02 272.49991607666016 1.845215759277343750e+02 272.49991607666016 215.98027420043945 2.379968261718750000e+02 215.98027420043945
2.339142150878906250e+02 1.829198760986328125e+02 268.0216293334961 1.829198760986328125e+02 268.0216293334961 214.01781272888184 2.339142150878906250e+02 214.01781272888184
2.289797668457031250e+02 1.785090026855468750e+02 263.6276206970215 1.785090026855468750e+02 263.6276206970215 210.09969520568848 2.289797668457031250e+02 210.09969520568848
2.262547912597656250e+02 1.750663604736328125e+02 260.4313774108887 1.750663604736328125e+02 260.4313774108887 206.2273712158203 2.262547912597656250e+02 206.2273712158203
2.223909606933593750e+02 1.709443054199218750e+02 256.73155975341797 1.709443054199218750e+02 256.73155975341797 202.25485801696777 2.223909606933593750e+02 202.25485801696777
2.154110107421875000e+02 1.675208282470703125e+02 249.9261932373047 1.675208282470703125e+02 249.9261932373047 198.99055862426758 2.154110107421875000e+02 198.99055862426758
2.129906768798828125e+02 1.648687133789062500e+02 247.6291275024414 1.648687133789062500e+02 247.6291275024414 196.45083618164062 2.129906768798828125e+02 196.45083618164062
2.069302215576171875e+02 1.607411651611328125e+02 241.4416847229004 1.607411651611328125e+02 241.4416847229004 192.2075080871582 2.069302215576171875e+02 192.2075080871582
2.034777069091796875e+02 1.569404602050781250e+02 238.08092880249023 1.569404602050781250e+02 238.08092880249023 188.4904670715332 2.034777069091796875e+02 188.4904670715332
2.026188507080078125e+02 1.535215606689453125e+02 236.5232925415039 1.535215606689453125e+02 236.5232925415039 184.43444442749023 2.026188507080078125e+02 184.43444442749023
2.014951171875000000e+02 1.539709930419921875e+02 234.68540954589844 1.539709930419921875e+02 234.68540954589844 184.23273849487305 2.014951171875000000e+02 184.23273849487305
1.950800018310546875e+02 1.487756347656250000e+02 228.53966522216797 1.487756347656250000e+02 228.53966522216797 179.28298377990723 1.950800018310546875e+02 179.28298377990723
1.909611511230468750e+02 1.458676757812500000e+02 224.74617767333984 1.458676757812500000e+02 224.74617767333984 176.67168045043945 1.909611511230468750e+02 176.67168045043945
1.876425323486328125e+02 1.428515014648437500e+02 220.96591567993164 1.428515014648437500e+02 220.96591567993164 173.23459434509277 1.876425323486328125e+02 173.23459434509277
1.864102020263671875e+02 1.405921020507812500e+02 219.20090103149414 1.405921020507812500e+02 219.20090103149414 170.48951148986816 1.864102020263671875e+02 170.48951148986816
1.844552612304687500e+02 1.379816436767578125e+02 217.06453323364258 1.379816436767578125e+02 217.06453323364258 167.7136344909668 1.844552612304687500e+02 167.7136344909668
1.821969604492187500e+02 1.361517333984375000e+02 214.34697723388672 1.361517333984375000e+02 214.34697723388672 165.46499633789062 1.821969604492187500e+02 165.46499633789062
1.788655090332031250e+02 1.340089416503906250e+02 210.4810333251953 1.340089416503906250e+02 210.4810333251953 162.8348731994629 1.788655090332031250e+02 162.8348731994629
1.770522003173828125e+02 1.314284973144531250e+02 208.21095848083496 1.314284973144531250e+02 208.21095848083496 159.83796310424805 1.770522003173828125e+02 159.83796310424805
1.756003265380859375e+02 1.305858001708984375e+02 205.97987365722656 1.305858001708984375e+02 205.97987365722656 158.28480911254883 1.756003265380859375e+02 158.28480911254883
1.712774963378906250e+02 1.265975494384765625e+02 201.3950901031494 1.265975494384765625e+02 201.3950901031494 154.05771827697754 1.712774963378906250e+02 154.05771827697754
1.705696411132812500e+02 1.251780853271484375e+02 200.37059593200684 1.251780853271484375e+02 200.37059593200684 152.34955215454102 1.705696411132812500e+02 152.34955215454102
1.654303436279296875e+02 1.214045028686523438e+02 194.80946922302246 1.214045028686523438e+02 194.80946922302246 148.19135856628418 1.654303436279296875e+02 148.19135856628418
1.636465301513671875e+02 1.209796752929687500e+02 192.54344177246094 1.209796752929687500e+02 192.54344177246094 147.32686805725098 1.636465301513671875e+02 147.32686805725098
1.629064178466796875e+02 1.193788452148437500e+02 191.58396530151367 1.193788452148437500e+02 191.58396530151367 145.52603149414062 1.629064178466796875e+02 145.52603149414062
1.596384735107421875e+02 1.162490005493164062e+02 188.22233963012695 1.162490005493164062e+02 188.22233963012695 142.31077194213867 1.596384735107421875e+02 142.31077194213867
1.578864440917968750e+02 1.144355316162109375e+02 185.91522789001465 1.144355316162109375e+02 185.91522789001465 139.9911994934082 1.578864440917968750e+02 139.9911994934082
1.558692169189453125e+02 1.135233154296875000e+02 184.27035522460938 1.135233154296875000e+02 184.27035522460938 139.41848182678223 1.558692169189453125e+02 139.41848182678223
1.533206024169921875e+02 1.105361709594726562e+02 181.66018295288086 1.105361709594726562e+02 181.66018295288086 136.37521171569824 1.533206024169921875e+02 136.37521171569824
1.511023559570312500e+02 1.092451400756835938e+02 179.21074867248535 1.092451400756835938e+02 179.21074867248535 134.87339401245117 1.511023559570312500e+02 134.87339401245117
1.498738098144531250e+02 1.083198852539062500e+02 177.97251510620117 1.083198852539062500e+02 177.97251510620117 133.93931007385254 1.498738098144531250e+02 133.93931007385254
1.483558044433593750e+02 1.064037933349609375e+02 176.07492446899414 1.064037933349609375e+02 176.07492446899414 131.67712211608887 1.483558044433593750e+02 131.67712211608887
1.448881988525390625e+02 1.037730560302734375e+02 172.22310829162598 1.037730560302734375e+02 172.22310829162598 128.69607543945312 1.448881988525390625e+02 128.69607543945312
1.441089782714843750e+02 1.030055541992187500e+02 171.02570724487305 1.030055541992187500e+02 171.02570724487305 127.54728889465332 1.441089782714843750e+02 127.54728889465332
1.421182708740234375e+02 9.991572570800781250e+01 168.62159156799316 9.991572570800781250e+01 168.62159156799316 124.08052825927734 1.421182708740234375e+02 124.08052825927734
1.402931823730468750e+02 9.949034881591796875e+01 166.74584007263184 9.949034881591796875e+01 166.74584007263184 123.60896110534668 1.402931823730468750e+02 123.60896110534668
1.391833953857421875e+02 9.893022155761718750e+01 165.43915176391602 9.893022155761718750e+01 165.43915176391602 122.86930274963379 1.391833953857421875e+02 122.86930274963379
1.355409393310546875e+02 9.609069061279296875e+01 161.24358558654785 9.609069061279296875e+01 161.24358558654785 119.52546501159668 1.355409393310546875e+02 119.52546501159668
1.338820037841796875e+02 9.543473052978515625e+01 159.32981491088867 9.543473052978515625e+01 159.32981491088867 118.63715362548828 1.338820037841796875e+02 118.63715362548828
1.336719512939453125e+02 9.447993469238281250e+01 159.0154857635498 9.447993469238281250e+01 159.0154857635498 117.58728218078613 1.336719512939453125e+02 117.58728218078613
1.309687652587890625e+02 9.210066986083984375e+01 156.46973037719727 9.210066986083984375e+01 156.46973037719727 115.35155487060547 1.309687652587890625e+02 115.35155487060547
1.298295898437500000e+02 9.165510559082031250e+01 155.02721977233887 9.165510559082031250e+01 155.02721977233887 114.62942123413086 1.298295898437500000e+02 114.62942123413086
1.276984710693359375e+02 9.024909973144531250e+01 152.49236297607422 9.024909973144531250e+01 152.49236297607422 112.85529899597168 1.276984710693359375e+02 112.85529899597168
1.265911865234375000e+02 8.972779846191406250e+01 151.31900787353516 8.972779846191406250e+01 151.31900787353516 112.27375793457031 1.265911865234375000e+02 112.27375793457031
1.243870620727539062e+02 8.662689208984375000e+01 148.59232139587402 8.662689208984375000e+01 148.59232139587402 108.6963996887207 1.243870620727539062e+02 108.6963996887207
1.236327667236328125e+02 8.625914001464843750e+01 147.4798183441162 8.625914001464843750e+01 147.4798183441162 108.00204849243164 1.236327667236328125e+02 108.00204849243164
1.213732681274414062e+02 8.441734313964843750e+01 145.0397663116455 8.441734313964843750e+01 145.0397663116455 105.9956283569336 1.213732681274414062e+02 105.9956283569336
1.199327545166015625e+02 8.333659362792968750e+01 143.23637771606445 8.333659362792968750e+01 143.23637771606445 104.58402252197266 1.199327545166015625e+02 104.58402252197266
1.184322662353515625e+02 8.233553314208984375e+01 141.3935146331787 8.233553314208984375e+01 141.3935146331787 103.27079772949219 1.184322662353515625e+02 103.27079772949219
1.171888427734375000e+02 8.089718627929687500e+01 139.77386856079102 8.089718627929687500e+01 139.77386856079102 101.48942565917969 1.171888427734375000e+02 101.48942565917969
1.158720474243164062e+02 7.976645660400390625e+01 138.6104736328125 7.976645660400390625e+01 138.6104736328125 100.49856185913086 1.158720474243164062e+02 100.49856185913086
1.150704803466796875e+02 7.917599487304687500e+01 137.3563232421875 7.917599487304687500e+01 137.3563232421875 99.49544906616211 1.150704803466796875e+02 99.49544906616211
1.133554229736328125e+02 7.738803863525390625e+01 135.6541690826416 7.738803863525390625e+01 135.6541690826416 97.71925926208496 1.133554229736328125e+02 97.71925926208496
1.112446899414062500e+02 7.592116546630859375e+01 133.32103729248047 7.592116546630859375e+01 133.32103729248047 96.04961013793945 1.112446899414062500e+02 96.04961013793945
