1.500000000000000000e+01 3.600000000000000000e+01 39.0 3.600000000000000000e+01 39.0 63.0 1.500000000000000000e+01 63.0
1.605127334594726562e+01 3.619596099853515625e+01 39.74263000488281 3.619596099853515625e+01 39.74263000488281 62.84873580932617 1.605127334594726562e+01 62.84873580932617
1.909098434448242188e+01 3.727840805053710938e+01 42.27987861633301 3.727840805053710938e+01 42.27987861633301 63.36591339111328 1.909098434448242188e+01 63.36591339111328
1.998775291442871094e+01 3.677004241943359375e+01 43.321861267089844 3.677004241943359375e+01 43.321861267089844 63.020912170410156 1.998775291442871094e+01 63.020912170410156
2.300090599060058594e+01 3.773878860473632812e+01 46.1447868347168 3.773878860473632812e+01 46.1447868347168 63.77565383911133 2.300090599060058594e+01 63.77565383911133
2.435060501098632812e+01 3.719923019409179688e+01 47.52102470397949 3.719923019409179688e+01 47.52102470397949 63.26595115661621 2.435060501098632812e+01 63.26595115661621
2.625197410583496094e+01 3.763682937622070312e+01 49.38944435119629 3.763682937622070312e+01 49.38944435119629 63.66648292541504 2.625197410583496094e+01 63.66648292541504
2.742852210998535156e+01 3.815605163574218750e+01 50.60431480407715 3.815605163574218750e+01 50.60431480407715 64.22881507873535 2.742852210998535156e+01 64.22881507873535
2.963988304138183594e+01 3.804277801513671875e+01 52.56819534301758 3.804277801513671875e+01 52.56819534301758 63.83712577819824 2.963988304138183594e+01 63.83712577819824
3.122847557067871094e+01 3.895009613037109375e+01 54.34596252441406 3.895009613037109375e+01 54.34596252441406 64.9572639465332 3.122847557067871094e+01 64.9572639465332
3.329300689697265625e+01 3.935195922851562500e+01 56.73466873168945 3.935195922851562500e+01 56.73466873168945 65.72382164001465 3.329300689697265625e+01 65.72382164001465
3.475310897827148438e+01 3.930369186401367188e+01 58.39940071105957 3.930369186401367188e+01 58.39940071105957 65.90576171875 3.475310897827148438e+01 65.90576171875
3.730745697021484375e+01 4.042130279541015625e+01 61.03143501281738 4.042130279541015625e+01 61.03143501281738 67.11077117919922 3.730745697021484375e+01 67.11077117919922
3.892977142333984375e+01 4.134133911132812500e+01 62.41214370727539 4.134133911132812500e+01 62.41214370727539 67.75900268554688 3.892977142333984375e+01 67.75900268554688
4.165955352783203125e+01 4.187846374511718750e+01 64.98108100891113 4.187846374511718750e+01 64.98108100891113 68.11517715454102 4.165955352783203125e+01 68.11517715454102
4.248419952392578125e+01 4.208130264282226562e+01 65.57765579223633 4.208130264282226562e+01 65.57765579223633 68.06143569946289 4.248419952392578125e+01 68.06143569946289
4.497518920898437500e+01 4.331006240844726562e+01 67.8704776763916 4.331006240844726562e+01 67.8704776763916 69.06725883483887 4.497518920898437500e+01 69.06725883483887
4.583189773559570312e+01 4.308493423461914062e+01 68.6623306274414 4.308493423461914062e+01 68.6623306274414 68.76916313171387 4.583189773559570312e+01 68.76916313171387
4.840753555297851562e+01 4.389810943603515625e+01 71.4206771850586 4.389810943603515625e+01 71.4206771850586 69.78788566589355 4.840753555297851562e+01 69.78788566589355
4.995519256591796875e+01 4.366795730590820312e+01 72.48409271240234 4.366795730590820312e+01 72.48409271240234 69.0129623413086 4.995519256591796875e+01 69.0129623413086
5.255762863159179688e+01 4.446974563598632812e+01 75.29461669921875 4.446974563598632812e+01 75.29461669921875 70.0488510131836 5.255762863159179688e+01 70.0488510131836
5.416854095458984375e+01 4.495990753173828125e+01 77.31914901733398 4.495990753173828125e+01 77.31914901733398 71.00433540344238 5.416854095458984375e+01 71.00433540344238
5.694346237182617188e+01 4.509705352783203125e+01 79.8178939819336 4.509705352783203125e+01 79.8178939819336 70.83078193664551 5.694346237182617188e+01 70.83078193664551
5.768300247192382812e+01 4.407830047607421875e+01 81.06410026550293 4.407830047607421875e+01 81.06410026550293 70.38202667236328 5.768300247192382812e+01 70.38202667236328
6.086470794677734375e+01 4.429198074340820312e+01 84.02563285827637 4.429198074340820312e+01 84.02563285827637 70.3480110168457 6.086470794677734375e+01 70.3480110168457
6.305024337768554688e+01 4.604633331298828125e+01 85.99523735046387 4.604633331298828125e+01 85.99523735046387 71.85943984985352 6.305024337768554688e+01 71.85943984985352
6.570787811279296875e+01 4.521665191650390625e+01 88.39469337463379 4.521665191650390625e+01 88.39469337463379 70.73930740356445 6.570787811279296875e+01 70.73930740356445
6.706517791748046875e+01 4.519962692260742188e+01 89.84675407409668 4.519962692260742188e+01 89.84675407409668 70.82888793945312 6.706517791748046875e+01 70.82888793945312
7.035035705566406250e+01 4.633505630493164062e+01 92.68022155761719 4.633505630493164062e+01 92.68022155761719 71.45614242553711 7.035035705566406250e+01 71.45614242553711
7.208740997314453125e+01 4.676107788085937500e+01 93.98362159729004 4.676107788085937500e+01 93.98362159729004 71.3943042755127 7.208740997314453125e+01 71.3943042755127
7.312199401855468750e+01 4.613327789306640625e+01 95.19318199157715 4.613327789306640625e+01 95.19318199157715 70.96335220336914 7.312199401855468750e+01 70.96335220336914
7.656124877929687500e+01 4.674786376953125000e+01 98.58794403076172 4.674786376953125000e+01 98.58794403076172 71.52788352966309 7.656124877929687500e+01 71.52788352966309
7.861132049560546875e+01 4.687840652465820312e+01 100.70598983764648 4.687840652465820312e+01 100.70598983764648 71.73489761352539 7.861132049560546875e+01 71.73489761352539
7.979150390625000000e+01 4.623432159423828125e+01 102.07436752319336 4.623432159423828125e+01 102.07436752319336 71.30253219604492 7.979150390625000000e+01 71.30253219604492
8.245039367675781250e+01 4.513664245605468750e+01 104.63623046875 4.513664245605468750e+01 104.63623046875 70.09569931030273 8.245039367675781250e+01 70.09569931030273
8.459434509277343750e+01 4.515852355957031250e+01 106.81572341918945 4.515852355957031250e+01 106.81572341918945 70.15756607055664 8.459434509277343750e+01 70.15756607055664
8.660707092285156250e+01 4.472273254394531250e+01 108.97758483886719 4.472273254394531250e+01 108.97758483886719 69.88955116271973 8.660707092285156250e+01 69.88955116271973
8.937626647949218750e+01 4.477068328857421875e+01 111.56637191772461 4.477068328857421875e+01 111.56637191772461 69.73454093933105 8.937626647949218750e+01 69.73454093933105
9.108586120605468750e+01 4.365418243408203125e+01 113.19968795776367 4.365418243408203125e+01 113.19968795776367 68.5322265625 9.108586120605468750e+01 68.5322265625
9.339532470703125000e+01 4.322219085693359375e+01 115.55045700073242 4.322219085693359375e+01 115.55045700073242 68.14669990539551 9.339532470703125000e+01 68.14669990539551
9.511219024658203125e+01 4.307923507690429688e+01 116.97952461242676 4.307923507690429688e+01 116.97952461242676 67.67997169494629 9.511219024658203125e+01 67.67997169494629
9.760755920410156250e+01 4.330184173583984375e+01 119.27219200134277 4.330184173583984375e+01 119.27219200134277 67.67454147338867 9.760755920410156250e+01 67.67454147338867
9.874196624755859375e+01 4.403014373779296875e+01 120.25114059448242 4.403014373779296875e+01 120.25114059448242 68.22795486450195 9.874196624755859375e+01 68.22795486450195
1.018137359619140625e+02 4.391458129882812500e+01 123.32366943359375 4.391458129882812500e+01 123.32366943359375 68.11324691772461 1.018137359619140625e+02 68.11324691772461
1.046317138671875000e+02 4.279622650146484375e+01 126.19083404541016 4.279622650146484375e+01 126.19083404541016 67.05022811889648 1.046317138671875000e+02 67.05022811889648
1.057929916381835938e+02 4.344192886352539062e+01 127.3052864074707 4.344192886352539062e+01 127.3052864074707 67.64325332641602 1.057929916381835938e+02 67.64325332641602
1.063549423217773438e+02 4.342768096923828125e+01 128.14904022216797 4.342768096923828125e+01 128.14904022216797 67.9460334777832 1.063549423217773438e+02 67.9460334777832
1.101590576171875000e+02 4.264963150024414062e+01 131.81225776672363 4.264963150024414062e+01 131.81225776672363 67.00947380065918 1.101590576171875000e+02 67.00947380065918
1.114381561279296875e+02 4.153342056274414062e+01 132.8919677734375 4.153342056274414062e+01 132.8919677734375 65.66894912719727 1.114381561279296875e+02 65.66894912719727
1.134639739990234375e+02 4.031607055664062500e+01 135.07411575317383 4.031607055664062500e+01 135.07411575317383 64.62746810913086 1.134639739990234375e+02 64.62746810913086
1.161409683227539062e+02 4.198479461669921875e+01 137.51956939697266 4.198479461669921875e+01 137.51956939697266 66.03570938110352 1.161409683227539062e+02 66.03570938110352
1.182130737304687500e+02 4.201863098144531250e+01 139.7989902496338 4.201863098144531250e+01 139.7989902496338 66.30277633666992 1.182130737304687500e+02 66.30277633666992
1.200684814453125000e+02 4.285143280029296875e+01 141.41873931884766 4.285143280029296875e+01 141.41873931884766 66.87046241760254 1.200684814453125000e+02 66.87046241760254
1.226977920532226562e+02 4.312343215942382812e+01 143.64988899230957 4.312343215942382812e+01 143.64988899230957 66.69453239440918 1.226977920532226562e+02 66.69453239440918
1.242106094360351562e+02 4.319716262817382812e+01 144.84872245788574 4.319716262817382812e+01 144.84872245788574 66.41503143310547 1.242106094360351562e+02 66.41503143310547
1.259467315673828125e+02 4.242705154418945312e+01 146.67678451538086 4.242705154418945312e+01 146.67678451538086 65.74835205078125 1.259467315673828125e+02 65.74835205078125
1.277788314819335938e+02 4.254328536987304688e+01 148.20088577270508 4.254328536987304688e+01 148.20088577270508 65.5180892944336 1.277788314819335938e+02 65.5180892944336
1.299227752685546875e+02 4.419297409057617188e+01 150.73247909545898 4.419297409057617188e+01 150.73247909545898 67.60388374328613 1.299227752685546875e+02 67.60388374328613
1.324418487548828125e+02 4.332273864746093750e+01 153.25735473632812 4.332273864746093750e+01 153.25735473632812 66.74017333984375 1.324418487548828125e+02 66.74017333984375
1.333092498779296875e+02 4.338111495971679688e+01 153.99294090270996 4.338111495971679688e+01 153.99294090270996 66.65025901794434 1.333092498779296875e+02 66.65025901794434
1.366240539550781250e+02 4.410279083251953125e+01 156.83751487731934 4.410279083251953125e+01 156.83751487731934 66.84292793273926 1.366240539550781250e+02 66.84292793273926
1.385316314697265625e+02 4.423645401000976562e+01 158.68075561523438 4.423645401000976562e+01 158.68075561523438 66.90421295166016 1.385316314697265625e+02 66.90421295166016
1.394156188964843750e+02 4.422840499877929688e+01 159.5584945678711 4.422840499877929688e+01 159.5584945678711 66.88913345336914 1.394156188964843750e+02 66.88913345336914
1.423053588867187500e+02 4.349197769165039062e+01 162.24934768676758 4.349197769165039062e+01 162.24934768676758 65.928955078125 1.423053588867187500e+02 65.928955078125
1.442176971435546875e+02 4.359974670410156250e+01 163.7286777496338 4.359974670410156250e+01 163.7286777496338 65.54959106445312 1.442176971435546875e+02 65.54959106445312
1.474642028808593750e+02 4.521466827392578125e+01 166.5570888519287 4.521466827392578125e+01 166.5570888519287 66.69415664672852 1.474642028808593750e+02 66.69415664672852
1.484737243652343750e+02 4.449944686889648438e+01 167.4193115234375 4.449944686889648438e+01 167.4193115234375 65.8132266998291 1.484737243652343750e+02 65.8132266998291
1.515313415527343750e+02 4.368964767456054688e+01 170.66987419128418 4.368964767456054688e+01 170.66987419128418 65.22049331665039 1.515313415527343750e+02 65.22049331665039
1.512610168457031250e+02 4.380802536010742188e+01 170.36806106567383 4.380802536010742188e+01 170.36806106567383 65.30344772338867 1.512610168457031250e+02 65.30344772338867
1.529199523925781250e+02 4.375984573364257812e+01 171.950927734375 4.375984573364257812e+01 171.950927734375 65.16969108581543 1.529199523925781250e+02 65.16969108581543
1.567990570068359375e+02 4.285116195678710938e+01 175.73900985717773 4.285116195678710938e+01 175.73900985717773 64.15860748291016 1.567990570068359375e+02 64.15860748291016
1.584045410156250000e+02 4.491311645507812500e+01 177.17087173461914 4.491311645507812500e+01 177.17087173461914 66.02523803710938 1.584045410156250000e+02 66.02523803710938
1.612065887451171875e+02 4.459771728515625000e+01 179.77449226379395 4.459771728515625000e+01 179.77449226379395 65.48660850524902 1.612065887451171875e+02 65.48660850524902
1.631064147949218750e+02 4.359880065917968750e+01 181.30467796325684 4.359880065917968750e+01 181.30467796325684 64.07184791564941 1.631064147949218750e+02 64.07184791564941
1.640542297363281250e+02 4.386479949951171875e+01 181.86261367797852 4.386479949951171875e+01 181.86261367797852 63.899234771728516 1.640542297363281250e+02 63.899234771728516
1.657505798339843750e+02 4.484070587158203125e+01 183.24432182312012 4.484070587158203125e+01 183.24432182312012 64.52116775512695 1.657505798339843750e+02 64.52116775512695
1.668379821777343750e+02 4.371149826049804688e+01 184.15361404418945 4.371149826049804688e+01 184.15361404418945 63.19158363342285 1.668379821777343750e+02 63.19158363342285
1.701138000488281250e+02 4.093169021606445312e+01 187.44440841674805 4.093169021606445312e+01 187.44440841674805 60.428627014160156 1.701138000488281250e+02 60.428627014160156
1.704907836914062500e+02 4.265883255004882812e+01 187.7598419189453 4.265883255004882812e+01 187.7598419189453 62.086524963378906 1.704907836914062500e+02 62.086524963378906
1.734190368652343750e+02 4.167196273803710938e+01 190.68523025512695 4.167196273803710938e+01 190.68523025512695 61.09643363952637 1.734190368652343750e+02 61.09643363952637
1.755024414062500000e+02 4.304825592041015625e+01 192.49262046813965 4.304825592041015625e+01 192.49262046813965 62.16221046447754 1.755024414062500000e+02 62.16221046447754
1.765002899169921875e+02 4.208643722534179688e+01 193.43391799926758 4.208643722534179688e+01 193.43391799926758 61.136770248413086 1.765002899169921875e+02 61.136770248413086
1.786463928222656250e+02 4.260553359985351562e+01 195.52426719665527 4.260553359985351562e+01 195.52426719665527 61.59314155578613 1.786463928222656250e+02 61.59314155578613
1.805077209472656250e+02 4.262100219726562500e+01 197.4307041168213 4.262100219726562500e+01 197.4307041168213 61.65935516357422 1.805077209472656250e+02 61.65935516357422
1.820788726806640625e+02 4.180112838745117188e+01 198.9282112121582 4.180112838745117188e+01 198.9282112121582 60.75663185119629 1.820788726806640625e+02 60.75663185119629
1.840350646972656250e+02 4.428362274169921875e+01 200.81168746948242 4.428362274169921875e+01 200.81168746948242 63.15732002258301 1.840350646972656250e+02 63.15732002258301
1.870310211181640625e+02 4.518885040283203125e+01 203.2813720703125 4.518885040283203125e+01 203.2813720703125 63.47049331665039 1.870310211181640625e+02 63.47049331665039
1.886470336914062500e+02 4.670059585571289062e+01 204.6062135696411 4.670059585571289062e+01 204.6062135696411 64.65467071533203 1.886470336914062500e+02 64.65467071533203
1.908723297119140625e+02 4.532835769653320312e+01 206.6679563522339 4.532835769653320312e+01 206.6679563522339 63.09843444824219 1.908723297119140625e+02 63.09843444824219
1.916342926025390625e+02 4.532371902465820312e+01 207.20066261291504 4.532371902465820312e+01 207.20066261291504 62.83588218688965 1.916342926025390625e+02 62.83588218688965
1.928395080566406250e+02 4.578603744506835938e+01 208.32266426086426 4.578603744506835938e+01 208.32266426086426 63.204586029052734 1.928395080566406250e+02 63.204586029052734
1.946822509765625000e+02 4.454144287109375000e+01 210.18927574157715 4.454144287109375000e+01 210.18927574157715 61.98684310913086 1.946822509765625000e+02 61.98684310913086
1.983570556640625000e+02 4.613566589355468750e+01 213.5927858352661 4.613566589355468750e+01 213.5927858352661 63.27585983276367 1.983570556640625000e+02 63.27585983276367
1.996366271972656250e+02 4.631772613525390625e+01 214.57608222961426 4.631772613525390625e+01 214.57608222961426 63.12460899353027 1.996366271972656250e+02 63.12460899353027
2.022289276123046875e+02 4.660399627685546875e+01 217.02206897735596 4.660399627685546875e+01 217.02206897735596 63.24627876281738 2.022289276123046875e+02 63.24627876281738
2.040820007324218750e+02 4.570362472534179688e+01 218.57902812957764 4.570362472534179688e+01 218.57902812957764 62.012779235839844 2.040820007324218750e+02 62.012779235839844
2.045155029296875000e+02 4.652500915527343750e+01 218.8166790008545 4.652500915527343750e+01 218.8166790008545 62.61383056640625 2.045155029296875000e+02 62.61383056640625
2.056732635498046875e+02 4.642849731445312500e+01 219.98409271240234 4.642849731445312500e+01 219.98409271240234 62.52817726135254 2.056732635498046875e+02 62.52817726135254
2.085395050048828125e+02 4.658293151855468750e+01 222.62037467956543 4.658293151855468750e+01 222.62037467956543 62.42390727996826 2.085395050048828125e+02 62.42390727996826
2.088887176513671875e+02 4.688628387451171875e+01 222.8852949142456 4.688628387451171875e+01 222.8852949142456 62.632429122924805 2.088887176513671875e+02 62.632429122924805
