779,275,23,30
780,274,22,31
781,274,23,31
782,274,22,31
782,275,24,30
782,275,24,30
783,275,24,30
784,275,24,30
787,274,24,29
788,273,24,30
789,274,23,29
789,275,23,29
789,277,23,28
788,278,23,29
787,280,24,29
787,281,22,28
787,281,22,29
785,281,23,30
786,280,22,31
783,279,24,31
784,279,23,30
782,278,24,30
782,278,24,31
780,277,26,32
780,279,24,31
779,279,26,32
780,280,24,32
780,280,25,34
780,281,24,33
780,280,24,33
781,280,24,33
781,280,24,34
782,281,24,33
781,282,25,34
781,283,25,34
780,283,25,35
780,284,25,35
780,284,25,35
779,284,25,35
778,283,25,37
778,284,25,35
776,284,25,36
776,285,26,35
774,285,25,35
773,287,26,35
770,288,27,35
769,289,28,35
767,289,28,36
765,289,27,36
764,290,26,35
762,290,25,34
760,290,25,33
759,290,25,33
758,291,25,31
758,291,24,30
755,293,25,29
755,295,25,30
755,296,25,29
754,299,25,29
754,299,24,30
754,300,24,31
753,300,24,31
754,300,24,32
754,300,24,32
754,300,24,32
754,300,25,33
755,300,25,33
754,299,26,34
755,300,25,34
754,299,25,34
754,299,25,33
754,297,25,33
754,297,25,33
754,296,25,34
754,296,24,33
754,298,23,33
754,300,22,34
754,302,22,34
753,303,22,33
752,303,22,34
749,305,22,31
747,304,23,32
746,304,22,30
744,304,23,31
742,303,24,31
740,302,24,31
739,302,24,31
737,302,25,32
736,303,25,31
735,303,26,33
732,305,27,34
732,306,25,33
731,308,26,34
731,309,24,34
730,309,25,35
729,310,25,35
728,309,26,37
729,308,25,38
727,309,26,37
728,308,25,37
727,307,25,38
726,308,25,37
727,307,25,38
725,308,25,37
722,308,27,38
720,307,29,38
719,308,27,36
718,308,27,36
716,309,27,35
716,308,27,37
714,310,27,34
711,310,26,33
708,310,28,35
705,311,28,35
705,314,28,33
701,314,28,31
699,315,28,33
697,315,28,35
695,314,28,34
695,315,27,34
696,315,26,35
693,315,26,34
692,315,25,33
690,315,24,32
689,316,24,32
687,316,24,31
686,317,26,31
686,315,26,33
685,316,26,32
684,315,26,34
683,314,26,34
683,314,27,36
683,314,26,36
682,314,26,36
684,312,26,36
683,311,26,35
684,309,25,34
684,306,25,36
684,304,25,36
684,302,24,36
684,302,24,36
685,303,24,35
686,302,24,36
688,303,24,35
688,306,23,34
688,305,23,34
687,305,23,34
688,302,24,35
690,301,25,33
695,299,26,31
696,298,25,32
700,297,26,32
702,294,26,32
705,294,26,33
707,293,26,33
710,291,26,35
718,290,26,36
722,292,27,36
724,290,27,37
726,290,26,37
729,290,27,37
730,290,27,38
729,288,28,40
729,291,27,40
729,290,27,41
727,289,28,40
726,288,27,39
726,284,27,40
726,282,27,40
725,279,28,41
726,278,28,40
723,278,28,40
724,278,27,41
721,280,28,40
721,282,28,42
720,284,28,40
718,286,28,42
717,287,27,42
717,288,27,42
715,288,28,44
714,290,28,42
708,290,29,41
705,290,29,41
701,290,30,41
697,290,30,40
694,293,32,40
691,294,31,40
688,294,32,40
686,293,32,41
683,297,32,37
683,296,31,38
679,297,31,37
678,298,31,38
676,296,30,39
674,302,30,36
670,306,30,35
668,307,29,35
666,309,29,35
666,311,29,34
664,312,30,35
664,313,30,35
663,312,29,36
662,313,29,35
662,313,29,35
660,312,30,36
660,310,29,39
658,312,30,39
658,313,30,39
658,312,29,39
656,313,29,39
658,312,27,39
655,312,28,38
655,311,28,38
655,310,27,39
654,310,27,39
652,310,28,39
648,313,28,38
647,313,28,37
647,315,27,38
643,316,29,38
642,314,29,39
638,314,30,40
635,314,31,39
633,314,31,40
630,315,30,38
629,314,29,38
622,310,35,46
622,312,34,45
634,301,34,45
635,289,34,45
631,288,34,45
629,288,35,45
626,289,35,46
626,289,35,45
634,287,35,45
635,302,34,44
639,283,34,44
647,288,34,45
672,276,34,44
666,275,33,44
661,285,34,44
678,297,34,44
695,324,34,44
693,329,33,44
680,330,34,45
679,335,34,44
680,338,34,45
672,339,34,45
647,344,35,45
647,342,35,45
647,334,35,46
644,323,35,45
630,333,35,45
608,327,34,45
606,325,35,46
604,323,35,46
624,307,35,45
632,298,35,46
630,329,35,46
634,311,35,46
650,296,35,46
647,285,35,46
653,297,35,46
652,295,35,46
657,277,35,46
647,295,35,46
640,282,35,46
636,283,34,45
633,285,34,45
635,285,35,45
633,286,34,45
634,287,34,45
630,291,35,45
624,291,35,46
610,301,36,47
616,310,35,46
611,310,36,47
602,330,36,47
551,339,36,47
558,351,35,46
562,365,35,46
561,381,35,46
560,384,35,45
566,401,35,38
562,402,35,38
560,402,34,37
554,401,35,36
550,398,35,37
547,397,34,36
541,394,35,46
541,399,34,36
540,401,34,37
534,406,35,37
534,412,34,38
533,419,33,38
530,426,33,38
529,432,32,38
524,436,34,39
522,439,34,39
522,441,35,41
524,446,35,42
525,450,36,43
527,456,37,43
529,461,39,43
535,463,36,47
544,467,39,44
550,470,41,43
555,472,42,44
555,473,41,44
555,473,41,45
555,473,36,48
550,474,39,46
547,475,39,45
544,475,41,45
543,473,40,45
540,471,40,45
538,467,41,44
534,461,41,43
534,457,39,43
531,453,38,42
528,450,37,42
526,445,37,42
520,443,38,40
516,441,38,41
512,439,36,40
509,436,37,41
505,436,37,41
496,436,37,42
492,439,38,43
488,439,38,43
486,441,39,44
482,444,39,43
480,445,38,42
479,445,39,43
476,445,39,44
475,445,39,43
473,445,38,45
472,447,37,42
470,449,37,47
470,451,39,49
471,443,38,50
470,453,37,51
470,455,36,51
468,453,36,52
463,448,38,50
467,451,36,52
464,449,35,53
461,448,37,53
458,447,37,50
455,447,39,48
454,441,39,44
453,447,38,46
452,451,38,46
457,466,38,52
455,466,38,53
452,469,38,52
449,469,37,51
448,470,38,50
442,470,38,51
438,472,38,51
436,473,38,51
431,476,38,51
429,478,37,49
424,480,37,50
423,481,37,51
418,482,38,51
412,480,39,49
408,480,37,49
400,477,38,50
396,482,36,48
391,485,37,47
387,486,37,47
382,490,36,46
378,494,35,44
375,500,35,44
371,502,35,43
369,502,35,44
367,499,35,43
365,496,35,41
366,491,35,46
361,496,35,41
362,497,35,42
360,502,37,40
361,503,36,41
362,507,37,41
362,508,39,41
363,511,38,41
366,510,38,43
368,513,37,43
368,515,37,43
370,515,38,45
370,518,39,44
377,519,39,46
374,521,37,46
377,524,39,47
378,523,39,47
370,526,39,46
362,529,38,44
361,525,39,51
359,531,41,45
359,534,45,47
352,534,44,47
347,534,43,46
342,534,44,46
341,532,43,46
338,530,42,46
332,527,42,48
325,523,42,49
320,521,42,49
313,522,42,49
303,524,42,48
299,525,39,46
286,532,38,46
285,530,38,48
288,533,39,46
287,529,39,48
295,526,37,48
292,527,38,48
290,526,37,48
285,525,37,47
279,531,39,46
278,533,39,45
275,533,38,44
277,532,33,44
277,537,39,40
283,536,34,44
307,520,34,44
303,510,34,44
295,497,34,44
302,496,34,44
283,470,33,43
262,485,33,43
245,486,33,43
229,476,34,44
220,478,34,45
214,484,35,45
206,484,34,45
199,491,34,44
191,482,34,45
181,483,35,46
187,468,35,46
173,445,35,46
161,393,35,46
163,391,35,46
150,352,35,46
138,342,36,47
121,342,36,48
89,339,37,48
78,332,37,48
69,326,37,49
63,320,37,49
59,313,37,48
57,308,36,48
64,295,36,47
69,310,37,48
97,321,37,48
115,319,37,48
128,311,36,48
116,312,36,47
123,305,36,47
119,307,36,47
118,316,36,47
126,322,36,46
120,332,36,47
114,337,36,47
103,344,36,48
92,345,36,47
84,355,36,47
83,345,36,47
83,349,35,46
84,348,36,48
83,344,36,47
76,358,36,47
69,363,36,48
67,364,36,47
58,373,36,47
55,366,35,46
53,354,35,46
54,359,35,46
53,356,35,46
53,359,34,45
50,360,35,45
53,361,35,45
54,372,29,41
58,377,29,43
58,381,29,43
61,382,29,44
61,390,29,44
62,392,30,45
64,395,30,44
64,394,31,45
65,395,32,44
66,395,32,44
69,394,33,45
68,394,32,45
71,394,33,44
72,393,32,44
74,392,32,44
76,393,32,43
79,393,31,43
78,393,30,41
79,394,30,41
79,394,30,40
80,395,30,40
80,397,30,39
79,396,30,40
81,396,30,41
81,396,29,40
81,398,30,41
81,398,31,41
82,400,30,42
84,404,31,41
85,408,32,40
84,410,32,42
83,412,29,41
82,415,29,41
80,416,30,41
77,415,30,42
73,412,30,39
73,416,30,41
71,416,30,40
69,418,29,38
63,416,30,40
59,415,31,40
51,410,31,39
41,401,32,41
29,392,33,42
16,381,31,40
0,378,33,41
1,376,31,40
-2,377,30,40
-4,385,31,40
6,398,31,40
-3,412,31,40
0,415,31,40
-2,408,31,40
-2,421,31,41
5,415,31,41
4,418,31,40
9,425,31,40
29,422,31,40
21,447,31,40
6,449,31,40
12,460,31,41
16,485,32,41
14,506,31,41
4,505,32,42
11,525,33,43
2,520,33,43
11,514,33,43
-1,509,33,43
25,507,33,43
39,500,32,42
34,502,33,43
35,505,33,43
31,504,33,44
