138,161,36,66
137,163,35,63
137,163,34,62
137,162,35,63
136,163,36,61
135,161,36,65
135,163,36,63
135,164,35,61
135,165,33,62
135,164,33,64
134,164,34,65
133,164,35,63
133,166,34,64
132,166,33,63
130,166,34,63
129,166,34,64
129,165,34,64
128,166,33,64
128,167,33,62
127,167,34,63
127,167,33,66
126,167,34,66
126,168,34,65
123,168,37,65
123,167,35,67
121,167,36,68
123,165,35,64
122,168,34,63
125,163,32,59
125,169,34,63
126,169,34,64
125,167,33,65
126,168,35,65
126,165,35,67
130,163,35,70
130,164,36,69
130,166,36,68
131,166,35,68
131,164,35,65
129,166,34,68
130,168,34,67
130,163,34,69
130,163,35,70
133,162,33,71
132,162,33,69
132,164,33,65
131,159,31,68
131,160,32,66
130,163,31,66
130,165,32,66
131,165,33,65
130,165,32,66
128,164,33,66
129,164,33,69
130,163,33,69
132,165,32,68
131,163,33,70
130,164,34,68
127,165,33,68
123,164,36,66
125,166,34,70
125,169,35,69
124,166,35,70
126,167,36,72
126,166,36,72
123,168,36,72
123,168,37,72
122,170,37,72
124,167,38,71
120,169,37,73
121,169,37,72
121,172,37,69
121,165,37,73
123,163,36,74
125,167,36,71
125,165,35,72
124,162,34,71
124,162,37,76
122,163,37,77
122,163,38,78
121,164,39,80
120,159,38,81
121,162,40,82
123,158,39,84
124,159,38,83
124,162,38,81
123,158,38,81
123,159,38,78
123,153,39,84
124,151,38,85
123,153,40,85
120,152,40,86
121,154,41,87
121,153,41,87
121,151,41,85
121,151,41,89
120,152,42,88
124,151,43,88
120,152,43,89
120,151,42,88
121,151,42,89
121,153,43,87
123,153,41,84
122,151,42,88
124,152,41,84
121,152,41,87
121,153,42,88
120,152,42,87
119,152,42,87
122,153,42,86
122,155,41,88
124,152,40,86
123,153,41,89
122,156,41,88
119,153,42,90
122,154,41,87
123,155,41,85
121,155,41,86
123,155,40,83
123,156,39,85
120,158,41,87
119,159,42,85
118,158,41,82
121,159,40,80
121,158,40,81
120,159,43,87
120,157,41,85
118,159,44,84
121,157,44,83
123,157,43,86
121,155,43,87
122,158,44,92
123,156,43,90
122,153,44,90
123,156,44,92
121,155,45,93
123,155,42,91
124,155,41,90
122,154,41,91
119,153,42,93
122,156,43,93
119,153,44,93
120,155,43,94
119,153,43,93
120,153,43,93
119,154,44,94
120,152,43,94
119,154,44,93
120,154,44,93
117,154,46,101
118,154,45,96
116,155,46,100
118,155,46,99
114,155,48,102
115,153,46,100
114,155,47,99
115,154,45,94
118,156,44,95
118,155,44,93
116,155,44,94
119,156,44,92
118,156,44,92
117,155,45,94
120,156,42,87
117,156,43,86
117,154,42,87
117,157,42,83
118,155,41,84
119,157,41,81
118,155,41,82
120,156,40,81
120,158,39,80
119,157,40,80
118,158,40,79
119,157,39,77
119,155,39,76
119,157,39,76
119,156,38,75
118,156,38,74
122,158,36,72
123,158,36,72
121,157,37,74
122,158,36,72
121,157,37,72
122,157,37,73
123,158,37,72
122,158,36,68
137,160,38,66
162,161,39,72
177,159,38,69
176,160,38,71
175,161,39,71
177,160,39,67
177,160,37,72
177,158,37,74
178,159,37,74
176,158,37,74
180,158,36,72
179,159,37,73
179,159,37,73
178,159,37,73
180,160,37,71
180,156,36,70
180,158,37,72
179,157,37,73
181,156,37,73
179,157,37,74
179,156,37,72
180,157,37,74
181,156,37,73
180,158,37,73
180,159,38,73
180,157,37,73
182,156,37,75
183,156,36,72
183,156,36,72
183,157,35,71
181,156,36,70
182,157,36,71
184,156,34,71
183,156,35,71
184,156,34,71
184,156,35,73
185,155,34,72
185,155,35,71
183,153,35,72
184,153,35,72
182,154,35,73
186,154,35,73
185,153,35,74
182,154,37,72
179,155,36,72
183,155,36,72
183,155,36,72
182,155,36,73
182,155,36,73
182,154,37,74
180,158,38,71
177,157,38,73
179,157,38,72
179,157,38,72
181,161,39,70
181,158,38,73
178,159,38,73
179,161,39,71
177,159,39,75
178,159,38,72
176,157,38,75
175,158,39,74
176,158,39,73
176,158,39,73
176,157,38,72
176,156,39,74
176,155,38,74
175,156,39,74
174,155,39,74
175,155,39,74
176,155,40,71
195,151,41,74
223,150,43,78
257,147,44,74
280,150,43,75
287,150,40,76
283,151,38,74
284,152,38,76
281,156,40,73
300,151,39,74
319,151,46,76
332,153,41,77
334,153,41,73
335,155,38,77
331,153,42,77
333,154,38,77
336,154,38,78
335,156,39,78
334,154,39,81
335,154,39,77
332,118,44,82
330,71,44,88
328,61,41,81
327,62,42,84
327,61,43,82
328,62,41,80
329,63,42,81
331,62,42,81
330,62,42,79
331,64,41,79
330,64,42,77
330,63,42,78
329,63,43,79
333,64,43,77
334,63,42,78
333,62,41,79
335,62,42,77
334,63,43,78
334,62,42,78
332,60,43,78
334,60,42,78
336,60,41,75
336,61,41,76
335,60,40,75
333,60,41,74
335,62,42,76
335,62,41,75
334,62,41,74
333,63,42,77
333,63,42,77
335,65,43,75
334,65,41,73
332,65,42,75
332,30,44,84
337,0,43,79
302,17,43,79
317,11,43,80
328,8,43,80
329,2,43,79
325,1,43,79
316,11,43,79
338,42,43,79
323,89,43,79
317,97,42,77
318,91,41,76
343,111,41,76
329,109,42,77
384,131,41,76
384,184,41,75
361,198,41,76
325,179,42,77
295,219,42,77
264,224,41,76
238,195,41,76
223,231,42,77
213,239,42,77
217,275,42,77
228,279,42,77
233,288,42,77
242,306,43,78
247,314,43,79
249,294,42,78
258,312,42,78
274,300,42,77
276,299,42,77
280,299,42,77
284,265,42,78
288,288,42,77
293,241,41,76
306,219,41,76
302,197,40,74
297,205,40,73
307,252,39,73
307,224,39,72
310,214,39,73
315,235,39,71
319,246,39,71
325,248,40,73
337,252,39,73
330,242,39,72
332,244,39,72
332,243,39,72
337,247,39,71
341,278,39,71
338,259,39,71
348,265,38,71
352,269,38,71
357,274,39,71
361,268,38,71
366,287,39,72
368,289,39,72
384,295,39,72
343,320,39,72
337,335,39,72
331,314,39,72
327,284,40,74
350,279,39,73
361,304,39,72
358,304,39,72
364,308,38,71
385,317,38,70
385,348,38,71
373,321,39,73
392,334,39,73
375,317,39,72
406,297,38,71
380,288,38,71
390,246,39,72
382,270,40,73
369,273,39,73
385,265,39,72
377,276,39,72
383,280,39,72
384,281,39,72
393,284,39,71
430,281,38,70
435,295,38,70
468,288,38,70
494,282,38,70
494,246,39,72
490,271,38,71
481,284,39,71
490,250,38,69
467,250,37,68
437,266,36,67
391,259,36,67
405,227,36,66
389,211,36,66
337,230,36,66
352,252,36,67
374,253,36,67
384,273,35,65
380,264,35,65
397,253,33,69
379,239,36,66
355,238,36,66
340,256,35,67
319,260,37,71
295,276,36,66
279,277,36,67
251,271,36,67
264,283,36,67
274,276,36,67
293,262,35,65
284,261,35,64
273,282,35,65
252,290,34,64
291,269,34,63
305,260,34,63
309,266,37,73
317,266,34,63
321,271,37,74
329,279,34,64
333,283,34,63
333,273,39,73
315,267,37,74
301,278,36,67
302,290,37,69
300,320,39,70
297,326,37,71
289,335,37,68
264,331,35,64
246,340,35,65
238,309,35,65
240,303,35,64
284,308,35,64
281,310,35,64
318,327,35,65
325,335,35,65
322,330,35,64
302,332,35,65
262,332,35,65
276,349,35,65
298,343,35,65
326,338,36,66
331,354,36,66
332,381,35,65
320,375,35,65
346,357,35,65
354,351,35,64
379,288,35,64
406,277,35,64
453,260,36,66
474,270,33,68
491,286,32,68
508,280,35,64
523,283,35,64
