50,217,298,295
52,219,299,300
55,221,294,308
57,219,291,313
57,217,289,312
56,218,291,312
57,215,291,313
56,218,292,313
58,215,292,310
57,217,293,311
61,217,290,307
61,219,290,304
60,218,294,303
62,214,291,307
61,215,293,302
59,214,296,299
59,212,295,292
59,210,295,290
59,210,295,288
61,210,297,284
60,205,300,287
57,204,301,283
58,199,296,282
53,178,319,315
54,185,292,295
55,193,288,309
53,198,291,307
53,203,296,302
54,205,297,308
54,207,298,301
50,210,303,302
52,211,307,298
48,211,309,298
46,211,309,295
46,211,310,302
45,207,313,302
44,206,314,296
42,205,317,299
42,204,313,294
37,203,320,297
35,200,323,297
33,198,317,294
28,192,322,308
27,190,324,312
28,184,317,316
30,182,315,319
31,184,310,320
30,178,312,324
33,183,312,330
37,188,311,310
45,204,299,313
46,201,290,298
47,203,301,301
42,194,318,289
38,191,329,290
42,198,324,290
43,204,324,292
54,201,314,294
57,203,310,302
57,203,312,308
58,202,309,317
60,200,307,316
62,197,313,317
63,192,319,317
55,185,326,316
40,180,336,324
51,176,341,305
44,165,347,322
37,153,351,331
39,163,340,345
40,163,335,346
36,165,329,348
41,165,350,335
51,164,341,327
72,167,346,307
79,172,349,297
78,179,351,300
80,189,355,299
81,185,352,290
78,184,350,293
83,186,342,294
78,169,344,305
82,173,345,312
77,155,357,320
55,145,373,323
66,155,372,317
80,152,370,319
89,146,363,322
79,130,366,325
77,137,368,328
92,148,349,311
85,151,347,323
82,147,356,326
67,133,371,333
68,137,378,335
63,147,380,349
63,148,376,347
69,141,375,338
70,130,377,323
77,140,383,334
75,143,383,334
68,134,381,336
79,140,386,330
67,138,378,337
82,143,377,323
72,142,382,328
84,153,382,329
84,151,391,325
78,160,393,317
88,185,379,315
72,188,380,319
83,183,381,329
65,188,381,323
51,189,371,322
55,187,357,323
48,186,350,320
60,181,364,327
50,180,372,325
44,163,378,344
55,168,392,345
47,168,395,353
54,165,404,353
73,166,402,352
83,150,395,368
105,143,387,365
113,117,395,373
98,110,412,383
92,104,413,390
90,105,406,401
92,110,404,394
95,104,400,395
48,117,404,414
42,113,410,418
52,100,413,423
58,99,411,429
62,93,418,430
62,98,417,427
49,91,422,430
57,94,429,430
46,96,433,436
48,82,444,436
46,93,448,432
45,100,464,422
37,111,468,414
34,120,467,405
49,128,464,392
38,131,451,392
50,140,435,382
40,133,428,385
50,154,417,377
46,147,409,378
47,143,414,383
44,158,405,369
42,135,408,388
45,157,413,374
48,154,417,377
53,138,420,383
54,157,418,368
51,147,425,376
50,119,437,393
49,122,440,390
53,115,446,395
55,126,449,381
50,139,441,367
52,145,433,362
52,152,426,356
47,133,428,363
59,150,424,347
55,149,426,352
55,145,411,360
47,146,414,371
46,133,413,376
40,129,409,382
36,137,408,379
29,142,404,376
32,149,414,374
33,151,405,371
26,162,399,366
23,157,397,366
23,170,389,358
23,173,383,365
17,173,384,372
7,171,394,380
1,149,411,407
6,142,409,405
13,142,400,403
15,134,398,405
21,139,393,403
19,140,393,403
22,133,405,401
17,148,396,393
18,159,392,382
14,169,393,368
26,170,397,362
25,164,390,353
38,163,405,358
42,150,420,368
35,138,435,383
48,112,451,394
37,94,454,409
40,110,459,420
42,103,465,424
54,93,458,424
60,102,452,422
54,88,448,421
57,86,445,415
53,82,445,419
46,89,448,422
43,93,450,427
38,75,447,431
41,88,442,432
47,98,434,429
37,94,436,431
39,114,436,411
48,126,440,397
40,142,440,390
41,133,433,394
42,143,430,385
33,164,426,369
32,165,421,368
42,158,410,365
45,160,402,364
41,170,398,362
43,167,398,367
35,153,403,379
45,150,410,379
36,144,415,385
39,140,415,383
33,129,427,391
37,133,429,390
44,122,432,399
49,121,437,400
46,117,440,402
42,114,439,406
30,126,443,407
50,124,450,401
40,126,448,404
36,126,456,404
48,119,464,401
46,120,465,400
40,124,463,404
32,119,459,412
33,103,459,417
38,111,461,411
34,125,460,407
45,117,463,403
36,113,461,409
33,107,461,415
34,101,464,421
33,92,465,427
39,102,467,422
40,98,473,424
37,108,463,420
42,105,462,424
47,107,465,423
46,94,458,423
38,103,457,425
45,100,456,424
42,96,452,428
43,111,449,422
43,92,452,431
38,103,452,429
37,95,446,434
41,101,444,422
40,111,447,416
43,108,454,414
36,125,452,405
38,129,452,401
35,112,455,410
37,126,447,406
38,120,447,409
41,123,451,410
37,133,446,400
37,139,446,399
39,121,443,404
39,130,442,404
40,125,439,404
42,111,437,412
38,120,445,410
36,109,448,420
41,91,452,432
38,90,454,434
39,93,460,432
39,85,457,435
37,74,459,440
40,89,447,431
41,78,457,433
56,88,462,421
41,91,455,424
42,102,453,422
44,99,454,417
25,105,448,418
44,106,444,412
40,111,439,408
34,110,436,411
30,110,439,412
38,117,437,406
29,106,438,411
30,120,437,406
31,112,442,412
33,124,446,409
30,122,448,410
25,135,452,407
25,124,449,410
17,133,453,405
16,135,453,404
13,138,455,405
18,133,452,405
14,133,449,406
20,134,451,407
24,128,451,410
27,131,450,406
34,136,442,396
30,138,441,391
29,122,447,400
31,124,446,402
34,117,443,408
32,105,447,415
50,93,448,417
40,88,457,425
38,87,455,427
33,77,462,443
34,86,459,442
33,89,447,441
43,73,447,446
32,79,443,443
41,72,448,445
41,72,440,448
38,70,441,450
40,71,445,447
41,87,449,444
41,77,448,448
35,94,452,441
47,73,453,450
44,78,458,445
33,80,447,442
34,88,453,437
31,92,449,436
49,87,452,434
43,92,451,432
40,97,454,430
50,100,454,428
34,96,464,433
38,93,463,434
43,103,459,424
52,102,457,419
43,88,461,431
46,101,462,426
40,104,461,426
41,107,465,424
43,113,466,421
46,104,474,426
39,105,471,423
36,104,471,428
39,108,472,425
43,112,475,419
48,121,476,413
41,123,471,416
42,118,469,417
36,108,475,422
46,95,471,431
36,103,474,432
36,85,476,444
28,92,473,444
36,84,468,446
43,91,462,440
28,84,451,440
31,94,450,438
39,93,460,440
36,85,455,445
33,80,457,449
34,86,459,445
42,94,459,436
34,92,460,441
37,98,453,434
26,88,451,444
34,100,452,435
38,96,458,438
50,82,462,445
41,83,464,446
36,89,458,445
39,97,456,439
47,94,463,441
44,98,461,439
30,88,463,444
39,104,466,430
47,99,465,432
48,111,458,424
45,103,457,425
40,110,456,426
35,120,454,419
51,113,453,419
54,108,453,419
53,111,450,416
39,109,453,427
37,110,454,426
60,120,456,413
49,101,460,427
44,103,459,426
46,113,455,424
49,109,461,423
47,115,458,417
46,110,460,419
38,112,459,421
47,113,454,415
46,113,460,416
42,121,448,410
42,115,447,410
57,133,446,400
49,128,442,400
40,139,438,399
45,124,439,406
47,125,446,407
37,136,445,402
45,105,451,418
46,109,453,415
52,109,455,416
39,111,459,424
36,109,456,425
35,97,456,432
40,101,457,428
50,88,455,429
37,92,455,434
41,80,456,438
38,93,456,435
41,89,457,432
31,81,467,443
30,94,463,433
29,78,466,445
44,92,478,430
46,93,470,425
37,89,464,428
34,96,468,428
39,101,469,423
37,107,468,421
39,93,467,427
33,98,477,429
37,89,472,432
24,80,473,442
30,81,466,439
29,90,463,435
30,84,466,439
34,80,471,438
28,82,460,442
40,78,469,438
31,81,465,441
31,86,463,438
33,86,461,439
30,76,462,443
26,93,464,438
31,77,460,444
30,85,458,441
35,70,461,443
25,84,459,439
39,89,465,433
32,78,459,439
30,82,464,441
31,75,469,444
26,58,466,455
32,73,465,447
26,74,470,448
30,66,474,451
29,67,468,453
30,64,473,453
26,65,461,451
33,76,462,444
26,76,456,441
29,73,456,445
33,62,461,449
34,78,465,444
41,69,469,447
26,71,458,450
34,62,458,448
33,77,452,437
25,75,453,443
36,92,451,432
35,72,449,441
37,76,454,433
36,86,460,431
30,75,458,434
21,98,454,426
27,131,454,402
36,120,453,405
37,133,451,398
19,123,447,406
26,135,450,400
28,135,452,401
49,135,449,395
39,132,446,398
42,133,447,401
37,131,445,400
43,125,446,401
38,117,443,407
44,136,443,397
46,121,448,405
43,129,446,401
41,129,447,401
41,129,443,400
40,127,443,404
32,115,443,413
39,130,444,402
38,124,440,406
38,125,441,406
35,117,449,413
52,118,455,413
58,108,459,414
48,114,455,415
35,109,453,420
47,107,455,417
49,102,461,419
37,96,463,430
49,101,468,422
39,95,470,430
38,84,472,435
43,93,478,432
28,78,476,444
42,81,478,438
35,92,473,433
39,93,469,430
35,84,469,436
40,74,477,442
39,91,477,436
37,79,475,444
36,58,479,452
35,74,472,448
27,84,473,449
27,68,483,457
21,75,472,454
33,95,470,443
34,76,476,449
26,83,473,449
30,76,477,455
34,94,467,439
34,76,460,446
28,70,461,451
37,87,461,441
33,85,464,447
35,79,471,449
37,68,473,455
22,73,471,454
32,69,462,456
35,91,459,443
34,84,460,445
30,87,456,440
31,70,460,451
40,76,455,445
33,82,459,448
36,82,458,444
43,92,461,434
37,78,455,445
34,93,450,440
41,90,445,435
43,92,448,436
42,90,446,436
38,89,444,436
44,93,445,434
41,95,447,432
44,88,450,437
45,92,446,433
36,76,451,444
29,87,448,437
43,89,454,434
35,92,458,438
32,89,460,442
43,93,460,436
35,93,459,436
42,89,468,438
44,92,468,436
37,80,465,447
40,83,466,443
33,85,457,444
33,87,454,443
47,85,460,438
33,81,455,445
38,82,460,443
40,101,452,435
30,89,453,440
38,83,456,440
39,86,453,442
50,76,459,440
40,84,451,439
43,86,446,440
31,92,452,438
47,89,450,435
48,87,457,435
48,86,457,440
37,87,452,440
40,88,453,442
34,86,446,440
48,83,442,439
32,84,447,441
38,99,450,433
39,86,453,441
30,103,451,433
41,87,451,438
30,83,453,446
44,86,460,440
36,76,455,446
36,87,452,440
31,96,451,438
29,79,455,448
23,89,452,441
39,80,457,447
38,79,459,446
25,83,454,445
35,82,453,445
34,74,454,450
29,78,452,446
34,74,453,450
34,90,447,441
36,81,445,446
32,76,446,446
32,78,444,449
29,78,445,448
37,98,447,437
30,87,446,444
37,79,442,442
36,91,441,439
39,91,448,439
39,79,445,448
37,93,442,440
43,74,447,448
40,86,443,442
39,84,442,442
34,76,443,445
40,79,441,443
34,77,448,447
38,81,445,445
27,85,445,443
32,84,448,442
29,77,448,445
37,88,443,438
37,87,441,438
40,78,444,445
36,87,451,440
41,90,452,438
30,88,451,440
39,83,450,439
39,89,447,439
40,85,447,437
34,90,445,439
43,83,442,436
39,91,442,437
40,89,442,437
37,85,446,439
26,79,448,446
47,80,453,442
46,79,448,444
51,81,447,442
41,89,457,440
28,78,454,451
42,86,452,444
35,85,449,444
36,80,451,451
40,87,456,446
36,93,457,444
39,77,455,452
40,74,458,452
49,89,448,440
37,79,446,444
35,76,448,451
34,76,454,451
23,64,457,458
39,82,458,448
35,68,456,454
39,83,455,447
32,73,460,451
32,75,456,453
29,75,453,455
33,72,458,456
33,86,460,449
33,76,463,454
33,72,464,456
35,83,465,454
33,78,469,456
33,83,462,453
36,81,459,449
37,90,464,443
40,79,459,450
40,86,459,444
34,82,450,445
33,87,452,443
37,83,448,441
30,93,447,438
36,81,442,443
36,79,445,445
39,93,445,440
46,79,454,443
38,81,450,447
33,88,453,444
31,83,452,446
32,80,449,447
26,70,447,450
30,86,451,442
46,74,452,448
38,82,446,448
29,64,445,453
44,78,448,447
40,82,451,443
36,85,449,442
36,90,450,440
41,82,454,443
30,64,451,452
45,71,456,447
35,83,454,446
39,89,458,442
40,92,460,440
28,77,464,450
40,84,471,446
38,83,471,447
34,78,472,450
28,76,461,454
28,71,465,457
51,63,478,453
31,79,467,449
29,99,465,443
39,64,478,458
37,67,471,453
37,82,462,448
30,63,466,459
24,75,460,454
39,68,460,453
32,76,456,453
30,76,454,453
34,73,451,453
27,77,451,449
40,76,451,446
38,82,449,445
49,80,452,440
36,95,446,439
41,71,446,448
34,80,447,448
35,74,453,451
32,74,451,452
36,73,448,451
34,75,450,453
37,80,450,449
39,84,450,447
34,82,453,448
36,88,448,441
36,83,450,445
35,83,456,445
47,70,462,449
37,76,458,449
39,90,455,442
34,76,455,450
35,63,459,453
39,80,455,448
33,78,451,449
37,89,452,445
36,61,448,454
28,78,449,445
32,85,445,442
33,88,448,441
31,82,447,444
35,88,451,444
47,78,452,446
29,82,452,447
29,80,453,449
26,75,457,451
30,80,462,451
32,82,460,449
44,63,462,456
26,70,459,455
29,83,457,447
24,80,456,449
34,80,455,448
29,86,454,446
33,73,455,452
36,68,453,452
33,76,444,448
39,82,447,445
41,85,450,443
34,85,449,445
37,82,448,442
31,78,448,449
28,82,447,446
35,79,452,446
34,81,456,448
26,70,464,458
38,78,466,451
34,79,464,453
30,78,471,451
36,85,455,446
38,84,457,446
33,80,451,449
39,82,451,446
30,77,449,448
43,64,452,453
44,80,459,445
42,85,457,443
37,81,453,446
45,71,458,451
43,76,455,449
36,66,450,453
39,76,448,452
47,79,450,445
38,85,449,444
38,83,444,447
41,77,447,449
40,79,449,446
42,76,445,444
35,67,448,453
35,82,447,446
39,74,449,448
37,78,448,450
39,72,448,451
36,81,450,445
31,69,452,453
31,88,453,442
38,92,456,440
33,72,456,452
36,68,462,455
36,71,466,455
31,88,462,447
30,71,470,458
24,77,470,453
26,68,471,461
30,68,462,459
27,75,459,455
21,63,465,462
31,71,459,453
36,74,461,455
23,66,463,461
30,71,465,454
33,64,473,459
31,68,472,460
20,75,463,456
33,75,467,456
26,75,456,453
32,86,455,447
35,78,460,450
34,74,459,455
33,74,467,450
35,93,463,442
33,78,459,449
44,92,460,436
38,93,454,438
39,86,450,440
34,87,448,441
46,94,448,433
39,93,444,434
36,91,447,436
33,86,448,442
38,80,453,440
33,92,444,435
27,94,443,434
33,95,445,434
30,89,442,436
32,80,445,442
35,88,447,441
28,85,441,439
30,83,449,445
29,79,447,447
34,74,450,450
34,87,450,444
35,97,444,437
32,83,442,443
38,76,440,447
36,71,450,451
26,78,450,453
32,88,450,445
45,81,451,446
37,74,451,450
32,87,453,446
36,68,451,451
33,66,451,454
33,76,451,449
36,75,447,449
33,75,448,448
29,82,453,447
38,73,448,447
38,84,447,443
37,86,445,441
39,73,447,447
41,80,445,443
40,74,444,446
44,73,446,445
30,71,441,445
21,83,442,444
38,83,442,442
43,84,441,438
36,87,442,440
40,81,444,443
37,82,450,443
35,85,443,442
28,70,447,448
35,80,443,444
30,76,446,448
37,90,444,439
37,84,443,441
31,91,446,441
26,87,449,444
39,90,442,438
41,68,445,449
37,75,446,449
29,87,448,445
39,79,449,448
37,74,454,451
35,80,448,448
39,82,445,448
27,69,448,451
37,73,442,446
40,82,450,442
32,92,448,438
31,84,452,445
34,80,454,445
32,82,459,446
39,68,459,452
33,75,453,450
32,76,451,450
35,78,451,448
38,82,448,445
30,79,448,447
42,78,451,444
31,73,448,449
39,78,457,444
34,74,453,447
27,71,452,452
32,72,454,449
41,79,458,446
38,94,458,439
23,99,452,441
36,83,452,446
40,82,449,444
36,86,460,446
26,73,457,455
34,67,458,458
38,74,457,452
37,84,457,447
40,60,457,459
44,80,450,445
44,78,449,446
44,84,452,448
35,88,458,445
38,69,455,451
29,70,458,458
28,62,463,459
28,71,468,458
31,59,461,463
37,76,458,453
28,80,458,453
49,69,466,454
32,77,458,454
41,81,461,450
27,59,463,463
36,71,460,455
31,53,469,465
30,60,471,463
41,66,479,457
44,72,477,453
37,74,469,453
32,64,472,462
32,69,471,458
33,60,466,464
35,81,466,453
37,62,466,462
33,57,474,465
32,68,471,457
31,74,471,456
33,83,467,451
19,77,464,455
29,76,471,459
34,77,471,450
33,68,478,460
28,71,465,454
24,85,457,446
28,84,453,444
26,81,451,445
31,83,454,443
27,86,453,442
26,83,454,443
44,78,456,442
27,88,449,438
37,87,447,438
39,80,446,441
29,81,448,442
20,64,440,446
30,82,443,443
34,82,444,444
33,90,446,442
32,86,444,446
32,80,443,448
34,71,445,451
37,84,445,447
39,92,453,441
44,69,455,446
33,82,448,446
39,86,446,437
35,95,447,433
34,86,451,434
36,92,452,433
35,98,456,430
35,86,459,431
31,95,455,431
40,89,459,433
37,99,460,434
26,101,460,433
33,88,457,438
34,90,454,435
43,87,458,435
38,90,460,436
30,80,453,444
45,94,453,434
44,79,456,440
40,84,450,443
40,69,459,451
35,72,455,453
39,81,450,449
45,66,452,454
33,77,451,451
35,70,450,457
45,62,452,458
34,77,443,453
34,80,444,448
41,70,451,453
32,79,450,451
29,85,453,445
33,74,460,450
34,82,465,447
24,91,464,445
25,81,466,452
30,76,470,452
30,68,462,454
26,79,460,450
33,79,461,450
32,71,462,457
26,67,461,456
35,87,455,444
43,77,455,448
41,81,456,449
30,63,455,458
38,73,465,455
36,70,465,459
32,63,464,465
35,56,468,469
39,64,466,463
26,62,468,465
30,73,464,460
36,82,466,453
48,75,469,452
33,74,461,456
37,78,464,453
38,79,459,450
28,78,458,449
35,75,459,451
30,85,460,447
31,75,464,454
23,68,463,459
25,81,464,454
28,70,470,461
38,80,471,452
37,71,470,455
45,81,470,449
35,65,475,458
30,64,465,458
42,65,475,455
30,68,470,458
38,62,468,457
39,81,465,447
41,70,465,448
38,85,458,445
45,82,455,445
32,64,456,458
40,73,463,452
23,91,457,446
29,74,454,453
39,86,462,449
37,72,455,452
35,82,452,449
33,74,455,450
33,84,457,445
32,79,460,447
39,79,458,446
38,90,460,442
49,77,462,444
32,71,460,450
32,75,452,447
41,77,454,445
37,64,455,453
32,78,456,449
42,61,456,455
38,77,457,448
27,84,448,445
37,72,455,447
34,74,448,451
45,73,449,447
36,89,452,443
31,83,453,448
40,78,449,443
34,80,451,446
30,69,450,452
27,83,453,444
25,72,456,454
45,77,455,444
34,67,451,450
39,81,457,444
37,68,463,454
35,85,459,449
41,58,459,457
42,70,458,453
39,74,452,447
40,89,452,442
38,80,450,446
36,65,457,452
38,94,463,440
36,74,457,452
37,86,452,442
29,71,451,454
34,78,455,449
27,87,453,445
31,74,456,451
33,79,450,448
39,72,458,448
29,86,451,443
35,67,454,453
38,76,452,447
34,57,453,457
31,65,454,453
29,67,452,456
45,83,448,441
33,74,451,448
44,83,452,439
33,75,453,446
45,82,447,438
28,73,452,448
40,83,452,443
40,77,456,444
52,82,460,443
30,73,452,450
39,81,454,442
33,70,451,451
38,65,460,454
37,76,457,448
36,79,455,445
32,76,460,450
38,70,465,452
25,57,464,460
37,63,467,453
35,67,464,453
42,74,454,446
49,77,450,441
38,73,452,445
44,81,449,441
37,76,444,445
41,75,449,444
29,70,454,448
38,94,449,435
34,78,454,443
47,87,458,436
43,84,459,440
36,86,461,438
34,90,459,437
33,89,463,438
33,90,467,440
42,91,471,437
29,58,470,456
36,88,468,439
38,88,462,440
36,72,458,446
55,78,465,437
28,71,457,451
30,73,452,451
30,82,452,445
38,85,455,443
34,88,455,440
34,82,456,445
34,89,458,439
32,79,455,443
36,90,457,439
37,84,467,439
44,80,472,437
43,87,471,436
37,74,474,443
27,82,471,444
46,92,474,431
34,90,475,438
34,92,468,435
32,85,471,441
30,84,466,442
43,100,468,430
45,97,455,429
48,95,458,429
42,94,453,431
48,97,452,425
47,101,452,422
43,102,451,424
44,110,457,420
41,97,457,427
31,105,450,424
41,121,447,416
45,106,449,418
37,101,456,428
39,106,457,423
38,90,458,435
30,98,452,431
51,100,458,427
40,103,453,427
42,96,450,429
42,111,447,423
34,104,449,430
45,88,462,433
36,84,464,442
45,89,469,437
36,83,464,445
41,113,458,427
31,91,458,442
43,90,458,438
44,96,457,432
38,107,455,428
22,91,452,439
28,106,450,431
41,105,453,430
30,106,448,432
39,93,449,434
44,105,444,429
56,95,452,427
50,104,449,427
40,102,456,432
44,95,456,434
32,97,459,436
39,89,462,440
43,86,461,441
32,93,463,438
34,86,464,441
36,92,473,440
37,100,475,439
31,90,469,443
32,68,473,451
31,98,472,438
30,80,478,448
25,81,473,448
28,87,472,445
25,83,476,450
26,68,476,458
32,80,473,451
35,75,480,452
33,73,476,456
46,81,482,446
41,92,467,439
37,85,471,444
40,86,473,444
40,80,472,445
39,73,474,450
32,77,459,448
36,65,474,452
32,71,469,449
45,78,468,440
28,72,461,448
32,74,462,446
33,68,465,447
35,88,460,441
29,93,451,439
41,85,467,435
45,81,466,436
28,70,461,446
43,69,463,448
41,79,463,444
43,82,468,443
42,82,468,444
43,76,467,446
45,108,463,427
39,95,462,436
31,84,465,443
33,94,467,437
41,89,470,437
37,90,473,439
41,96,472,431
47,101,474,430
39,88,468,438
39,86,469,439
36,104,466,431
45,86,470,436
31,98,468,434
33,96,463,437
32,84,468,445
33,89,470,446
30,89,469,444
37,75,468,449
48,81,463,440
39,80,453,441
42,76,459,446
40,81,462,445
40,81,470,447
34,78,472,449
35,72,475,454
39,79,473,448
28,64,472,457
26,86,465,447
27,88,459,442
33,90,458,440
31,83,460,446
35,77,466,445
41,87,463,440
31,82,461,444
40,87,467,439
37,85,462,443
27,89,460,445
44,79,473,447
31,90,473,442
24,101,467,437
33,101,466,431
38,98,474,427
26,106,470,428
31,104,469,424
33,89,475,438
34,96,475,436
34,97,476,439
38,86,477,444
32,82,472,445
27,85,470,446
34,79,470,448
41,83,474,444
29,70,476,457
33,77,472,452
39,66,472,455
30,74,471,457
27,70,470,457
30,59,474,460
39,81,479,448
24,73,474,453
23,68,468,453
32,73,474,452
43,83,473,442
35,84,469,443
34,78,464,444
35,75,464,447
42,77,469,443
29,75,460,447
47,98,460,430
38,95,458,435
27,75,459,450
33,73,458,453
24,80,463,450
34,70,466,450
33,70,469,452
35,88,461,442
47,76,467,440
28,79,461,444
37,78,467,444
32,78,471,445
27,76,470,446
39,94,464,429
43,92,459,428
36,86,462,434
38,97,458,427
28,81,462,438
37,100,461,428
27,99,459,429
36,97,460,428
34,105,460,425
35,94,465,429
40,108,463,424
43,103,457,423
39,108,458,422
36,90,465,436
49,95,458,427
29,103,452,427
46,105,454,427
35,106,451,426
38,104,455,428
52,113,454,419
32,118,452,419
44,117,449,417
37,118,447,418
38,119,455,421
37,111,454,426
42,119,452,421
35,129,444,413
46,121,445,419
42,120,442,422
40,118,444,426
42,117,438,425
41,122,443,426
37,100,443,437
38,105,450,440
45,86,459,450
41,91,453,447
41,86,460,447
40,90,467,448
35,86,469,452
48,88,468,448
43,100,467,446
33,89,463,454
39,101,466,445
40,87,464,447
45,79,460,453
41,87,457,446
40,87,461,446
41,103,460,435
37,102,448,439
42,111,441,431
41,109,435,429
43,114,430,425
58,116,429,422
43,123,434,418
42,126,428,416
52,131,427,410
31,127,433,417
44,127,433,417
40,118,434,424
47,116,439,425
46,106,439,431
37,100,443,438
41,102,443,435
47,96,441,437
41,96,446,443
38,101,443,432
38,100,442,433
33,114,444,426
33,104,444,426
29,113,454,430
28,126,456,419
24,118,455,423
31,118,452,422
29,116,445,423
31,124,442,412
28,117,448,418
34,131,444,406
22,134,438,407
22,131,441,408
15,145,438,401
17,139,436,406
16,145,430,400
18,147,433,399
13,161,430,389
19,147,433,399
18,136,421,404
19,149,423,396
13,149,421,394
27,140,428,403
22,128,426,412
24,139,420,398
25,135,425,399
33,129,432,406
20,128,437,407
28,121,437,414
24,126,438,410
26,113,437,415
22,133,446,406
30,109,441,418
32,117,442,414
32,125,447,410
29,122,443,413
34,118,438,416
34,119,447,418
26,113,435,425
30,115,440,423
23,134,431,412
25,125,427,415
28,133,426,409
33,135,426,405
27,138,424,403
30,134,427,403
33,125,433,410
27,128,435,412
30,114,439,425
24,122,447,424
24,126,441,418
30,134,443,410
26,130,443,418
29,129,447,415
31,138,441,410
18,132,439,417
24,134,447,417
23,138,438,410
17,143,442,408
10,156,439,396
25,149,434,398
32,151,432,395
21,145,432,395
32,133,436,403
20,123,442,415
32,115,447,418
32,111,450,424
39,101,453,434
34,92,450,446
47,75,448,453
39,78,444,456
38,80,447,458
42,77,441,458
39,94,448,450
35,75,450,460
35,82,451,454
44,92,450,443
43,106,448,434
44,119,455,420
47,133,445,412
46,108,450,429
45,107,456,432
44,106,451,435
45,128,449,419
45,117,455,425
36,105,458,433
31,115,455,427
39,93,462,445
35,98,461,438
30,101,460,439
43,85,466,444
46,87,460,447
28,99,453,441
46,96,450,438
47,96,450,439
44,113,449,429
49,87,457,443
40,100,457,441
48,96,463,440
39,108,456,434
42,103,453,437
39,91,461,443
33,92,455,446
34,85,455,449
40,77,456,454
33,86,450,447
38,75,453,452
35,92,449,445
38,82,450,448
38,75,446,448
36,95,443,439
27,114,449,429
50,119,455,420
36,93,455,439
35,95,455,438
40,105,452,429
26,110,456,430
35,96,462,437
25,104,453,435
37,94,451,439
36,78,452,451
34,96,441,438
42,95,439,437
32,90,436,444
36,100,436,436
30,84,435,448
35,98,438,435
27,98,438,436
39,98,436,431
45,102,435,427
37,110,439,425
45,119,438,419
42,115,440,423
47,117,439,419
50,108,435,424
42,92,437,435
46,122,442,419
37,96,439,438
35,90,440,444
47,98,440,437
26,100,439,439
36,102,441,435
49,96,443,439
35,88,448,450
42,86,448,448
43,98,454,442
40,110,449,436
52,115,445,425
40,117,446,426
47,116,442,424
39,107,438,431
42,116,441,422
38,103,443,432
35,96,441,440
45,89,443,444
36,96,443,440
40,90,443,443
31,96,441,443
40,89,444,446
34,100,437,442
36,108,441,431
53,95,443,438
35,102,441,437
27,86,453,467
26,81,450,468
31,82,453,469
26,74,446,465
35,80,462,462
33,68,476,471
33,73,474,474
39,54,476,484
29,59,472,484
37,59,468,484
36,46,478,488
29,54,469,488
38,61,472,487
31,66,470,484
34,66,477,482
33,60,476,481
19,75,476,466
29,60,466,482
33,55,474,488
22,53,476,483
28,73,475,470
27,77,462,470
35,78,458,470
28,70,456,477
32,61,470,484
34,57,467,491
30,67,472,480
20,76,458,473
31,92,461,461
27,99,465,440
44,84,471,454
38,110,467,437
36,93,464,445
41,86,465,452
36,93,465,452
40,95,470,442
35,87,464,452
30,84,467,453
31,84,469,455
31,87,477,453
20,84,472,459
42,93,478,445
36,100,474,444
35,96,473,448
33,72,471,467
38,98,477,450
40,102,485,446
33,108,482,442
24,98,484,453
32,98,488,450
24,84,486,460
24,95,491,456
25,97,486,452
28,100,481,445
27,100,477,448
37,100,485,447
32,83,475,456
39,86,475,451
32,95,475,449
28,86,470,453
48,92,471,444
46,86,464,450
38,86,456,455
51,90,462,447
29,81,455,457
36,84,451,450
48,90,461,445
46,85,458,450
45,80,461,453
28,79,451,457
37,83,452,453
42,95,453,442
37,93,457,447
48,108,457,434
33,101,453,438
41,105,451,437
40,102,456,437
47,102,457,433
32,112,452,430
36,106,465,436
32,109,461,430
31,93,466,441
40,112,455,426
46,111,463,424
36,104,468,433
35,98,476,439
38,97,478,436
38,110,476,429
38,94,474,441
40,110,467,428
46,105,470,431
33,114,464,428
45,104,467,431
35,115,458,426
51,113,464,422
35,101,456,431
47,107,461,427
43,107,457,428
33,88,461,442
37,98,458,439
35,91,450,441
32,89,451,443
41,87,452,444
42,86,456,448
39,86,459,449
35,79,453,456
43,75,459,457
36,93,458,449
32,74,463,458
32,82,461,452
33,97,456,444
52,101,464,441
40,87,461,453
52,101,458,442
57,88,459,449
43,96,457,447
54,97,461,442
51,108,466,439
46,87,459,439
40,104,462,434
37,96,465,442
50,94,467,441
46,108,470,433
34,94,476,447
44,90,470,445
41,86,469,449
52,91,479,445
38,89,473,451
25,81,460,458
37,94,468,448
35,83,464,456
44,86,467,450
33,85,467,453
41,95,461,446
29,71,460,462
36,88,463,453
42,79,464,457
39,92,459,448
40,92,464,449
45,85,470,450
46,91,469,447
48,99,463,439
40,104,463,437
49,103,459,433
55,110,460,429
52,130,453,412
47,109,457,425
47,123,453,418
52,118,454,416
51,138,449,405
41,134,451,407
32,140,449,403
47,133,443,407
48,139,437,402
38,125,441,413
26,140,438,404
30,135,426,405
43,131,426,405
37,139,419,401
33,147,417,396
18,146,418,396
26,152,417,394
19,148,410,402
29,147,409,398
23,150,408,399
30,156,407,394
18,152,406,396
29,143,411,401
31,137,412,401
30,126,414,411
34,129,410,413
36,119,418,421
42,119,423,421
45,113,438,424
41,102,447,428
36,103,456,431
40,89,451,444
44,86,457,450
47,87,454,452
45,95,450,451
48,91,441,455
56,84,443,453
44,88,442,451
61,104,448,435
38,102,450,444
42,104,446,440
36,102,446,437
44,114,445,433
40,124,444,428
39,107,446,435
45,114,450,428
47,126,451,419
46,121,457,421
56,136,455,406
41,122,458,415
43,146,457,399
43,136,458,397
43,132,456,401
42,141,450,398
47,133,447,399
49,142,437,395
42,150,436,393
37,144,429,399
46,149,426,393
42,149,426,393
33,151,427,396
25,141,448,410
20,144,439,410
20,140,432,412
22,139,431,417
23,137,427,415
21,146,427,411
18,147,420,408
19,141,424,407
18,142,428,410
18,146,419,406
19,137,424,415
23,118,425,418
19,126,428,420
24,118,421,423
20,122,424,431
19,114,431,437
17,104,434,442
29,101,431,454
17,113,430,446
19,118,432,450
19,131,424,438
14,128,430,437
17,138,418,422
19,136,423,425
19,136,418,422
18,141,412,417
22,144,407,408
25,146,403,413
30,139,404,414
31,140,410,414
34,148,405,397
35,133,401,393
34,143,404,388
41,129,417,408
38,123,420,408
38,111,431,422
41,86,430,434
40,99,443,448
34,98,443,450
35,96,442,452
38,90,450,458
39,96,445,445
34,106,446,430
38,107,440,413
44,119,444,407
47,125,444,398
44,138,438,394
50,140,443,393
39,134,445,390
40,135,453,397
37,145,451,397
36,138,453,408
36,143,441,412
35,131,439,417
31,133,430,422
33,133,426,417
28,125,439,426
24,135,436,424
19,123,445,434
18,123,448,436
18,126,442,432
17,117,438,433
20,136,423,417
23,120,425,428
24,111,423,429
29,123,417,420
24,124,421,419
22,111,427,424
22,104,424,424
16,122,415,415
19,103,424,425
14,98,431,436
8,103,430,444
5,103,431,446
10,102,423,441
10,116,405,427
8,108,411,431
7,111,408,428
7,114,403,414
9,126,405,414
4,141,391,403
8,152,390,400
12,144,390,399
17,149,389,398
20,150,382,392
21,160,369,382
20,155,366,387
19,178,352,368
10,161,364,393
7,151,372,406
14,154,361,385
17,155,369,384
18,164,373,382
21,154,368,385
25,149,377,392
25,150,379,391
28,142,384,400
27,134,378,404
26,128,378,408
28,134,379,406
29,125,386,410
27,119,385,411
34,129,381,404
33,129,384,407
37,129,396,406
40,123,396,413
39,118,397,415
39,136,399,404
33,121,415,420
35,125,415,416
27,119,414,422
21,112,417,424
27,131,407,413
31,119,405,422
31,122,403,423
33,126,401,420
37,126,404,422
42,116,412,421
31,115,407,428
32,111,413,429
28,104,418,434
28,102,422,432
37,107,422,418
47,103,423,410
34,94,429,421
37,91,440,425
31,98,440,428
36,100,445,429
