104 69 125.0 69 125.0 109.0 104 109.0
104 64 124.0 64 124.0 108.0 104 108.0
103 61 123.0 61 123.0 108.0 103 108.0
103 61 122.0 61 122.0 107.0 103 107.0
102 61 121.0 61 121.0 107.0 102 107.0
102 61 121.0 61 121.0 101.0 102 101.0
101 57 120.0 57 120.0 100.0 101 100.0
101 56 121.0 56 121.0 100.0 101 100.0
101 56 121.0 56 121.0 97.0 101 97.0
101 56 121.0 56 121.0 97.0 101 97.0
102 55 122.0 55 122.0 94.0 102 94.0
104 55 124.0 55 124.0 96.0 104 96.0
104 52 126.0 52 126.0 94.0 104 94.0
105 53 127.0 53 127.0 94.0 105 94.0
107 53 130.0 53 130.0 93.0 107 93.0
111 53 133.0 53 133.0 91.0 111 91.0
112 53 133.0 53 133.0 91.0 112 91.0
115 52 136.0 52 136.0 91.0 115 91.0
120 52 140.0 52 140.0 91.0 120 91.0
121 51 143.0 51 143.0 90.0 121 90.0
121 51 145.0 51 145.0 90.0 121 90.0
124 50 149.0 50 149.0 89.0 124 89.0
126 50 150.0 50 150.0 89.0 126 89.0
131 50 153.0 50 153.0 90.0 131 90.0
137 49 156.0 49 156.0 89.0 137 89.0
140 49 159.0 49 159.0 90.0 140 90.0
141 48 161.0 48 161.0 89.0 141 89.0
142 47 164.0 47 164.0 87.0 142 87.0
145 48 166.0 48 166.0 88.0 145 88.0
146 48 167.0 48 167.0 88.0 146 88.0
150 46 169.0 46 169.0 86.0 150 86.0
154 46 171.0 46 171.0 87.0 154 87.0
157 46 177.0 46 177.0 87.0 157 87.0
158 47 180.0 47 180.0 86.0 158 86.0
159 46 181.0 46 181.0 86.0 159 86.0
160 46 182.0 46 182.0 86.0 160 86.0
166 46 185.0 46 185.0 85.0 166 85.0
170 46 187.0 46 187.0 83.0 170 83.0
172 46 191.0 46 191.0 83.0 172 83.0
173 47 195.0 47 195.0 84.0 173 84.0
176 48 198.0 48 198.0 84.0 176 84.0
181 48 200.0 48 200.0 83.0 181 83.0
182 48 201.0 48 201.0 83.0 182 83.0
187 48 205.0 48 205.0 83.0 187 83.0
189 49 207.0 49 207.0 83.0 189 83.0
191 51 210.0 51 210.0 85.0 191 85.0
192 51 212.0 51 212.0 85.0 192 85.0
195 52 215.0 52 215.0 87.0 195 87.0
198 52 217.0 52 217.0 88.0 198 88.0
198 52 217.0 52 217.0 87.0 198 87.0
200 53 218.0 53 218.0 89.0 200 89.0
201 52 219.0 52 219.0 89.0 201 89.0
202 53 221.0 53 221.0 93.0 202 93.0
202 55 221.0 55 221.0 95.0 202 95.0
203 56 222.0 56 222.0 96.0 203 96.0
203 56 222.0 56 222.0 95.0 203 95.0
203 56 222.0 56 222.0 95.0 203 95.0
204 57 223.0 57 223.0 96.0 204 96.0
204 58 223.0 58 223.0 97.0 204 97.0
204 58 223.0 58 223.0 98.0 204 98.0
204 58 223.0 58 223.0 99.0 204 99.0
205 60 224.0 60 224.0 101.0 205 101.0
205 60 224.0 60 224.0 101.0 205 101.0
205 60 224.0 60 224.0 102.0 205 102.0
204 60 223.0 60 223.0 104.0 204 104.0
203 61 222.0 61 222.0 107.0 203 107.0
203 61 223.0 61 223.0 107.0 203 107.0
203 60 222.0 60 222.0 107.0 203 107.0
203 61 222.0 61 222.0 107.0 203 107.0
202 60 222.0 60 222.0 107.0 202 107.0
201 59 220.0 59 220.0 107.0 201 107.0
201 59 220.0 59 220.0 107.0 201 107.0
199 60 219.0 60 219.0 107.0 199 107.0
200 60 220.0 60 220.0 107.0 200 107.0
196 59 218.0 59 218.0 107.0 196 107.0
196 58 218.0 58 218.0 106.0 196 106.0
194 57 214.0 57 214.0 104.0 194 104.0
192 56 213.0 56 213.0 104.0 192 104.0
191 54 212.0 54 212.0 103.0 191 103.0
191 53 213.0 53 213.0 102.0 191 102.0
190 53 212.0 53 212.0 100.0 190 100.0
190 53 212.0 53 212.0 100.0 190 100.0
189 52 210.0 52 210.0 97.0 189 97.0
189 50 210.0 50 210.0 95.0 189 95.0
188 49 208.0 49 208.0 94.0 188 94.0
188 48 208.0 48 208.0 94.0 188 94.0
188 47 209.0 47 209.0 93.0 188 93.0
188 47 209.0 47 209.0 93.0 188 93.0
187 47 207.0 47 207.0 89.0 187 89.0
187 45 208.0 45 208.0 87.0 187 87.0
186 44 206.0 44 206.0 87.0 186 87.0
185 44 206.0 44 206.0 88.0 185 88.0
185 43 206.0 43 206.0 87.0 185 87.0
185 42 206.0 42 206.0 86.0 185 86.0
185 42 206.0 42 206.0 86.0 185 86.0
185 42 206.0 42 206.0 84.0 185 84.0
185 40 205.0 40 205.0 83.0 185 83.0
184 40 205.0 40 205.0 84.0 184 84.0
183 39 204.0 39 204.0 84.0 183 84.0
183 38 204.0 38 204.0 83.0 183 83.0
183 37 204.0 37 204.0 82.0 183 82.0
182 37 203.0 37 203.0 81.0 182 81.0
182 36 202.0 36 202.0 79.0 182 79.0
181 35 202.0 35 202.0 79.0 181 79.0
180 34 201.0 34 201.0 79.0 180 79.0
181 33 202.0 33 202.0 78.0 181 78.0
181 33 202.0 33 202.0 78.0 181 78.0
180 33 202.0 33 202.0 79.0 180 79.0
180 32 202.0 32 202.0 77.0 180 77.0
180 32 201.0 32 201.0 76.0 180 76.0
179 30 200.0 30 200.0 74.0 179 74.0
179 29 200.0 29 200.0 74.0 179 74.0
179 28 200.0 28 200.0 73.0 179 73.0
178 28 199.0 28 199.0 73.0 178 73.0
178 28 199.0 28 199.0 73.0 178 73.0
177 28 198.0 28 198.0 73.0 177 73.0
176 28 197.0 28 197.0 71.0 176 71.0
176 27 196.0 27 196.0 70.0 176 70.0
176 26 197.0 26 197.0 70.0 176 70.0
175 26 196.0 26 196.0 70.0 175 70.0
175 25 195.0 25 195.0 69.0 175 69.0
175 25 195.0 25 195.0 70.0 175 70.0
175 25 195.0 25 195.0 70.0 175 70.0
175 24 195.0 24 195.0 69.0 175 69.0
175 24 195.0 24 195.0 69.0 175 69.0
174 23 194.0 23 194.0 66.0 174 66.0
174 23 194.0 23 194.0 66.0 174 66.0
174 22 194.0 22 194.0 65.0 174 65.0
173 22 193.0 22 193.0 66.0 173 66.0
172 22 192.0 22 192.0 66.0 172 66.0
172 22 192.0 22 192.0 66.0 172 66.0
172 22 192.0 22 192.0 66.0 172 66.0
170 21 190.0 21 190.0 63.0 170 63.0
171 20 191.0 20 191.0 62.0 171 62.0
169 19 189.0 19 189.0 61.0 169 61.0
167 18 187.0 18 187.0 61.0 167 61.0
168 18 189.0 18 189.0 61.0 168 61.0
167 18 188.0 18 188.0 62.0 167 62.0
166 18 187.0 18 187.0 62.0 166 62.0
166 18 187.0 18 187.0 62.0 166 62.0
165 17 186.0 17 186.0 61.0 165 61.0
164 16 184.0 16 184.0 59.0 164 59.0
161 16 182.0 16 182.0 59.0 161 59.0
161 16 182.0 16 182.0 60.0 161 60.0
160 15 181.0 15 181.0 58.0 160 58.0
159 15 181.0 15 181.0 58.0 159 58.0
157 15 180.0 15 180.0 57.0 157 57.0
155 15 179.0 15 179.0 57.0 155 57.0
154 15 178.0 15 178.0 58.0 154 58.0
154 14 177.0 14 177.0 56.0 154 56.0
153 14 175.0 14 175.0 56.0 153 56.0
151 12 173.0 12 173.0 56.0 151 56.0
150 11 171.0 11 171.0 55.0 150 55.0
149 10 170.0 10 170.0 55.0 149 55.0
149 10 170.0 10 170.0 55.0 149 55.0
148 11 168.0 11 168.0 55.0 148 55.0
147 11 168.0 11 168.0 55.0 147 55.0
145 10 166.0 10 166.0 54.0 145 54.0
145 10 166.0 10 166.0 52.0 145 52.0
142 10 163.0 10 163.0 53.0 142 53.0
140 10 161.0 10 161.0 52.0 140 52.0
139 9 160.0 9 160.0 50.0 139 50.0
139 10 160.0 10 160.0 52.0 139 52.0
136 10 159.0 10 159.0 51.0 136 51.0
134 10 158.0 10 158.0 51.0 134 51.0
133 11 158.0 11 158.0 52.0 133 52.0
131 10 155.0 10 155.0 52.0 131 52.0
129 11 151.0 11 151.0 52.0 129 52.0
129 11 151.0 11 151.0 52.0 129 52.0
127 10 148.0 10 148.0 52.0 127 52.0
126 10 147.0 10 147.0 52.0 126 52.0
124 11 146.0 11 146.0 52.0 124 52.0
120 10 144.0 10 144.0 51.0 120 51.0
119 11 143.0 11 143.0 52.0 119 52.0
118 10 143.0 10 143.0 52.0 118 52.0
116 11 142.0 11 142.0 53.0 116 53.0
115 11 139.0 11 139.0 53.0 115 53.0
113 11 136.0 11 136.0 53.0 113 53.0
110 10 133.0 10 133.0 52.0 110 52.0
109 12 131.0 12 131.0 54.0 109 54.0
106 12 129.0 12 129.0 54.0 106 54.0
103 12 127.0 12 127.0 54.0 103 54.0
103 12 127.0 12 127.0 55.0 103 55.0
103 13 127.0 13 127.0 55.0 103 55.0
100 12 123.0 12 123.0 55.0 100 55.0
98 13 121.0 13 121.0 56.0 98 56.0
96 13 118.0 13 118.0 55.0 96 55.0
96 13 117.0 13 117.0 55.0 96 55.0
94 14 116.0 14 116.0 56.0 94 56.0
92 14 115.0 14 115.0 56.0 92 56.0
90 15 114.0 15 114.0 58.0 90 58.0
88 15 112.0 15 112.0 58.0 88 58.0
86 15 109.0 15 109.0 58.0 86 58.0
85 16 108.0 16 108.0 59.0 85 59.0
85 15 108.0 15 108.0 59.0 85 59.0
84 15 107.0 15 107.0 58.0 84 58.0
83 16 106.0 16 106.0 59.0 83 59.0
83 17 105.0 17 105.0 60.0 83 60.0
81 17 104.0 17 104.0 60.0 81 60.0
82 17 105.0 17 105.0 60.0 82 60.0
81 17 103.0 17 103.0 61.0 81 61.0
80 16 103.0 16 103.0 60.0 80 60.0
80 16 103.0 16 103.0 60.0 80 60.0
80 16 103.0 16 103.0 60.0 80 60.0
80 17 102.0 17 102.0 60.0 80 60.0
79 17 102.0 17 102.0 61.0 79 61.0
79 16 101.0 16 101.0 60.0 79 60.0
79 16 101.0 16 101.0 60.0 79 60.0
79 17 101.0 17 101.0 60.0 79 60.0
79 16 101.0 16 101.0 60.0 79 60.0
79 16 101.0 16 101.0 60.0 79 60.0
79 16 101.0 16 101.0 59.0 79 59.0
79 16 102.0 16 102.0 59.0 79 59.0
80 16 104.0 16 104.0 60.0 80 60.0
79 15 104.0 15 104.0 59.0 79 59.0
80 15 104.0 15 104.0 59.0 80 59.0
81 15 106.0 15 106.0 59.0 81 59.0
83 15 107.0 15 107.0 59.0 83 59.0
84 14 108.0 14 108.0 59.0 84 59.0
85 14 110.0 14 110.0 60.0 85 60.0
85 14 109.0 14 109.0 59.0 85 59.0
86 13 110.0 13 110.0 58.0 86 58.0
87 13 112.0 13 112.0 57.0 87 57.0
89 14 114.0 14 114.0 59.0 89 59.0
90 15 116.0 15 116.0 60.0 90 60.0
92 14 119.0 14 119.0 58.0 92 58.0
93 14 120.0 14 120.0 59.0 93 59.0
93 14 120.0 14 120.0 59.0 93 59.0
95 14 122.0 14 122.0 58.0 95 58.0
99 14 123.0 14 123.0 58.0 99 58.0
101 13 125.0 13 125.0 57.0 101 57.0
105 14 129.0 14 129.0 58.0 105 58.0
106 14 130.0 14 130.0 58.0 106 58.0
107 14 133.0 14 133.0 57.0 107 57.0
107 14 136.0 14 136.0 58.0 107 58.0
109 13 137.0 13 137.0 57.0 109 57.0
113 12 138.0 12 138.0 56.0 113 56.0
117 12 141.0 12 141.0 56.0 117 56.0
120 12 143.0 12 143.0 56.0 120 56.0
119 12 142.0 12 142.0 55.0 119 55.0
121 12 145.0 12 145.0 57.0 121 57.0
123 12 150.0 12 150.0 56.0 123 56.0
124 13 152.0 13 152.0 56.0 124 56.0
126 13 153.0 13 153.0 57.0 126 57.0
131 12 156.0 12 156.0 56.0 131 56.0
134 11 157.0 11 157.0 55.0 134 55.0
137 12 161.0 12 161.0 56.0 137 56.0
137 11 160.0 11 160.0 55.0 137 55.0
139 12 165.0 12 165.0 55.0 139 55.0
140 12 167.0 12 167.0 55.0 140 55.0
142 11 168.0 11 168.0 54.0 142 54.0
