414,69,15,42
414,71,13,41
414,70,14,43
415,71,13,43
414,69,14,42
415,71,15,41
415,70,15,41
415,68,15,41
415,70,15,40
416,69,14,41
416,69,15,40
417,70,15,39
418,71,14,38
418,71,15,36
418,71,15,36
417,70,15,35
419,67,15,39
419,70,15,36
420,68,15,38
420,70,15,36
421,70,14,37
421,71,15,39
421,71,14,41
421,71,14,41
421,69,14,41
422,71,15,40
422,70,14,41
423,71,15,39
423,69,14,40
423,71,15,37
424,70,14,41
423,73,15,37
423,72,15,36
423,72,14,36
423,72,13,36
424,71,13,38
425,73,13,38
425,72,13,39
426,73,12,40
426,73,12,41
427,72,12,38
427,73,13,38
427,72,13,38
428,74,14,37
426,73,13,37
427,74,13,39
427,73,13,38
429,74,13,38
430,74,13,38
431,73,13,38
431,72,13,38
431,72,13,39
432,72,13,38
432,73,13,38
432,74,13,37
433,74,12,40
433,72,13,38
434,74,13,39
436,74,13,39
437,73,14,39
437,73,13,38
438,74,13,39
438,74,13,39
438,74,13,40
438,73,13,38
439,73,13,37
438,73,13,38
439,72,13,38
439,73,13,38
440,73,13,38
441,72,14,39
440,73,13,39
441,73,13,39
441,73,14,39
441,73,14,39
440,73,14,39
441,72,14,39
443,71,14,39
443,71,14,39
445,71,14,39
445,71,14,39
445,71,14,39
445,73,13,38
446,73,14,39
447,71,13,39
447,73,13,38
447,74,13,38
448,73,13,38
449,73,13,39
449,73,13,39
449,74,12,39
449,73,12,40
451,74,13,39
450,73,13,40
450,73,12,40
451,74,12,38
450,75,11,38
452,74,13,39
451,73,12,38
451,76,12,37
452,76,12,36
453,74,11,34
453,75,11,32
453,74,11,32
453,75,11,34
452,71,13,38
452,70,13,39
453,70,13,36
455,74,11,31
454,72,13,38
454,73,13,38
455,74,12,28
456,72,12,31
456,73,11,29
456,72,11,31
458,73,11,29
460,74,12,28
460,75,12,28
462,75,10,30
462,76,10,33
462,76,11,33
463,77,11,36
463,77,12,36
464,76,12,37
464,77,13,35
463,78,13,34
464,76,13,36
464,75,13,36
465,78,13,37
465,78,13,38
466,78,13,39
466,78,13,38
467,78,13,36
467,77,13,39
466,79,13,38
467,78,13,37
467,76,13,38
468,80,14,39
468,82,14,39
469,81,14,39
470,81,13,39
472,79,14,38
471,80,14,39
471,79,13,38
472,80,14,39
471,78,14,39
472,80,14,40
473,83,12,38
473,80,13,39
475,79,12,40
475,80,13,40
475,80,13,36
474,82,14,40
475,79,13,37
475,80,13,37
476,81,12,40
477,82,12,39
478,81,12,41
477,79,12,38
478,79,12,38
478,81,13,39
479,82,13,39
479,81,13,38
480,82,13,39
482,82,12,40
484,83,11,35
485,81,12,37
486,84,12,36
487,85,12,38
487,84,12,40
488,84,12,36
488,82,12,37
488,83,12,37
490,83,12,39
491,83,13,36
491,82,12,36
491,83,13,37
490,84,13,38
491,83,13,38
492,84,13,37
494,84,12,36
494,85,12,37
497,84,12,36
496,84,13,35
497,82,13,37
498,84,13,37
498,86,13,36
499,86,13,37
499,86,13,36
501,86,12,37
503,87,12,36
504,85,12,35
505,84,12,36
505,84,12,35
506,86,12,35
506,87,12,37
508,88,13,37
508,87,13,35
508,88,13,38
510,89,12,38
512,89,12,36
512,87,13,37
512,86,11,34
513,86,12,38
514,89,12,37
515,89,13,37
515,90,13,37
516,91,13,37
517,93,12,39
519,94,12,36
520,89,12,35
521,90,12,38
522,89,13,37
522,89,13,38
523,88,12,39
524,89,13,39
523,89,13,39
525,88,13,38
525,90,13,39
526,88,13,38
524,85,13,36
526,88,14,39
526,89,14,39
528,90,13,41
526,91,14,39
527,91,13,42
528,90,14,40
529,90,14,42
529,90,14,41
529,91,14,41
529,93,13,42
530,92,13,40
530,92,13,41
531,93,12,43
532,93,13,42
532,92,14,41
531,93,14,40
534,94,13,39
533,94,14,40
535,91,14,40
535,92,14,40
536,94,14,42
536,93,14,43
537,94,14,42
540,94,14,43
