515,183,71,70
513,183,71,70
514,183,72,70
515,182,71,70
514,181,72,71
515,183,71,71
515,181,70,71
513,182,71,71
513,185,70,69
515,185,69,68
516,185,68,67
517,187,67,66
517,185,66,67
518,187,67,66
517,187,66,65
518,187,66,65
517,188,67,66
520,185,66,65
519,189,66,65
539,188,65,65
541,182,66,65
533,161,66,65
519,147,65,64
469,105,66,65
460,104,67,66
491,153,68,67
514,185,68,66
519,186,68,67
516,187,70,67
515,185,72,67
511,182,73,66
514,189,68,55
516,183,67,64
513,183,72,65
515,183,71,66
516,184,71,66
517,183,69,68
516,186,70,69
515,188,70,58
527,188,69,68
521,184,66,64
518,182,66,66
518,185,69,68
527,186,59,64
517,181,69,68
522,190,71,70
522,210,71,70
523,204,71,70
523,183,65,71
518,183,66,73
516,186,70,70
516,187,70,69
516,184,71,66
517,184,69,64
516,185,70,65
515,184,69,65
514,184,71,65
514,185,71,64
516,184,70,64
516,184,70,64
519,185,67,65
516,183,68,66
516,186,69,66
518,184,67,66
518,185,68,66
517,185,69,63
517,188,68,67
516,186,68,67
517,184,67,67
519,184,68,68
516,185,68,67
519,187,67,66
519,187,67,67
519,189,67,66
520,189,65,64
519,188,66,65
518,187,66,65
519,185,67,66
519,187,68,67
516,186,68,67
517,184,67,68
518,184,66,69
518,183,68,71
518,185,70,69
514,187,71,70
516,185,71,71
516,184,72,71
514,185,72,71
514,184,74,69
513,183,74,69
513,181,75,68
512,183,74,69
513,181,74,68
513,181,74,68
513,182,75,68
512,183,74,68
511,181,76,69
512,181,76,70
510,180,77,69
511,180,77,71
509,182,79,70
512,180,75,71
513,181,75,72
512,180,77,70
508,180,80,70
513,181,76,73
514,181,74,72
512,182,76,71
514,183,74,71
512,182,76,68
515,185,73,72
515,186,74,72
523,184,67,65
521,181,64,76
518,184,67,76
515,183,71,75
517,181,66,79
514,184,74,73
516,186,75,74
520,184,68,68
516,183,71,66
514,182,74,67
513,184,76,65
514,183,74,65
512,182,75,66
511,183,77,65
512,183,77,67
510,185,78,66
519,188,69,56
523,154,73,72
506,110,74,73
467,40,75,74
436,36,73,72
419,49,73,72
395,53,73,72
401,55,72,71
408,75,72,71
441,71,71,70
422,65,72,71
440,22,71,70
434,26,72,71
436,21,72,71
451,17,74,73
432,20,74,73
442,23,74,73
440,15,73,72
421,22,75,74
395,25,74,73
395,28,74,73
387,25,75,74
379,27,76,75
382,23,77,76
372,26,78,76
368,26,78,77
330,78,77,69
353,77,79,78
376,29,80,79
347,6,80,79
353,1,79,78
353,5,77,76
347,3,78,77
344,0,78,77
347,0,77,76
346,0,75,74
342,0,74,73
341,0,72,71
336,0,71,70
339,0,70,69
338,0,69,68
336,0,68,67
321,37,67,66
334,1,66,65
333,0,66,65
337,0,66,65
337,0,65,64
345,0,63,62
346,0,62,61
341,0,62,61
351,0,62,61
358,0,62,62
357,17,64,63
351,32,64,63
373,0,62,61
359,56,61,61
336,78,61,60
341,77,60,59
344,95,61,60
348,81,60,59
352,78,61,60
354,77,60,59
354,97,61,60
361,75,60,59
359,103,60,59
373,89,59,59
375,75,59,58
377,67,59,58
378,69,59,58
378,84,58,57
395,70,58,57
410,68,58,57
407,68,58,57
405,70,58,57
404,70,58,57
403,67,58,57
405,70,58,57
398,68,58,57
396,67,58,57
390,67,57,57
387,71,57,56
387,68,57,56
377,69,58,57
379,65,59,59
380,67,59,58
389,83,58,57
387,83,57,56
385,77,57,57
384,80,56,56
379,84,56,55
392,66,55,55
390,76,54,54
384,76,55,55
377,76,55,54
375,76,56,56
375,73,57,56
372,74,56,56
371,77,57,56
369,78,56,55
365,74,56,55
364,76,55,55
363,76,56,55
365,76,56,55
362,74,55,55
362,74,55,54
363,71,56,56
362,75,56,56
362,77,56,56
364,77,56,55
364,76,56,55
363,78,56,55
364,77,56,55
367,73,57,56
365,77,57,56
366,76,57,56
367,75,59,58
367,76,59,58
370,72,58,57
360,70,58,57
352,78,57,56
340,77,56,55
337,82,55,54
340,88,55,54
337,89,54,53
341,87,54,53
340,77,53,53
364,75,54,53
360,78,53,53
354,81,54,54
353,80,56,55
352,80,56,56
346,80,57,56
345,81,57,56
340,85,56,55
335,80,57,56
331,80,57,57
327,75,58,57
328,74,58,57
325,74,58,57
324,72,58,57
320,74,57,56
322,73,56,56
320,72,57,56
319,73,56,55
319,73,56,55
318,74,56,56
315,75,57,56
314,75,58,57
314,72,59,58
314,75,59,58
315,77,59,58
297,74,59,58
292,81,59,58
305,74,59,58
312,75,59,58
314,74,60,59
317,72,59,58
319,75,58,57
320,73,58,58
323,74,58,57
325,77,60,59
324,74,58,57
325,76,58,57
324,76,58,57
325,75,58,58
327,77,58,57
329,76,57,57
331,77,57,56
333,74,57,56
336,74,57,56
334,73,58,57
345,72,58,57
349,72,58,57
349,73,59,58
350,72,59,58
352,69,59,59
353,69,59,58
347,67,59,58
343,67,58,57
335,66,58,57
323,54,57,57
308,32,58,57
314,37,58,57
370,67,58,57
368,66,56,55
370,64,57,56
372,62,56,55
378,60,57,56
371,60,57,56
367,59,56,55
358,54,55,55
338,40,56,55
334,43,56,55
348,60,56,55
376,85,56,55
377,83,56,55
372,67,56,56
375,78,57,56
370,68,56,56
368,50,57,56
369,40,55,54
364,46,55,55
362,54,55,54
359,52,55,54
361,56,55,54
374,42,54,53
376,61,54,53
378,60,54,53
380,61,54,53
378,53,54,53
380,58,53,52
383,66,53,52
348,61,53,52
333,62,52,51
334,64,52,51
336,60,51,50
335,63,50,49
337,60,50,49
337,62,50,49
340,66,50,49
339,67,51,50
336,67,52,51
336,65,53,52
335,66,53,53
335,67,53,53
335,67,53,52
335,69,53,52
334,69,53,53
333,71,53,52
333,68,53,52
335,68,54,53
332,67,53,52
335,68,52,51
330,67,53,52
332,68,52,51
332,66,53,52
332,66,53,52
332,65,54,53
330,66,54,53
332,65,54,53
332,65,54,53
333,64,54,53
332,64,54,53
331,64,55,54
330,64,54,53
330,64,54,53
329,63,54,53
333,66,54,53
331,67,54,53
330,67,54,53
331,65,54,53
331,66,55,54
332,66,55,54
331,66,55,54
330,65,55,55
330,64,55,54
315,66,55,55
319,61,56,55
318,65,55,55
320,64,55,54
325,61,55,55
333,58,55,55
332,59,55,55
333,55,57,56
334,57,56,56
336,59,56,55
337,59,57,56
344,58,58,57
341,58,57,56
344,61,58,57
327,61,59,58
321,60,58,58
291,71,58,57
262,80,58,57
297,75,58,57
328,62,59,56
345,59,59,58
347,59,59,58
349,57,59,58
350,58,59,58
356,59,59,58
352,62,59,58
355,61,59,58
356,64,59,58
356,62,58,57
358,63,58,57
360,63,58,58
359,63,59,58
356,60,60,59
330,83,58,57
333,113,59,58
329,120,59,58
325,123,58,57
322,122,58,57
317,119,58,57
320,123,58,57
323,126,57,56
326,117,56,55
320,92,56,55
320,91,57,56
373,128,57,56
406,127,58,57
433,126,57,57
456,133,57,56
495,101,56,55
501,119,56,55
526,189,57,56
528,200,56,55
527,197,56,55
550,183,55,54
574,177,55,54
589,179,55,54
571,195,55,54
553,194,54,53
536,193,54,53
525,204,54,53
521,199,53,52
498,206,53,52
474,227,53,52
478,209,53,53
483,203,53,52
520,199,53,52
530,200,53,52
527,200,52,52
529,203,53,52
529,202,52,51
531,202,52,51
529,203,51,51
529,199,51,50
530,200,52,51
526,205,52,51
528,208,53,52
527,202,54,53
531,203,54,53
529,203,53,53
527,204,54,53
530,203,53,52
528,202,53,52
530,206,53,52
531,204,53,52
532,204,53,52
531,207,54,53
528,202,55,54
530,207,55,54
529,207,54,53
526,207,54,53
528,205,54,53
534,202,53,52
527,206,53,52
529,207,53,53
529,208,54,53
528,208,54,53
524,200,53,52
532,209,53,52
531,209,53,52
527,210,53,52
529,211,53,53
526,209,54,53
523,210,54,53
519,214,53,52
517,217,53,53
517,214,54,53
513,215,55,54
506,220,55,54
514,221,54,53
519,217,53,53
526,217,53,52
525,213,52,52
531,210,52,51
529,210,51,51
527,212,52,51
527,208,52,51
526,211,52,51
526,206,52,51
523,213,52,51
521,211,53,52
524,213,53,52
523,212,53,52
522,213,52,51
525,212,51,51
528,210,51,50
514,188,51,50
536,171,51,50
549,192,51,50
547,208,51,50
534,212,51,50
526,214,50,50
528,212,50,49
526,213,50,49
527,214,50,49
527,213,49,48
525,212,49,49
521,202,50,49
512,162,49,49
518,171,49,48
520,170,49,48
527,194,48,48
531,192,48,48
516,196,48,47
491,201,47,46
484,151,47,46
463,151,46,45
478,166,46,45
497,217,45,45
535,223,46,45
533,220,46,45
530,229,46,45
528,229,45,45
529,226,45,44
530,223,44,44
520,225,44,44
520,224,44,43
522,222,45,44
515,223,44,43
512,224,44,43
510,221,43,43
475,212,42,42
492,191,42,42
517,230,43,43
535,236,42,42
526,214,43,43
530,211,43,42
530,213,43,42
530,212,44,43
529,214,43,43
532,217,43,43
533,214,43,43
543,207,43,42
537,212,43,42
533,215,43,43
546,195,43,42
550,214,43,42
527,223,43,43
525,224,43,42
519,181,43,42
492,187,43,42
447,209,42,41
423,156,42,41
424,127,41,41
454,126,42,42
462,112,42,42
474,127,43,42
479,137,42,42
496,147,43,42
514,171,43,43
507,182,43,42
543,232,42,42
523,216,43,42
531,211,42,42
508,197,42,41
514,211,41,41
463,212,41,41
505,221,42,41
542,224,41,41
574,229,42,41
621,209,41,41
656,212,41,41
670,207,41,41
695,238,41,40
702,211,41,40
700,207,41,40
669,182,41,40
673,199,41,41
672,195,41,40
674,197,40,39
637,212,40,39
591,232,40,39
566,255,40,39
537,260,40,40
488,235,41,40
477,200,40,39
454,186,40,39
413,169,39,39
375,170,39,38
345,134,39,38
343,109,38,38
317,120,38,38
269,111,39,38
258,103,39,39
262,104,39,39
265,109,39,38
259,153,39,39
275,193,39,38
250,216,39,38
237,242,38,38
233,261,38,38
182,242,38,38
183,290,39,38
150,311,38,37
140,337,37,37
112,344,38,37
97,325,37,36
95,328,37,36
104,325,37,36
114,321,37,36
118,314,37,37
137,305,37,37
128,271,37,37
91,232,36,36
100,252,37,36
101,266,36,36
97,285,36,36
98,278,37,36
88,265,36,36
75,253,36,36
63,238,36,36
49,234,36,35
40,232,36,35
40,229,36,35
52,215,35,34
67,212,35,34
96,199,34,34
126,188,35,34
156,171,34,34
182,166,34,33
212,148,34,34
226,157,35,34
209,179,34,34
228,170,34,34
233,154,34,34
221,125,34,34
225,147,34,34
214,170,34,33
191,208,34,33
170,222,34,34
154,231,34,34
144,235,35,34
141,240,35,34
141,245,35,34
143,250,35,35
153,250,35,35
155,247,36,35
165,237,36,35
172,229,37,36
171,229,36,35
179,221,36,35
192,198,36,35
205,182,36,35
218,170,36,36
218,197,36,35
236,190,35,35
243,180,35,35
231,151,36,35
223,117,35,35
238,135,34,34
225,119,33,33
239,131,34,33
227,116,33,33
228,115,33,33
237,130,33,33
235,130,33,32
237,137,33,32
236,135,33,32
235,139,33,32
224,113,33,32
210,71,32,31
211,50,32,31
216,48,32,31
212,46,31,31
208,48,31,31
210,47,31,30
209,49,30,29
206,45,30,30
203,49,30,29
203,62,30,29
215,76,30,29
202,56,30,29
207,57,30,29
214,57,30,30
226,65,30,30
232,58,31,30
233,60,31,30
233,53,30,30
233,54,30,30
236,59,30,30
234,59,30,29
235,77,29,29
232,87,30,30
234,104,30,30
232,113,30,30
225,99,31,31
215,101,31,30
210,81,30,30
211,102,30,30
204,98,30,29
201,90,29,28
197,103,28,28
190,96,28,28
184,107,28,27
178,124,28,28
164,118,28,28
146,120,28,28
140,138,28,27
139,167,28,27
143,177,27,27
144,188,28,27
137,179,27,27
127,156,27,27
122,139,27,27
108,112,27,26
91,90,27,27
53,111,27,27
42,125,26,26
45,128,27,26
47,126,27,26
54,131,27,26
50,123,27,26
49,111,27,26
53,125,26,26
51,114,26,26
50,122,26,26
50,118,26,25
50,119,25,25
51,121,25,25
52,119,26,25
55,116,26,25
58,118,26,25
57,125,25,25
62,133,25,25
63,135,25,25
64,154,25,25
67,160,25,24
62,169,24,24
59,169,24,23
47,163,24,23
47,146,23,23
40,142,23,23
37,147,23,23
33,132,22,22
33,136,23,22
33,134,23,23
32,131,23,23
31,133,22,22
26,153,22,22
20,156,22,22
16,157,22,22
16,155,22,22
13,163,22,21
7,165,21,21
4,171,21,21
4,173,22,21
4,174,22,21
3,176,21,21
3,184,21,21
3,184,21,21
4,184,21,20
3,187,20,20
4,175,20,20
3,172,20,20
3,183,20,20
3,177,20,20
4,176,20,20
3,178,20,20
3,177,19,19
3,173,19,19
3,172,19,19
3,175,19,19
3,178,19,18
3,178,18,18
4,174,19,18
4,174,19,18
3,177,19,18
4,178,18,18
3,175,18,18
7,172,18,18
3,177,18,18
5,180,18,18
3,175,18,18
7,175,17,17
7,158,17,17
13,147,17,17
14,132,17,17
16,124,17,17
18,123,17,17
17,124,17,17
28,112,17,17
32,107,17,17
30,112,17,17
35,105,17,17
40,107,17,17
42,104,17,17
41,107,17,17
43,104,17,16
44,115,17,17
38,111,17,16
44,104,16,16
45,102,16,16
42,99,16,15
38,98,15,15
34,110,15,15
33,101,16,15
34,100,16,15
39,95,15,15
40,91,15,15
39,98,15,15
36,92,15,15
34,97,15,15
34,94,15,14
31,95,14,14
26,97,14,14
29,92,14,14
26,92,15,14
27,93,15,14
26,94,15,14
23,89,15,14
24,91,15,14
22,87,15,14
25,90,14,14
24,92,15,14
23,93,14,14
25,93,14,14
23,87,14,14
23,86,14,14
23,84,14,14
24,84,14,14
26,84,14,14
25,88,14,14
25,91,14,13
24,92,13,13
23,89,13,13
24,85,13,13
22,84,13,13
26,84,13,13
19,94,13,13
25,78,13,13
24,71,13,13
26,73,13,13
27,79,13,12
24,78,12,12
23,77,12,12
32,81,12,12
31,78,12,12
30,77,12,12
29,81,12,12
31,90,12,12
27,105,12,12
27,118,12,11
25,121,11,11
24,119,11,11
24,119,11,11
22,116,11,11
22,119,11,11
20,131,11,11
17,130,11,11
18,130,11,10
16,132,10,10
17,135,10,10
19,129,10,10
20,129,10,10
20,133,10,10
28,140,10,10
27,141,10,10
26,151,10,10
20,154,10,10
22,154,10,10
24,155,10,10
24,156,9,9
26,159,9,9
25,163,9,9
26,167,9,9
22,180,9,9
29,176,9,9
37,176,9,9
34,179,9,9
34,187,9,9
43,192,9,9
41,190,9,9
43,192,9,9
50,198,9,9
49,204,9,9
59,217,10,9
64,219,9,9
74,220,10,10
79,211,10,10
74,215,10,10
71,214,10,10
75,211,10,9
79,201,9,9
78,190,10,9
70,188,9,9
76,188,10,9
80,189,10,9
79,189,9,9
79,189,9,9
84,189,9,9
87,197,9,9
80,187,9,9
82,189,9,9
87,197,9,9
89,205,9,9
101,201,9,9
105,197,9,9
100,206,9,9
104,215,9,9
102,218,9,9
98,228,9,9
97,236,10,9
101,239,10,9
102,227,10,9
102,230,10,10
99,230,10,10
93,232,10,10
105,224,10,10
116,218,10,10
124,215,10,10
115,221,10,10
111,226,10,10
114,235,10,10
116,246,10,10
107,249,10,9
114,252,10,9
117,265,10,9
127,278,9,9
136,273,10,9
145,272,10,10
143,286,10,10
149,293,10,10
157,296,10,10
156,301,10,10
158,301,10,10
156,302,10,10
163,314,11,10
170,319,11,11
177,312,11,11
179,319,11,11
182,323,11,11
185,316,11,11
192,330,11,11
199,338,12,11
198,353,12,12
205,361,12,12
204,378,12,12
204,376,12,12
204,378,12,12
209,387,12,12
210,375,12,12
201,378,13,12
191,385,13,12
195,386,12,12
194,382,12,12
206,380,12,12
206,382,12,12
208,393,13,13
205,400,13,13
214,393,13,13
210,412,13,13
208,404,13,13
217,403,13,13
217,420,13,13
207,439,13,13
216,458,14,13
213,465,13,13
213,475,13,13
217,472,13,13
233,470,13,13
250,471,13,13
251,470,13,13
251,470,13,13
251,470,13,13
251,471,13,12
251,471,12,12
252,471,12,12
252,471,12,12
251,470,12,12
252,472,12,12
252,471,12,12
251,471,12,12
252,471,12,12
252,471,12,12
252,470,12,12
252,471,12,11
252,471,12,12
252,471,12,11
252,471,12,12
252,471,12,12
252,471,12,12
252,470,12,12
252,471,12,12
252,470,12,12
252,471,12,12
252,470,12,12
252,471,12,12
252,470,12,12
252,471,12,12
252,471,12,12
253,471,12,12
253,471,11,11
253,471,11,11
252,471,11,11
253,471,11,11
252,471,11,11
253,471,11,11
252,471,11,11
252,471,11,11
252,471,11,11
252,471,11,11
253,472,12,11
252,471,12,11
253,472,12,11
253,471,12,11
253,471,12,11
253,471,11,11
253,471,11,11
253,472,12,11
252,471,11,11
252,471,11,11
252,472,11,11
253,471,12,12
253,471,12,12
252,471,12,12
252,471,12,12
252,470,12,12
253,472,11,11
253,471,11,11
253,471,11,11
253,471,11,11
253,472,11,11
253,471,11,11
253,472,11,11
254,472,11,11
254,471,11,11
253,471,11,11
254,471,11,11
253,472,11,11
254,472,11,11
253,471,11,11
253,471,11,11
253,471,11,11
254,472,11,11
253,471,11,11
253,471,11,11
253,471,11,11
253,471,11,11
253,471,11,11
253,471,11,11
253,471,11,11
253,470,11,11
254,471,11,11
253,471,11,11
254,471,12,11
253,472,11,11
253,471,11,11
253,471,12,12
253,471,12,11
253,470,12,11
254,471,12,12
253,471,12,12
254,472,12,12
254,471,12,12
253,471,12,11
254,472,12,11
254,471,12,11
253,471,12,11
253,471,12,11
253,471,12,12
253,471,12,12
253,470,12,12
253,471,12,12
253,471,12,12
254,470,12,12
254,471,12,12
253,471,12,12
253,471,12,12
253,471,12,12
253,471,12,12
254,471,12,12
253,471,12,11
254,472,12,11
254,471,12,11
253,471,12,11
254,471,12,11
254,471,12,11
253,471,12,11
254,472,12,11
254,471,12,11
254,472,11,11
253,471,12,11
254,471,12,11
254,471,12,11
254,471,12,12
254,471,12,12
254,471,12,12
255,470,12,12
254,472,12,12
254,472,12,11
255,471,12,12
254,471,12,12
254,471,12,12
255,471,12,11
255,470,12,12
254,470,12,12
255,470,12,12
255,471,12,12
254,471,12,12
255,470,12,12
254,473,12,12
251,473,12,12
246,467,12,12
239,464,12,12
235,459,12,12
232,453,12,12
229,452,12,12
226,454,13,12
221,449,13,12
219,462,12,12
217,454,12,12
218,464,12,12
213,470,12,12
212,479,12,12
214,471,12,12
215,468,12,12
218,484,12,12
219,496,12,12
221,492,12,12
225,499,12,12
228,498,12,12
231,504,12,12
232,501,13,12
237,504,13,12
239,494,13,12
239,490,12,12
241,494,12,12
241,495,12,12
243,487,13,12
246,472,13,12
250,460,13,13
248,478,12,12
249,488,13,13
254,488,13,13
256,470,13,13
258,470,13,12
258,470,12,12
256,470,13,12
256,470,13,12
256,470,13,12
257,470,12,12
258,471,12,12
256,471,12,12
256,470,13,13
257,470,13,13
256,470,13,13
257,470,13,12
257,470,13,12
256,471,13,12
256,470,13,12
256,470,13,12
256,469,13,13
257,470,13,13
257,470,13,13
255,470,13,13
257,469,13,13
255,470,13,13
255,470,13,13
257,470,13,12
256,469,13,13
255,470,13,13
256,470,13,13
256,470,13,13
257,469,13,12
257,471,12,12
256,470,12,12
257,470,12,12
256,470,12,12
257,470,12,12
255,470,12,12
257,470,12,12
257,470,12,12
257,471,12,12
257,470,12,12
257,471,12,12
257,470,12,12
258,471,12,12
257,470,12,12
257,470,12,12
257,471,12,12
256,471,12,12
257,470,12,12
257,471,12,12
257,470,12,12
256,470,12,12
257,471,12,12
256,471,12,12
258,471,12,12
256,469,12,12
256,471,12,12
256,470,12,12
257,469,12,12
257,470,12,12
256,471,12,12
257,469,12,12
256,471,12,12
257,470,12,12
257,470,12,12
256,469,12,12
257,471,12,12
257,470,12,12
256,470,13,12
257,470,13,13
256,469,13,13
257,469,13,13
256,469,13,13
257,469,13,13
256,470,13,13
256,469,13,13
257,469,14,13
256,469,13,13
257,470,13,13
256,470,13,13
256,469,14,13
256,469,14,14
257,469,14,14
255,469,14,13
256,469,14,13
256,469,14,13
257,470,13,13
257,469,13,13
256,469,13,13
257,469,13,13
257,469,13,13
258,469,13,13
257,470,13,13
256,469,13,13
257,469,13,13
256,469,13,13
257,470,13,13
257,469,13,13
258,469,13,13
257,470,13,13
256,469,13,13
256,470,13,13
243,473,13,13
238,475,13,13
242,476,13,13
250,477,13,13
240,466,13,13
242,473,13,13
234,458,14,13
225,449,14,14
234,438,14,14
234,434,14,13
239,438,13,13
247,453,14,14
240,459,14,14
225,449,14,14
214,446,14,13
203,449,13,13
191,453,13,13
174,444,13,13
155,435,13,13
136,433,13,13
118,427,13,13
101,426,13,12
83,423,13,13
70,431,13,13
52,422,13,12
36,416,13,12
22,400,13,12
5,405,12,12
3,403,12,12
6,409,12,12
3,395,12,12
2,382,12,12
4,374,12,12
5,367,13,12
3,370,13,12
6,360,13,12
3,349,13,12
2,349,13,12
4,359,12,12
3,358,12,12
3,372,13,12
2,371,13,13
2,367,13,12
2,364,13,12
3,367,12,12
3,359,12,12
3,364,13,12
2,355,12,12
2,353,13,12
2,351,12,12
2,355,13,12
2,351,13,12
2,347,12,12
3,356,12,12
4,355,12,12
3,354,12,12
3,353,12,12
2,344,12,12
3,347,12,12
5,343,12,12
7,338,12,12
3,340,12,12
3,342,12,12
2,346,12,12
2,354,12,12
2,358,12,12
2,356,12,12
2,354,12,12
4,363,12,12
4,360,12,12
2,355,12,12
2,352,12,12
3,352,12,12
2,340,12,11
2,344,12,12
2,337,12,12
2,337,12,12
2,323,12,12
6,310,12,12
2,305,12,12
2,308,12,12
3,320,12,12
2,329,12,11
2,332,12,11
2,317,12,12
2,319,12,11
2,313,12,11
2,310,12,12
2,308,12,12
3,300,12,11
2,285,11,11
3,282,11,11
4,282,11,11
2,278,12,11
2,279,12,11
2,272,12,11
2,273,11,11
2,268,12,11
3,254,11,11
3,260,11,11
2,258,11,11
2,249,11,11
2,249,12,11
2,249,12,11
3,262,11,11
2,257,11,11
2,253,11,11
2,253,11,11
2,249,11,11
2,251,11,11
1,256,11,11
2,256,11,11
2,250,11,11
2,245,11,11
2,232,11,11
2,222,11,11
2,219,11,11
1,222,11,11
2,220,11,11
3,230,11,11
4,232,11,10
4,236,11,10
3,223,11,10
7,224,11,10
2,222,11,10
2,225,10,10
2,231,10,10
2,227,10,10
4,230,10,10
2,236,10,10
4,230,10,10
3,224,10,10
4,225,10,10
3,226,10,10
1,228,10,10
2,232,10,10
2,224,10,10
4,230,9,9
5,244,10,9
9,246,10,10
9,243,10,10
14,248,10,9
23,259,10,10
34,260,10,10
28,265,10,10
29,280,10,9
28,293,10,10
33,304,10,10
26,318,10,10
18,315,10,10
17,324,10,10
23,325,10,10
15,334,11,10
0,339,11,10
3,345,11,10
0,340,11,10
0,347,10,10
3,347,10,10
0,346,10,10
9,345,10,10
12,349,10,10
22,338,10,10
30,328,10,10
26,332,10,10
26,344,10,10
21,354,10,10
18,349,10,10
15,344,10,10
13,337,10,10
17,332,10,10
24,332,10,10
27,327,10,10
22,332,10,10
22,338,10,10
32,333,10,10
37,329,10,10
31,334,10,10
37,348,11,10
36,349,11,11
39,365,11,11
35,364,11,11
34,369,11,11
36,372,11,11
35,367,11,11
37,370,11,11
38,371,11,11
54,367,11,11
51,358,11,11
50,363,11,11
53,355,11,11
49,360,11,11
52,361,11,11
58,357,11,11
48,347,11,11
44,353,11,11
45,358,11,11
49,357,11,11
50,351,11,11
45,347,11,11
48,342,11,11
47,338,11,11
46,340,11,11
57,337,11,11
48,342,11,11
51,345,11,11
51,342,11,11
53,342,11,11
45,358,11,11
46,351,11,11
45,341,11,11
39,336,11,11
35,337,12,11
41,330,12,11
38,323,12,12
35,323,12,12
43,327,12,12
47,322,12,12
42,321,12,12
36,331,12,12
38,332,12,12
28,333,12,12
21,342,13,12
12,352,13,13
0,360,13,12
0,374,13,12
0,384,13,12
0,396,13,12
0,390,12,12
0,378,12,12
0,370,12,12
0,384,12,12
0,371,12,12
0,381,12,12
0,379,12,12
0,370,12,12
0,367,12,12
0,384,12,12
0,381,12,12
0,376,12,12
0,370,11,11
0,362,11,11
0,358,11,11
0,365,11,11
0,359,11,11
0,368,11,11
0,371,11,11
0,364,11,11
0,367,11,10
0,375,10,10
0,387,10,10
0,382,10,10
0,382,10,10
0,382,10,10
0,396,10,10
0,404,10,10
0,404,10,10
0,404,10,10
0,404,10,9
0,396,9,9
0,389,9,9
0,388,9,9
0,380,9,9
0,370,9,9
0,367,9,9
0,370,9,9
0,369,9,9
0,370,9,9
0,371,9,8
0,371,9,8
0,371,8,8
0,378,9,8
0,384,9,8
0,379,8,8
0,373,8,8
0,380,8,8
0,377,8,8
0,381,8,8
0,385,8,8
0,378,8,8
0,386,8,8
0,398,8,8
0,398,8,8
0,391,8,8
0,391,8,8
0,388,8,8
0,390,8,8
0,391,8,8
0,388,8,7
0,390,7,7
0,393,7,7
0,400,7,7
0,402,7,7
2,400,7,7
0,403,7,7
0,396,7,7
0,395,7,7
10,393,8,7
6,391,8,8
2,397,8,8
3,397,8,7
0,392,7,7
0,396,7,7
0,397,7,7
0,402,7,7
0,413,8,7
0,408,8,8
0,415,8,7
0,413,8,7
0,418,8,7
0,413,8,7
2,411,7,7
0,411,7,7
0,407,7,7
2,415,7,7
0,418,7,7
0,416,8,7
0,412,8,7
0,416,8,7
0,413,8,7
0,415,8,7
0,408,8,7
6,408,8,7
0,411,8,8
6,406,8,8
0,398,8,8
0,391,7,7
0,392,7,7
0,391,7,7
0,396,7,7
0,395,7,7
0,394,7,7
0,397,7,7
0,399,7,7
0,391,7,7
0,389,7,7
0,387,7,7
0,394,7,7
0,396,7,7
0,399,7,7
0,393,7,7
0,386,7,7
0,385,7,7
0,387,7,7
0,393,7,7
0,391,7,7
0,391,7,7
0,386,7,7
0,392,7,7
0,388,7,7
0,392,7,7
0,391,7,7
0,385,7,7
0,388,7,7
0,394,7,7
0,397,7,6
0,391,6,6
0,392,6,6
0,396,7,6
0,397,6,6
0,397,6,6
0,397,6,6
0,402,6,6
0,408,6,6
0,412,6,6
0,414,6,6
0,422,6,6
0,424,6,6
0,422,6,6
0,415,6,6
1,411,6,6
0,418,6,6
0,418,6,6
0,421,6,6
0,421,6,6
1,421,6,6
1,421,6,6
0,421,6,6
0,421,6,6
0,421,6,6
0,422,6,6
0,422,6,6
2,414,6,6
11,414,6,6
15,417,6,6
18,416,6,6
15,414,6,6
17,417,6,6
16,410,6,6
19,409,6,6
22,408,6,6
22,410,6,6
20,413,6,6
14,413,6,6
10,410,6,6
9,411,6,6
6,408,6,6
3,407,6,6
5,403,6,6
10,403,6,6
15,409,6,6
13,401,6,6
14,403,6,6
12,400,6,6
9,394,6,6
3,393,6,6
2,387,6,6
10,386,6,6
4,381,6,6
1,380,6,6
1,373,6,6
3,373,6,6
5,373,6,6
3,375,6,6
5,372,6,6
3,370,6,6
2,368,6,6
4,361,6,6
2,354,6,6
1,354,6,6
2,359,6,6
2,351,6,6
2,346,6,6
1,344,6,6
2,344,6,6
1,340,6,6
1,347,6,6
1,351,6,6
1,351,6,6
1,353,6,6
1,356,6,6
1,355,6,6
1,358,6,6
1,357,6,6
1,357,6,6
1,356,6,6
2,351,6,6
1,349,6,6
2,354,6,6
1,349,6,6
1,345,6,6
1,344,6,6
1,342,6,6
1,343,6,6
1,344,6,6
1,346,6,6
1,351,6,6
1,346,6,6
1,344,6,6
1,344,6,6
1,343,6,6
1,345,6,6
1,346,6,6
1,345,6,6
1,346,6,6
1,352,6,6
1,351,6,6
1,346,6,6
1,338,6,6
1,339,6,6
2,341,6,6
2,338,6,6
1,344,6,6
1,337,6,6
1,338,7,7
1,339,7,6
2,345,7,7
2,349,6,6
2,349,6,6
1,356,6,6
1,360,6,6
1,361,6,6
1,365,6,6
1,368,6,6
1,363,6,6
1,363,6,6
1,363,6,6
3,360,6,6
1,361,6,6
3,370,6,6
1,369,6,6
1,366,6,6
1,363,6,6
2,360,6,6
3,357,6,6
1,353,6,6
1,350,6,6
1,348,6,5
1,353,5,5
1,354,5,5
4,362,5,5
2,358,5,5
3,355,5,5
1,357,5,5
1,356,5,5
1,358,6,5
1,355,6,6
1,355,5,5
1,360,5,5
1,358,5,5
1,361,5,5
1,359,5,5
1,359,5,5
3,353,5,5
4,350,5,5
2,350,5,5
3,351,5,5
2,351,5,5
2,352,5,5
1,349,5,5
4,351,5,5
2,349,5,5
3,349,5,5
2,352,5,5
2,355,5,5
1,353,5,5
0,355,5,5
4,360,5,5
2,356,5,5
2,360,5,5
1,358,5,5
1,362,5,5
9,361,5,5
17,360,5,5
25,362,5,5
33,360,5,5
40,360,5,5
44,367,5,5
36,367,5,5
32,366,5,5
29,365,5,5
31,370,5,5
27,375,5,5
26,384,5,5
24,389,5,5
25,393,5,5
24,394,5,5
24,396,5,5
23,392,5,5
22,388,5,5
21,386,5,5
22,383,5,5
20,380,5,5
21,382,5,5
20,380,5,5
20,380,5,5
22,386,5,5
21,384,5,5
22,387,5,5
