727,259,62,114
727,260,61,112
730,262,61,111
731,261,59,112
731,262,59,111
731,263,60,110
727,264,60,109
724,264,58,109
721,264,58,110
719,264,58,110
716,265,57,109
714,266,57,109
712,267,56,109
711,268,57,110
713,269,56,110
713,269,56,108
712,271,58,107
713,274,58,106
712,275,59,104
712,276,58,106
713,279,57,106
712,280,56,107
709,284,58,105
705,283,59,102
705,284,57,103
704,286,56,104
701,285,57,105
695,288,57,107
692,289,56,104
684,290,59,109
679,287,60,105
676,285,60,107
666,280,61,108
663,277,61,109
662,278,58,100
656,278,60,104
657,281,58,103
651,287,61,107
648,291,62,105
648,293,62,101
650,297,63,102
651,300,60,106
647,299,62,101
646,299,61,104
642,300,61,103
640,301,61,104
637,300,60,106
631,300,60,103
627,302,61,107
621,303,60,104
614,303,62,98
611,305,61,103
605,305,61,104
602,307,61,106
598,309,60,106
592,308,62,104
591,309,59,102
587,310,60,102
585,312,60,101
584,315,61,100
583,318,60,101
582,318,58,98
580,319,59,100
579,321,59,108
577,320,59,101
577,320,60,103
574,320,61,107
571,325,60,106
570,323,59,102
569,324,62,105
567,322,63,105
564,323,62,105
562,322,63,105
562,321,62,102
561,321,60,103
560,322,60,99
560,322,61,95
558,322,62,93
556,323,61,95
556,323,63,98
553,322,63,96
554,321,65,99
556,320,63,101
556,321,64,103
555,321,65,102
555,322,67,109
555,323,67,107
554,321,69,108
554,324,71,109
553,324,68,111
555,326,72,113
554,330,72,115
555,329,75,113
558,327,74,111
555,329,71,109
554,330,75,111
552,330,75,112
550,331,74,113
549,330,73,109
546,333,68,106
546,333,70,109
540,331,70,115
542,334,69,110
537,332,70,104
537,333,70,105
534,332,69,105
537,335,70,106
533,334,69,109
532,333,69,104
534,334,69,106
533,331,69,104
533,331,70,104
534,330,72,106
536,331,72,110
536,326,72,104
534,329,74,110
535,330,73,110
535,328,74,109
537,330,74,111
539,327,74,110
539,329,74,113
540,328,73,110
539,327,76,111
541,326,73,111
539,325,75,116
538,322,75,112
539,324,74,113
540,322,75,111
543,322,74,111
545,323,75,114
549,319,74,110
550,322,75,110
551,324,76,112
558,318,74,111
560,319,74,112
561,320,75,114
565,319,75,110
567,315,78,106
578,315,74,108
580,314,74,107
583,317,75,112
587,315,74,109
588,313,74,108
590,315,73,112
592,313,74,110
593,309,72,105
592,312,74,112
595,314,73,108
596,313,73,106
596,315,76,107
598,318,74,106
598,321,73,107
597,323,72,106
599,322,71,103
599,324,69,102
601,323,67,103
599,321,68,103
599,322,70,103
595,321,72,101
598,321,70,101
597,321,71,104
597,322,70,103
596,323,71,98
594,322,69,98
593,325,69,99
589,321,69,95
586,326,68,95
580,325,70,93
579,328,69,100
575,330,68,100
573,328,68,96
569,328,68,95
568,329,66,96
565,327,66,98
564,328,66,98
561,326,65,92
561,328,61,93
559,328,60,94
557,327,61,94
557,330,61,97
556,327,62,98
554,325,64,100
551,323,65,97
550,323,64,98
549,323,65,101
546,322,67,101
546,318,66,101
545,320,66,103
544,319,65,100
543,321,65,101
543,316,64,93
543,317,64,95
542,319,64,99
543,315,64,95
545,314,63,94
544,312,63,100
546,313,63,96
546,313,63,101
544,311,64,98
544,310,63,98
546,310,62,97
545,311,62,97
547,311,62,96
548,311,61,100
550,309,61,98
551,313,58,101
554,302,61,100
550,302,59,105
553,306,59,96
555,307,57,94
555,304,60,98
553,310,57,98
553,303,60,95
552,308,62,97
553,309,60,98
552,307,61,96
553,309,61,97
554,312,59,97
554,310,60,94
552,312,59,94
553,314,58,91
553,314,57,94
553,312,58,94
555,311,57,96
555,309,57,97
555,311,58,96
554,316,57,96
555,312,56,94
555,317,57,95
556,312,57,94
557,316,57,95
557,319,57,93
562,316,57,101
559,320,58,101
558,320,56,97
557,321,56,97
557,321,55,96
558,320,55,99
557,323,53,95
556,328,54,93
554,329,53,92
553,328,54,91
553,327,54,93
551,330,54,93
551,328,55,94
551,326,54,95
553,322,54,96
548,326,54,91
549,326,53,90
549,326,53,90
550,324,52,91
549,322,54,91
549,326,53,92
550,322,52,95
547,327,51,91
546,324,52,91
546,324,53,92
548,323,53,96
548,324,52,93
549,322,53,92
550,321,53,92
551,319,53,94
550,315,54,96
548,312,55,98
546,315,58,100
547,314,58,100
547,311,58,102
549,312,57,101
549,312,58,101
547,313,58,98
549,312,59,101
551,311,58,100
549,313,58,96
551,311,59,98
553,311,59,100
555,311,60,102
560,311,61,104
566,306,62,104
575,307,63,111
579,308,62,110
581,312,61,106
583,312,60,103
587,308,60,110
582,313,57,102
581,309,60,103
580,308,59,104
580,305,61,109
578,307,60,104
575,303,60,106
571,303,62,109
567,300,62,109
563,299,63,107
561,297,62,113
563,294,63,115
558,293,65,117
558,290,65,117
555,294,65,114
555,297,64,114
556,291,66,112
555,294,68,110
556,298,67,109
553,299,67,103
551,305,68,104
548,307,72,109
547,305,73,109
546,307,72,107
546,307,72,105
543,311,69,103
543,311,69,105
539,305,68,115
534,302,70,116
531,301,73,111
524,301,70,120
520,302,73,114
516,299,72,119
511,300,74,112
508,296,70,118
508,297,74,112
504,296,71,118
501,294,71,120
500,292,71,128
497,294,74,126
495,290,73,126
493,292,75,126
489,296,77,122
489,302,75,125
489,300,77,123
486,301,77,123
486,300,78,126
485,296,80,127
481,295,79,131
479,293,79,124
476,298,78,124
475,299,81,131
472,298,80,127
479,298,77,129
478,298,79,131
474,299,80,124
477,300,76,126
456,278,78,145
475,295,73,124
474,295,71,122
481,295,68,123
479,298,68,122
474,295,71,121
470,294,71,117
469,294,71,116
462,297,72,115
466,293,70,115
461,293,71,117
458,293,71,116
458,289,71,120
453,289,72,121
451,286,70,119
449,288,70,122
448,291,69,121
450,293,67,120
446,291,65,120
448,289,62,117
445,291,64,122
446,295,65,123
444,288,67,127
443,287,64,126
438,282,65,128
435,278,66,129
420,275,71,128
418,278,72,132
421,273,70,127
420,275,71,129
418,275,75,131
417,275,73,132
416,278,74,140
417,273,73,135
417,268,73,134
418,270,75,135
418,272,74,134
415,274,76,137
415,271,74,134
414,272,75,136
413,272,75,134
413,271,74,132
410,272,76,132
408,272,76,129
405,271,76,127
403,269,74,132
401,273,73,131
397,275,75,135
394,271,76,132
392,273,74,139
388,274,76,135
388,272,74,140
386,273,74,140
386,274,74,143
381,274,77,139
382,278,75,144
380,277,77,136
384,279,72,137
384,280,74,138
382,278,75,133
385,279,75,143
385,279,75,146
382,277,76,139
383,278,77,142
382,276,77,137
383,278,78,140
376,280,79,140
380,281,77,137
380,280,77,142
378,281,80,144
375,281,79,143
374,281,81,148
373,276,81,144
379,273,81,146
374,275,83,149
374,275,81,146
378,274,80,144
383,278,80,148
382,277,80,150
383,276,82,153
390,276,79,149
385,276,78,145
388,279,79,145
392,276,76,140
391,280,77,142
393,277,78,143
393,278,77,141
392,275,78,138
393,271,78,138
395,271,79,138
391,273,80,139
395,268,79,144
398,273,78,146
403,267,77,144
408,266,76,144
413,267,77,144
418,269,77,146
428,262,76,144
432,268,77,149
436,266,77,148
444,262,77,146
446,268,76,147
451,266,78,151
452,262,76,145
460,258,73,141
462,262,74,137
468,263,74,147
473,269,74,145
476,269,76,144
478,265,74,137
492,267,74,145
495,265,75,139
500,268,75,137
503,268,75,134
513,269,73,134
525,269,71,136
522,268,70,129
539,275,67,134
542,275,68,136
550,272,67,139
547,270,68,138
551,272,67,140
552,271,67,138
552,278,69,138
554,275,68,136
554,281,68,135
555,277,67,130
554,284,70,134
553,277,67,130
551,283,70,133
550,277,69,125
546,278,71,132
546,283,73,134
543,279,73,123
540,278,74,126
538,279,76,133
537,280,75,130
535,281,77,135
533,281,79,135
527,282,78,133
527,282,77,132
525,285,77,136
524,281,77,137
523,283,77,137
520,284,76,134
520,283,78,130
522,284,77,133
519,282,78,129
523,284,76,131
518,283,77,124
520,281,75,122
520,284,74,124
520,284,74,119
524,286,71,124
522,286,72,127
519,288,72,124
522,287,70,123
521,289,70,126
523,289,68,120
521,288,66,123
520,286,67,118
520,294,65,121
517,293,65,119
515,294,67,118
512,292,65,116
507,295,64,113
503,293,64,111
505,289,65,117
501,290,66,117
498,288,66,115
500,283,65,115
497,284,66,113
497,284,64,114
497,285,63,114
495,284,64,115
493,286,65,115
491,280,65,113
489,282,66,115
489,285,66,115
487,284,67,116
487,284,67,118
486,288,67,119
482,288,69,121
484,289,69,123
486,288,68,122
487,291,66,122
485,289,66,118
481,288,66,118
480,292,64,120
482,290,64,117
480,289,64,119
483,290,61,117
481,287,63,116
482,294,61,114
481,296,61,115
479,291,62,110
477,292,61,112
473,296,60,115
475,286,60,119
472,286,60,118
470,286,59,120
474,284,60,125
468,279,62,125
467,280,65,124
460,279,67,125
454,281,67,127
458,278,68,132
459,278,67,132
459,279,67,132
457,280,66,126
456,279,67,129
456,282,67,131
455,280,70,131
457,277,69,135
459,278,71,139
456,276,72,141
449,281,72,136
449,283,75,144
449,283,74,136
448,283,74,140
444,283,72,141
444,279,73,144
443,277,71,143
440,277,71,143
439,276,72,145
439,271,73,143
442,269,75,144
443,274,74,141
449,273,73,142
449,271,75,136
454,273,71,136
458,273,70,133
459,278,71,128
464,272,70,129
462,280,70,127
463,280,70,126
467,278,71,128
469,280,69,127
470,278,69,131
469,280,70,130
470,277,69,127
468,283,69,130
471,278,66,129
467,279,69,127
463,278,70,131
461,280,72,136
454,278,74,139
451,275,76,139
449,275,75,140
448,271,74,139
442,273,75,138
437,277,73,139
437,266,75,133
432,267,74,138
430,272,75,140
433,271,71,141
431,265,73,138
425,271,73,142
425,264,77,141
420,273,75,137
422,269,75,140
419,277,74,137
417,275,75,138
413,275,76,135
414,270,74,135
414,274,75,133
412,276,75,135
407,281,76,135
405,274,76,132
409,273,73,136
403,272,77,136
403,273,76,137
404,268,77,138
402,265,77,138
409,263,79,142
403,266,78,141
403,259,79,141
401,258,77,142
402,258,79,149
371,255,75,155
369,249,76,153
358,251,76,154
355,244,77,156
350,243,80,157
341,250,79,157
342,247,79,158
336,243,81,159
333,240,80,165
324,247,81,157
327,242,80,164
318,241,83,167
314,245,82,163
305,244,82,166
301,244,83,165
294,242,82,163
287,246,82,161
290,243,82,171
283,244,81,173
276,244,80,170
272,245,79,169
270,239,81,174
260,245,81,170
261,240,81,175
254,241,81,170
249,237,85,175
249,235,85,179
246,234,85,176
243,237,84,173
242,239,84,174
244,234,86,180
236,242,86,173
234,238,87,174
241,233,85,179
239,228,89,182
238,231,87,183
235,229,88,186
235,224,91,186
233,225,94,184
238,219,96,190
235,222,97,186
236,218,95,191
242,217,96,190
231,215,112,207
237,232,98,176
245,223,96,186
251,220,96,192
248,231,96,184
250,232,96,181
255,226,94,181
262,230,93,192
258,226,89,186
269,218,92,196
273,221,90,200
277,227,93,197
280,215,95,197
287,214,93,194
293,217,92,196
295,216,96,198
297,220,95,194
304,221,93,192
308,231,93,190
313,226,90,191
315,226,91,193
312,228,93,194
323,222,98,199
330,216,100,210
335,224,107,211
344,216,108,200
349,206,108,196
347,195,106,196
356,200,103,190
378,181,102,189
476,194,101,186
441,235,99,183
485,223,100,184
424,262,100,185
294,174,99,182
298,220,98,181
299,211,98,181
302,197,96,178
281,258,95,175
284,257,95,176
279,253,94,174
272,237,94,174
277,239,95,175
274,238,94,176
279,228,93,182
280,209,87,193
284,213,88,190
289,199,88,199
283,190,90,198
285,187,90,200
274,186,92,203
275,172,95,205
262,178,95,208
251,162,99,205
249,157,99,203
230,152,102,204
201,164,96,217
188,159,101,216
158,165,103,228
158,155,105,234
162,151,105,228
167,159,107,227
177,171,107,232
199,180,106,238
216,181,106,233
240,174,108,243
250,181,109,233
268,176,110,241
294,176,112,253
318,161,110,249
329,157,118,254
344,151,114,254
344,156,119,251
366,147,114,252
368,148,117,253
378,145,119,250
378,156,120,242
393,148,120,257
401,146,120,251
415,140,122,257
423,143,125,252
431,133,119,252
438,141,122,258
436,140,126,255
440,138,121,257
443,140,121,259
443,139,123,257
439,144,125,252
432,140,127,252
428,144,125,259
419,148,128,257
414,155,125,266
409,150,123,262
401,158,129,264
393,158,123,257
383,159,121,261
373,158,125,271
367,157,126,266
356,160,122,269
349,159,118,268
331,169,125,267
324,162,127,274
310,162,125,274
298,175,128,285
288,172,126,282
286,166,125,297
267,166,121,284
264,160,129,288
246,163,134,293
237,160,133,293
223,158,129,301
221,163,132,311
209,161,128,293
209,162,130,304
211,162,131,299
206,154,131,281
202,160,128,274
202,165,132,282
189,161,133,272
195,165,134,280
184,163,134,274
190,154,133,279
189,168,136,288
178,160,138,282
177,151,139,279
169,154,141,285
166,156,141,291
167,155,142,303
168,151,139,306
153,154,139,302
158,153,137,307
154,157,140,308
152,156,140,306
152,151,144,310
144,159,142,307
143,162,139,308
143,169,136,312
150,176,138,304
141,174,135,314
141,167,142,320
135,167,140,322
128,186,142,316
116,175,137,310
94,189,140,303
83,191,142,298
93,186,142,309
83,191,142,306
69,183,136,292
77,202,143,310
62,191,136,290
54,194,138,288
56,188,138,297
49,199,138,295
46,182,137,300
49,199,138,296
48,207,141,294
48,199,140,300
46,199,144,302
38,209,143,287
43,197,140,298
44,212,147,301
42,203,142,298
42,209,141,284
51,207,138,287
51,217,141,287
50,217,142,289
53,211,144,287
51,193,141,286
51,198,141,274
54,192,135,276
63,213,136,260
68,214,134,261
78,208,134,254
93,203,134,272
92,197,131,264
102,205,136,268
110,201,131,269
117,209,131,266
131,209,132,267
145,203,131,277
142,204,129,266
152,201,130,270
156,204,130,271
157,199,127,266
154,201,130,265
155,189,127,262
156,184,126,262
173,193,130,277
170,177,126,273
170,183,126,264
170,180,123,262
182,188,125,269
180,192,127,268
191,197,123,273
190,190,122,269
183,198,120,255
186,205,120,260
196,204,119,265
187,197,119,256
194,203,120,260
191,207,117,255
188,209,118,256
189,208,116,259
182,215,118,250
180,209,117,251
186,213,117,254
184,214,119,257
178,219,118,251
178,216,117,254
173,220,116,251
168,218,118,252
170,221,116,253
173,220,117,258
178,223,117,259
166,225,115,249
177,228,113,256
156,229,110,239
167,230,109,245
167,228,111,251
162,236,110,247
159,239,112,251
152,236,113,247
153,237,113,250
151,237,113,244
151,239,111,245
158,237,111,254
146,242,111,246
