793,146,91,261
788,144,92,257
781,139,91,262
774,148,90,259
773,151,90,258
776,148,89,255
774,147,89,256
750,149,91,250
713,139,94,250
680,125,90,258
680,128,93,248
687,133,90,247
686,139,87,248
684,138,87,244
683,131,86,247
704,132,87,251
701,145,88,253
710,147,89,255
693,142,89,257
690,152,90,260
689,162,89,257
688,157,90,260
692,151,90,259
692,149,89,256
689,153,89,255
682,141,88,254
687,151,88,253
680,144,96,228
705,93,90,260
728,79,91,261
726,84,91,262
816,119,80,208
848,130,76,198
773,73,90,259
752,122,80,206
851,120,72,195
845,121,68,194
846,128,70,195
853,130,69,194
847,125,70,186
838,130,68,176
841,134,69,177
839,131,70,179
845,129,70,175
844,132,69,179
844,130,69,179
842,129,70,182
845,126,71,183
841,126,71,181
842,128,68,180
839,128,70,184
839,128,69,185
841,130,69,180
842,129,71,183
840,128,69,190
835,132,70,183
838,130,71,183
835,133,74,182
840,131,74,187
836,129,74,186
827,129,74,184
833,131,75,185
833,132,71,178
833,132,74,178
837,131,74,183
831,133,73,181
837,135,72,185
835,138,71,182
837,135,72,181
836,135,72,180
831,129,78,169
828,134,73,185
829,137,73,168
832,136,75,178
828,132,74,182
826,132,74,177
822,132,74,179
822,134,73,174
822,136,78,178
824,134,72,179
825,135,73,176
823,133,74,179
819,131,74,180
817,129,74,182
817,140,74,181
811,129,72,183
815,128,72,184
819,133,73,176
813,138,76,180
816,138,71,181
813,133,73,181
810,134,75,181
805,135,72,182
805,131,74,184
803,133,74,180
802,132,78,185
801,133,76,180
796,133,77,187
802,129,75,187
805,133,79,185
799,132,75,188
805,134,73,184
803,136,73,182
806,139,76,177
808,140,73,175
806,139,75,177
808,137,72,176
810,137,77,176
807,139,75,178
806,142,72,177
807,138,71,175
804,139,74,179
810,140,73,177
807,139,72,183
811,140,69,178
810,139,72,177
803,137,72,177
807,139,76,174
806,140,72,181
806,140,72,177
809,139,74,178
806,140,70,178
811,142,71,174
808,141,72,177
812,143,72,175
811,143,73,174
810,142,71,175
807,143,70,172
808,143,72,175
806,141,71,174
807,142,72,176
808,141,72,176
806,139,71,179
811,142,71,178
809,141,71,181
810,138,71,180
810,143,75,171
809,143,73,174
804,144,71,178
806,144,71,176
809,142,72,175
807,141,71,176
810,142,71,175
807,140,73,177
807,143,71,175
806,141,71,177
811,146,73,177
806,145,74,176
812,146,70,176
812,144,72,172
804,144,71,180
805,143,70,174
802,143,72,180
811,144,70,176
804,142,72,179
808,143,73,179
802,142,74,179
807,140,74,179
809,140,74,176
805,142,75,177
803,144,75,178
801,143,76,178
807,139,77,179
805,145,75,170
807,143,76,172
808,141,75,170
810,145,76,165
811,140,75,161
810,138,80,161
814,143,81,148
813,112,76,218
820,138,74,151
812,102,76,220
783,115,75,216
788,114,74,212
783,104,73,210
712,119,73,210
617,129,73,210
610,140,72,207
623,131,73,209
617,136,73,211
627,133,73,209
620,141,73,211
630,135,74,213
630,136,75,216
648,116,75,216
631,147,76,179
633,142,76,181
632,144,75,182
632,139,75,189
635,143,75,187
636,142,74,184
636,156,73,174
635,144,79,183
635,145,80,182
633,142,82,190
631,143,84,190
629,146,87,185
630,147,88,187
632,141,85,190
633,141,85,182
634,139,82,190
635,139,82,187
632,141,86,189
637,140,83,179
641,143,80,172
635,146,82,176
635,142,83,176
640,141,81,178
639,143,82,176
638,137,84,184
634,135,88,192
638,136,87,188
639,134,84,193
635,138,87,190
636,133,87,195
629,131,90,201
633,132,86,197
629,133,89,197
627,131,90,199
629,130,88,200
628,135,89,199
626,132,90,200
628,131,88,201
624,121,90,214
628,134,91,193
630,136,89,188
631,136,90,188
626,138,95,190
632,135,92,191
628,140,89,190
631,137,90,191
629,130,91,197
633,129,89,199
633,128,90,198
631,127,90,198
629,128,91,200
635,127,88,195
635,129,88,192
629,126,93,197
634,125,89,193
637,126,85,194
635,123,87,196
636,124,87,190
635,126,89,189
637,125,86,190
632,124,91,199
634,122,90,193
632,118,92,198
636,115,90,197
637,118,90,201
638,121,89,196
638,120,90,198
641,119,90,196
641,119,91,196
643,115,90,195
643,118,89,197
643,120,91,198
647,123,88,189
646,113,91,199
648,114,91,195
647,121,93,187
650,121,89,190
653,126,88,184
647,131,92,183
647,133,92,183
653,135,86,180
645,137,90,182
642,150,87,176
646,139,91,181
649,137,90,182
646,141,89,180
649,137,90,184
647,137,91,184
647,142,90,181
647,136,89,182
641,138,91,183
643,140,92,180
644,138,92,186
644,145,90,180
644,144,92,178
651,136,90,180
651,144,87,175
648,147,86,173
651,146,86,174
651,144,85,171
653,144,86,172
650,140,88,182
654,137,85,182
648,152,89,173
643,151,94,177
645,147,91,180
650,141,89,182
650,141,92,183
651,144,88,179
652,141,88,177
653,143,88,177
659,139,87,182
663,139,84,178
668,139,82,179
669,140,81,174
674,137,78,178
668,149,80,175
666,147,79,179
663,141,83,185
663,136,85,188
665,139,84,193
685,149,78,225
690,172,79,227
688,151,78,225
714,133,77,222
680,142,77,222
685,154,78,224
686,152,78,223
688,153,77,222
692,162,78,224
723,157,77,222
692,152,78,224
699,184,77,223
702,185,78,224
659,135,79,227
676,149,78,226
674,138,79,229
656,115,80,230
679,143,80,229
714,175,81,232
674,129,82,236
702,153,83,238
660,132,86,212
645,130,90,198
647,140,88,183
648,132,89,186
648,133,90,185
646,132,90,189
648,133,87,188
644,136,92,182
649,135,89,181
648,139,89,172
647,135,89,180
645,135,88,180
647,136,88,181
649,133,88,180
647,137,88,181
650,129,86,186
649,133,87,184
653,130,84,182
648,129,86,186
651,133,85,177
649,133,84,183
652,133,84,179
651,137,85,180
649,134,85,182
651,138,84,180
649,142,82,180
648,140,85,180
650,131,84,181
650,136,85,176
655,129,82,176
651,138,83,170
650,131,83,176
651,142,85,170
653,140,84,170
653,137,84,175
656,141,83,170
654,136,85,175
658,140,83,174
656,140,84,174
662,133,85,174
661,140,83,172
660,135,85,180
662,135,84,175
661,136,85,176
663,132,85,175
664,129,85,178
662,131,86,177
663,130,86,179
660,132,87,183
660,133,86,185
660,129,87,186
661,129,85,187
661,123,86,192
661,127,83,191
661,132,82,181
656,130,83,186
655,132,82,178
655,131,80,182
