138,161,36,66
138,162,34,67
138,162,35,67
137,162,35,66
135,162,35,66
137,162,32,67
136,162,33,68
136,164,31,65
134,164,33,66
136,163,32,67
135,164,32,66
134,164,34,67
133,165,35,66
131,166,35,66
132,165,35,66
131,168,35,65
128,165,35,65
129,167,35,65
128,166,35,66
128,169,35,65
129,167,35,64
128,168,35,64
126,166,35,64
126,166,35,65
125,167,34,67
125,166,33,66
122,167,34,64
124,168,34,63
142,171,35,63
138,166,35,64
139,165,35,65
137,170,37,63
136,167,35,65
136,168,36,65
137,165,35,64
135,168,34,64
136,167,34,63
134,167,34,62
134,169,33,62
134,169,33,61
134,170,33,61
136,170,34,58
137,168,33,61
137,167,33,61
137,167,33,61
136,168,33,62
139,169,34,62
135,169,33,59
135,170,34,62
134,174,35,59
133,168,33,61
133,172,33,61
131,171,33,61
134,172,34,62
134,170,34,62
134,171,34,62
133,173,34,62
134,171,33,62
132,172,34,62
132,172,34,63
130,176,34,62
128,175,34,63
129,175,34,63
128,174,34,64
128,178,35,65
128,176,36,66
126,178,35,66
124,176,35,65
124,180,35,64
123,182,35,63
123,175,36,66
122,180,36,65
123,181,36,65
126,179,36,66
126,180,36,66
126,178,36,66
128,178,36,66
125,183,35,64
123,181,35,65
125,183,35,65
124,184,36,66
123,181,35,65
123,183,35,65
126,184,35,64
127,187,35,64
127,184,35,64
127,184,35,64
127,191,35,65
126,194,35,65
123,194,35,64
121,195,35,64
123,198,35,61
123,200,34,61
123,197,34,63
121,198,34,62
121,202,34,62
120,204,37,58
119,204,36,60
117,207,36,59
116,207,35,57
115,208,35,58
117,205,35,59
117,208,34,56
115,205,33,61
117,207,33,60
117,206,33,59
117,205,33,56
118,205,34,59
119,203,33,60
120,204,32,60
119,204,32,59
120,203,32,59
120,204,32,59
118,211,31,58
119,213,32,58
120,212,30,58
121,209,32,59
121,213,32,58
121,212,31,59
119,212,32,60
120,209,32,60
121,209,32,60
120,213,32,59
120,214,32,60
120,212,33,60
120,211,33,60
121,214,33,60
121,213,33,60
121,214,33,60
121,215,33,61
120,213,33,60
121,215,33,60
120,218,33,61
121,217,33,61
122,215,33,61
123,214,33,62
123,216,34,62
123,213,33,62
123,210,33,62
122,213,34,63
123,214,34,63
122,216,35,64
122,219,35,65
122,225,36,66
122,224,35,65
122,224,36,66
122,221,36,67
122,219,38,69
121,216,38,70
120,219,38,71
117,222,40,70
114,226,40,69
114,228,40,67
115,229,39,67
113,230,40,68
113,221,41,73
111,222,41,73
114,211,41,75
115,214,41,75
113,217,40,75
113,221,41,75
113,220,39,74
113,221,34,76
110,220,37,73
110,221,37,74
109,217,37,70
108,216,38,69
106,212,39,72
105,213,39,72
104,198,40,74
85,206,40,73
67,225,40,74
52,234,39,72
65,231,39,72
76,228,39,72
74,229,38,71
41,240,38,69
37,247,37,68
35,233,37,69
32,235,38,70
27,231,38,70
23,239,38,70
23,245,38,70
21,241,39,72
42,236,39,71
21,242,39,71
32,240,38,71
38,252,38,70
76,256,37,69
75,255,38,68
77,254,39,71
77,254,39,71
77,265,39,71
79,260,39,72
79,257,40,73
80,265,39,73
78,268,40,73
77,265,40,74
79,258,41,75
77,259,41,76
73,256,41,75
74,261,40,74
76,263,40,75
76,262,40,73
76,266,40,73
77,264,40,73
77,264,41,75
76,258,41,75
77,261,40,74
78,268,39,72
78,269,39,72
77,268,39,71
79,267,38,71
78,271,38,70
79,269,38,69
79,269,38,70
80,271,38,71
80,272,39,72
79,271,39,71
76,273,39,71
76,273,40,73
72,271,40,74
74,271,39,73
73,273,39,72
71,275,38,71
70,273,38,71
69,273,38,70
70,276,38,70
68,277,38,70
67,278,39,72
60,279,38,71
60,279,39,72
56,281,39,72
56,284,39,72
55,283,39,72
55,286,38,71
53,283,39,72
53,282,39,72
52,289,39,72
49,295,39,72
46,292,38,71
46,296,38,70
44,301,38,70
44,299,38,70
43,304,37,69
40,299,37,69
40,301,38,69
39,300,38,70
35,302,38,70
32,302,38,71
28,302,39,72
27,300,38,71
24,302,39,72
22,302,40,73
23,302,39,71
22,307,38,71
21,302,38,70
22,308,37,65
42,306,38,70
74,311,38,70
109,316,35,63
128,309,37,68
128,310,36,67
122,313,38,68
122,315,39,71
125,316,37,62
134,325,39,64
163,327,39,71
171,323,39,68
172,328,39,71
174,320,39,72
174,317,39,71
175,322,39,72
178,325,39,71
181,321,39,71
181,328,39,71
181,329,38,71
187,301,39,71
183,249,39,71
187,237,39,71
192,236,40,73
193,235,40,74
195,237,42,77
198,234,42,77
201,242,41,76
203,243,41,76
204,242,42,77
208,244,43,79
211,238,44,80
214,245,44,77
221,240,44,81
224,246,44,81
227,254,43,80
230,269,43,79
230,252,43,79
233,268,41,80
235,256,42,78
236,252,43,78
240,252,42,77
243,249,42,78
245,257,43,78
248,263,43,79
251,263,43,79
252,263,44,80
252,266,44,81
254,269,45,83
257,265,45,83
261,268,45,83
263,274,46,80
271,282,42,76
277,238,42,79
282,214,36,74
285,184,39,84
290,179,44,81
298,178,44,81
303,184,44,81
306,173,44,82
310,185,44,78
318,193,40,75
324,195,39,81
327,198,40,82
330,187,42,77
333,185,40,76
335,186,39,75
333,183,43,80
309,187,43,81
278,201,41,84
251,196,43,80
214,201,43,79
185,211,38,80
154,221,43,80
124,216,41,84
112,219,43,79
113,217,44,80
116,220,44,81
118,220,45,82
126,221,45,82
132,216,44,82
135,222,44,81
140,219,45,82
141,230,44,82
145,227,44,82
150,233,44,80
154,232,44,81
156,232,44,81
162,235,44,80
174,236,41,75
181,234,44,71
190,237,44,70
194,243,46,74
202,252,43,77
208,253,44,82
214,261,45,85
215,257,45,83
225,249,46,82
234,250,46,83
243,250,46,83
250,256,46,87
256,263,46,84
263,271,46,87
268,271,47,89
275,276,46,90
278,285,47,88
280,275,49,90
290,267,50,89
297,270,49,91
304,268,49,90
313,275,49,91
315,290,49,90
287,294,47,86
285,302,48,88
274,301,48,88
279,305,49,90
281,297,49,86
292,299,49,90
298,300,49,90
306,307,50,91
308,331,50,93
313,316,50,92
315,327,50,93
321,302,51,94
325,266,54,92
327,224,52,95
328,181,52,96
344,138,52,95
351,123,53,97
361,134,53,98
367,145,54,100
372,151,54,100
378,155,54,100
383,153,55,101
386,149,56,102
393,146,56,104
399,155,58,102
408,157,60,98
418,151,55,102
428,165,56,103
435,179,56,103
418,194,57,105
396,192,58,102
373,200,59,102
344,189,58,106
324,188,57,105
303,197,59,101
280,203,59,99
265,207,58,104
272,212,58,107
284,226,60,103
295,226,58,99
303,230,59,109
266,238,61,112
250,224,61,113
228,243,62,108
209,246,64,102
196,246,61,105
186,246,60,111
192,259,62,113
203,271,61,112
220,280,61,112
233,293,61,112
236,273,60,111
251,231,61,110
246,221,60,111
286,141,61,107
284,110,61,112
291,84,62,113
295,98,62,114
302,106,62,115
313,118,62,115
316,116,65,119
331,116,65,120
348,110,67,122
344,107,66,122
334,126,66,121
311,136,66,121
285,146,66,122
266,145,66,121
249,160,66,121
225,190,67,123
198,180,67,122
188,171,67,123
174,177,67,123
158,181,67,119
153,187,68,123
154,208,69,126
170,221,68,124
185,222,68,125
194,257,69,127
209,267,70,129
212,239,69,130
238,232,70,129
258,245,69,116
253,257,73,120
237,252,70,128
242,273,70,129
256,278,70,129
275,298,70,128
288,293,70,129
300,272,71,130
305,306,71,130
337,298,70,130
362,305,70,129
384,310,71,131
404,314,73,133
