442,381,87,89
436,375,84,86
423,372,83,84
416,366,78,82
407,361,79,81
403,357,77,81
396,350,77,81
393,348,73,79
389,342,72,77
384,338,74,75
380,335,80,81
378,333,67,68
376,331,64,71
372,326,63,70
370,323,60,66
365,321,63,68
362,319,62,66
361,318,62,65
358,314,59,63
355,315,63,62
353,311,63,66
349,310,63,64
350,308,65,67
345,311,62,62
344,307,60,62
346,306,56,61
343,301,59,61
343,298,55,61
344,296,54,61
343,291,54,60
341,288,53,60
342,287,52,58
340,285,51,56
340,283,52,56
342,282,51,55
342,281,54,55
344,280,51,54
346,278,50,54
347,275,51,53
351,276,52,52
352,276,56,51
354,272,54,49
357,271,57,50
360,270,53,51
365,269,49,51
369,270,51,52
370,268,53,50
373,267,53,50
375,265,53,50
381,264,53,50
383,263,54,49
389,262,52,48
394,260,50,48
397,258,51,47
402,259,49,48
405,255,50,50
411,255,49,48
413,250,51,50
418,249,50,49
422,251,48,48
427,246,47,49
431,243,45,49
434,245,48,50
438,244,47,48
440,242,47,51
445,239,46,51
451,239,48,51
454,238,47,51
457,239,48,49
462,238,44,48
463,234,47,51
466,234,47,50
469,234,46,49
473,234,45,48
477,233,47,48
478,233,47,48
483,233,47,46
486,232,46,46
489,233,45,46
493,231,45,47
493,231,46,46
498,231,42,46
499,229,44,47
502,229,44,48
502,223,50,51
