472,164,134,146
474,164,131,143
475,163,130,142
477,165,131,143
478,159,132,142
478,165,133,144
482,162,133,144
480,159,134,146
479,158,134,148
475,160,136,148
477,160,135,150
473,164,133,155
472,164,133,156
471,162,136,155
469,158,139,154
474,161,136,153
473,163,133,154
473,163,133,154
472,162,134,152
476,163,131,153
473,157,134,149
476,164,131,154
477,163,133,149
476,158,134,146
479,166,131,154
480,166,131,152
479,164,132,153
478,163,133,154
477,164,132,152
478,164,133,152
476,164,134,154
477,167,133,154
475,166,132,154
474,170,132,153
473,168,129,155
472,168,131,155
470,166,133,155
471,169,132,155
471,169,132,157
469,168,132,157
471,167,132,159
473,167,129,159
473,166,130,160
473,166,131,155
475,166,132,153
475,164,128,155
477,163,129,161
468,162,135,161
469,166,139,164
464,163,142,156
466,161,141,155
469,165,139,156
464,161,143,158
463,159,143,160
463,157,144,157
459,160,142,161
454,155,147,160
456,154,147,161
454,155,142,165
456,157,141,166
454,156,142,164
454,158,139,171
457,159,137,170
453,155,140,172
456,154,137,178
456,152,138,178
456,154,139,172
454,153,137,179
455,150,138,177
454,149,136,179
454,147,136,181
451,146,144,170
452,147,139,177
451,148,142,170
446,150,147,171
449,150,147,175
447,150,150,167
441,151,154,169
432,148,154,172
438,144,155,170
445,151,144,185
446,150,146,182
444,153,142,184
442,154,146,181
442,152,144,182
443,150,141,177
443,151,143,177
441,148,148,173
443,150,151,168
444,153,149,165
448,155,149,154
454,155,150,151
458,161,146,146
472,162,149,139
474,164,151,141
479,163,144,139
480,167,146,148
487,161,141,149
485,162,144,152
487,162,141,150
486,165,144,150
486,167,145,150
487,166,143,152
487,167,142,150
488,163,138,149
488,167,138,145
490,167,136,145
489,165,135,147
492,161,134,152
499,157,132,151
503,155,128,146
505,156,127,148
503,154,131,143
504,153,129,154
504,156,131,154
503,158,131,157
502,159,132,158
500,158,133,153
499,158,132,155
499,159,131,159
495,158,133,159
496,158,133,159
494,160,132,158
487,160,136,156
486,159,135,157
481,159,134,152
479,158,136,150
479,165,133,153
469,170,136,152
456,170,138,152
453,175,138,156
448,176,140,158
434,174,144,157
431,180,141,158
427,181,138,156
409,174,143,156
410,177,138,155
403,177,139,157
393,172,140,158
391,172,139,158
386,170,139,158
378,165,142,159
379,170,143,158
372,167,141,156
370,165,141,162
371,170,139,160
368,169,138,160
368,172,139,163
366,171,141,162
366,171,137,161
366,172,135,158
363,173,136,162
359,172,142,158
359,173,138,157
361,176,136,155
360,175,137,158
362,177,136,160
362,177,134,159
362,178,135,161
362,179,135,159
364,179,134,160
366,177,137,163
369,176,132,161
370,176,139,161
374,174,139,164
381,175,140,161
382,172,143,172
388,173,140,165
392,173,139,163
394,169,142,166
400,170,141,164
408,170,141,169
412,166,141,162
417,168,138,165
422,165,138,167
431,162,137,167
436,161,135,166
436,162,136,160
438,161,139,159
444,162,133,160
449,160,130,152
449,158,134,149
451,162,129,149
455,163,130,150
450,162,129,147
453,162,131,152
452,160,132,152
449,156,134,142
446,155,136,145
442,156,135,143
440,156,144,157
444,167,134,145
442,159,134,144
437,158,135,141
437,159,135,142
439,161,133,142
440,160,133,140
441,161,132,143
437,162,133,148
441,155,132,143
439,157,135,145
444,154,133,144
443,152,136,144
441,156,137,146
440,154,138,144
445,153,137,147
446,154,135,147
450,155,132,140
447,157,133,145
448,154,135,144
448,155,132,143
445,153,133,143
441,151,135,143
440,151,136,145
443,149,135,144
442,148,135,141
442,150,133,145
437,147,135,145
434,150,138,151
435,148,135,144
431,148,137,146
434,147,133,140
433,151,136,144
437,150,135,146
433,153,135,148
432,153,137,153
431,149,135,149
435,147,134,146
432,151,135,144
431,153,135,148
432,146,135,145
431,150,136,149
432,148,136,151
431,149,135,149
431,148,135,148
431,148,135,148
433,146,135,148
429,152,135,149
428,151,135,149
431,151,135,151
430,150,136,152
430,149,136,148
431,146,134,142
429,150,135,147
430,153,134,147
425,147,134,141
423,149,135,146
424,150,135,147
423,148,135,146
425,150,136,148
425,153,135,152
421,148,134,147
422,149,135,148
424,146,133,141
421,151,135,148
423,151,132,145
425,150,131,145
424,150,132,148
427,145,131,146
430,142,134,147
429,144,136,149
429,143,132,148
433,142,130,147
431,144,133,151
433,142,134,149
431,142,134,150
435,139,135,151
431,141,138,151
433,141,135,150
432,141,136,150
430,143,137,152
426,144,137,149
427,141,137,150
427,144,139,150
422,144,139,150
423,141,137,148
422,141,139,149
419,139,135,146
421,138,137,148
420,136,138,148
416,139,135,148
416,137,137,148
415,139,134,143
409,141,133,143
418,141,132,143
414,142,133,140
414,142,129,139
417,142,123,143
413,143,124,140
410,144,128,139
412,146,128,145
412,140,125,141
410,142,128,142
412,141,127,146
409,143,131,151
411,143,130,144
417,139,127,145
417,138,131,147
422,135,132,149
424,129,128,152
422,133,133,157
425,128,131,156
422,129,133,156
423,128,134,155
425,125,132,150
425,128,129,146
428,130,129,150
431,132,126,146
433,130,123,145
432,126,122,144
426,133,129,143
424,135,134,145
422,136,131,149
415,136,134,151
416,133,131,146
422,136,132,148
421,140,125,148
420,141,126,148
419,148,130,156
422,146,128,159
421,154,130,165
424,155,126,166
430,158,122,162
430,157,121,168
427,158,124,165
434,159,124,164
433,161,124,166
435,159,125,162
430,156,123,166
430,158,126,163
426,158,132,168
425,155,135,164
429,155,129,159
436,147,130,150
438,148,127,158
435,159,126,159
431,162,128,159
430,156,127,161
431,157,126,164
428,153,128,157
435,154,126,157
426,157,126,156
429,156,127,154
426,155,125,155
430,150,123,149
424,156,127,151
421,155,128,155
423,150,127,145
423,156,129,149
424,153,128,146
424,155,128,151
422,155,132,150
427,150,130,151
424,150,129,148
429,149,128,152
429,149,129,153
426,152,133,156
424,153,135,154
422,156,135,146
422,155,136,150
421,154,136,145
422,152,139,146
424,149,139,144
423,151,139,143
425,148,136,146
423,151,135,146
423,151,134,147
420,149,135,147
420,148,136,141
422,149,134,147
417,154,134,143
426,150,130,146
421,152,132,143
427,151,128,142
427,150,128,139
428,149,130,142
435,149,126,142
433,146,131,137
433,144,133,141
442,142,125,143
444,142,127,135
443,143,130,141
442,144,130,138
444,144,127,139
445,144,127,140
442,147,130,138
445,150,128,133
443,153,130,137
443,157,130,134
444,159,128,135
436,161,135,133
444,157,127,132
452,149,122,137
449,153,120,138
449,162,119,147
450,159,120,145
453,162,117,144
454,161,118,145
451,162,119,144
454,161,117,148
452,161,118,147
452,163,117,145
451,161,120,148
456,159,114,144
451,165,117,145
450,164,116,143
448,163,115,146
442,162,120,145
444,163,117,142
445,165,115,144
446,164,116,141
450,164,112,142
450,165,114,139
451,164,112,139
454,160,111,138
469,151,103,124
470,147,100,117
473,145,103,118
468,148,106,115
460,158,115,117
447,176,126,122
448,172,127,123
446,171,126,120
440,173,133,125
453,163,126,120
448,166,131,121
452,165,126,119
454,162,126,117
457,158,124,118
458,155,123,118
455,156,123,116
460,150,120,117
458,152,122,115
455,152,122,115
457,148,121,114
452,150,122,110
452,149,120,110
453,146,119,111
448,151,122,111
452,147,120,110
454,147,119,107
452,148,120,109
452,146,119,110
451,148,120,108
450,147,119,108
452,147,117,107
449,149,120,109
445,150,119,107
446,149,115,103
445,152,120,106
443,148,117,104
447,147,119,108
444,150,119,106
439,149,119,106
440,150,118,104
435,154,121,106
432,152,118,106
433,152,122,108
430,153,117,103
427,153,119,106
433,149,118,105
430,150,116,104
433,150,117,105
431,153,120,107
433,150,118,106
438,149,119,106
440,147,116,107
438,149,119,108
440,147,118,105
440,149,117,106
435,152,119,106
438,154,120,108
436,153,117,104
434,155,120,109
433,155,118,104
434,155,118,105
432,156,118,107
431,156,118,104
428,157,114,101
430,156,116,105
431,149,116,105
426,151,116,102
426,152,119,108
427,155,118,104
429,159,115,103
434,157,113,102
434,153,117,102
435,143,116,102
436,144,117,101
438,146,121,104
442,149,120,103
447,151,115,101
442,152,117,102
442,148,115,100
441,142,114,100
443,144,117,99
442,144,116,99
441,144,120,104
444,142,118,101
444,145,119,103
442,145,122,104
437,143,121,103
436,141,118,102
432,144,122,106
432,144,118,101
432,145,120,104
432,143,117,102
424,145,118,100
424,147,116,99
420,147,116,101
419,149,116,103
417,152,115,97
427,148,108,95
425,151,116,103
428,145,117,102
428,147,118,109
437,149,115,106
444,150,115,104
453,148,110,102
449,146,112,101
449,146,113,103
449,148,113,102
446,150,112,101
443,151,110,101
440,150,110,101
440,154,114,104
434,151,112,101
438,152,109,99
436,152,110,99
434,154,109,99
436,153,109,99
433,155,112,100
433,154,112,101
429,153,111,99
425,154,113,99
421,156,119,102
424,157,114,102
442,157,106,108
441,160,101,111
440,163,99,111
442,164,98,114
437,170,100,114
436,169,100,117
436,170,97,114
436,173,99,115
436,170,99,118
438,171,100,118
437,175,103,118
443,174,101,119
441,175,102,119
450,169,94,115
446,168,95,118
442,170,99,119
447,167,94,116
445,163,97,123
448,159,96,122
443,170,101,121
437,178,109,119
433,168,113,112
438,164,110,108
438,149,106,106
430,148,105,115
428,147,107,106
428,140,109,104
430,137,108,103
434,143,109,99
435,146,108,98
433,148,108,98
435,151,106,97
437,141,102,97
436,145,101,95
434,142,101,94
429,146,103,95
432,142,100,93
430,144,103,96
434,133,100,96
430,133,101,95
431,136,102,94
433,135,101,94
427,136,102,94
431,136,100,93
430,143,103,96
430,135,100,96
430,134,101,94
427,138,103,96
429,137,101,91
438,149,95,105
459,163,89,102
460,169,92,99
457,169,94,100
453,172,94,99
459,174,88,98
459,173,87,99
463,177,86,99
462,176,86,98
461,174,89,102
462,177,90,103
466,175,88,99
466,176,87,99
469,179,87,100
468,179,87,99
471,179,85,102
473,175,86,101
472,177,86,99
474,172,86,103
468,176,90,112
462,185,98,114
464,189,98,116
463,192,96,111
463,193,95,111
455,197,100,110
458,196,98,113
458,196,99,110
456,197,99,113
456,196,99,110
456,194,96,106
454,197,96,106
453,202,96,109
457,199,95,108
454,206,95,107
457,210,93,110
456,211,93,104
457,209,96,107
459,211,92,107
457,211,92,111
453,212,94,110
451,209,98,112
453,209,99,109
457,217,96,112
463,219,96,111
466,217,96,110
472,211,93,106
472,210,91,106
474,206,90,106
468,213,90,108
469,209,93,108
466,210,94,109
470,204,96,112
475,203,98,112
473,199,101,115
476,199,100,116
477,200,102,119
475,190,104,118
476,191,101,122
474,188,104,120
481,189,100,119
490,188,97,117
493,193,100,106
509,185,91,117
458,150,106,116
466,151,97,98
465,157,102,96
474,157,98,93
468,162,104,94
467,172,105,96
475,184,105,95
475,194,107,92
476,198,103,93
476,195,103,93
479,195,107,96
475,193,107,96
482,193,107,96
481,195,109,102
484,191,107,98
482,193,109,102
481,192,110,103
484,189,109,101
486,188,110,102
487,183,110,106
485,191,114,109
489,189,111,109
484,180,111,118
483,177,109,119
481,174,112,122
480,179,113,123
477,184,112,122
481,181,111,121
481,186,111,121
481,187,109,119
481,191,109,119
482,185,108,118
485,190,107,117
483,188,106,117
486,188,106,115
483,187,105,114
486,187,106,116
487,191,105,113
486,193,103,110
484,192,105,115
483,193,101,114
484,195,105,117
477,193,108,117
473,192,109,119
464,195,108,118
454,193,108,118
453,196,109,119
462,199,102,117
470,189,103,103
506,180,95,99
503,178,97,99
500,176,98,97
503,180,97,98
499,180,94,91
500,180,93,91
499,179,91,90
499,177,90,88
502,179,89,93
500,178,89,90
501,182,87,91
503,189,84,92
504,188,83,93
504,187,85,91
504,185,86,90
505,186,86,90
508,183,84,89
510,185,83,89
509,186,84,83
515,185,82,86
516,189,79,83
516,189,78,82
516,191,79,83
516,189,78,82
515,190,77,83
516,191,76,80
516,193,78,82
515,195,78,80
514,198,75,77
513,197,75,79
506,196,78,80
482,197,91,80
484,190,87,89
478,192,93,82
481,190,89,84
481,189,86,87
475,192,91,83
478,188,85,89
476,193,88,84
473,188,81,89
467,189,82,90
461,188,83,90
458,190,85,89
458,187,82,90
452,183,83,91
450,183,84,91
451,186,83,90
455,181,82,90
455,178,82,90
442,181,86,86
425,172,86,90
478,168,72,70
490,168,69,72
489,170,70,72
486,171,72,69
484,169,72,70
482,170,74,71
479,168,73,69
474,164,74,68
465,168,78,69
465,168,74,68
462,169,76,69
454,170,81,70
455,168,81,73
453,167,81,68
451,168,82,69
446,169,87,76
443,175,90,77
448,173,89,76
448,176,90,77
451,172,89,76
446,175,93,76
444,178,95,81
438,182,100,86
438,181,98,85
436,185,97,83
436,181,93,88
434,186,95,84
430,187,99,85
425,181,82,88
431,182,80,94
433,179,84,94
439,174,83,93
445,169,82,89
447,167,84,93
453,163,83,94
454,160,84,91
459,158,82,90
460,155,86,83
458,161,85,88
459,162,88,88
469,158,86,84
473,163,86,86
482,163,85,83
486,167,85,86
480,177,87,86
479,180,87,84
481,183,87,88
491,182,88,88
506,179,86,89
519,181,83,89
524,181,86,88
536,179,83,87
541,177,83,87
549,174,79,84
548,170,80,85
550,167,77,84
550,166,78,85
549,164,78,84
551,165,78,85
555,160,76,84
554,163,74,80
548,164,80,83
546,163,79,83
540,159,82,83
537,164,81,83
534,163,80,82
526,168,81,83
524,164,81,81
519,168,82,84
517,163,83,83
512,165,86,83
515,154,85,83
511,155,85,83
519,154,83,83
517,159,77,85
517,172,72,84
515,162,76,86
517,164,73,88
517,161,75,89
514,169,74,91
517,167,75,88
523,163,72,85
520,163,73,84
521,162,73,84
522,161,73,86
521,160,73,83
520,165,73,83
520,167,74,85
518,171,72,88
514,172,75,87
513,174,75,86
513,173,76,89
510,180,75,91
510,182,74,88
513,177,73,88
512,177,74,89
511,178,74,91
509,179,76,90
508,179,75,90
507,178,76,91
505,179,75,91
504,173,77,90
502,176,77,90
502,172,76,89
501,173,76,88
495,170,78,91
499,169,74,84
490,168,77,90
485,170,78,94
481,167,78,92
475,169,79,93
470,170,81,94
467,172,80,95
466,170,80,94
466,172,79,92
466,171,78,95
465,166,78,92
466,165,76,91
466,165,77,89
469,161,73,87
471,162,71,85
471,156,70,82
447,153,86,94
449,149,90,98
448,153,90,98
454,164,79,95
447,162,87,99
443,157,91,99
448,168,80,96
448,165,80,97
444,157,92,101
445,163,84,101
444,158,89,100
446,161,84,100
449,168,78,99
453,164,79,95
445,156,88,99
452,174,72,92
450,156,85,98
456,161,75,93
453,162,78,91
452,162,79,93
448,155,83,95
450,156,79,93
454,161,72,90
450,149,80,91
446,148,89,98
444,152,85,90
450,156,75,83
450,157,78,84
453,158,76,80
458,157,76,84
464,155,76,88
462,145,78,94
453,140,80,91
451,138,82,97
439,136,90,99
451,146,80,99
447,137,76,94
451,134,78,88
464,143,71,81
462,138,88,96
463,131,89,97
464,134,84,93
463,136,81,90
462,141,77,87
459,145,72,83
463,146,66,80
459,152,65,77
458,156,66,78
459,155,65,79
453,158,65,74
456,153,64,76
452,154,63,72
448,152,63,70
450,148,60,72
450,147,60,69
450,146,59,69
446,148,61,67
449,143,60,67
435,130,64,67
443,128,75,82
455,139,62,69
460,143,56,72
461,139,58,71
467,144,56,71
463,138,67,77
468,146,60,72
470,148,56,70
471,154,56,66
471,153,57,68
473,153,57,68
475,155,58,70
474,153,60,69
477,149,59,71
481,150,58,69
476,152,59,65
462,140,63,65
460,136,68,63
460,139,68,64
467,146,66,66
470,145,64,68
472,148,59,65
472,139,64,75
471,140,63,74
470,144,60,71
470,143,61,73
469,147,59,69
467,150,60,71
466,148,59,72
469,146,57,69
470,143,58,69
470,141,58,70
471,141,58,70
471,140,55,68
470,139,58,71
467,140,60,69
466,139,60,69
466,136,62,72
470,137,53,67
469,137,55,66
467,139,55,65
466,140,55,64
450,135,58,66
450,130,59,67
449,132,58,66
443,128,60,68
445,128,60,67
446,125,61,66
444,127,61,62
438,118,67,73
460,133,67,73
461,135,65,71
464,132,65,71
467,136,65,70
468,137,65,70
466,174,64,69
470,168,52,60
467,145,53,62
457,124,63,69
466,143,58,59
468,141,57,58
468,135,56,57
470,132,58,57
474,128,57,55
479,136,60,59
481,141,59,56
478,146,63,58
486,157,62,67
488,158,62,66
500,160,61,69
501,160,63,69
508,160,66,72
517,155,67,75
519,154,69,74
519,154,67,76
521,151,69,76
516,155,67,74
518,157,69,78
513,161,69,75
499,168,63,78
469,166,60,78
480,164,61,77
477,163,62,77
492,157,64,79
482,155,66,76
496,160,63,75
485,161,65,69
463,164,61,73
467,174,60,72
467,182,60,69
465,186,59,67
463,188,58,70
461,189,60,73
464,194,58,72
464,189,58,72
463,192,60,70
462,185,63,70
462,175,61,72
466,168,59,73
462,165,60,72
458,167,62,71
453,167,63,72
452,169,61,69
457,167,72,79
461,186,58,72
457,179,61,72
459,181,60,75
457,177,62,75
457,183,63,78
457,184,63,79
452,184,62,77
446,183,62,77
442,186,60,76
442,185,59,76
444,177,56,74
446,179,59,72
447,175,59,77
407,170,76,78
422,170,71,76
437,167,68,77
443,170,66,78
451,170,68,79
456,171,68,79
455,170,72,78
444,171,72,74
445,170,67,68
444,176,67,68
450,176,64,68
446,177,65,70
446,178,63,70
445,178,64,71
443,181,65,69
444,178,63,68
442,177,64,69
444,171,62,71
438,174,66,72
436,172,65,69
436,178,65,69
429,184,70,67
429,185,71,69
425,189,72,69
427,189,71,69
424,187,72,70
419,188,74,71
413,191,76,70
414,188,73,71
412,191,72,69
411,188,72,71
405,192,74,73
406,189,73,76
406,189,74,76
400,194,74,76
397,189,74,71
397,189,71,70
394,186,71,70
394,185,69,73
396,186,65,72
395,186,66,74
393,186,66,76
393,186,66,76
394,187,66,75
392,184,66,76
392,185,66,76
389,186,68,78
390,184,66,76
389,184,66,75
387,185,67,76
387,183,66,75
385,184,66,77
383,185,69,76
381,187,69,76
379,185,72,79
376,184,71,78
376,184,70,79
374,188,68,75
374,184,69,75
374,183,69,75
374,183,68,77
372,182,70,78
370,186,69,75
369,184,67,77
368,186,68,78
366,182,68,78
365,183,67,78
365,180,66,79
363,177,68,81
362,180,68,78
364,177,67,81
363,181,67,78
364,180,67,80
361,178,67,81
359,177,68,80
360,176,68,78
365,175,65,76
361,162,83,91
366,165,81,89
375,171,69,78
375,170,71,83
378,180,65,79
378,181,68,81
376,182,72,83
377,187,69,83
377,191,70,80
380,183,70,83
377,185,70,81
379,184,71,83
377,184,71,83
376,183,70,82
378,183,70,81
380,184,69,81
380,186,69,80
380,182,70,81
383,183,69,81
385,188,68,79
384,184,69,83
384,187,69,83
380,185,71,86
378,186,73,85
379,185,72,83
378,184,71,83
376,186,70,80
375,181,72,82
374,186,72,79
372,186,71,81
372,186,72,82
375,188,71,82
374,184,72,82
378,182,72,83
378,184,72,80
377,183,72,82
381,184,73,83
381,185,73,83
380,187,73,83
380,186,73,83
382,183,72,83
383,185,71,84
383,185,71,81
384,184,70,82
383,184,70,82
383,190,69,78
384,188,70,79
383,190,71,78
382,186,71,81
383,184,72,83
382,185,72,83
384,182,71,83
383,188,70,80
381,184,70,77
382,182,69,82
382,184,68,80
383,184,67,80
380,182,69,82
379,182,69,80
377,178,71,84
376,180,69,81
376,183,69,82
376,178,68,81
375,179,69,81
374,180,69,82
375,179,69,82
372,178,72,84
374,178,72,85
368,169,80,90
370,173,77,90
370,179,74,87
362,164,85,93
368,172,78,91
368,174,80,90
368,175,75,86
367,165,82,94
365,165,83,92
367,167,79,93
369,173,76,88
366,169,79,89
365,166,81,91
372,173,73,87
371,173,72,86
370,172,74,86
363,162,88,96
366,175,76,87
368,173,76,87
370,173,75,88
368,170,80,93
367,169,80,94
368,179,75,87
365,177,77,89
365,177,78,89
371,182,73,86
373,179,76,88
372,183,76,87
378,177,72,88
376,181,73,87
