619,155,172,400
624,151,172,400
628,152,175,393
631,155,179,395
639,160,180,409
643,150,180,409
648,158,178,414
655,148,178,407
662,150,179,404
661,143,178,404
665,136,173,399
672,134,172,405
680,145,172,400
685,149,174,404
689,147,175,408
686,158,175,413
690,151,163,417
693,166,169,409
695,160,158,414
695,181,162,390
696,168,154,410
701,185,155,394
705,183,154,394
707,183,150,390
706,179,154,387
703,169,149,387
710,169,159,381
706,173,160,383
707,156,158,376
708,171,156,379
709,161,155,386
712,149,153,391
708,142,154,390
716,131,153,389
716,145,155,381
727,146,157,377
725,143,151,378
729,131,158,374
725,133,155,368
717,128,153,368
719,143,152,359
718,128,148,348
720,125,149,348
712,138,147,343
711,150,149,349
702,171,153,355
698,165,150,347
699,175,147,340
692,185,147,336
685,194,149,333
681,190,148,343
672,191,148,352
671,200,145,340
674,205,137,340
679,198,137,360
687,210,132,355
688,215,131,356
692,223,125,348
690,234,127,350
691,246,126,330
689,254,126,334
682,267,128,328
678,265,127,329
665,260,117,325
657,252,117,313
653,240,117,313
646,238,121,306
643,219,121,311
651,169,119,320
642,139,126,309
631,119,128,307
615,113,130,302
592,102,129,301
559,87,128,299
560,97,127,299
566,122,126,293
600,142,123,288
629,129,123,288
721,169,122,284
772,179,119,286
802,182,120,279
821,194,117,289
826,196,116,295
808,183,117,289
784,173,115,280
744,171,115,280
705,161,116,270
663,157,115,268
579,148,109,256
548,135,111,264
521,133,108,267
500,127,110,266
477,132,106,265
446,145,104,260
439,168,103,262
439,181,100,251
439,187,98,241
441,193,98,231
449,176,96,233
449,173,94,234
448,169,93,237
450,171,94,232
456,173,91,230
485,166,96,252
510,163,95,261
537,155,96,259
561,152,93,250
589,149,92,248
631,142,98,249
664,144,105,244
689,136,106,246
717,141,104,243
755,140,102,239
785,153,101,235
796,152,100,234
808,146,102,239
812,141,99,247
814,163,101,246
832,183,99,243
836,194,99,244
843,216,98,245
846,199,91,268
838,206,104,243
816,212,105,245
790,215,105,245
771,218,102,239
747,217,102,239
733,212,103,240
724,205,102,239
724,200,101,236
725,197,102,237
723,203,100,234
725,214,100,233
714,240,101,235
701,242,100,234
682,237,100,233
674,233,99,230
659,228,98,229
646,207,96,224
622,194,97,226
612,183,96,223
596,170,95,221
582,167,94,219
564,151,92,223
545,124,84,225
539,120,82,227
526,113,85,227
525,121,93,217
517,98,81,226
506,91,81,218
494,83,81,214
497,73,91,211
488,84,76,204
481,79,75,197
482,70,89,208
479,66,74,201
477,75,75,198
475,69,75,197
477,60,87,203
473,27,88,206
476,82,88,205
480,43,75,197
489,47,77,208
498,49,78,209
507,41,78,212
516,34,74,200
528,59,88,206
534,22,86,201
543,61,78,200
555,37,72,195
562,43,75,194
565,38,73,195
568,47,75,192
570,36,71,190
572,36,72,189
574,21,67,167
581,31,71,179
588,35,73,178
598,47,74,179
606,64,75,180
612,51,75,183
615,39,72,175
623,30,68,178
631,39,68,180
638,35,68,186
642,24,69,186
649,35,73,191
657,29,71,193
663,39,76,198
668,47,78,197
675,47,75,199
681,54,76,200
686,48,73,204
690,49,74,213
692,41,73,210
694,51,77,214
693,42,75,217
693,36,74,218
696,50,75,215
699,50,75,210
706,51,72,211
711,50,72,210
717,41,71,210
724,47,69,209
728,43,71,207
732,53,73,209
733,50,72,209
734,43,71,206
737,40,71,208
743,50,72,209
750,61,74,216
759,52,71,209
769,66,74,212
774,76,74,211
776,63,73,209
776,62,74,208
776,56,74,211
772,66,77,213
769,66,77,216
766,72,78,212
764,75,78,215
762,59,75,215
762,56,76,215
763,62,75,212
765,50,73,217
770,65,76,223
770,58,77,221
770,58,77,224
770,55,76,222
769,54,76,221
771,63,76,219
773,62,77,223
773,65,77,226
774,64,78,234
771,66,81,236
769,61,81,236
767,57,80,236
767,66,79,234
767,62,79,239
769,76,79,235
768,57,78,236
770,69,80,237
771,62,78,241
770,63,78,242
771,64,80,238
769,58,78,236
767,58,81,240
764,57,83,241
763,54,80,242
764,63,81,239
762,64,83,242
757,54,82,243
748,50,84,242
743,58,87,245
736,54,85,248
732,59,85,249
728,53,82,255
722,49,82,256
713,54,86,258
701,56,87,266
690,62,86,262
676,48,83,254
665,67,86,249
653,63,84,253
640,75,88,255
633,79,85,246
626,74,87,242
622,56,82,242
622,68,83,237
623,72,81,236
619,55,79,237
621,65,78,237
617,61,81,230
615,72,83,235
611,87,81,233
602,78,82,224
597,78,80,224
591,91,81,212
585,80,80,220
579,81,81,217
575,75,81,219
574,79,80,219
572,74,79,221
573,80,79,228
570,73,79,224
568,78,81,221
565,84,82,214
557,79,83,219
553,87,84,219
547,86,86,220
542,86,86,221
536,85,86,227
527,71,88,225
520,79,89,223
509,81,85,216
507,83,85,216
499,88,85,211
494,71,82,202
490,50,79,196
491,53,77,198
495,67,77,198
501,80,79,206
506,82,78,203
509,101,81,199
514,81,79,203
516,61,79,206
517,62,79,204
519,71,77,203
519,75,77,202
519,77,79,202
521,92,83,200
523,96,83,204
512,58,83,199
520,113,88,208
510,104,87,211
507,135,84,201
502,137,85,207
495,136,88,203
504,144,87,202
498,140,86,200
499,151,86,202
496,136,86,200
502,139,84,196
505,129,83,194
510,136,83,193
512,129,82,192
518,145,82,191
522,138,82,191
532,158,81,189
538,145,82,192
561,159,82,191
569,166,81,188
581,155,82,190
593,123,80,187
602,128,80,188
640,182,81,190
659,213,81,189
660,221,81,189
657,213,80,187
656,213,80,188
651,209,81,188
641,191,81,188
633,169,81,190
631,150,81,189
637,159,80,188
643,162,80,186
651,176,79,185
655,175,78,183
659,201,78,183
674,247,78,183
673,237,78,182
674,219,79,185
672,194,80,186
672,185,79,185
678,186,77,180
695,177,76,177
703,169,76,177
715,157,76,178
729,175,76,176
741,173,75,174
766,182,75,173
769,172,76,178
784,183,76,178
783,192,76,176
796,215,77,179
807,234,76,177
815,273,76,177
817,267,75,175
817,259,74,173
810,261,74,172
798,272,73,171
790,272,73,172
767,224,74,174
748,199,74,174
741,170,75,176
729,152,74,173
714,109,74,172
714,89,73,171
714,87,72,169
702,77,73,170
695,77,73,169
681,80,71,167
672,83,71,166
659,69,70,164
648,66,70,162
641,118,66,160
630,126,67,168
624,124,67,170
618,128,67,167
607,102,68,166
599,150,68,166
595,150,70,163
586,157,70,163
578,167,69,162
564,169,68,159
549,170,67,157
541,176,66,155
530,166,66,158
521,152,67,155
516,145,67,157
525,138,66,154
526,140,64,156
537,150,65,154
544,160,64,153
548,167,64,153
550,162,65,155
551,167,65,159
556,178,65,162
558,177,64,158
570,186,64,156
580,168,65,159
587,184,64,158
591,175,64,159
602,186,65,160
607,168,66,159
619,184,65,158
619,178,64,158
625,184,66,156
619,156,64,162
619,143,63,160
621,140,65,159
621,141,66,162
618,149,68,162
608,146,63,169
605,160,64,167
603,158,66,164
605,169,68,159
601,175,68,159
600,187,68,160
594,185,69,161
591,185,69,160
589,179,67,157
588,171,67,157
588,175,66,155
590,172,66,154
586,167,65,152
585,157,65,153
588,161,66,153
585,144,66,154
589,156,65,152
588,156,64,150
582,154,64,148
583,164,63,147
581,164,63,147
576,145,64,149
573,140,65,151
565,136,64,153
568,136,65,151
565,131,62,151
568,140,61,150
570,158,60,149
575,154,62,145
575,147,62,144
571,152,60,142
569,151,62,144
556,159,59,141
552,160,59,141
551,152,56,141
542,134,58,138
544,158,58,128
542,157,58,131
540,158,59,132
537,131,60,134
544,128,61,143
544,108,62,145
551,104,62,142
554,99,65,139
566,105,66,146
575,107,69,151
581,104,68,154
593,104,67,157
600,114,69,160
604,115,67,155
606,97,65,161
613,115,69,158
618,88,63,158
628,107,65,155
638,103,66,165
644,82,62,155
653,87,66,156
657,97,65,150
660,110,69,156
665,110,67,167
663,96,68,172
668,107,70,181
666,89,70,182
666,90,70,186
666,103,72,185
664,105,74,188
653,96,74,189
651,82,77,185
631,78,73,185
626,82,75,186
618,79,76,187
615,79,75,196
611,80,76,197
607,72,74,198
604,71,73,195
603,89,76,197
600,86,75,193
596,66,74,194
591,67,76,189
588,70,75,189
586,62,73,189
584,59,74,192
588,67,73,193
592,59,74,199
596,55,73,195
604,61,75,195
609,59,76,191
613,51,75,193
615,42,75,198
615,44,76,193
616,50,76,192
613,40,76,199
609,43,77,187
601,37,77,187
596,39,77,190
590,36,77,184
585,35,76,189
581,35,76,192
580,33,75,194
583,37,70,192
587,42,71,190
589,39,70,190
592,36,68,189
593,40,69,189
593,41,69,186
592,36,66,182
593,40,67,186
597,53,68,187
600,47,68,189
603,53,67,186
608,55,65,186
611,54,67,192
614,50,67,188
619,63,69,190
623,54,68,188
630,65,68,190
633,68,70,195
635,66,69,196
636,65,71,195
637,65,69,196
634,62,70,195
631,69,72,198
627,66,72,198
623,73,72,199
620,72,71,204
617,69,73,209
615,67,75,209
614,75,76,212
611,79,76,211
602,80,78,207
592,86,80,207
589,92,84,210
582,90,80,211
546,88,82,215
529,83,79,213
520,87,79,211
514,88,78,210
510,85,79,209
507,92,78,206
506,82,76,208
506,82,75,200
506,84,78,204
499,71,76,208
495,79,78,218
490,86,78,215
489,90,77,215
476,83,79,209
469,76,81,215
464,78,79,209
461,82,79,208
456,85,79,210
447,61,82,214
450,88,80,210
444,113,79,207
438,121,81,208
429,118,86,217
423,120,86,211
416,117,86,211
400,124,89,217
398,137,86,201
397,136,89,196
393,138,85,192
393,136,83,187
377,141,84,189
367,140,85,197
368,139,88,197
368,141,87,200
375,140,84,197
378,136,87,203
381,137,84,201
384,134,86,204
390,139,82,198
395,140,82,201
404,141,82,195
408,143,78,194
411,141,75,192
418,138,76,190
420,137,76,191
421,144,74,193
423,145,75,195
420,146,74,199
418,146,74,203
414,150,76,198
411,153,76,200
410,148,78,201
409,143,78,208
406,145,79,205
411,151,81,199
419,143,81,197
420,148,76,203
424,162,82,196
422,154,76,204
426,169,77,198
426,169,80,196
428,175,78,198
428,181,79,196
428,181,78,203
427,177,78,204
422,172,81,201
424,164,76,205
423,164,75,204
423,165,77,196
422,165,77,194
420,161,75,200
421,160,77,197
422,160,78,194
424,162,77,196
427,160,78,194
431,156,77,193
431,151,78,190
430,144,78,189
427,138,78,187
430,140,76,181
425,127,80,187
422,118,78,184
426,124,78,182
430,124,76,178
428,127,77,177
430,122,76,178
428,121,76,178
432,124,76,181
441,133,77,179
448,140,76,177
459,150,75,176
467,165,74,174
478,172,73,171
482,179,73,171
484,187,71,167
485,204,71,167
482,203,72,169
486,200,71,167
485,215,71,165
488,213,71,166
491,212,71,166
494,219,71,165
488,217,69,161
490,217,68,159
488,216,68,159
484,211,69,160
477,200,70,162
479,202,69,162
481,198,70,163
483,191,71,165
487,198,70,164
492,201,71,166
493,195,73,171
493,198,72,169
498,196,72,167
499,196,73,171
506,196,73,171
510,186,73,171
510,195,73,171
513,190,73,169
518,187,71,166
526,185,71,165
535,178,71,166
542,172,72,167
551,179,71,166
551,180,71,156
566,186,69,153
571,184,68,153
580,182,66,152
586,181,68,157
589,170,68,158
607,146,67,156
613,134,67,157
619,112,67,157
631,134,68,159
644,176,66,155
657,158,68,158
666,146,67,155
656,112,67,156
670,115,70,162
689,122,70,163
685,104,69,165
706,68,71,166
726,89,71,167
720,49,71,164
738,48,71,166
744,35,70,163
747,70,68,162
755,69,68,162
764,91,65,148
769,68,64,153
781,69,66,155
795,74,67,156
803,68,67,154
821,77,67,157
827,79,69,155
829,65,66,157
837,72,68,160
836,72,67,161
837,68,66,162
839,73,66,157
835,55,67,158
840,68,67,157
849,76,67,157
846,66,66,153
851,71,66,154
849,66,66,158
849,59,66,157
848,56,65,157
851,59,66,158
847,47,66,155
847,45,66,158
848,43,67,157
854,54,67,161
847,51,67,160
850,42,69,160
839,43,67,160
833,35,69,162
832,28,69,161
828,40,69,162
819,44,69,161
805,41,70,162
800,45,71,166
792,43,71,166
785,53,69,175
778,57,71,170
762,50,72,168
746,58,69,171
728,60,71,175
705,33,74,172
686,43,74,174
659,74,74,172
629,78,68,184
616,89,69,185
599,87,69,179
579,78,69,183
547,84,71,187
522,79,74,185
504,71,74,188
488,74,76,190
467,81,76,195
435,79,78,200
421,90,78,196
421,136,78,204
409,139,80,200
395,129,80,198
385,149,80,201
374,155,81,201
370,166,81,199
363,162,81,196
355,159,82,200
340,186,82,203
329,186,84,203
324,197,81,199
324,193,81,202
316,205,77,200
304,195,79,192
305,198,80,195
299,196,82,198
294,187,86,198
288,180,86,202
275,177,88,206
272,171,89,208
267,180,91,212
266,172,92,215
268,172,92,213
276,180,91,213
280,189,91,213
284,198,89,213
284,182,92,214
284,185,91,217
282,190,88,216
285,179,87,214
286,186,89,207
288,181,83,210
291,184,87,203
294,181,82,206
296,174,85,200
298,176,85,206
301,184,87,205
304,178,85,207
307,170,85,203
312,186,86,202
319,192,87,204
315,199,87,203
317,196,89,208
323,196,89,209
319,201,91,212
317,201,94,219
318,197,94,219
323,195,94,220
300,169,93,217
318,179,92,215
322,169,93,217
321,168,93,217
323,169,92,216
314,187,92,215
316,195,93,218
314,188,91,216
310,184,92,214
306,185,92,216
298,165,92,214
300,162,92,214
305,155,90,211
312,158,91,213
323,166,92,201
336,159,91,211
336,159,93,207
351,156,92,214
352,163,94,214
362,157,94,219
371,161,94,210
389,162,93,199
399,161,92,201
409,162,92,206
424,172,91,195
430,164,93,208
445,168,95,214
454,160,94,220
456,165,94,219
458,161,94,218
458,165,93,216
462,156,91,213
463,147,91,212
463,139,94,219
465,129,96,224
463,136,96,224
469,140,96,224
474,150,96,224
472,139,97,225
461,139,95,226
455,134,96,223
441,126,92,220
439,129,93,220
435,114,92,224
434,109,89,218
453,100,91,218
468,102,89,217
477,91,91,212
485,81,90,210
487,70,89,208
493,64,88,206
494,53,89,207
498,52,90,210
506,57,88,206
508,54,88,206
518,50,89,208
533,59,89,207
536,61,90,210
549,64,91,212
551,83,93,217
552,79,94,219
557,79,91,221
557,75,88,221
566,85,89,224
573,81,85,222
574,70,84,224
577,65,84,228
585,54,88,229
587,51,84,224
591,47,89,226
590,63,82,221
588,58,83,219
585,64,83,219
581,52,84,216
581,55,83,218
574,50,84,215
570,48,85,217
574,52,82,209
