283,156,57,76
282,154,56,76
284,154,54,76
283,154,55,75
284,156,56,74
284,155,55,74
284,156,55,73
284,156,55,73
283,154,56,75
285,156,55,73
285,157,56,72
284,157,56,73
283,156,57,72
284,157,56,72
282,158,56,74
285,156,56,74
281,156,57,75
283,154,57,75
284,153,57,76
284,154,60,77
285,154,60,77
285,155,60,78
283,156,59,77
284,158,58,77
284,161,58,76
285,162,57,76
285,163,57,76
285,165,58,76
284,168,59,74
286,171,58,71
288,173,56,68
287,176,55,68
287,176,55,71
286,179,56,73
286,181,57,75
287,184,57,75
286,186,59,75
287,189,59,75
287,190,59,75
287,192,60,76
287,193,60,74
288,195,61,73
289,195,60,72
289,195,61,71
290,194,60,71
290,195,61,72
292,195,59,74
288,193,60,76
289,196,61,74
289,195,62,76
288,195,62,77
290,194,60,76
289,195,61,76
289,195,59,75
289,193,58,74
288,194,58,72
288,192,58,74
285,189,58,76
287,190,56,75
287,188,55,74
287,186,57,73
287,184,58,72
286,182,59,72
286,178,58,76
287,178,59,71
287,178,58,69
287,177,60,69
285,174,59,75
285,172,57,75
284,172,57,74
284,173,55,74
284,173,54,72
284,174,55,70
284,175,54,68
283,176,55,68
283,176,55,68
283,176,54,68
282,172,54,71
282,170,56,71
279,169,55,73
279,167,55,74
279,166,56,73
278,168,57,72
280,171,59,67
283,172,53,63
284,169,50,63
283,170,52,66
280,166,55,67
282,167,52,65
282,171,52,60
281,175,52,59
281,177,52,60
278,174,54,63
276,174,55,62
274,175,56,65
274,174,56,63
274,175,56,64
275,174,56,62
276,176,57,63
277,174,56,65
277,174,56,67
278,174,57,68
278,176,58,66
280,174,58,67
282,175,55,65
283,177,55,64
284,175,53,65
284,176,54,63
283,178,55,62
284,178,57,63
284,178,56,63
284,178,56,64
285,177,58,65
285,174,57,68
285,175,59,66
286,175,57,62
287,176,55,61
288,173,55,61
286,171,58,64
284,167,56,75
286,165,56,75
286,164,56,75
286,163,56,75
286,163,56,75
287,160,50,77
288,159,50,78
288,161,55,76
287,164,54,76
287,160,52,77
287,161,54,79
288,160,56,81
286,165,57,78
288,159,51,82
287,161,55,80
286,165,54,75
287,166,52,72
284,166,54,71
282,165,54,71
281,165,55,71
280,165,56,74
280,164,56,73
279,166,57,73
281,165,56,73
281,165,56,72
279,167,59,72
280,165,59,70
280,163,59,68
279,164,61,69
281,162,57,70
282,162,55,72
281,160,56,76
282,160,52,76
279,161,53,74
279,158,53,76
279,157,53,76
281,156,52,75
281,158,51,72
279,157,54,71
280,158,54,72
280,157,53,74
281,159,53,72
282,161,51,71
282,166,52,70
283,165,51,68
279,166,52,70
280,166,52,70
279,166,52,69
280,164,52,71
281,166,52,69
278,168,51,69
280,167,51,68
280,167,51,68
280,167,51,68
280,167,51,69
279,167,51,69
282,166,51,68
281,167,51,68
281,169,50,67
282,167,51,68
282,166,51,68
282,165,50,67
283,169,49,65
283,169,49,66
284,168,49,66
284,171,49,66
285,169,50,67
284,169,51,68
284,169,51,68
285,170,50,67
284,167,50,67
283,169,51,68
284,169,50,67
284,168,49,66
286,168,50,67
285,167,49,66
286,169,49,65
285,171,48,64
286,170,48,64
286,170,48,64
286,168,48,65
284,167,48,65
285,168,48,65
285,170,49,65
285,169,49,65
285,169,49,66
285,165,47,70
285,163,47,70
286,167,48,68
286,165,48,70
287,162,48,70
286,167,50,67
288,162,48,70
287,166,49,69
287,164,49,69
287,163,49,69
287,161,48,74
285,163,50,72
284,165,49,71
283,163,47,72
284,164,49,71
281,171,52,70
281,171,51,68
282,168,51,69
283,168,50,67
282,168,51,68
282,167,51,68
284,166,51,68
282,169,52,69
282,167,52,70
286,161,46,72
285,160,47,74
285,162,48,74
285,165,49,73
287,161,46,75
287,159,44,77
287,159,44,74
288,161,45,74
288,162,45,73
287,166,47,71
287,160,45,75
287,161,45,73
288,162,46,72
287,164,46,68
285,166,48,67
286,166,47,68
284,169,49,66
286,160,45,74
285,163,46,73
286,161,46,73
286,160,45,74
286,161,45,73
286,160,44,75
287,160,44,77
288,158,42,76
288,157,43,77
288,157,42,76
288,158,42,75
288,157,43,74
286,157,46,73
285,158,47,72
284,158,49,73
283,160,52,73
283,163,53,73
282,165,53,71
284,163,52,70
286,163,52,69
287,163,51,68
288,164,51,68
289,164,50,67
289,165,50,66
290,164,50,66
289,165,50,66
291,168,49,66
288,165,50,66
289,166,49,66
290,165,48,64
290,166,48,64
289,166,48,64
291,167,48,64
290,167,48,64
289,166,48,64
289,167,49,65
289,166,48,65
289,165,49,67
290,167,49,65
289,165,49,65
289,167,48,65
291,167,48,64
292,166,47,63
292,167,48,64
291,165,47,62
292,164,47,63
293,166,47,63
293,165,48,64
292,164,46,65
293,164,47,62
292,163,46,65
293,163,46,64
292,165,47,62
293,168,46,62
292,168,47,62
293,164,45,63
294,168,46,62
292,168,46,62
292,165,46,61
293,168,46,62
292,168,46,62
293,167,47,63
292,166,47,63
291,167,47,63
293,167,47,63
293,167,46,62
292,167,46,61
292,167,47,62
292,168,47,62
292,164,47,63
291,165,47,63
291,166,47,63
292,164,47,63
292,163,47,63
291,163,48,64
291,165,48,64
292,158,46,69
290,165,49,65
291,162,47,67
289,166,48,64
290,167,47,63
291,166,48,64
292,164,46,65
292,167,47,63
291,167,47,63
293,168,47,63
292,169,47,62
292,168,46,62
292,167,46,61
292,168,46,62
293,165,45,64
293,166,46,64
292,167,47,63
293,167,45,64
293,167,46,62
294,165,45,61
292,169,45,61
293,169,45,60
292,168,46,61
291,170,45,60
292,169,45,61
290,168,45,60
290,167,45,61
290,167,45,60
290,165,46,61
290,165,46,62
290,167,46,61
288,166,46,62
289,165,46,61
289,166,46,62
290,165,47,62
289,164,47,62
289,166,47,63
289,165,46,62
289,165,46,62
288,166,46,62
289,165,47,63
289,165,48,64
287,165,48,64
287,164,47,63
287,164,47,63
286,165,47,63
288,162,47,66
289,162,46,65
287,165,47,63
287,164,47,63
286,165,47,62
289,165,47,62
288,164,46,62
289,164,47,62
287,164,47,63
287,160,47,65
287,161,47,66
287,161,48,65
288,160,47,66
287,163,48,64
289,162,47,66
287,161,48,66
288,160,47,66
287,165,48,64
288,160,46,67
287,165,47,63
287,163,47,63
287,164,47,62
287,165,46,62
287,164,47,63
286,164,47,63
287,163,48,64
286,163,48,64
286,161,48,64
286,164,48,65
286,158,47,69
286,164,48,65
288,156,45,71
286,162,48,67
286,161,48,67
286,162,48,67
286,162,48,67
288,156,47,71
289,156,47,72
289,159,48,68
289,164,50,67
291,160,46,70
289,165,49,65
290,162,48,67
291,163,48,65
291,161,48,68
292,157,47,70
291,161,49,66
291,163,49,65
293,160,48,65
294,159,48,65
294,160,48,64
294,160,47,63
294,162,46,62
295,162,46,61
295,163,46,62
296,160,46,65
295,162,47,63
295,163,47,66
296,163,47,63
296,166,47,63
297,164,45,64
296,166,47,65
296,168,47,63
297,164,46,67
296,171,47,62
297,167,46,64
297,170,46,62
297,170,46,62
296,167,46,63
297,167,45,64
294,168,47,62
295,167,46,64
295,166,47,63
294,166,46,62
296,166,46,62
294,165,46,62
292,161,47,63
293,162,47,63
293,161,47,62
293,161,46,62
294,160,46,61
294,160,46,62
293,162,46,62
293,163,46,61
292,164,46,62
293,164,46,62
293,164,45,63
292,168,46,62
290,167,47,62
291,169,46,62
291,170,47,62
292,169,46,61
292,171,46,61
293,170,46,61
292,172,45,61
292,170,45,60
291,170,45,61
292,173,45,60
292,172,44,59
292,174,44,59
291,175,44,59
290,174,45,60
289,174,45,60
290,176,45,60
290,179,45,60
287,180,45,61
288,181,45,60
290,182,46,61
289,185,46,62
288,186,46,62
287,185,46,62
288,188,46,61
288,184,47,63
290,182,47,63
291,182,47,62
291,180,47,63
292,175,47,63
292,174,47,63
292,167,47,66
293,167,48,64
293,163,46,64
294,162,45,63
294,163,45,63
294,162,45,60
295,156,43,65
294,158,44,62
294,155,43,64
294,159,46,61
293,155,45,63
294,157,46,61
295,157,45,60
294,155,45,60
294,155,46,61
294,156,46,61
294,155,45,61
293,156,45,60
291,157,45,61
294,157,45,60
293,156,44,59
293,160,44,59
292,156,45,60
292,156,44,59
293,156,45,60
293,157,44,59
293,157,45,60
292,156,44,58
293,152,44,59
293,151,43,58
294,150,44,59
292,152,45,60
291,158,45,60
290,159,45,60
290,155,46,61
290,156,46,62
288,152,47,63
288,155,47,62
290,155,46,62
291,155,47,63
292,153,48,64
288,154,48,64
290,153,47,63
291,152,47,65
291,155,47,63
290,157,46,62
289,158,46,61
291,155,44,64
290,161,45,60
292,155,45,63
292,156,44,64
291,159,46,62
292,160,46,62
293,160,45,61
294,161,45,60
294,162,44,59
294,161,44,59
294,160,45,60
292,161,44,61
292,161,45,60
294,159,45,60
294,159,44,58
294,159,43,58
294,160,44,58
292,157,45,60
293,156,45,60
293,156,45,61
293,153,44,64
293,152,44,64
293,155,46,64
292,152,45,66
292,153,46,65
291,152,47,63
293,152,45,65
292,148,44,68
290,150,46,65
291,152,46,65
292,151,47,65
290,149,46,64
291,150,46,64
290,153,47,63
291,153,47,62
291,150,46,63
290,150,45,66
290,151,46,65
288,151,47,65
288,151,47,63
289,150,47,65
288,152,49,65
288,148,48,68
289,151,49,65
289,149,47,67
291,151,47,65
292,148,48,64
291,145,48,64
292,135,46,65
291,130,47,65
293,121,48,64
293,114,48,64
293,103,49,65
295,91,48,65
297,82,49,66
294,71,49,65
295,63,49,65
296,57,49,66
297,48,49,65
295,44,49,66
295,36,49,65
297,35,49,65
295,33,49,65
295,33,49,65
294,30,49,65
293,29,49,66
294,34,49,65
291,33,48,64
292,31,49,65
292,34,49,66
293,34,49,66
293,36,49,65
291,37,48,64
292,37,48,65
293,40,48,64
294,38,49,66
295,40,48,65
295,42,49,66
294,42,50,66
294,43,49,66
294,43,49,65
295,43,48,64
295,44,48,64
295,45,48,64
295,45,48,64
295,47,47,63
295,46,47,63
295,47,47,63
293,47,48,64
292,48,49,65
292,45,48,65
292,46,48,65
291,44,49,65
291,46,49,65
291,48,49,66
291,55,49,65
290,58,49,65
291,63,49,66
287,64,47,63
289,72,48,64
290,78,48,62
288,79,48,63
287,80,50,61
291,83,49,63
292,88,49,63
294,90,48,64
294,93,47,63
295,96,47,63
295,96,47,63
295,98,48,64
296,97,47,63
296,96,47,63
298,93,48,64
301,91,47,63
303,85,47,62
303,81,47,63
305,74,47,63
305,72,47,63
306,67,46,62
308,65,47,63
306,63,46,62
308,61,47,63
309,58,47,63
307,55,47,62
308,54,46,62
309,54,46,61
309,51,45,60
308,51,45,60
307,52,44,59
306,49,45,60
305,50,45,60
305,48,45,60
304,49,45,60
303,48,45,60
302,48,45,60
301,47,44,59
301,49,43,58
301,50,43,58
301,49,43,58
301,49,43,57
300,49,43,57
299,49,43,57
300,48,43,58
297,47,44,59
298,48,44,58
297,45,44,59
297,46,45,60
297,44,45,60
296,46,44,59
296,46,44,59
295,44,44,58
295,47,44,58
297,46,43,58
296,46,43,57
295,45,43,58
295,45,43,58
295,45,43,57
297,45,42,56
296,44,42,57
296,45,42,56
295,46,42,56
294,46,43,58
293,47,44,59
292,46,44,59
292,48,45,60
292,51,44,59
292,52,43,57
292,51,44,59
290,51,44,59
290,53,44,59
288,53,44,59
289,52,44,58
287,50,45,60
288,51,44,59
288,52,45,60
288,51,45,60
288,52,45,60
288,51,45,60
289,53,44,59
286,50,45,60
287,54,44,58
287,53,44,59
287,55,44,59
287,53,45,60
286,55,45,60
286,54,45,60
287,56,44,59
288,57,44,59
288,57,43,58
287,58,43,58
287,56,44,58
286,56,44,59
286,56,44,59
287,55,43,58
286,58,43,57
287,58,43,57
284,57,44,58
286,57,44,59
284,58,44,59
285,59,43,58
284,60,44,59
287,58,43,58
287,60,44,59
287,60,45,60
288,61,46,61
288,58,46,61
288,60,47,62
290,58,47,63
288,60,47,62
292,59,47,62
291,59,46,62
291,59,47,62
292,59,46,62
292,58,47,62
294,58,47,63
294,58,47,63
294,57,48,64
294,57,48,64
293,55,49,65
294,56,48,64
295,57,48,64
295,56,48,64
294,57,47,63
296,57,48,64
294,58,48,64
296,57,48,64
295,58,48,64
295,56,47,63
295,56,48,64
293,57,48,64
295,58,48,64
296,58,48,64
296,61,47,63
296,59,46,62
295,61,47,62
295,61,46,62
295,62,46,62
296,63,46,62
295,63,47,63
295,62,46,62
295,62,46,62
296,63,45,61
296,64,45,60
294,66,45,60
294,65,44,59
293,66,44,59
293,65,44,59
293,65,44,59
293,65,44,59
292,65,44,59
293,67,45,60
293,66,44,59
292,65,45,60
293,64,45,60
294,66,45,60
292,66,45,60
295,66,45,60
292,66,44,58
294,67,43,57
295,69,42,57
295,67,42,56
294,68,43,58
295,67,43,58
294,67,43,57
293,65,43,57
295,65,42,57
295,64,42,56
296,67,42,56
297,67,41,55
297,67,41,55
295,67,42,56
299,67,41,55
297,67,42,56
299,65,42,57
300,65,42,57
303,65,42,56
303,65,42,56
304,65,41,55
305,66,40,54
306,66,40,54
309,67,40,53
310,68,40,53
312,68,39,52
314,68,38,51
315,69,38,51
316,68,39,52
318,68,38,51
319,69,38,51
321,70,38,50
322,70,37,50
321,68,37,50
322,68,37,50
322,69,36,49
321,68,36,48
321,68,36,48
321,67,36,48
322,68,36,48
321,69,36,48
322,68,36,48
320,68,35,47
319,67,36,48
318,68,36,48
318,66,36,48
316,67,36,48
314,65,36,48
313,64,36,48
311,63,37,49
311,63,37,50
310,63,37,50
309,65,37,49
310,63,37,49
309,63,37,50
308,62,37,50
307,63,37,50
308,62,37,49
308,63,37,50
308,64,37,49
308,65,37,49
310,64,36,48
308,64,36,48
308,65,36,48
310,61,37,49
308,62,37,49
309,63,37,49
309,62,37,49
309,64,37,49
309,62,37,49
310,63,36,48
310,62,37,49
311,64,37,49
312,63,36,48
313,62,36,48
314,62,36,48
314,62,36,49
316,62,37,49
316,61,37,49
316,60,36,49
318,59,37,50
318,61,37,49
319,61,37,49
320,62,37,49
320,59,37,49
322,61,37,49
320,61,37,50
320,60,38,51
320,59,39,52
320,59,39,52
321,60,38,51
320,60,38,51
319,59,38,51
319,58,38,51
319,58,39,52
318,59,39,52
316,56,40,53
315,55,41,54
313,57,40,54
311,56,41,54
310,55,40,54
308,56,40,53
306,56,40,54
305,57,40,53
302,56,40,53
300,56,40,53
298,56,40,53
298,56,39,52
296,56,39,53
293,54,40,53
292,52,40,54
291,53,41,55
289,53,41,54
288,54,41,54
288,53,41,54
288,54,41,54
287,52,40,54
286,55,40,54
286,52,40,54
285,53,40,54
287,52,40,54
285,53,41,55
285,51,42,56
286,52,42,56
287,54,41,55
288,52,41,55
289,51,41,55
289,49,42,57
290,47,43,57
291,46,43,57
292,43,43,57
292,44,44,59
292,40,44,59
293,39,45,60
294,37,45,61
294,38,45,60
294,38,45,60
295,36,45,61
295,38,47,62
296,37,47,63
297,37,47,62
296,39,47,63
299,41,47,62
298,42,47,63
299,42,47,63
299,45,48,64
298,47,48,65
299,51,48,64
297,57,49,65
298,60,49,65
296,63,49,66
297,68,49,65
296,68,50,66
297,71,50,66
298,75,50,67
296,75,51,68
297,77,51,68
295,79,51,68
297,82,50,67
297,85,50,67
295,85,51,68
294,86,52,69
294,85,53,70
293,88,52,70
290,89,53,71
292,88,53,70
290,90,52,70
290,91,52,69
288,89,52,70
290,91,52,70
287,91,53,71
286,90,54,72
285,92,53,71
287,93,52,70
285,92,52,69
286,92,51,69
283,91,51,69
286,94,50,67
283,95,49,66
282,95,50,67
282,95,50,66
281,94,50,67
283,93,50,67
279,93,51,66
281,93,50,67
279,93,50,66
281,93,50,66
280,94,50,67
282,93,50,67
281,93,50,67
280,94,52,69
278,94,52,69
278,94,51,69
280,96,52,69
278,97,52,69
277,96,52,68
276,98,51,67
280,98,51,67
281,100,50,67
285,102,50,67
287,103,48,65
286,104,50,66
289,106,49,66
290,108,49,65
292,110,49,66
292,110,49,66
294,110,49,66
295,111,48,64
297,110,47,63
300,111,47,63
298,113,46,62
300,111,46,61
301,112,46,61
300,112,45,60
302,114,45,60
302,114,45,60
302,114,44,59
303,113,44,59
304,114,44,58
304,112,43,58
304,113,44,58
304,110,44,59
304,110,44,59
303,111,44,59
304,110,45,61
303,110,46,61
303,109,45,61
302,108,46,61
301,109,46,62
299,111,46,61
300,111,46,61
298,111,46,61
297,112,46,61
298,112,46,61
297,111,46,62
298,112,46,62
296,112,46,62
296,110,47,63
295,113,46,62
295,111,47,63
293,110,47,63
294,110,48,64
294,109,47,63
295,111,46,62
295,111,45,61
295,110,45,61
295,110,45,60
295,110,44,59
295,110,44,59
295,111,44,59
294,109,44,59
294,110,44,59
293,110,44,59
294,109,44,59
294,111,44,59
293,110,44,59
293,109,43,58
292,111,43,57
294,110,42,57
292,112,43,57
293,110,43,57
292,110,44,58
291,111,44,59
290,112,44,59
291,112,43,58
291,111,43,58
293,112,43,58
293,112,44,59
292,112,44,58
292,110,43,58
293,112,43,58
292,112,43,57
293,114,43,57
293,112,43,58
292,111,43,58
293,112,43,58
293,112,42,57
294,111,42,57
294,111,43,57
294,112,42,57
294,113,42,56
293,112,42,57
294,113,42,56
295,113,42,57
293,113,43,57
292,111,43,57
295,114,42,57
291,113,42,57
292,111,43,58
291,111,44,59
290,111,44,59
291,112,45,60
290,111,45,61
290,110,46,62
291,110,46,61
291,110,46,62
292,110,46,61
293,109,46,61
294,108,46,61
293,108,46,61
293,109,45,60
292,111,44,59
293,111,44,59
293,110,44,59
293,111,44,59
292,110,44,58
293,109,44,59
293,110,44,59
292,110,44,58
294,110,43,58
293,110,43,58
293,109,43,58
292,111,43,58
293,109,43,58
293,110,43,58
293,111,43,58
294,110,43,57
293,110,43,57
294,111,43,57
294,111,43,57
293,109,43,57
294,111,43,57
293,111,43,57
293,111,43,57
294,110,43,57
294,111,42,57
294,111,42,56
293,113,42,56
293,112,42,57
295,111,43,57
293,110,43,58
293,111,43,58
293,112,43,58
293,113,42,56
294,112,42,56
294,113,42,56
295,114,41,55
294,114,42,56
292,113,42,56
293,114,42,56
294,115,42,56
294,114,42,57
294,113,42,57
294,115,43,57
293,114,43,58
294,115,44,58
293,113,44,58
294,116,43,58
294,114,44,58
293,118,44,58
295,117,43,58
295,117,43,58
295,119,43,57
294,119,44,58
295,118,44,58
297,120,43,57
295,121,43,57
295,119,43,57
294,118,44,58
294,118,44,58
295,117,44,59
294,116,44,59
296,117,44,59
295,119,43,58
295,118,44,58
295,117,44,59
294,117,45,60
294,117,45,61
293,118,46,61
294,115,46,62
293,116,46,62
294,116,45,60
294,120,45,60
294,116,45,60
295,117,45,60
296,118,44,59
295,117,44,59
295,115,44,59
295,116,44,59
296,116,45,60
294,113,45,61
296,113,44,59
295,114,44,59
292,112,45,61
292,109,45,60
289,109,45,60
288,108,44,59
288,106,45,60
286,105,44,59
282,102,45,60
280,101,45,60
277,98,45,61
277,97,46,61
275,97,45,60
275,96,45,60
274,94,45,60
272,94,45,61
270,94,46,61
270,95,46,62
268,94,47,62
269,94,47,63
269,94,47,63
267,95,47,63
269,97,46,62
267,97,47,62
268,97,47,63
267,95,47,63
270,96,48,64
270,94,48,64
270,94,47,63
270,93,46,62
269,95,46,62
272,94,45,61
270,94,46,61
272,94,45,60
273,93,45,60
274,95,46,62
273,93,46,62
274,94,47,62
274,96,47,63
273,100,46,62
273,100,46,61
272,103,47,62
274,101,47,63
275,104,46,62
273,105,46,62
273,107,47,63
272,109,47,63
272,110,47,63
271,112,46,63
270,113,46,62
270,113,46,62
270,114,45,60
271,116,44,59
270,117,43,58
270,116,43,58
270,114,42,56
268,113,41,55
268,114,42,56
268,114,42,56
268,115,42,56
266,115,42,56
267,114,42,56
266,114,41,55
266,114,42,56
266,114,41,55
266,113,41,54
266,114,40,53
265,113,41,54
267,113,41,55
267,114,41,55
266,111,41,55
267,115,41,55
267,113,41,55
267,113,42,57
268,114,43,57
267,112,42,57
270,111,42,57
268,114,43,57
269,111,43,57
269,112,43,57
270,112,43,57
268,112,43,57
269,113,43,58
270,111,44,59
270,113,43,57
271,113,43,57
272,115,43,57
272,116,43,58
271,115,43,58
272,116,43,58
272,117,43,58
272,117,43,58
271,116,44,59
272,118,44,59
273,116,44,59
272,117,44,59
272,118,44,59
272,115,43,58
272,116,43,58
272,115,43,57
271,116,42,56
273,113,42,56
271,113,42,56
270,113,42,56
269,113,42,57
269,112,42,56
269,112,42,56
269,112,42,56
268,111,42,56
269,112,42,56
269,112,41,55
268,112,42,57
269,111,42,57
268,112,42,57
269,111,43,57
268,112,43,57
267,113,43,57
270,113,43,57
269,112,42,57
270,113,42,56
271,114,41,55
272,114,42,57
271,112,43,58
272,113,43,58
273,114,43,58
275,114,43,58
275,114,45,60
277,113,44,58
278,112,44,59
278,114,44,59
279,114,44,59
279,114,44,59
280,112,44,59
280,114,44,58
281,113,44,59
282,112,44,59
282,112,45,60
283,111,45,60
281,112,45,60
284,110,45,61
283,111,45,60
284,112,46,61
283,110,45,60
284,109,46,62
285,110,47,62
285,106,48,64
283,107,48,64
286,109,48,64
284,104,48,64
285,105,49,65
283,105,48,64
285,106,48,64
285,106,48,65
284,105,49,66
285,102,50,66
284,103,50,67
284,103,50,67
284,104,49,65
283,104,49,65
284,101,49,66
284,103,49,66
284,102,49,66
285,101,49,66
284,103,50,66
284,103,50,67
286,102,50,66
286,104,49,66
286,104,49,65
286,103,50,66
282,103,50,67
284,105,49,65
286,105,49,65
286,104,48,65
286,105,49,65
287,104,49,65
287,104,48,65
287,106,48,64
288,107,47,63
288,104,47,63
289,105,48,64
289,105,47,63
290,102,47,63
289,100,48,64
290,102,48,64
288,99,49,66
289,97,49,66
288,96,49,66
289,99,49,65
289,96,49,66
289,97,49,66
287,95,49,66
285,94,50,66
285,94,50,66
285,95,49,66
283,95,49,66
282,96,50,66
282,94,49,66
282,94,50,67
281,92,50,67
281,93,51,69
281,94,51,69
281,95,52,69
280,96,51,68
279,97,51,68
279,96,52,69
281,93,51,68
281,95,52,69
284,96,51,68
283,95,51,68
283,97,51,68
282,98,50,67
281,98,50,67
281,99,50,67
281,99,50,67
280,99,50,67
279,99,49,66
280,100,49,65
279,102,48,64
279,102,48,64
281,107,47,63
281,104,47,62
279,106,46,62
280,104,46,62
280,104,47,62
280,105,47,63
280,105,47,63
280,106,47,63
280,105,47,63
281,105,46,62
279,104,46,62
281,105,46,62
281,105,46,61
283,107,45,60
282,105,46,61
281,108,45,60
281,108,44,59
282,107,45,60
282,106,45,60
281,107,45,61
282,107,46,61
282,104,46,62
282,107,46,62
281,107,46,62
280,105,46,61
282,106,45,61
282,108,45,60
283,106,46,61
280,106,46,61
283,106,45,60
282,107,44,59
282,105,44,59
282,105,44,58
282,104,44,58
281,103,43,58
280,103,43,57
280,101,43,57
279,101,43,58
279,99,43,57
277,97,43,58
279,96,44,59
276,95,44,59
276,96,45,60
276,95,45,60
275,95,46,61
276,92,46,62
276,91,46,61
275,90,46,61
275,92,46,62
274,92,46,61
275,90,46,62
275,89,47,63
276,89,46,61
276,89,46,61
276,88,47,63
275,87,46,61
275,87,46,62
276,87,47,63
275,85,48,64
276,84,47,63
276,83,47,63
276,85,48,64
277,84,49,65
277,84,49,66
278,84,48,65
279,85,48,64
281,83,48,64
281,82,49,66
282,82,50,66
283,83,50,67
283,83,49,66
285,85,49,65
288,83,49,66
290,86,49,65
292,86,49,65
292,82,49,66
294,81,50,67
297,82,50,67
298,81,50,66
299,83,50,67
302,80,49,66
305,80,50,67
305,79,49,66
308,79,50,67
308,81,50,67
308,80,50,67
311,78,50,67
312,82,50,67
311,82,50,67
311,83,50,67
311,82,50,67
311,83,50,67
312,84,50,67
311,86,51,69
310,84,51,69
309,82,51,68
306,86,52,70
304,85,52,70
304,85,52,70
304,86,52,70
304,86,52,69
302,85,52,69
302,86,52,69
302,87,51,68
302,87,51,68
303,88,51,68
302,88,51,68
302,87,51,68
303,88,51,68
300,88,51,69
300,87,52,69
301,85,52,70
299,86,52,70
300,87,52,70
296,85,53,71
296,86,53,71
296,86,52,69
294,88,51,69
294,86,52,69
293,89,52,69
294,85,51,68
294,89,51,68
293,90,51,68
293,92,50,67
294,93,50,67
293,92,50,67
295,97,49,66
295,96,49,65
295,95,49,65
295,97,48,65
295,96,48,64
296,99,47,63
297,101,46,62
297,99,46,62
297,102,46,61
298,101,45,60
299,103,44,59
299,102,44,58
299,101,44,59
299,103,43,58
298,103,44,58
298,103,43,58
296,103,43,58
298,102,43,57
297,104,43,57
296,103,42,57
296,102,42,57
296,102,43,57
295,103,42,56
296,100,42,56
296,103,42,56
296,104,41,55
296,103,41,55
295,105,41,55
296,105,41,55
295,109,41,55
295,107,42,56
296,107,42,56
298,108,41,55
299,112,40,53
302,112,40,54
302,114,39,53
305,113,39,52
306,114,39,52
307,115,39,52
308,114,38,51
309,113,38,51
311,113,38,51
311,114,38,50
312,114,38,50
313,111,37,50
313,112,36,49
314,110,37,49
315,111,37,49
316,110,37,49
316,108,37,49
316,109,37,50
316,108,37,49
317,109,36,49
318,110,36,48
319,109,36,48
319,109,36,48
320,109,35,47
322,111,35,47
322,111,35,47
322,110,36,48
321,109,36,48
322,107,36,48
322,106,36,48
323,106,36,48
322,105,37,50
322,104,37,50
323,99,38,51
322,97,39,52
321,95,40,53
323,95,40,53
321,97,40,54
322,94,41,54
322,95,41,55
320,96,42,56
320,98,42,56
321,96,42,57
320,97,42,57
319,98,42,57
318,98,43,57
317,98,43,57
317,97,44,58
315,96,44,59
314,98,45,60
313,97,45,61
312,95,46,61
311,96,46,62
311,96,46,62
310,95,47,62
309,94,46,62
308,96,46,62
307,93,46,62
302,95,47,62
300,93,47,63
299,93,47,63
297,91,48,64
295,93,48,64
294,90,49,65
293,89,49,66
291,89,50,67
291,91,49,66
290,89,50,67
287,89,51,68
288,89,51,68
288,90,51,68
287,90,51,69
287,91,52,70
287,91,53,70
287,89,53,71
288,90,53,71
287,91,54,72
286,90,52,70
288,92,52,70
289,91,53,70
291,88,54,72
293,88,53,70
292,87,52,70
293,91,53,70
295,89,53,70
296,89,53,70
296,90,52,69
295,91,51,69
297,91,51,69
298,90,51,68
297,92,51,68
298,92,50,67
298,95,49,65
299,94,49,65
300,96,49,65
300,95,49,66
302,93,50,67
299,93,51,68
300,95,51,68
300,92,50,67
301,93,51,68
300,92,51,68
300,93,52,69
301,90,52,69
301,93,51,69
303,94,51,68
301,95,51,68
300,90,51,69
303,93,51,68
301,90,52,70
301,92,53,70
302,90,53,71
302,92,53,71
301,91,54,72
302,90,54,72
301,91,54,73
302,91,54,73
303,90,54,72
300,91,54,72
298,91,54,72
296,93,53,71
297,93,53,71
297,90,54,72
296,92,53,71
294,91,54,72
294,90,53,71
292,90,53,70
292,92,53,71
293,90,52,69
291,92,52,69
291,92,52,69
291,90,51,68
289,91,52,70
289,91,53,71
290,91,52,70
287,92,53,71
288,91,53,71
288,93,51,69
290,91,51,68
289,93,52,69
289,92,51,69
290,92,51,68
289,90,51,69
290,90,52,69
293,89,51,69
294,92,52,69
294,92,52,69
293,92,52,69
297,92,51,68
297,92,51,68
298,95,51,68
302,95,50,67
302,97,50,67
303,100,50,67
305,102,50,66
307,100,49,66
306,104,49,66
307,103,49,66
307,101,49,65
308,105,48,65
307,105,48,65
309,104,48,64
310,108,47,63
308,109,48,64
306,111,48,65
306,115,48,65
303,118,49,66
304,121,48,64
305,124,48,64
303,128,48,64
302,131,48,64
303,133,48,64
303,135,48,64
305,140,48,64
304,146,48,65
304,153,48,64
305,156,48,64
307,160,47,63
306,165,47,63
306,171,46,62
307,174,46,61
304,177,45,60
306,175,45,60
305,175,45,60
303,176,45,60
303,174,44,59
303,172,44,59
302,171,44,59
301,173,44,59
300,168,44,59
302,171,44,59
301,174,44,58
302,173,43,58
304,171,43,58
302,173,42,57
303,174,42,57
303,176,42,57
303,174,42,57
304,176,43,57
305,175,43,58
305,176,43,58
306,175,44,59
307,175,44,58
307,176,43,58
309,176,43,58
307,175,44,58
309,175,44,58
308,174,44,59
308,174,44,59
309,174,44,58
309,174,44,58
308,175,43,58
310,173,43,58
309,175,43,57
309,174,44,58
306,175,43,58
306,176,44,59
304,175,45,60
304,175,44,59
302,176,43,58
304,175,43,58
303,175,43,58
302,176,43,58
303,175,43,57
303,175,43,57
303,176,43,57
304,174,43,57
304,175,44,58
306,172,44,59
305,173,44,58
306,173,45,60
306,173,45,60
307,175,44,59
306,174,44,59
305,173,45,60
304,174,45,60
304,174,45,60
302,173,45,60
302,172,45,61
299,172,46,61
299,171,45,60
298,172,45,60
297,170,45,60
297,171,45,60
295,170,46,62
295,171,46,61
293,171,47,62
293,169,47,63
292,170,47,62
291,170,46,62
292,171,45,61
292,170,44,59
291,174,44,58
291,174,43,57
291,176,42,56
289,175,42,57
289,174,43,58
289,173,43,58
290,174,43,57
289,174,43,57
291,173,43,58
291,175,44,58
290,173,44,59
293,173,43,58
294,177,44,58
296,177,44,58
297,175,44,59
297,173,44,58
297,176,43,57
297,173,43,57
297,171,43,57
297,171,42,57
298,171,42,57
297,173,42,56
295,174,42,56
295,173,42,56
295,173,43,57
295,175,43,58
294,172,43,58
293,174,43,58
293,170,44,58
293,173,44,58
292,173,43,58
291,170,44,59
293,168,43,60
292,171,44,59
292,173,44,59
292,172,44,59
292,170,45,60
292,170,45,60
293,171,44,59
292,171,44,59
292,172,44,59
291,171,44,59
292,172,44,59
293,171,43,58
293,173,43,58
293,173,43,57
293,173,43,58
292,173,43,58
294,174,43,58
294,174,43,57
293,173,43,58
295,173,43,58
292,173,43,58
294,174,43,58
294,174,42,56
294,174,43,57
294,173,43,58
294,173,43,57
296,173,43,57
297,176,42,56
295,175,42,56
296,173,42,56
295,174,42,56
296,176,43,57
296,175,43,57
295,173,43,58
294,174,44,58
297,175,43,57
297,175,43,58
296,174,43,57
295,175,44,58
295,174,43,57
296,174,43,58
296,175,43,58
297,174,43,58
296,175,43,57
296,175,43,57
296,175,43,57
297,174,42,57
297,177,42,56
298,175,42,56
298,175,42,56
298,177,41,55
299,176,41,55
299,179,40,54
299,178,40,54
299,176,39,53
299,178,39,53
295,177,40,54
295,178,40,54
294,177,40,53
295,176,40,54
292,178,40,53
290,178,40,54
289,175,40,54
288,176,41,54
288,176,40,54
287,176,40,53
286,177,39,53
287,176,39,53
286,172,40,53
287,176,39,52
286,175,39,52
286,176,39,53
286,175,39,53
287,174,39,54
287,175,40,53
287,173,39,53
286,174,39,54
287,175,39,52
286,174,39,52
286,176,38,51
286,176,38,51
286,176,38,51
287,175,38,51
287,175,39,52
286,174,39,53
287,174,39,53
287,176,39,52
286,173,40,53
286,174,39,52
287,176,38,51
287,174,38,51
287,174,39,52
286,173,39,52
286,175,39,53
286,175,39,52
288,174,39,53
290,173,40,53
290,173,40,54
290,172,40,53
290,173,40,54
294,173,40,54
293,174,40,54
293,174,40,54
293,172,40,54
296,173,40,54
296,173,41,54
296,174,40,54
297,173,40,53
295,175,41,54
297,174,41,55
295,174,41,54
296,176,40,54
298,174,41,54
297,174,41,55
296,173,42,56
296,174,42,56
297,174,42,56
297,173,41,55
297,174,41,55
298,173,42,56
298,174,42,56
297,174,41,55
299,173,41,55
299,173,41,54
297,175,40,54
297,174,41,55
298,176,41,55
298,174,41,55
299,173,41,54
299,174,41,54
298,176,40,53
299,175,40,54
299,176,40,54
296,173,41,55
297,177,40,53
299,175,40,53
297,175,40,54
297,176,39,53
297,177,40,53
296,177,40,53
296,176,40,53
296,177,40,53
295,177,40,54
296,177,40,54
296,175,41,54
294,175,41,55
296,174,41,55
295,174,42,56
295,176,42,56
294,177,42,57
293,175,42,56
295,173,42,56
295,174,41,55
294,177,41,55
294,175,42,56
294,175,42,56
294,175,43,57
293,175,43,57
294,174,43,57
294,173,43,57
295,174,43,57
295,173,43,57
294,170,43,60
295,171,44,59
293,171,44,59
294,170,44,61
295,172,44,58
293,171,44,59
294,172,44,59
294,174,44,58
294,172,44,59
295,174,44,59
294,175,44,59
294,174,43,58
295,174,43,58
294,174,44,59
296,171,44,59
296,174,44,59
295,174,44,59
298,175,44,58
297,175,43,58
298,177,43,58
299,178,42,57
301,176,43,57
302,178,42,56
301,177,43,57
302,177,43,57
302,177,43,57
304,178,43,58
305,178,43,58
307,180,43,58
309,176,43,57
312,175,43,57
314,174,43,58
315,171,44,59
316,168,45,60
317,167,45,60
318,160,45,60
320,157,46,61
320,155,46,61
321,153,45,60
321,152,44,59
322,146,44,59
321,146,44,59
322,141,45,60
323,142,45,60
323,139,46,61
323,136,46,61
321,134,46,61
322,131,47,62
322,131,46,62
320,128,47,62
318,126,47,63
319,124,47,63
319,121,46,62
320,120,46,62
320,120,46,62
320,117,46,62
320,116,46,61
321,114,46,61
320,114,46,61
321,112,46,62
320,113,46,61
320,112,45,61
320,114,45,60
321,113,45,61
320,114,46,61
319,115,46,61
321,116,46,61
320,116,46,62
319,118,45,61
318,120,45,60
319,119,45,60
317,121,44,59
316,120,44,59
318,119,44,58
316,121,44,59
316,118,45,60
315,119,46,61
314,121,45,61
314,118,45,60
314,119,45,60
312,120,45,60
312,121,44,59
312,119,45,60
310,120,45,60
312,119,45,60
309,120,44,59
310,120,44,59
310,121,44,58
310,122,43,58
310,122,43,57
309,122,42,57
308,121,41,55
306,124,41,55
306,125,41,54
306,126,40,54
306,125,39,52
304,128,39,53
303,128,39,52
303,129,39,52
301,129,38,51
299,131,38,51
299,132,38,51
299,130,38,50
298,134,37,49
297,133,37,50
296,134,37,50
295,134,37,49
295,134,36,49
294,134,36,48
292,134,36,48
292,134,36,48
292,135,36,48
289,137,36,47
288,138,36,48
291,138,35,47
288,137,36,46
289,138,35,46
289,137,34,45
289,138,34,45
289,137,34,45
291,135,33,44
291,136,33,44
291,134,33,44
293,135,33,44
293,135,33,44
291,134,33,44
290,133,32,43
291,131,32,43
290,132,31,42
288,131,31,41
286,129,31,41
286,130,31,41
283,130,31,41
282,129,30,41
282,129,30,41
279,127,30,40
278,126,30,41
278,126,30,40
279,124,30,40
279,123,30,40
282,121,30,40
284,119,30,40
286,118,29,39
288,118,29,39
290,117,30,40
294,116,29,39
297,117,29,39
300,119,29,39
303,119,29,39
303,117,29,39
306,114,29,39
307,112,30,40
307,111,29,39
306,109,30,40
307,108,29,39
305,107,30,40
305,107,30,40
304,107,29,39
301,107,29,39
301,108,29,38
297,110,29,39
295,109,29,39
294,112,29,39
293,111,29,39
292,111,29,38
293,108,29,39
292,105,30,40
293,102,30,40
294,101,30,40
294,99,31,41
294,98,31,41
296,98,31,41
297,96,31,41
297,95,30,41
299,95,30,40
301,96,29,39
305,96,29,39
307,96,29,39
309,95,29,38
310,95,28,38
309,94,28,38
309,92,28,37
310,93,28,37
308,90,27,37
307,89,28,37
307,89,28,37
303,90,28,37
301,91,28,37
300,92,28,38
297,93,28,37
292,92,28,37
287,93,28,37
285,92,28,38
282,91,29,39
278,88,29,39
274,83,29,39
270,82,29,39
267,80,30,40
266,80,29,39
263,72,29,39
262,73,29,39
262,77,30,40
260,74,30,40
260,77,30,41
258,75,30,41
257,77,31,41
255,77,30,41
254,78,30,40
254,79,30,41
254,80,30,40
254,80,30,40
254,78,31,41
256,78,31,42
258,77,32,43
259,75,32,43
262,75,33,44
267,72,33,44
268,71,33,44
269,71,33,45
272,70,34,45
274,67,34,46
277,67,35,47
277,67,35,47
279,65,36,48
281,68,37,49
282,69,37,49
285,70,37,49
285,72,36,49
287,73,36,48
289,72,36,48
291,73,36,48
292,72,35,47
295,76,35,46
296,76,34,46
298,77,34,46
299,76,35,45
301,76,35,46
302,76,35,47
302,76,36,48
302,76,36,48
303,76,35,47
303,78,35,47
303,78,35,47
305,79,36,48
306,80,36,48
306,81,36,48
305,81,35,47
305,83,35,47
306,83,35,47
303,84,34,46
305,84,35,47
301,83,35,46
300,81,34,45
298,80,33,44
297,79,33,44
295,75,33,45
295,72,34,45
295,71,34,45
294,70,34,45
294,70,34,45
294,69,34,45
294,66,34,45
295,66,34,45
294,65,33,45
296,64,33,45
297,62,33,44
298,61,33,45
300,61,33,45
300,58,34,45
301,58,34,45
302,57,34,45
303,57,34,46
303,55,35,46
304,57,34,46
305,55,35,47
306,56,35,47
309,55,35,47
310,55,36,48
311,55,36,48
313,54,35,47
315,56,35,47
317,55,35,47
319,54,35,47
321,55,36,48
321,54,35,47
322,55,35,47
323,54,36,48
322,55,36,48
323,56,35,47
322,58,35,47
321,58,36,47
319,61,36,48
318,61,36,48
317,62,36,48
314,60,36,48
313,63,36,48
313,63,35,47
310,62,35,47
308,63,35,47
305,63,35,47
303,62,35,46
298,61,35,47
297,62,35,47
294,61,35,47
290,60,35,47
287,58,36,48
283,58,36,48
282,59,36,48
281,61,35,47
280,59,35,47
278,59,35,47
276,59,35,47
274,58,36,48
272,56,36,48
272,56,36,48
272,54,36,48
271,54,36,48
268,52,36,48
269,53,36,48
269,53,36,48
267,52,35,47
267,51,36,48
265,50,35,47
265,49,35,47
264,47,35,47
267,47,36,48
268,44,37,49
268,43,37,49
270,41,37,50
271,40,37,50
272,43,37,49
272,41,37,49
276,41,36,48
277,42,36,48
277,39,36,48
279,37,36,48
281,34,36,49
283,33,36,48
284,33,36,48
286,34,36,48
286,32,37,49
286,29,37,49
287,29,37,49
288,30,37,49
289,30,38,50
289,30,38,51
290,29,38,51
291,29,38,51
293,29,38,51
294,29,38,50
297,29,38,50
299,28,38,51
300,29,38,50
302,29,38,50
304,29,37,50
306,27,38,51
308,26,38,50
310,24,38,50
310,23,37,50
311,25,37,50
312,22,37,49
312,22,37,49
312,22,37,49
312,22,38,51
311,21,37,50
310,23,37,49
312,24,37,49
312,25,37,49
312,25,36,49
314,26,36,48
314,26,36,48
312,25,35,47
313,27,35,47
313,26,35,47
312,26,35,47
312,26,36,48
312,24,35,47
311,27,35,46
312,26,34,46
311,26,34,46
310,27,34,46
308,26,35,47
305,28,35,47
305,30,35,47
304,31,35,47
300,32,35,47
300,34,35,47
297,34,35,47
295,37,35,47
294,37,35,47
292,36,36,48
293,38,35,47
290,35,35,47
287,34,35,47
288,33,35,47
287,30,35,47
286,29,34,46
284,26,34,46
283,26,34,46
284,25,35,46
284,25,34,46
285,23,34,46
283,23,34,46
283,23,34,46
285,23,34,45
285,23,34,46
284,26,34,45
285,26,34,45
284,25,33,45
284,27,32,43
284,29,32,43
285,30,32,42
283,30,31,42
284,32,31,41
283,33,31,41
282,32,31,42
280,32,31,41
280,33,31,41
279,32,30,41
278,32,30,40
279,32,30,40
279,32,31,41
278,32,30,41
279,33,30,40
279,34,29,39
279,33,30,40
279,32,30,40
279,34,29,39
280,34,28,38
279,35,28,37
279,36,27,37
280,37,28,37
280,36,28,37
280,37,28,37
282,38,28,37
284,38,27,36
284,38,27,36
284,39,26,35
285,39,26,35
285,40,26,34
286,42,25,34
285,43,26,34
284,44,26,34
284,45,25,34
284,47,25,34
284,48,25,34
284,50,25,33
283,51,25,33
283,52,24,33
282,52,24,32
282,53,24,32
282,54,24,32
282,54,24,32
282,54,24,32
282,54,24,32
282,53,24,32
282,53,24,32
282,52,24,32
282,52,24,32
282,52,24,33
281,52,24,32
282,52,24,32
282,52,24,32
282,53,23,31
282,52,24,32
282,53,24,32
283,54,24,32
282,53,24,32
283,52,24,32
283,52,24,32
282,52,24,32
282,51,24,32
282,51,24,32
283,49,24,33
284,48,25,33
284,50,25,33
285,50,24,33
285,49,25,33
284,49,25,33
284,48,25,33
284,48,24,33
285,49,25,33
287,48,25,33
285,48,25,34
285,48,25,33
285,48,24,32
286,49,24,32
286,49,24,32
286,49,24,32
286,50,24,32
287,50,24,32
288,50,24,32
287,50,24,32
288,51,25,33
288,51,25,33
288,52,24,33
289,52,24,33
289,52,24,33
289,52,25,33
289,52,25,33
290,51,25,34
290,50,25,34
290,49,26,34
291,49,26,35
291,48,26,35
292,47,26,35
294,47,26,35
294,47,26,35
295,47,26,35
296,46,26,34
298,47,26,35
299,45,26,35
301,44,26,35
301,44,26,35
301,43,27,36
301,43,27,36
302,41,27,36
303,43,27,36
305,42,27,36
306,42,28,37
307,43,28,36
307,43,30,36
310,43,28,38
311,43,28,38
312,43,29,39
312,44,29,39
312,44,30,40
313,44,29,39
314,44,29,39
314,46,30,40
315,47,30,40
315,47,30,40
316,48,30,40
314,48,31,41
315,50,31,41
315,51,31,41
315,51,31,41
316,50,31,41
315,52,30,41
316,52,30,41
315,50,31,42
314,49,32,43
315,48,32,43
314,44,33,44
312,42,33,44
313,41,33,44
313,40,33,42
312,41,34,45
312,37,35,45
313,39,34,46
313,38,34,46
313,37,34,46
313,38,35,46
315,38,34,45
314,39,34,46
314,39,34,46
315,40,34,46
314,40,34,46
315,41,34,45
313,40,33,45
314,40,33,44
314,39,34,43
314,39,33,44
314,40,32,43
313,39,32,43
313,38,32,43
311,40,32,43
312,40,32,43
312,40,32,43
309,40,33,42
310,40,32,43
309,40,32,43
308,39,32,43
306,40,32,43
307,39,32,42
306,39,32,43
305,38,32,43
305,37,32,43
304,37,32,43
304,36,32,43
304,37,32,43
304,37,31,42
303,37,31,42
303,34,32,43
303,35,32,43
302,34,33,42
301,34,32,43
301,34,32,43
302,34,32,43
303,37,31,42
306,36,31,41
305,36,31,42
306,34,32,42
308,36,32,42
307,36,32,43
308,37,31,42
308,37,31,42
308,38,32,42
308,38,31,41
309,39,31,42
309,40,31,42
310,39,31,41
309,40,31,41
311,40,31,42
310,40,31,42
311,40,31,42
310,43,30,41
310,44,31,41
308,46,31,41
306,47,31,41
306,49,31,41
304,49,31,41
303,50,31,41
303,49,31,42
302,49,31,42
301,49,32,42
301,48,32,42
301,49,32,43
299,47,32,43
297,47,31,42
296,46,32,43
296,45,31,42
297,46,31,42
295,46,31,42
293,45,31,41
293,45,31,42
292,46,31,42
292,44,31,42
291,44,32,42
290,43,33,44
289,42,33,45
289,41,34,45
288,41,34,46
287,39,35,47
286,39,35,46
286,41,34,45
286,39,34,45
286,42,34,46
284,40,35,46
282,39,35,47
281,39,35,47
281,39,35,47
280,39,36,48
280,39,36,48
279,36,36,48
280,37,36,48
280,38,37,49
279,37,37,49
279,36,37,50
280,37,37,50
279,37,38,50
280,37,38,50
279,36,38,51
280,37,38,51
279,38,38,51
279,37,39,52
279,39,39,52
280,38,39,52
278,38,39,52
277,39,39,52
277,40,39,52
276,40,39,53
275,40,39,52
275,40,39,52
275,39,39,52
275,39,38,51
275,39,38,51
276,39,38,51
276,39,38,51
276,39,38,51
276,40,38,50
277,43,37,50
277,43,37,50
279,46,37,49
279,45,37,50
280,45,37,50
282,47,37,49
283,46,37,49
285,49,37,49
287,50,37,49
289,51,37,49
290,52,36,48
292,54,35,47
296,56,35,47
298,55,35,47
299,56,35,46
299,57,35,47
299,56,35,47
301,56,35,47
302,56,35,46
303,57,34,46
304,58,34,45
305,60,34,45
305,60,34,45
304,62,33,45
304,63,33,44
305,64,33,44
305,64,33,45
304,64,34,45
304,63,34,45
304,64,34,45
306,62,34,45
304,63,34,45
304,63,34,45
304,62,34,45
303,61,34,45
303,61,33,44
305,60,33,44
304,61,33,45
304,61,33,44
306,60,33,45
308,61,33,44
310,63,33,44
309,62,33,44
309,61,33,44
310,62,33,44
311,63,33,45
313,63,33,44
312,63,33,44
314,63,33,44
314,65,33,44
315,63,33,44
317,61,33,45
316,60,33,45
317,59,34,46
317,57,34,45
318,58,34,45
320,57,34,46
319,56,34,45
319,55,34,46
319,53,34,46
320,52,34,46
318,52,35,46
319,50,35,47
319,51,35,47
319,52,36,48
320,51,35,47
320,53,35,47
319,56,36,48
320,56,36,48
320,56,35,47
321,59,34,46
321,60,34,46
323,61,34,45
324,61,33,44
326,63,33,44
326,62,32,43
327,61,32,43
327,59,33,44
326,59,33,44
326,57,33,44
325,58,33,44
325,57,32,43
325,58,31,42
326,59,31,42
325,60,31,42
325,60,31,42
324,63,31,41
323,63,31,41
321,64,31,42
320,64,30,41
318,63,30,41
317,62,30,41
313,60,30,41
312,58,30,41
310,57,31,41
310,53,32,42
308,52,31,42
305,51,32,42
304,50,32,42
302,49,31,42
302,47,32,43
300,46,32,42
300,47,31,42
296,47,31,42
296,47,32,42
295,48,31,42
293,49,32,43
292,50,32,43
291,51,32,43
290,52,32,43
290,51,31,42
291,52,31,41
292,52,31,42
291,51,31,42
292,49,31,42
292,47,32,41
294,46,31,42
293,43,32,42
293,40,33,39
296,39,32,41
295,38,32,39
297,38,31,38
295,37,32,35
298,39,31,39
299,41,30,40
297,43,31,38
297,46,32,41
298,49,32,42
298,52,32,43
296,55,32,43
295,55,32,43
295,57,31,42
294,58,31,42
291,68,32,42
290,85,32,43
288,103,32,43
287,101,32,43
288,105,32,42
286,104,32,43
287,105,31,42
287,97,31,42
283,105,31,42
285,100,31,42
287,81,31,41
286,91,31,41
290,92,31,41
288,93,31,41
285,109,31,41
288,107,31,41
287,107,31,42
287,107,31,42
288,100,31,41
290,108,30,41
296,107,30,40
301,106,30,40
306,105,30,40
311,100,31,41
309,90,30,41
312,67,30,40
319,49,30,40
304,53,30,40
298,49,30,41
292,54,30,40
300,56,30,40
294,59,29,39
294,61,29,39
298,62,30,40
302,63,29,39
304,61,29,38
302,58,29,38
299,58,28,38
301,59,28,38
299,58,28,37
302,60,27,37
304,62,27,36
304,62,27,36
303,62,27,36
307,63,27,36
309,64,27,36
309,64,27,36
309,63,27,36
310,64,27,36
309,64,26,35
309,65,27,36
307,65,26,36
306,66,27,36
305,66,27,36
305,67,27,36
303,67,27,36
300,65,27,36
300,64,26,35
298,61,27,33
296,60,26,34
296,58,26,35
298,57,25,34
298,56,26,34
299,56,26,33
300,56,26,34
299,56,26,33
299,58,26,33
299,60,26,31
298,60,25,32
298,64,25,32
299,64,25,31
299,64,25,30
301,66,26,32
301,68,25,32
301,68,25,32
301,68,25,31
302,69,25,31
303,71,25,32
303,73,25,33
305,74,26,34
306,74,26,34
306,73,26,35
307,73,27,36
308,74,27,36
309,74,27,36
310,76,27,36
312,74,27,36
312,74,27,36
313,70,27,36
314,72,27,36
314,73,27,36
314,71,27,36
314,70,27,36
313,70,28,37
314,70,28,37
314,71,28,37
312,72,27,36
312,72,27,36
311,73,27,36
310,75,27,36
311,75,27,36
310,75,27,36
310,75,27,36
310,75,27,36
309,75,27,36
309,74,27,36
309,75,27,36
307,74,27,36
308,74,27,36
307,73,27,37
306,73,28,37
306,73,28,37
305,73,28,37
306,75,28,37
306,72,28,37
304,74,28,37
304,75,27,37
304,75,28,37
305,75,27,37
304,75,28,37
303,75,27,37
302,73,27,37
301,71,28,37
299,70,27,36
299,69,27,37
298,66,28,38
296,62,28,38
296,60,28,37
295,58,28,37
294,56,28,37
294,54,28,37
293,53,28,37
292,52,28,38
291,50,28,38
291,51,28,38
292,51,28,38
292,50,28,38
294,51,28,37
294,53,28,37
296,53,30,36
298,54,29,38
303,55,29,39
305,56,29,39
307,54,29,39
310,53,29,39
311,49,29,39
311,47,29,39
312,45,29,39
312,41,29,38
312,40,28,38
311,38,28,37
309,34,29,35
309,32,29,36
309,31,28,37
309,30,29,36
308,27,30,36
306,26,31,35
305,26,31,34
304,24,31,34
303,23,29,33
303,25,29,32
301,26,28,33
300,29,28,36
296,27,28,36
294,28,28,35
292,29,27,37
290,27,27,37
286,28,27,37
285,28,27,36
285,27,27,36
282,26,27,36
282,24,27,36
279,20,26,35
277,19,27,36
274,15,27,35
275,15,26,33
273,12,27,34
273,14,26,33
271,12,26,31
272,13,26,31
272,15,26,33
271,14,26,32
273,17,25,32
272,17,24,31
274,19,25,32
274,21,24,32
276,21,24,31
276,22,24,31
277,23,24,32
279,24,24,32
281,25,23,31
282,26,23,31
284,28,23,31
286,29,23,31
289,30,23,31
292,31,23,31
295,32,22,30
297,33,23,30
300,31,23,29
302,31,24,27
303,31,23,28
306,31,23,29
308,31,23,30
308,29,23,29
311,29,23,31
310,28,23,30
310,28,23,31
310,28,23,30
310,28,22,30
312,29,22,29
312,30,22,30
311,31,23,27
313,34,23,29
310,33,25,25
311,37,24,27
312,39,24,25
309,42,24,26
309,44,24,27
308,46,24,28
306,48,25,27
305,50,26,27
302,53,26,28
299,56,25,28
297,55,25,28
296,56,25,28
295,56,26,29
296,58,25,32
294,57,26,30
293,56,26,30
294,56,26,30
293,55,26,30
294,55,26,30
295,55,25,30
294,53,26,28
296,53,26,29
296,52,25,29
297,52,25,30
298,52,25,30
297,52,27,29
299,53,26,29
302,56,25,32
302,58,26,31
305,60,25,32
305,62,25,33
307,64,25,33
310,66,25,33
313,67,25,33
315,68,26,34
315,69,26,35
316,69,26,34
318,71,25,34
321,72,25,33
325,72,25,33
326,72,25,33
327,70,25,33
327,71,25,33
328,69,25,33
328,67,25,34
329,65,25,34
330,66,25,34
329,64,25,34
330,65,25,34
332,67,25,34
332,67,25,34
333,67,26,34
332,67,25,34
332,67,25,33
333,68,25,33
332,68,25,33
333,69,25,33
332,67,24,33
332,69,24,32
333,69,24,33
332,68,25,33
332,69,24,33
332,68,24,32
333,69,24,32
333,69,24,32
334,70,24,32
335,70,24,32
336,73,23,31
337,72,23,31
337,73,23,31
337,73,23,31
335,74,23,30
336,75,23,30
336,76,23,30
336,75,23,31
335,77,23,30
334,76,23,31
332,78,23,31
331,77,23,31
329,78,24,32
326,78,24,32
324,79,24,32
323,78,24,32
320,79,24,32
317,80,24,32
316,81,24,32
314,82,24,32
312,83,24,32
309,83,25,31
308,86,24,32
306,88,24,32
305,89,23,31
304,91,23,31
303,92,23,31
302,91,23,30
302,91,23,31
302,92,23,31
302,92,23,30
303,92,23,30
302,90,23,30
303,90,22,30
304,89,23,30
305,89,22,30
306,90,22,30
306,89,22,30
306,89,22,30
307,89,22,30
308,90,22,30
309,92,22,30
310,92,23,31
311,92,23,31
313,93,23,31
313,92,23,31
315,93,23,31
320,94,23,31
323,95,24,32
325,96,24,32
328,95,24,32
328,97,24,32
329,97,24,32
330,97,24,32
329,98,24,32
330,97,24,32
329,97,24,32
328,97,24,32
328,97,24,32
326,98,23,31
326,99,23,31
325,100,23,31
323,99,24,32
323,100,24,32
322,100,24,32
323,99,24,32
322,100,23,31
322,98,23,31
322,99,23,31
321,99,23,30
322,99,23,30
321,100,23,30
321,101,23,30
321,102,23,30
321,104,22,30
321,105,23,30
321,105,23,30
321,104,23,31
320,104,23,31
320,103,23,31
319,103,23,31
319,102,23,31
318,101,23,30
317,101,22,29
316,101,22,30
315,102,22,30
313,103,22,29
311,105,22,30
310,106,22,29
308,108,21,29
306,109,21,29
305,110,21,29
303,111,21,28
302,111,21,28
302,112,21,28
300,112,21,28
299,111,21,28
297,112,21,28
298,113,21,28
297,113,21,28
297,113,20,27
296,113,20,27
295,113,20,27
294,113,20,27
292,113,20,27
292,112,20,27
291,110,20,27
290,108,20,27
289,108,20,27
290,106,20,27
289,105,20,27
289,106,20,27
288,107,20,27
286,107,20,27
285,108,20,26
284,109,20,27
283,109,20,27
282,109,21,28
281,108,21,28
281,109,21,28
281,108,21,28
281,108,21,28
281,107,21,28
281,108,22,29
282,107,22,29
282,106,22,29
282,108,22,29
283,109,22,29
284,109,21,29
284,109,21,29
283,109,21,29
283,107,22,29
284,107,22,29
286,107,21,29
287,107,21,28
288,108,21,29
289,109,21,28
289,110,21,28
291,112,21,28
293,113,21,28
294,115,21,28
296,116,21,28
298,117,21,28
301,118,21,28
303,120,20,27
304,120,20,27
306,120,19,26
307,122,19,25
319,124,19,25
323,124,19,26
323,124,19,26
323,123,19,25
323,123,19,26
324,123,19,26
324,122,19,26
324,122,19,26
324,123,19,26
324,122,19,26
325,122,19,26
327,123,19,26
325,122,19,26
326,123,19,26
326,122,19,26
326,122,19,26
327,123,19,26
328,124,20,26
329,124,20,26
329,125,20,26
330,126,20,26
329,126,20,27
328,126,20,27
327,127,20,26
327,129,19,26
327,129,19,26
326,130,19,26
324,130,19,26
323,131,19,26
320,130,19,26
318,130,19,26
314,130,19,26
312,129,19,26
308,129,19,26
305,131,19,26
302,131,19,26
298,132,19,26
294,132,19,26
291,132,20,26
288,132,20,26
286,132,20,26
283,130,19,26
281,130,20,26
279,130,20,26
277,130,19,26
276,129,19,26
273,129,19,26
271,130,19,26
271,131,19,26
270,131,19,25
268,131,19,25
268,131,19,25
266,132,18,25
266,132,18,24
265,132,18,24
264,132,18,25
262,131,18,24
261,131,18,24
260,130,18,24
259,130,18,25
258,130,18,24
257,131,18,24
257,131,18,24
256,130,18,24
255,130,18,24
254,130,18,24
253,131,18,24
253,131,18,25
252,130,18,25
252,130,18,24
252,131,18,25
253,130,18,24
254,130,18,24
257,131,18,24
259,130,18,25
261,129,19,25
264,128,19,25
267,127,19,25
270,127,19,25
273,127,19,26
276,127,19,26
281,127,19,26
284,126,19,26
287,127,19,26
289,126,19,26
293,126,19,25
296,126,19,25
296,125,19,26
298,125,19,26
299,125,19,25
300,125,19,25
300,124,19,25
300,124,18,25
301,125,19,25
302,124,18,25
302,124,18,25
303,125,18,25
304,125,18,25
305,126,18,25
304,126,18,24
304,125,18,25
304,125,18,25
304,126,18,25
304,126,18,24
304,126,18,25
303,125,19,25
302,124,18,25
303,125,18,24
302,123,18,25
302,125,18,24
302,124,18,25
302,125,18,24
302,125,18,24
302,124,18,24
302,124,18,25
301,124,18,25
300,123,18,25
301,124,18,25
300,124,19,25
299,122,18,25
299,123,18,25
298,123,18,25
297,124,18,25
295,123,18,25
296,125,18,24
295,123,18,24
294,124,18,25
293,124,18,24
292,124,18,24
292,123,18,24
291,123,18,24
289,122,18,24
289,123,18,25
288,123,18,24
287,122,18,24
286,123,18,24
286,121,18,24
285,122,18,24
285,123,18,24
284,122,18,24
283,122,18,24
282,121,18,24
283,123,18,24
281,121,18,23
281,122,18,24
280,122,18,24
279,122,18,23
277,121,18,23
277,122,18,24
276,122,18,24
274,121,18,24
273,120,18,25
271,121,18,25
270,121,18,25
269,121,18,24
268,122,18,24
267,122,18,24
265,122,18,24
264,122,18,23
263,121,18,23
264,122,18,23
264,122,18,24
263,122,18,23
264,122,18,24
262,121,18,24
264,122,18,25
264,122,19,25
264,122,19,25
264,124,19,25
264,125,19,25
264,125,19,25
264,126,19,25
265,126,19,25
265,127,19,25
264,127,19,25
265,127,19,25
266,127,19,25
267,127,19,26
267,127,19,25
268,127,19,25
268,127,18,25
268,128,18,25
268,128,18,24
268,128,18,24
268,128,18,24
268,128,18,25
268,127,18,25
267,127,18,25
267,128,19,25
265,127,19,25
265,126,19,25
265,127,19,25
264,127,19,25
264,127,18,24
263,126,18,24
262,125,18,24
263,125,18,24
263,124,18,24
262,125,18,25
262,124,18,24
264,124,18,24
266,124,17,23
270,125,17,23
273,124,17,23
276,124,17,23
279,124,17,23
281,124,17,23
287,124,17,23
291,124,17,23
295,124,17,23
298,124,17,23
302,124,17,23
307,124,17,23
310,125,17,23
313,125,17,23
316,125,17,23
320,125,16,22
324,124,17,22
325,124,16,22
326,123,16,22
328,123,16,22
329,123,16,22
330,123,16,22
331,123,16,22
332,123,16,21
333,123,16,21
334,124,15,21
335,124,15,21
335,123,15,20
335,124,15,20
335,124,15,20
334,124,15,20
330,125,15,20
329,125,15,20
326,125,15,20
325,125,15,20
324,124,15,20
321,123,15,20
315,122,15,20
314,121,15,20
310,121,15,20
307,121,15,20
304,120,14,19
302,120,14,19
298,119,15,20
296,119,14,19
291,119,14,19
287,119,14,19
282,120,14,19
279,120,15,20
276,120,14,19
274,121,14,19
269,122,15,20
269,122,14,19
265,123,14,19
262,123,14,19
260,124,14,19
259,126,14,18
258,126,13,18
258,126,13,18
259,126,13,17
258,126,13,17
260,126,13,17
260,125,13,18
261,124,13,18
262,123,13,18
264,123,13,17
269,123,13,17
269,122,13,18
272,122,13,18
276,122,13,18
277,121,14,18
282,121,14,18
283,122,13,18
286,123,13,18
287,124,13,18
294,128,14,18
297,132,14,19
298,139,15,20
299,143,15,20
299,150,15,20
298,156,15,20
297,164,15,20
294,172,15,20
292,177,15,19
289,183,16,18
288,188,16,18
287,193,15,20
286,198,15,20
287,202,15,21
285,208,15,21
284,209,16,21
281,212,16,21
278,214,16,21
275,215,16,21
273,215,16,21
273,214,16,21
272,213,16,21
271,212,16,21
270,211,16,21
270,212,16,21
267,211,16,22
267,212,16,22
265,213,16,20
266,215,16,21
266,215,16,21
265,212,15,21
264,208,15,21
265,207,15,21
265,206,15,20
265,205,15,20
267,205,15,20
267,204,15,20
271,206,15,20
271,205,15,20
273,206,15,20
274,205,15,20
275,206,15,20
276,205,15,20
276,194,15,20
277,203,16,18
279,202,15,20
281,202,15,21
281,202,15,21
281,201,15,20
281,200,15,20
282,200,15,20
281,200,15,20
280,199,15,20
280,198,15,20
280,197,15,20
280,198,15,20
280,198,15,20
280,198,15,20
279,199,15,20
280,198,15,20
278,198,15,20
278,197,15,20
278,198,14,19
278,198,14,19
277,199,14,19
277,199,14,19
277,199,14,19
276,200,14,19
276,199,15,20
276,200,15,20
276,200,14,19
275,200,15,20
275,200,15,20
275,200,15,20
275,200,15,20
274,200,15,20
274,200,15,20
274,200,15,20
274,199,15,20
273,199,15,20
273,200,15,20
273,199,15,20
274,199,15,20
273,199,15,21
272,199,16,21
272,198,16,21
273,199,16,21
272,199,16,21
272,199,16,21
273,199,16,22
271,199,16,21
271,198,16,22
271,198,16,22
271,198,16,22
270,198,16,22
270,198,16,22
270,199,16,22
270,198,16,22
270,198,17,22
270,198,17,22
270,198,16,22
270,198,16,22
270,198,16,22
269,197,17,23
269,197,17,23
269,197,17,23
269,197,17,23
270,197,17,22
269,197,17,23
269,197,17,23
269,197,17,23
269,197,17,23
269,197,17,23
269,197,17,23
268,196,17,23
268,196,18,24
268,196,17,23
268,196,18,24
269,197,18,24
268,196,18,24
268,196,18,24
268,196,18,25
268,196,18,25
268,196,18,25
268,196,19,25
267,196,19,25
267,195,19,25
268,196,19,25
267,195,19,25
268,196,19,25
268,196,18,25
268,197,18,24
268,197,18,24
268,197,18,24
268,197,18,24
268,197,18,24
269,197,17,23
269,197,18,24
269,197,18,24
268,197,17,23
270,198,18,24
269,197,18,24
270,197,17,23
270,198,17,23
269,198,17,23
269,198,17,23
269,198,17,23
269,198,17,23
270,197,17,23
268,197,17,23
269,198,17,23
268,197,17,23
269,198,17,23
268,197,17,23
268,197,17,23
269,197,17,23
269,198,17,23
268,197,17,23
269,198,17,23
269,198,17,23
269,199,17,23
269,198,17,22
270,199,17,22
269,199,17,23
270,199,17,22
270,199,17,22
271,199,16,22
271,199,16,22
271,199,17,22
271,199,17,22
270,199,17,22
271,200,17,23
270,199,17,23
270,199,17,23
269,199,18,24
269,199,18,24
269,198,18,24
269,198,18,24
272,200,18,24
282,193,18,24
283,193,18,24
290,192,18,24
293,193,17,23
276,199,18,24
268,200,18,24
265,199,18,24
266,199,18,24
266,199,18,25
265,198,19,25
265,199,19,25
265,198,19,25
265,198,19,25
264,198,19,25
265,198,19,26
265,198,19,26
264,197,20,26
264,197,20,27
263,197,20,27
264,196,21,28
264,196,21,28
264,196,21,28
264,196,20,27
264,197,21,28
264,196,21,28
263,196,21,28
265,197,21,28
265,197,21,28
264,196,21,28
264,196,21,29
264,195,22,29
264,196,22,29
263,195,22,29
265,195,22,29
265,195,22,29
264,195,21,29
264,196,21,29
263,194,21,28
263,193,21,28
264,188,21,28
264,187,21,29
262,186,22,29
263,185,22,29
263,185,22,29
263,186,21,29
263,186,21,28
263,185,21,28
264,186,21,28
264,187,21,28
264,185,21,29
264,185,21,29
264,186,21,29
264,185,21,29
263,186,21,28
264,185,21,28
264,186,21,28
263,186,21,28
263,186,20,27
263,186,20,27
263,186,20,27
262,186,20,27
263,186,20,27
262,187,19,26
263,187,19,26
262,188,20,27
263,186,20,27
262,187,20,27
261,187,20,27
261,188,20,27
261,188,20,27
261,186,20,27
260,188,21,28
259,187,21,28
260,186,21,28
260,186,21,28
260,187,20,27
260,186,21,28
260,186,21,28
259,186,21,28
259,187,21,29
259,187,21,29
259,186,21,28
259,186,21,29
259,186,21,29
260,186,21,29
259,186,21,29
259,186,22,29
259,185,22,29
260,185,22,29
259,185,21,28
259,185,21,29
258,184,22,29
258,183,22,29
258,183,22,29
259,183,22,29
259,183,22,29
258,182,22,29
259,182,22,29
270,178,21,29
278,182,21,28
281,204,21,28
280,204,20,27
281,203,20,27
284,200,20,27
285,198,21,28
283,199,21,28
284,198,21,28
284,198,21,28
284,198,20,27
285,197,20,27
286,197,20,27
286,197,20,27
286,197,20,27
286,197,20,27
287,197,20,27
286,199,20,26
283,189,20,26
277,176,20,27
276,176,20,27
276,174,20,27
283,170,20,27
276,185,20,27
254,183,20,27
241,176,20,27
229,170,20,27
225,165,17,24
224,169,19,26
221,167,18,25
219,167,18,24
219,167,19,24
217,168,19,24
216,168,19,24
216,168,19,24
217,171,20,26
215,168,18,25
218,169,18,24
215,168,18,25
216,169,18,24
217,168,18,24
217,168,18,24
218,166,18,24
219,166,18,23
219,163,18,24
221,162,17,24
225,161,18,25
232,163,18,24
235,164,19,25
238,164,19,25
239,164,19,26
243,165,19,25
244,165,18,25
245,165,18,25
246,164,18,25
247,164,18,25
248,163,18,24
249,163,18,24
250,163,18,24
250,163,18,24
251,163,18,24
252,163,18,24
253,164,18,24
254,164,17,23
255,164,17,23
256,164,17,23
257,164,17,23
257,165,17,23
258,164,18,24
259,162,18,24
261,162,18,24
261,162,18,24
262,160,18,24
270,165,18,24
258,158,18,24
257,159,18,24
258,166,18,25
257,167,19,25
259,168,18,25
257,167,18,24
256,168,18,24
256,166,18,24
255,164,18,24
257,167,18,24
256,167,18,24
256,167,18,24
254,164,18,24
256,164,19,25
255,167,18,24
254,166,18,25
255,166,18,25
254,166,18,25
254,164,18,25
252,162,19,25
253,164,19,25
252,161,19,25
254,163,19,26
252,160,19,26
254,162,19,25
252,160,19,26
254,158,19,26
252,159,19,26
254,160,19,26
253,160,19,26
253,159,19,26
251,159,19,26
253,161,19,26
254,160,19,26
253,159,19,26
253,159,19,26
253,161,19,26
252,160,19,26
253,160,19,25
253,159,19,25
252,162,19,25
256,161,19,25
253,161,19,25
252,160,19,25
254,162,19,25
252,160,19,25
253,162,18,25
252,160,18,24
254,161,18,24
254,162,18,25
252,160,18,25
255,161,18,25
255,160,18,24
253,159,18,24
253,160,18,24
254,161,18,24
255,161,18,24
260,162,18,24
256,160,18,24
254,161,18,24
254,162,18,24
254,162,18,24
254,161,18,24
261,163,18,24
260,161,18,24
261,172,18,24
255,163,18,24
254,160,18,24
255,159,18,24
257,164,18,24
254,159,18,24
254,160,18,24
267,168,17,23
255,161,17,23
261,165,17,23
257,162,17,23
256,163,18,24
255,161,18,24
254,161,18,24
257,167,18,24
257,162,18,24
255,163,17,23
255,162,17,23
260,165,17,23
260,166,17,23
254,161,17,23
255,164,17,23
264,166,17,23
263,170,17,23
267,176,17,22
269,171,16,22
270,173,16,21
267,168,16,22
283,176,16,22
282,177,16,22
282,174,16,22
278,175,16,22
277,175,16,21
272,177,16,21
262,166,16,21
258,162,16,21
258,163,16,21
257,163,16,21
254,163,16,21
254,163,16,21
254,165,15,21
253,163,15,21
253,166,15,20
254,166,15,20
254,166,15,20
253,166,15,20
253,166,15,20
253,166,15,20
253,167,15,20
253,167,15,20
253,167,14,19
253,167,14,19
253,167,14,19
253,166,14,19
253,167,14,19
253,167,14,19
253,167,14,18
254,167,13,18
254,168,13,18
255,168,13,18
255,168,13,17
255,168,13,17
256,168,13,17
256,168,13,17
256,167,13,17
256,168,13,17
256,168,12,17
256,169,12,17
257,168,12,17
257,168,12,17
257,169,12,16
258,169,12,16
258,169,12,16
258,168,12,16
258,169,12,16
258,169,12,16
258,169,12,16
258,169,12,16
258,168,12,16
258,168,12,16
258,169,12,16
258,169,12,16
259,169,12,16
258,169,12,16
258,169,12,16
258,170,12,16
258,169,12,16
257,169,12,16
257,169,12,16
257,169,12,16
257,169,12,16
257,169,12,16
257,169,12,16
256,169,12,16
257,168,12,17
256,169,12,17
256,168,13,17
256,169,12,17
256,169,12,16
256,168,12,17
256,169,12,17
256,168,12,17
256,169,12,16
256,168,12,16
256,168,12,17
256,169,12,17
256,169,12,17
256,168,13,17
256,168,13,17
256,168,12,17
255,169,12,17
255,169,12,16
255,169,12,16
256,169,12,16
255,169,12,16
255,168,12,16
256,168,12,16
255,169,12,16
255,168,12,16
254,168,12,16
254,168,12,16
255,168,12,16
254,168,12,16
254,168,12,16
254,168,11,15
254,169,11,15
254,170,12,16
253,168,12,16
253,165,11,15
253,163,11,15
251,168,11,15
252,171,11,15
252,170,11,15
253,169,11,15
252,169,11,15
253,169,11,15
252,168,11,15
253,169,11,15
253,169,11,15
253,169,11,15
253,170,11,15
253,170,11,15
253,169,11,15
252,169,11,15
252,168,11,15
252,169,11,15
252,169,12,16
252,169,11,15
251,169,12,16
251,168,12,16
251,168,12,16
250,167,12,16
250,167,12,16
250,166,12,17
249,164,12,17
248,164,12,17
248,163,12,16
248,162,12,17
248,162,12,16
249,163,12,16
251,163,12,16
251,162,12,16
250,165,12,16
247,174,12,16
251,176,12,16
254,172,12,16
255,166,12,16
257,152,12,16
254,146,12,16
253,146,12,16
253,146,12,16
254,146,12,16
252,145,12,16
252,145,12,16
252,146,12,16
252,147,12,16
253,146,12,16
252,147,12,16
252,146,12,16
252,146,12,16
251,144,12,16
247,137,12,16
229,143,12,16
226,152,12,16
220,164,12,16
217,169,12,16
216,169,12,16
219,176,12,16
231,177,12,16
232,174,12,16
250,161,12,16
265,166,12,16
277,177,12,16
272,182,12,16
274,192,12,16
276,194,12,16
277,195,12,16
277,195,12,16
279,196,12,16
286,196,11,15
282,195,12,16
286,195,11,15
280,193,11,15
271,189,11,15
276,191,11,15
272,183,11,15
274,179,11,15
275,181,11,15
278,175,11,15
279,175,11,15
271,166,11,15
265,162,12,16
258,168,11,15
261,169,12,16
264,162,12,16
260,159,12,16
263,154,12,16
268,148,12,16
274,142,12,16
284,132,12,16
290,127,12,16
291,126,12,16
291,123,12,16
293,122,12,16
299,122,11,15
299,122,11,15
299,121,11,15
299,120,11,15
299,121,11,15
299,121,11,15
300,120,11,15
299,120,11,15
298,121,11,15
295,125,11,15
291,123,11,15
288,126,11,15
281,129,11,15
281,129,11,15
282,129,11,15
283,124,11,15
284,121,11,15
287,114,11,15
285,108,11,15
284,105,12,15
281,106,12,16
271,104,11,15
271,104,12,16
271,102,12,16
270,100,12,16
269,99,12,16
270,97,12,16
270,97,11,15
269,97,12,16
269,98,12,16
268,100,12,16
267,103,12,16
265,103,12,16
264,107,12,16
263,109,11,15
264,113,12,16
263,116,12,16
262,118,11,15
263,122,11,15
266,125,11,15
273,124,11,15
279,129,12,16
285,129,12,16
288,132,12,16
290,133,12,16
290,135,12,16
293,139,12,16
294,140,12,16
294,141,12,16
294,144,12,16
296,146,12,16
296,148,12,16
294,146,12,16
291,145,12,16
300,153,12,16
300,153,12,16
301,153,12,16
301,151,12,16
300,150,12,16
302,150,12,16
303,150,12,16
304,149,11,15
305,149,11,15
306,150,11,15
306,149,11,15
309,150,11,15
311,151,11,15
313,150,11,15
316,150,11,15
318,150,11,14
319,150,10,14
322,149,10,14
323,148,10,14
323,145,10,14
322,142,10,14
321,140,10,14
320,135,10,14
316,132,10,14
313,130,10,14
311,128,10,13
306,125,10,13
304,120,10,13
301,117,10,13
298,114,10,13
292,115,10,13
291,115,10,13
289,116,10,13
287,114,10,13
287,114,10,14
288,114,11,14
287,114,11,14
289,115,10,14
289,115,11,14
290,114,11,15
289,112,11,14
287,109,10,14
286,107,11,14
285,106,11,14
283,105,11,14
281,105,11,14
280,104,11,13
279,104,11,13
278,104,11,13
277,104,11,13
275,104,11,13
275,105,11,13
274,104,11,13
273,105,11,13
272,106,10,13
272,105,10,13
272,106,10,13
271,105,10,13
270,104,10,13
270,103,10,14
269,100,10,14
270,99,10,14
268,96,10,14
267,93,10,14
267,91,10,14
267,88,10,14
267,86,10,14
267,84,10,14
267,83,10,14
266,82,10,14
266,81,10,14
266,80,10,14
266,80,10,14
265,79,10,14
265,79,11,14
266,81,10,14
268,83,11,14
266,80,10,14
267,83,11,14
268,85,11,14
267,85,11,14
266,84,10,14
270,90,10,14
271,93,10,14
270,94,10,13
270,93,10,13
269,93,10,13
269,94,10,13
267,90,10,13
265,87,10,13
263,84,10,13
263,85,10,13
260,84,10,14
258,85,10,14
256,85,10,14
254,86,10,14
254,88,10,14
253,90,10,14
253,91,9,13
252,92,9,13
252,93,9,13
251,94,9,13
251,96,9,13
251,98,9,13
251,100,9,12
251,102,9,13
251,104,9,12
251,106,9,12
251,108,9,12
253,111,10,13
254,114,9,11
256,117,10,14
256,122,9,11
259,125,9,11
260,128,9,12
265,130,10,14
269,132,10,13
270,135,10,13
278,134,10,13
282,134,10,13
