350,232,184,155
349,230,181,153
353,229,181,153
359,237,179,151
352,229,182,153
354,230,182,153
355,229,183,154
349,225,182,154
353,227,183,152
353,225,181,152
353,227,181,150
357,226,180,151
357,222,185,154
352,227,187,150
354,228,184,151
354,232,184,147
354,231,180,150
357,231,180,150
352,229,178,151
353,234,179,148
354,235,174,146
353,235,173,145
353,237,172,142
352,235,171,145
354,235,170,143
352,230,173,148
357,231,170,145
359,228,172,149
354,224,175,153
358,218,175,153
361,219,176,151
360,216,179,155
359,217,180,154
355,218,176,153
351,224,172,151
352,226,170,145
352,230,164,143
353,227,164,145
353,227,164,144
356,218,176,146
365,220,177,149
364,224,178,150
363,221,179,151
356,223,179,149
356,227,178,148
352,227,174,145
352,229,171,144
351,231,176,141
352,230,169,140
352,232,170,141
353,231,171,140
354,233,167,139
354,234,167,137
355,233,168,137
355,233,172,139
363,229,167,141
371,223,166,142
362,228,172,147
370,224,171,147
370,221,177,149
360,226,167,151
355,228,167,148
355,237,164,140
356,235,160,142
357,236,161,138
357,239,161,139
357,238,160,139
356,239,161,138
358,240,159,139
357,238,161,140
357,236,160,143
358,239,160,140
357,239,162,141
357,237,162,142
359,236,162,143
362,233,153,148
362,233,155,144
356,240,163,140
358,240,163,140
365,243,148,141
364,242,148,142
359,243,156,142
360,243,158,142
360,243,156,143
359,247,159,136
361,242,155,145
359,245,157,141
361,246,155,138
360,245,156,141
363,246,155,139
362,252,150,132
358,248,156,138
360,247,157,137
361,254,155,129
361,249,154,136
358,252,159,134
360,251,155,133
359,251,156,130
360,243,158,139
361,239,156,139
362,239,155,139
361,239,157,136
358,238,157,139
359,235,158,141
357,236,158,140
355,237,157,141
354,238,155,138
353,236,155,139
353,235,156,139
352,236,155,138
357,232,160,137
355,232,157,138
353,236,154,137
353,234,157,136
357,229,160,140
360,225,165,139
356,229,166,141
355,232,159,141
365,235,167,141
356,235,164,138
352,232,174,139
357,232,160,142
358,233,177,138
358,233,172,137
360,230,172,139
359,234,168,137
356,236,169,136
357,230,171,139
359,230,168,140
360,237,161,135
360,233,164,139
360,231,162,143
362,231,158,144
361,237,156,142
362,229,157,146
366,229,157,144
362,230,159,143
363,231,158,142
361,232,159,145
360,236,162,141
362,235,161,145
363,244,145,136
366,247,147,134
361,250,150,132
361,239,157,139
357,230,164,150
355,231,163,149
355,229,164,155
354,233,166,150
355,232,163,150
356,230,162,153
354,230,165,155
356,233,160,150
354,228,158,157
354,230,163,154
353,232,160,152
354,232,165,151
355,231,163,154
354,233,163,151
356,230,159,155
357,235,161,150
356,232,159,153
355,230,163,154
354,232,162,153
355,235,162,151
354,229,165,155
354,229,169,153
354,232,167,151
354,228,175,152
354,233,167,150
353,242,164,142
351,240,181,139
352,234,167,148
353,234,169,148
352,233,174,148
351,232,174,151
352,235,174,150
353,236,173,147
353,236,172,148
354,236,167,146
354,234,175,148
354,232,174,149
354,234,171,146
354,236,174,143
356,236,174,143
356,235,169,143
357,238,165,141
359,238,162,139
357,236,168,143
355,240,169,142
355,239,173,141
356,238,170,142
355,238,174,141
356,239,171,138
356,239,173,140
357,238,174,142
355,237,174,141
355,238,178,142
355,238,175,141
354,239,176,143
355,241,169,141
353,239,171,143
355,239,174,142
354,240,171,140
355,246,175,133
348,240,176,141
352,240,173,141
353,236,171,145
355,236,171,143
357,241,166,138
353,242,170,136
352,242,173,137
353,237,175,143
352,236,175,145
352,236,178,141
351,235,175,144
350,237,174,142
352,236,172,140
351,239,172,138
353,239,169,139
354,238,169,141
352,238,173,138
354,239,171,138
353,239,171,139
353,240,171,137
350,238,176,139
351,239,175,140
352,239,171,137
354,240,169,139
352,241,172,138
351,240,173,138
352,242,175,136
351,242,175,135
348,241,177,137
352,239,173,138
350,236,177,146
353,238,172,143
355,240,169,138
358,239,170,139
351,239,175,139
352,234,176,146
351,235,179,146
355,235,174,143
349,235,178,145
351,236,175,143
349,231,181,147
351,235,176,143
351,235,175,143
353,236,175,143
353,237,177,142
352,236,175,142
353,235,177,144
353,234,177,143
352,237,178,142
354,239,174,140
353,237,176,142
354,237,175,141
354,236,177,143
353,232,181,146
356,234,174,141
356,233,176,144
358,234,175,141
357,231,177,142
374,236,164,130
358,232,174,142
355,229,181,141
356,229,179,142
356,227,182,143
359,232,176,142
357,236,177,140
359,233,179,144
359,235,180,143
362,237,173,142
363,236,168,142
362,236,174,142
362,233,172,142
361,234,175,143
358,232,182,146
358,232,179,144
359,232,177,144
360,232,173,144
358,232,174,143
358,234,176,139
358,235,181,140
358,237,177,137
359,235,176,139
359,235,172,139
362,234,165,139
360,232,174,141
356,233,183,140
358,230,177,143
359,231,174,141
358,234,172,140
353,236,180,139
354,236,180,138
356,235,182,142
356,237,178,142
356,239,174,140
356,237,172,143
355,236,175,143
356,236,173,143
355,236,174,142
354,235,177,144
355,232,176,148
361,232,168,144
355,234,177,144
354,236,178,142
349,234,187,141
354,234,173,144
357,238,170,140
358,237,167,142
358,239,174,139
354,241,177,136
353,235,179,145
352,235,180,144
353,234,177,145
353,234,175,145
352,234,177,143
352,234,180,144
352,233,180,144
352,234,176,143
351,233,180,144
353,233,177,145
351,233,181,143
351,234,179,142
350,236,185,140
352,233,177,143
351,236,178,140
352,234,177,143
350,233,178,144
351,233,178,145
352,235,179,141
350,233,178,144
349,233,180,143
349,233,178,143
348,238,175,137
347,237,177,139
347,237,175,141
348,236,174,140
348,236,174,140
348,235,173,142
348,235,175,142
347,236,173,140
346,234,172,140
346,235,174,142
345,235,175,140
343,232,179,146
346,233,178,143
346,232,173,144
345,233,174,143
347,233,173,144
347,231,173,149
339,230,184,146
341,232,184,144
345,231,180,146
347,229,177,149
347,227,175,149
349,222,178,153
348,226,177,151
348,225,177,150
347,223,179,153
342,225,187,153
341,228,186,148
338,228,191,149
343,229,184,148
346,226,184,151
339,226,191,150
341,226,193,150
343,227,192,150
342,223,195,152
344,226,192,151
346,225,191,150
347,228,204,148
345,229,200,148
345,227,202,153
344,227,207,152
344,224,213,152
344,226,204,149
347,224,206,148
346,225,209,149
347,225,210,145
348,227,199,142
346,227,208,143
348,223,208,146
342,223,217,149
342,223,211,152
340,222,210,154
339,222,216,157
339,226,210,157
341,226,217,157
336,220,219,166
327,225,224,163
332,216,212,168
318,226,223,165
312,220,218,171
327,215,216,173
327,226,218,166
308,232,226,156
309,229,229,157
299,229,243,152
304,226,237,156
317,218,223,172
314,219,231,159
306,228,229,153
315,222,225,154
319,228,220,151
325,225,218,152
326,227,214,151
330,220,213,162
330,220,211,162
335,216,210,166
332,228,192,159
331,232,189,158
328,227,197,164
332,227,199,164
332,233,193,159
332,233,196,157
335,235,198,160
337,233,205,158
338,235,192,153
342,229,197,153
344,228,201,156
348,229,199,155
352,228,199,155
357,228,196,153
357,228,194,158
365,222,197,166
368,226,196,159
372,220,196,167
371,220,195,164
368,222,197,161
371,219,194,163
368,220,195,160
364,222,197,158
362,225,195,154
367,222,193,154
364,219,193,156
364,217,192,158
366,212,195,159
364,217,188,160
365,219,186,158
366,220,183,159
369,221,171,156
369,235,161,143
366,220,180,156
362,223,179,155
358,221,188,158
361,215,187,161
359,218,187,156
363,216,185,161
359,224,191,154
361,230,184,148
366,232,174,151
363,227,181,157
367,231,174,152
367,232,174,151
369,232,170,152
370,235,171,154
371,234,175,157
373,229,177,153
370,231,175,152
372,236,175,152
370,234,177,154
365,226,180,152
357,231,179,153
341,242,188,132
342,249,181,152
348,243,180,152
352,230,184,136
345,242,186,132
350,236,189,138
364,234,181,143
369,232,179,151
367,231,178,150
365,237,177,146
357,223,179,150
364,229,176,148
363,230,178,150
367,230,176,149
366,226,174,147
358,227,172,144
361,221,170,143
371,225,171,144
366,228,169,142
373,228,171,144
379,228,170,142
383,234,166,140
389,229,168,141
385,226,167,140
387,228,165,139
391,228,165,139
386,228,164,138
388,229,165,139
390,229,164,138
391,229,165,139
386,228,164,138
386,230,165,139
386,222,168,142
388,227,167,142
389,226,170,143
391,226,170,143
393,232,170,143
390,221,173,145
394,224,170,143
389,222,169,143
396,229,176,141
401,230,167,143
382,225,177,149
403,216,176,148
403,216,170,151
400,220,175,147
406,219,168,147
400,213,166,154
394,215,168,152
387,210,175,148
386,211,173,152
384,210,174,152
388,210,167,149
391,212,160,146
389,217,157,145
389,215,162,145
389,216,161,147
389,213,158,149
386,220,159,142
387,216,156,147
385,220,156,145
382,221,154,142
385,222,150,141
379,226,154,139
380,228,154,140
381,227,152,141
386,233,149,138
386,228,153,138
383,226,152,139
380,232,153,137
381,228,151,140
381,233,148,136
378,234,145,138
375,237,147,135
374,241,144,132
373,242,145,130
370,242,147,131
371,235,143,132
369,231,146,135
372,230,141,134
370,229,143,133
373,231,144,132
375,226,140,137
370,225,144,137
368,226,147,137
369,225,148,139
372,227,147,135
372,227,147,135
369,228,150,133
371,226,143,135
367,226,150,136
368,223,148,139
367,227,145,135
372,221,142,141
374,221,145,139
378,223,139,139
380,224,140,136
383,226,142,135
385,224,141,134
388,225,138,133
386,228,136,131
386,223,138,136
386,223,142,135
386,221,142,136
384,224,141,133
385,224,140,135
384,225,142,134
381,226,144,135
382,225,145,132
380,226,143,135
378,228,148,138
379,224,147,142
379,226,142,138
375,228,143,135
376,227,140,136
375,228,140,132
375,227,136,133
375,227,135,134
371,225,143,138
373,227,135,132
373,230,132,129
371,230,136,128
371,231,134,128
372,232,129,124
369,235,128,120
367,234,128,124
364,235,129,121
363,239,126,116
362,239,125,118
360,240,122,117
357,240,123,119
352,239,123,122
353,240,122,123
354,245,125,120
356,247,121,117
358,248,118,115
360,246,117,117
361,244,119,120
361,246,117,118
364,249,112,114
362,248,116,113
362,248,115,112
360,243,119,117
357,239,122,121
357,240,124,117
359,237,127,123
359,239,126,120
362,238,121,121
362,241,124,119
365,238,122,119
366,240,124,118
369,238,125,118
367,240,128,117
369,238,129,121
372,236,125,119
373,235,124,120
375,234,126,121
373,235,128,122
373,234,131,124
374,234,127,124
372,235,127,122
372,233,128,125
369,236,131,124
369,234,130,122
364,235,136,126
365,234,134,126
363,233,134,128
360,235,134,127
356,238,130,121
356,237,132,123
354,238,128,120
348,240,127,120
349,239,126,121
344,240,128,120
341,238,127,119
337,241,130,117
335,241,129,117
333,242,131,116
332,241,130,117
330,242,129,114
331,242,127,115
331,242,126,114
331,243,126,116
328,242,126,123
329,244,125,124
329,248,127,119
328,248,131,117
328,251,126,115
333,248,127,119
338,247,125,118
340,246,125,116
341,246,120,117
340,246,122,118
346,244,126,120
354,245,125,117
354,245,123,117
356,244,125,115
355,245,122,116
355,244,124,115
357,245,121,113
359,245,117,114
359,245,120,113
357,247,117,114
358,245,118,114
359,245,119,115
358,245,118,114
358,246,115,114
358,247,116,113
359,245,118,113
358,246,117,112
358,246,117,113
358,246,118,112
358,248,111,112
357,249,114,114
354,248,119,115
355,250,115,113
356,249,115,111
355,248,114,114
354,248,114,114
354,250,115,113
355,249,114,113
354,248,115,113
353,249,116,113
352,249,113,113
353,249,113,113
352,248,114,113
350,249,114,113
350,246,119,113
350,250,114,113
349,252,115,111
350,249,116,113
349,249,113,111
350,250,113,110
350,251,112,110
352,250,110,111
350,252,111,110
351,248,110,112
350,248,115,115
349,248,116,115
349,250,114,113
348,250,116,112
349,250,115,113
350,249,112,112
347,249,116,109
349,251,113,111
349,251,112,110
348,251,114,112
349,251,110,111
348,250,115,111
348,251,116,112
347,250,118,111
349,251,110,110
348,249,115,113
347,250,117,108
350,251,110,110
347,251,113,110
351,252,109,109
349,253,110,108
348,250,113,110
345,249,120,111
344,249,122,109
345,249,118,108
344,252,118,106
347,253,112,105
344,252,117,106
346,250,117,105
346,252,112,106
348,248,116,105
346,255,112,102
345,252,114,102
346,253,111,104
344,251,115,103
345,250,115,103
343,253,115,103
345,251,114,102
345,255,110,100
343,252,116,99
346,252,109,100
346,255,110,99
345,255,110,99
345,254,107,102
344,253,109,103
343,254,114,100
343,255,111,100
342,252,117,98
343,253,114,102
341,252,115,105
341,252,119,103
342,252,111,105
343,252,109,104
343,251,114,103
340,252,118,104
342,252,115,104
342,252,115,103
342,253,114,103
342,253,112,104
342,251,113,104
340,254,113,103
342,252,111,101
341,253,111,102
341,252,111,101
340,252,111,103
341,254,108,102
342,254,109,102
341,254,108,100
341,251,113,104
340,253,113,103
340,252,111,104
339,253,111,104
338,254,114,103
339,253,110,105
339,252,112,104
339,251,112,104
337,248,116,108
337,249,118,104
338,252,116,104
337,253,113,104
337,250,114,105
337,253,114,107
339,251,114,105
337,252,112,104
338,252,110,105
337,253,112,103
337,252,113,104
337,253,111,105
336,251,115,104
337,253,108,105
336,252,111,105
335,248,114,106
332,249,117,106
332,249,114,105
334,251,112,104
334,253,110,103
335,252,111,103
332,251,114,104
333,253,113,103
332,251,115,101
332,250,113,105
332,247,114,107
332,250,112,104
329,250,113,106
331,249,113,106
333,251,111,105
331,252,114,104
334,248,111,104
332,249,112,106
332,250,113,105
333,249,113,103
331,249,114,102
332,250,113,100
334,252,112,100
333,250,114,102
335,251,111,100
335,250,112,101
336,250,111,101
337,248,111,102
337,251,113,101
337,249,111,103
340,249,111,102
340,250,114,100
340,250,114,100
342,249,110,99
343,249,114,99
342,248,109,99
344,249,113,97
344,249,111,97
344,251,112,96
343,252,113,96
343,254,110,95
347,251,109,95
344,251,112,96
346,250,111,95
344,246,112,96
344,250,111,97
344,250,112,99
345,248,110,99
344,252,111,95
341,249,113,99
341,248,110,99
340,250,111,97
340,253,111,95
339,252,112,95
339,253,112,95
341,251,113,95
340,253,110,94
339,251,108,95
339,250,109,94
340,253,109,92
340,252,110,95
338,254,110,93
341,256,109,92
338,255,107,90
341,257,106,90
340,253,106,90
338,251,108,91
341,254,106,90
339,252,108,91
342,255,108,91
337,253,108,91
339,252,107,92
341,251,109,94
340,254,109,94
338,253,110,95
340,252,108,94
338,256,110,93
342,252,109,93
341,253,109,94
341,250,110,95
343,250,112,97
341,250,111,96
342,249,111,96
341,249,113,96
344,252,111,98
344,251,111,98
342,252,112,99
343,253,109,98
344,253,108,98
345,252,111,99
347,253,113,97
347,252,109,96
349,251,105,99
348,253,109,98
348,254,106,97
347,252,110,100
346,255,108,100
349,250,111,102
346,250,114,103
348,251,110,102
348,252,111,102
349,253,107,99
349,253,110,98
350,252,108,100
348,252,113,101
348,249,112,103
347,250,109,102
348,253,108,100
348,250,110,103
347,250,112,103
348,250,110,104
349,251,109,104
346,250,110,103
346,251,110,102
348,250,110,104
347,251,110,102
346,251,110,102
348,254,109,100
346,252,110,101
347,255,108,98
346,252,112,100
348,254,105,99
345,251,114,102
347,252,109,100
347,253,110,99
347,254,108,99
346,253,113,100
348,253,113,100
346,253,108,99
345,255,110,97
343,255,111,97
341,254,112,98
342,255,109,97
339,254,111,98
339,252,112,100
338,252,110,100
336,254,108,99
335,256,111,99
334,255,112,97
336,257,108,97
335,259,110,94
336,260,109,93
334,259,109,92
335,259,106,93
335,258,106,93
332,263,108,93
332,261,107,92
333,259,110,93
334,257,106,96
330,262,111,93
330,261,110,93
329,261,110,93
328,264,107,90
325,260,107,93
324,266,107,90
324,265,109,92
324,261,110,93
324,262,111,95
320,264,110,93
321,266,110,96
321,261,111,96
318,263,110,92
320,264,110,94
321,262,110,94
320,260,106,96
321,261,105,94
322,262,105,94
324,261,107,92
320,265,106,90
324,261,101,93
324,261,100,93
322,260,104,93
322,260,105,92
325,259,105,90
326,260,105,90
329,258,107,91
323,255,106,93
322,260,106,92
322,256,107,92
326,256,106,90
327,255,107,92
326,259,107,90
328,254,107,91
325,252,107,91
327,257,107,92
326,258,106,91
329,259,105,91
326,261,104,94
328,259,101,94
327,257,104,97
326,260,111,94
324,260,111,93
323,257,110,93
326,253,111,94
327,250,113,95
333,244,109,98
332,250,101,98
333,247,106,97
321,247,108,101
325,246,108,98
323,250,110,96
326,247,108,100
327,250,102,97
325,254,105,94
328,257,103,93
325,256,107,93
327,255,104,98
327,255,108,96
332,255,104,99
331,257,103,96
333,256,104,98
334,257,103,97
335,255,109,97
337,257,105,96
335,254,105,100
334,255,105,99
334,257,106,96
334,254,105,99
333,256,104,98
332,254,107,99
330,256,105,99
331,255,109,98
331,257,105,98
330,252,109,102
330,251,110,102
331,256,110,98
329,255,106,97
330,249,109,102
330,248,109,101
332,248,109,101
332,246,107,102
332,250,104,100
332,247,109,102
333,249,107,101
334,250,105,101
334,251,105,101
335,252,106,100
337,253,103,99
337,252,105,99
338,253,107,99
338,254,104,99
340,253,103,98
339,256,105,97
339,256,106,97
340,254,105,100
341,256,106,99
342,258,102,97
341,256,105,97
335,253,110,100
336,251,109,101
336,253,107,99
337,252,109,100
337,253,110,99
333,255,110,98
339,249,113,99
339,248,112,100
338,247,111,101
339,250,102,100
337,246,112,103
336,247,109,103
335,243,117,107
335,247,112,104
336,247,115,104
334,249,115,105
335,246,115,107
336,247,111,105
336,246,114,106
337,245,113,108
337,242,115,109
335,243,117,107
334,246,113,107
337,246,113,107
336,245,111,108
338,248,112,105
336,245,115,107
337,246,113,106
337,247,111,106
338,246,112,107
335,248,110,102
336,247,112,104
336,245,112,107
336,248,112,103
337,246,110,108
336,246,110,106
334,247,112,105
335,248,109,103
336,249,107,103
334,247,109,105
334,248,108,102
336,248,108,103
335,251,108,99
333,248,109,101
333,251,103,99
333,249,106,100
334,251,101,99
335,249,104,99
333,250,103,99
332,250,107,99
334,251,106,99
333,247,109,102
332,249,106,102
332,253,104,99
332,251,107,100
332,251,106,101
333,251,104,100
334,253,107,100
335,252,107,99
333,255,102,98
332,252,105,100
332,253,104,99
333,253,106,99
333,256,104,96
334,253,104,99
333,252,108,98
330,256,107,96
330,253,106,100
329,252,112,99
327,254,106,99
325,252,110,102
325,254,111,101
323,258,109,98
323,255,111,100
323,257,106,100
324,251,113,103
324,254,112,100
323,253,109,103
320,256,113,102
324,250,112,105
320,253,111,105
321,252,109,103
322,251,113,106
318,251,115,106
319,254,109,103
320,251,107,106
316,252,112,105
319,251,109,105
316,248,111,107
315,251,110,108
316,246,110,109
314,248,113,107
310,251,116,106
311,249,116,108
314,247,114,108
317,244,113,110
316,245,114,111
315,246,115,112
314,244,116,112
314,244,115,113
314,245,115,113
314,244,115,114
313,242,118,113
314,247,117,110
317,241,119,114
321,241,118,113
323,243,119,111
324,246,115,106
329,244,116,107
330,241,118,110
331,245,114,108
331,244,114,108
332,244,118,109
331,245,116,107
333,248,114,106
331,247,113,106
333,246,116,106
336,246,116,106
335,245,115,106
333,246,115,106
333,249,118,102
335,249,117,103
334,245,120,106
333,241,117,113
331,241,117,117
330,237,122,118
330,235,121,122
328,234,123,120
327,230,126,122
324,229,128,125
322,226,134,126
317,231,135,124
313,235,135,121
307,240,130,118
310,237,123,121
308,236,124,125
308,241,124,121
311,245,122,117
312,246,124,115
313,247,120,114
311,246,121,114
309,242,124,120
304,241,128,124
306,239,128,123
305,242,126,122
302,244,128,119
300,247,136,115
300,245,137,114
304,243,134,116
305,244,130,115
307,243,128,114
306,246,127,112
303,242,130,116
301,249,133,108
301,247,133,110
303,245,132,112
304,244,131,112
299,248,137,106
300,246,137,108
303,248,133,108
307,246,136,107
308,246,133,109
310,245,136,109
316,252,128,107
316,253,124,110
319,252,119,114
322,252,122,110
325,252,119,111
328,253,125,109
328,254,123,110
330,253,124,108
330,253,124,111
327,256,125,108
323,254,133,109
322,252,133,110
322,253,136,109
324,254,134,108
329,255,129,108
327,255,130,111
326,251,134,113
327,252,130,113
329,250,131,114
331,251,127,113
333,247,130,113
333,242,131,118
334,243,130,115
336,248,128,112
341,251,126,109
337,249,124,111
337,254,121,109
338,250,123,109
334,250,128,109
337,249,126,107
334,250,127,107
342,272,119,92
343,259,127,94
337,251,129,103
341,248,128,107
343,247,127,108
342,252,122,104
343,254,120,106
344,254,126,107
343,255,127,107
346,255,128,106
346,254,129,108
342,253,126,107
345,256,124,106
345,255,129,106
345,256,126,106
341,254,124,107
338,251,123,109
341,253,117,105
340,250,123,105
342,252,117,105
343,251,117,108
345,250,117,107
347,252,119,105
347,251,120,104
348,252,120,102
350,256,117,101
353,251,116,104
350,251,121,103
351,250,122,105
350,252,121,104
353,249,120,103
351,252,117,104
351,249,120,105
351,249,122,106
348,247,123,109
350,249,121,106
350,246,124,109
349,249,120,107
349,246,121,110
351,247,122,106
351,246,122,106
350,245,124,108
350,246,124,111
346,244,127,110
345,243,130,110
344,243,133,113
342,243,138,114
341,245,135,114
339,246,136,113
339,244,139,115
342,245,135,111
341,244,133,112
344,242,131,112
345,242,131,111
346,241,127,113
347,242,126,113
345,240,128,115
348,241,128,115
347,241,130,115
347,242,132,116
351,245,130,115
361,252,126,109
363,261,125,104
369,249,124,113
372,254,110,116
367,249,125,116
367,247,124,116
371,245,114,119
371,244,118,117
372,243,122,115
378,243,114,122
372,242,127,116
370,240,131,117
373,236,130,119
375,241,121,118
376,240,116,119
378,236,121,125
378,235,122,122
378,236,124,121
375,237,131,119
376,236,131,121
374,237,124,122
373,235,137,128
368,237,139,128
361,235,150,129
360,235,149,126
355,236,153,127
350,234,157,132
348,236,153,132
348,236,153,130
350,238,153,126
349,239,149,124
352,239,146,121
352,240,141,118
350,239,144,123
345,240,142,122
338,236,147,128
336,237,153,131
339,242,151,126
338,239,152,131
338,244,150,127
337,242,152,133
332,244,163,134
331,242,165,132
332,237,164,138
330,232,168,142
326,236,168,140
323,232,169,142
324,229,170,143
330,225,168,143
328,227,160,139
327,218,169,144
