457,348,47,113
457,349,47,113
462,346,46,111
462,352,48,109
461,356,49,105
464,356,48,103
466,358,49,101
466,355,47,113
469,358,49,101
470,357,49,104
471,358,48,104
470,355,49,106
473,356,50,105
473,351,48,109
473,358,50,102
474,355,47,106
474,355,46,109
474,352,45,110
473,351,43,114
472,347,45,112
471,349,46,112
470,352,46,112
470,350,46,112
471,351,46,111
470,346,46,112
467,344,46,112
469,343,47,113
469,346,46,111
470,343,46,112
469,344,46,110
469,350,45,110
466,345,45,109
465,347,45,110
462,346,46,110
462,343,46,111
460,344,44,109
461,347,45,109
461,344,43,113
461,342,42,111
463,340,41,113
464,340,40,117
463,339,41,117
466,340,40,116
467,341,38,117
467,341,38,116
468,340,38,117
466,339,42,116
467,340,44,113
467,341,45,109
466,344,45,111
466,343,46,111
464,340,45,110
463,347,46,110
464,345,46,110
462,347,45,111
460,347,45,110
459,348,45,108
457,345,45,108
456,346,44,107
453,347,44,108
454,346,44,107
451,344,44,109
452,343,41,111
451,344,41,111
452,346,40,109
452,345,39,106
452,350,37,102
451,350,37,104
450,347,38,110
448,345,40,108
448,348,37,111
447,349,37,111
446,353,39,107
445,350,38,108
444,353,40,102
442,352,41,100
443,348,41,100
444,349,41,99
445,350,41,99
442,352,41,99
443,351,41,97
443,350,41,99
441,351,40,98
437,355,40,97
437,354,40,97
435,350,41,98
433,351,40,97
437,352,41,98
436,357,42,88
438,358,41,86
439,360,39,84
439,359,39,88
442,360,36,86
441,361,36,87
442,361,36,87
442,365,35,87
442,367,36,85
443,366,37,87
444,366,39,88
446,365,38,89
445,362,37,90
448,362,37,91
452,353,37,90
463,338,37,88
478,294,37,89
479,295,37,89
472,323,36,87
481,305,36,87
485,295,37,89
489,282,37,89
465,339,37,90
461,355,37,90
461,351,37,89
451,363,37,89
451,359,36,88
454,361,36,88
441,333,37,89
429,331,39,83
416,308,37,90
418,314,38,91
418,304,37,90
421,304,37,90
414,307,38,92
421,306,38,91
420,309,37,91
422,307,37,89
422,307,36,87
421,309,36,87
422,304,37,89
422,302,37,89
422,309,37,89
423,311,36,87
425,315,35,85
426,313,35,86
424,311,36,86
426,312,36,86
425,311,36,87
426,311,37,89
427,310,36,88
424,310,36,88
426,304,36,88
428,311,36,87
428,313,36,87
429,312,36,87
430,310,36,88
431,313,35,86
431,310,36,88
433,310,37,90
435,308,37,90
435,306,38,91
437,309,38,92
437,308,39,93
440,310,38,93
441,311,38,93
443,311,39,93
442,309,38,92
443,310,39,94
444,310,38,92
446,311,38,91
448,308,38,91
449,314,37,89
452,308,36,88
454,308,37,89
456,310,37,90
457,310,37,89
459,308,37,89
461,307,37,90
462,311,37,89
466,308,37,89
467,310,36,88
467,310,37,89
468,308,36,88
467,311,37,90
468,306,37,90
468,307,38,92
468,304,39,94
469,304,39,95
471,302,39,95
474,303,39,95
470,294,40,97
474,299,40,96
473,294,40,96
474,302,39,96
475,302,39,96
475,302,39,95
475,302,40,96
475,303,40,97
473,299,41,98
472,299,41,100
471,302,41,99
469,295,41,100
469,299,41,100
469,302,41,100
469,303,41,99
467,302,41,99
467,308,41,99
463,304,41,99
463,306,41,98
460,301,41,99
458,305,41,100
455,304,41,100
453,305,42,101
453,305,42,101
452,306,42,101
450,306,42,101
451,308,42,102
450,306,42,101
450,307,41,100
452,309,41,99
451,311,40,98
451,309,40,97
450,309,40,97
451,307,41,99
450,310,41,99
447,310,40,96
445,312,40,96
442,308,40,97
441,310,40,98
436,312,41,98
432,312,41,99
430,308,40,97
426,308,41,99
423,309,41,100
424,309,41,100
421,308,41,99
421,310,42,101
422,308,42,101
422,307,42,101
421,307,42,102
423,306,42,101
420,305,43,103
420,305,43,103
420,306,43,104
419,304,43,104
419,305,43,104
418,307,42,103
418,308,42,102
417,308,41,100
416,308,43,103
413,308,42,102
412,308,42,102
410,309,42,101
412,309,42,101
413,311,42,101
413,307,42,101
414,310,42,101
418,311,42,101
419,310,42,102
421,309,42,102
423,309,42,102
427,308,43,104
431,309,43,103
432,309,43,104
432,310,42,103
432,308,42,102
434,309,43,105
433,311,44,105
436,312,43,105
436,310,43,104
437,307,43,105
437,308,43,105
437,307,43,105
438,309,43,104
440,312,43,104
442,307,42,102
442,311,42,102
441,311,42,102
443,312,42,101
443,313,41,100
445,313,41,100
443,312,41,100
442,310,42,102
444,311,42,101
444,310,42,102
443,310,41,99
445,311,41,100
443,311,42,101
443,310,42,102
442,309,42,103
442,310,42,103
442,310,43,104
443,310,43,103
443,309,42,102
443,307,43,104
444,306,43,105
443,307,44,106
443,308,44,106
444,310,43,104
444,308,43,104
446,307,43,103
445,308,42,102
444,309,43,104
445,305,43,104
443,309,44,106
444,302,43,105
445,307,43,105
444,305,43,105
445,303,44,106
444,305,44,107
443,303,44,106
443,305,44,106
441,300,44,106
442,305,43,105
440,305,44,106
438,301,44,107
437,302,44,107
437,305,45,108
435,301,46,110
433,299,46,111
437,304,46,111
433,299,46,111
432,300,46,110
433,301,46,111
429,302,45,109
431,305,45,108
430,303,45,109
427,304,45,109
429,302,45,109
430,303,44,108
432,307,44,106
429,306,44,105
428,308,44,106
428,308,43,104
429,306,43,104
428,308,43,103
428,310,42,102
427,307,42,102
429,308,41,100
428,311,41,100
427,311,41,100
426,309,42,101
427,310,41,100
428,310,41,99
425,312,40,97
424,311,40,96
425,314,40,97
427,313,40,97
423,311,40,97
425,313,39,95
425,310,40,96
424,312,40,97
423,312,40,97
425,315,39,96
425,312,40,96
424,311,40,96
425,310,40,96
425,312,40,96
424,311,40,97
424,311,40,97
423,311,40,98
425,311,41,99
424,310,41,99
425,307,42,101
424,310,42,102
423,311,41,100
425,309,41,99
426,311,41,99
424,311,41,99
424,310,41,99
425,309,41,99
424,307,41,99
424,308,42,101
424,306,42,101
424,309,42,102
424,307,43,104
424,305,43,104
423,308,42,103
423,306,43,104
422,303,43,104
424,308,43,105
422,304,45,108
423,305,45,108
422,304,45,110
421,303,46,110
422,303,46,110
422,304,45,109
423,305,45,109
422,303,45,109
420,303,45,109
421,301,45,108
420,302,45,110
420,305,46,111
420,300,46,112
418,302,47,113
421,302,46,112
419,301,46,112
421,306,46,112
419,302,47,113
420,302,47,114
419,298,47,114
418,298,47,114
416,299,48,117
417,296,48,117
416,295,49,118
417,300,49,118
416,300,50,120
415,292,51,123
415,291,50,122
416,298,50,120
416,299,49,119
415,296,49,119
413,291,50,121
412,292,50,120
412,295,50,121
413,296,50,122
411,292,51,124
411,295,50,122
410,296,50,122
406,290,51,123
406,295,51,123
404,291,50,122
404,292,51,123
404,293,51,123
404,295,51,124
401,293,52,125
404,290,52,125
402,291,53,127
401,291,52,127
402,291,52,127
400,291,53,129
402,292,53,128
403,292,53,127
402,292,52,126
402,293,52,127
402,290,53,127
405,294,53,128
402,294,52,127
402,293,53,127
404,294,52,126
404,294,52,126
404,295,51,124
405,296,51,124
407,293,50,122
408,296,51,124
405,293,51,123
408,295,51,123
410,293,51,123
410,293,51,122
410,299,51,123
409,296,51,122
411,296,51,124
410,295,51,122
412,297,51,123
411,294,52,125
411,295,51,124
409,295,51,122
410,297,51,123
411,298,51,123
411,297,51,122
410,296,51,123
409,292,51,123
411,295,51,123
412,297,51,123
408,292,50,121
409,294,50,121
410,299,50,120
410,296,51,122
409,294,51,123
409,294,51,124
410,294,51,123
411,295,52,126
413,295,51,124
412,296,51,124
413,292,52,125
413,295,51,124
413,296,52,125
416,296,51,124
416,295,51,124
416,295,51,123
418,294,51,122
418,293,52,125
418,294,51,124
420,294,50,122
421,298,50,121
421,300,49,119
420,298,49,119
425,300,49,118
423,299,48,116
423,299,48,116
424,301,48,116
424,302,48,117
423,298,50,120
425,296,50,121
424,295,50,121
425,298,49,119
426,296,48,117
426,297,48,116
428,301,48,116
428,301,48,115
429,296,49,117
427,300,49,118
427,297,49,119
426,298,49,118
425,297,50,120
428,296,49,118
429,299,49,119
429,293,49,118
430,301,48,117
432,300,48,116
431,295,49,118
435,298,49,118
436,297,50,120
438,299,49,119
437,293,49,120
437,294,49,119
437,293,49,119
437,296,49,119
438,301,48,116
438,298,48,117
442,298,49,117
438,293,48,116
438,297,48,116
440,300,47,114
441,302,47,114
441,299,48,116
438,295,48,115
442,299,48,115
440,299,48,116
436,297,48,117
437,298,48,116
436,301,48,116
436,298,48,115
435,299,47,115
437,302,47,113
435,300,47,114
434,300,48,117
433,297,48,116
434,301,47,114
432,299,47,113
435,300,47,113
431,298,48,115
434,300,47,115
435,299,47,114
433,299,48,116
433,299,48,115
432,294,48,117
433,294,48,117
432,297,48,116
433,299,48,116
434,297,48,115
432,300,48,116
432,299,48,115
431,295,48,117
431,299,48,115
431,300,48,115
432,302,47,115
429,297,48,116
425,297,49,118
424,294,48,117
425,298,48,117
427,294,48,116
423,296,48,116
424,294,49,118
423,297,49,118
426,298,48,117
426,295,47,115
427,297,47,114
427,301,47,113
428,301,47,113
429,300,47,113
429,300,47,113
429,300,47,115
433,301,48,115
429,295,48,117
428,298,49,119
427,296,50,122
428,294,51,124
425,291,51,123
426,291,51,123
425,288,52,125
425,289,51,123
422,288,51,123
425,291,50,121
425,287,50,121
424,295,50,122
425,290,50,122
425,292,51,124
424,287,53,127
423,291,52,126
425,288,52,127
425,290,52,125
425,292,51,124
427,289,52,125
424,286,52,127
427,293,52,126
425,288,51,124
426,290,51,124
429,289,51,124
428,290,51,124
428,285,52,125
428,287,51,124
429,287,51,124
431,291,50,121
431,286,50,122
432,290,50,121
431,286,50,121
433,292,50,121
433,287,50,122
433,288,50,121
433,288,49,119
433,290,48,117
432,295,47,114
431,292,48,116
430,296,47,114
427,290,47,115
427,294,47,115
428,291,47,114
429,297,47,113
430,292,48,116
431,288,48,117
429,291,49,119
429,288,50,121
429,286,51,122
431,289,51,123
432,288,51,123
430,286,51,124
427,288,51,124
427,286,51,124
427,289,52,126
428,286,53,127
430,286,53,128
440,286,53,129
454,284,54,131
473,280,53,129
495,285,55,131
512,288,56,135
526,289,55,133
525,284,55,133
524,287,55,133
524,288,55,132
527,291,54,131
529,292,53,129
529,291,53,128
530,293,53,128
527,291,52,127
528,290,52,127
528,292,52,126
526,292,52,126
525,294,52,125
524,292,52,126
524,291,53,127
523,290,53,127
524,292,53,128
522,287,53,129
523,287,53,128
524,287,53,127
523,288,53,127
523,291,53,128
522,286,54,130
522,283,54,130
525,282,54,130
525,283,52,126
523,287,51,123
527,286,51,122
524,286,51,123
527,287,51,124
526,285,51,124
525,285,51,123
524,286,50,121
527,289,50,120
527,292,49,118
528,286,49,118
527,275,48,117
529,271,48,117
527,265,48,109
515,267,47,115
523,282,47,114
480,280,47,113
462,278,46,112
479,278,47,114
479,273,47,114
505,287,46,112
491,292,47,114
503,284,46,112
511,277,47,114
524,286,48,115
530,291,47,114
528,294,47,113
530,295,46,112
531,291,46,112
532,290,47,113
530,292,47,115
531,295,47,115
531,293,47,113
531,291,46,112
534,295,45,109
536,298,44,106
535,299,44,106
535,298,44,107
535,298,44,107
534,295,44,107
534,297,44,107
535,297,45,109
536,296,45,109
534,296,46,111
535,297,46,110
532,292,46,111
533,296,46,111
533,295,45,110
536,299,45,110
534,295,46,111
536,293,46,111
535,291,46,112
535,295,47,113
535,294,47,113
536,294,46,112
537,296,46,111
536,297,46,110
535,297,45,109
536,296,45,110
536,295,46,110
538,296,45,108
538,297,45,108
538,297,45,110
536,299,46,110
535,290,46,111
537,294,46,112
535,294,47,113
536,297,46,111
535,297,46,111
535,293,46,111
535,295,45,110
535,292,46,111
536,298,45,109
535,298,45,108
534,297,44,108
535,299,45,108
534,296,45,109
534,298,45,109
534,298,46,110
534,296,45,108
535,298,44,107
535,303,44,107
533,299,44,106
532,300,44,106
534,300,43,105
533,301,44,106
533,300,43,105
531,297,44,106
533,300,45,108
533,296,46,110
531,293,47,113
530,290,47,114
531,296,47,114
530,291,48,115
529,292,48,117
531,292,48,115
529,292,48,116
529,292,48,117
529,294,48,116
528,293,48,115
530,293,48,117
528,288,49,118
531,292,49,118
530,292,49,119
528,287,50,121
529,288,50,120
529,290,50,121
529,288,50,120
527,285,51,123
528,289,51,123
526,286,51,124
527,286,51,124
528,292,51,123
525,289,51,124
523,283,52,125
525,282,52,125
524,284,51,124
522,290,52,125
524,286,51,124
521,286,51,124
520,284,52,126
520,291,51,124
519,285,52,126
518,283,52,127
518,285,52,126
516,290,52,125
517,283,52,125
514,285,51,123
513,287,51,122
514,291,51,123
511,286,51,124
510,288,51,124
508,288,52,125
508,290,53,128
507,287,53,128
507,287,52,127
506,288,52,127
508,286,52,125
508,293,51,124
506,289,52,125
507,288,53,128
509,288,52,127
508,289,53,128
504,288,53,129
507,286,54,130
507,289,53,128
509,286,53,127
508,282,53,128
508,286,54,130
507,287,54,131
506,287,54,132
505,283,55,133
505,283,55,132
506,286,55,132
504,285,54,132
506,285,53,129
505,287,53,128
503,287,53,129
502,290,54,130
499,286,54,130
497,286,53,128
497,287,53,129
498,289,53,128
493,291,53,129
493,287,54,131
494,285,54,131
492,286,55,133
491,284,56,135
488,285,55,134
490,283,55,133
485,283,56,135
486,284,56,135
484,285,56,135
484,287,56,134
484,284,55,133
485,286,55,132
484,286,54,131
483,284,55,132
486,288,54,131
486,288,53,128
486,290,53,129
486,292,54,131
484,286,54,130
485,288,53,128
485,287,54,130
485,290,53,129
487,285,52,131
489,286,51,128
483,282,54,116
494,290,50,121
495,305,50,121
497,343,51,123
486,295,50,122
453,275,50,122
461,276,50,121
465,285,52,115
475,290,50,122
481,286,51,123
487,289,52,125
491,287,52,125
491,286,52,126
491,290,53,128
490,289,52,127
491,287,53,129
493,287,54,131
493,287,54,131
492,285,55,132
491,290,54,131
490,283,55,132
493,288,55,133
490,285,55,132
492,289,55,133
490,286,56,135
491,288,56,135
493,288,56,136
493,284,56,134
491,282,56,135
490,282,56,136
493,285,57,137
494,279,57,138
492,282,56,136
494,285,56,135
494,284,55,132
492,286,54,129
495,286,54,130
492,281,54,131
492,285,54,130
490,280,54,130
495,284,53,128
494,283,53,128
492,283,52,127
494,286,51,124
492,286,51,124
492,285,52,125
493,290,52,126
490,283,52,126
490,287,53,127
488,280,54,130
489,281,53,129
494,286,52,127
496,284,52,127
497,287,53,128
495,283,54,129
498,289,53,128
497,289,51,124
492,283,51,123
493,280,51,124
495,276,52,126
502,268,52,126
510,264,51,126
514,265,52,125
512,257,51,128
513,266,51,124
515,261,50,121
515,255,48,127
513,258,50,127
509,256,49,127
509,260,51,124
514,258,44,127
511,258,47,126
504,258,49,128
496,263,50,121
493,270,50,120
485,267,49,119
486,268,50,119
487,269,49,119
492,265,49,119
492,261,49,119
493,269,49,119
491,263,50,121
491,262,51,124
493,266,51,124
496,270,50,120
495,270,49,119
496,266,44,130
491,269,52,125
493,269,51,124
491,274,51,124
494,281,50,122
495,288,50,121
498,292,51,122
496,288,51,124
500,295,50,122
503,297,50,121
500,291,51,123
502,296,51,123
501,294,50,122
500,293,51,124
499,295,51,123
500,291,51,123
500,296,50,121
497,295,51,124
493,291,52,127
492,292,52,126
494,295,52,125
492,292,52,125
492,293,51,124
496,293,52,125
495,292,52,125
493,292,52,125
494,290,52,126
495,296,51,122
498,296,50,121
495,297,51,123
499,296,51,122
498,291,51,122
496,290,51,123
498,291,51,123
495,289,51,122
494,290,50,121
494,293,50,121
489,290,51,122
492,286,51,123
492,287,52,125
493,287,51,124
492,290,52,125
495,292,52,125
495,293,52,126
493,295,51,124
492,294,51,124
491,294,52,125
494,298,52,126
493,299,52,126
495,301,53,127
497,303,52,127
496,302,53,129
497,303,52,125
498,305,52,126
496,302,52,126
497,305,53,128
497,304,52,126
498,304,52,126
494,304,52,125
497,303,52,125
495,301,53,127
494,303,53,127
497,302,53,128
497,303,53,128
496,298,54,131
495,300,54,132
496,297,55,132
494,294,55,132
494,299,56,134
496,294,56,134
496,300,56,134
494,295,55,134
495,297,56,134
494,298,55,132
495,299,55,132
494,299,54,132
495,297,55,133
495,296,55,132
496,300,54,130
498,301,53,128
500,300,53,128
498,299,52,127
498,301,53,128
497,298,53,129
496,299,54,131
498,301,54,131
496,300,54,131
497,300,53,129
498,300,54,131
500,301,54,132
497,297,55,133
497,300,54,130
495,299,55,132
494,299,55,133
491,292,55,132
497,299,54,130
495,299,54,131
496,303,54,131
494,299,53,128
498,300,52,125
498,302,51,123
498,303,50,122
499,306,51,123
496,303,51,123
498,308,51,123
498,305,51,122
499,307,50,122
500,307,50,120
499,307,51,124
499,303,52,125
498,304,52,126
497,301,53,129
498,303,53,127
496,301,53,127
498,302,53,128
499,304,52,126
500,303,52,126
501,309,52,125
499,304,52,125
498,301,52,125
499,305,52,125
500,306,51,124
500,306,51,124
501,307,52,125
498,304,52,125
498,305,52,126
497,306,52,126
499,307,51,123
498,302,51,124
497,304,51,123
494,302,52,125
494,304,52,125
492,301,53,127
493,301,52,127
494,298,52,125
494,299,51,122
490,283,53,114
493,292,51,124
475,305,51,124
481,306,52,123
483,303,52,122
489,304,53,116
500,312,54,123
518,330,53,127
528,352,50,119
531,353,48,119
527,350,51,116
519,341,49,119
522,346,52,126
497,328,52,119
474,301,51,124
471,304,51,123
468,301,50,121
467,298,50,121
467,295,50,121
471,298,49,118
471,305,48,117
467,301,49,117
467,303,48,115
463,301,47,113
460,298,47,113
458,297,46,111
472,313,45,109
476,300,43,100
502,297,45,100
501,291,43,101
501,297,42,102
502,296,42,102
501,293,42,99
506,307,42,102
506,312,43,104
502,307,44,106
505,312,45,109
506,316,45,108
502,316,46,111
501,316,46,112
502,314,47,114
503,316,47,114
503,313,48,116
502,313,48,117
502,312,49,119
501,313,50,121
502,314,50,120
502,311,50,121
501,313,50,121
505,313,50,120
505,313,49,119
506,310,49,118
510,313,49,118
510,314,49,117
512,312,48,117
515,314,49,117
516,311,49,118
516,311,50,120
521,308,50,121
521,310,51,123
523,309,51,122
525,309,51,123
526,310,51,123
528,305,52,126
530,306,52,125
530,308,52,126
530,304,52,126
533,307,53,127
535,306,53,127
532,306,52,127
538,308,52,126
534,304,52,127
534,305,53,128
533,302,54,130
538,307,54,130
537,304,54,130
535,303,55,132
538,304,54,131
540,304,54,131
542,301,53,128
544,302,53,129
543,303,53,127
548,306,52,125
548,303,52,125
547,304,51,124
548,302,52,125
548,305,51,123
548,305,52,125
548,305,52,126
549,304,52,127
547,303,52,127
549,305,53,128
550,303,52,127
550,305,53,127
549,301,53,128
550,303,53,129
551,302,53,128
551,304,53,127
556,303,53,127
554,304,53,128
556,302,53,128
558,301,53,127
559,305,52,126
561,306,52,125
561,303,53,128
559,302,53,128
562,302,53,128
562,301,52,127
562,304,52,125
562,304,51,125
563,305,51,124
563,305,51,124
563,301,52,125
563,304,53,128
564,303,53,128
564,301,54,130
566,304,54,130
564,300,53,129
565,301,53,127
565,303,53,128
564,300,54,130
566,297,54,131
565,296,55,132
565,300,55,133
563,298,54,131
566,302,53,129
564,299,54,131
565,302,54,131
567,296,54,131
566,296,55,132
565,300,55,132
566,299,54,131
565,299,54,131
567,298,55,132
564,297,54,131
566,302,54,130
568,299,53,128
567,298,53,127
566,300,54,130
566,302,53,128
565,298,54,130
567,298,54,131
565,295,55,134
564,299,55,134
564,298,54,132
561,297,55,132
563,296,54,132
562,299,55,132
563,301,55,132
564,301,54,130
563,298,54,130
559,296,53,129
560,297,54,130
559,299,53,129
559,300,53,129
558,300,53,128
558,302,53,128
558,302,52,125
559,304,52,125
559,302,52,126
558,304,52,126
558,300,52,125
559,305,51,124
559,302,51,124
556,299,53,127
554,297,53,129
552,296,54,130
555,297,53,127
554,299,53,128
554,296,53,128
553,296,54,130
555,299,54,131
555,298,55,133
555,299,55,134
557,297,56,136
553,299,55,134
554,298,56,135
554,301,57,137
556,300,57,138
557,299,56,136
557,300,56,134
555,300,56,135
558,299,55,134
555,298,55,132
558,301,55,132
560,302,55,132
557,301,54,131
556,296,55,132
555,299,54,130
553,296,54,130
556,301,54,130
556,293,53,128
556,299,53,129
555,298,53,129
554,300,54,131
552,298,54,131
552,298,55,132
553,298,54,132
550,294,56,134
550,296,57,137
551,294,56,136
550,295,57,137
552,296,57,137
549,296,56,136
550,294,57,137
552,295,57,138
548,295,57,137
549,293,58,140
549,291,58,140
550,294,57,137
552,294,56,136
551,297,57,137
552,295,56,136
551,294,57,137
549,295,58,139
549,295,56,136
549,296,57,137
548,294,57,137
551,299,56,135
550,299,57,138
548,297,58,140
550,297,58,140
548,296,58,140
550,295,58,140
551,298,58,140
547,295,60,144
550,293,59,143
547,295,60,145
549,293,59,144
549,292,60,144
549,292,59,143
550,289,59,141
550,297,59,142
547,296,58,141
548,298,58,141
550,297,57,138
550,294,57,138
552,295,57,138
553,295,56,136
552,297,55,134
552,300,55,134
551,300,55,133
550,299,54,130
548,302,55,132
549,300,54,131
549,298,54,131
550,299,54,130
549,297,53,129
552,302,52,127
551,300,52,126
554,299,53,127
552,297,52,126
555,299,52,125
553,298,52,126
552,300,52,125
552,296,51,124
552,297,51,124
551,300,52,125
551,297,52,125
552,298,53,127
553,296,53,128
551,297,52,127
549,292,53,129
549,295,52,127
549,297,53,128
550,290,53,129
548,295,53,127
548,299,52,126
546,297,52,126
548,296,52,125
551,298,51,124
548,299,50,122
549,301,51,122
550,301,50,121
551,302,50,122
551,302,50,121
550,300,50,121
552,302,50,122
551,303,50,122
552,300,51,124
551,299,52,127
548,297,53,129
549,297,53,128
549,299,53,129
548,299,54,130
548,295,54,130
548,294,53,127
549,294,52,127
549,295,52,126
549,300,52,126
553,300,52,126
548,297,52,126
550,298,51,124
547,295,52,125
546,292,53,129
547,290,55,132
545,286,54,131
546,289,54,131
545,289,54,131
548,291,54,130
547,293,54,130
548,291,53,129
548,293,54,130
547,292,54,130
548,295,54,132
546,295,54,130
547,296,54,130
548,295,54,130
548,297,53,129
551,300,54,131
549,297,54,130
551,300,54,129
551,300,53,128
547,297,53,128
548,301,52,126
548,297,52,127
549,301,52,126
548,299,53,127
548,299,53,127
548,298,53,129
547,299,53,128
546,298,53,128
548,298,54,130
548,296,53,129
548,295,54,131
546,295,55,133
549,293,54,132
551,296,54,130
548,298,54,131
549,293,54,130
549,298,55,133
547,295,55,134
544,293,56,136
548,292,57,137
547,295,57,137
549,296,56,136
548,293,56,135
548,290,55,134
547,294,56,136
546,294,55,134
547,292,55,132
549,292,55,133
547,291,55,133
548,292,54,131
549,293,54,131
551,298,54,131
548,291,53,129
553,292,54,129
555,289,54,131
554,280,55,132
555,277,55,132
553,271,55,132
553,269,55,133
554,264,55,132
557,266,54,131
555,266,54,131
555,261,54,131
558,259,55,132
561,257,55,132
563,256,54,134
564,254,54,134
560,255,53,137
558,260,49,134
558,263,50,138
558,263,53,134
560,269,55,133
563,267,56,134
565,259,56,136
566,254,56,137
564,249,56,136
565,253,55,132
556,242,50,135
548,245,55,132
545,243,54,132
546,244,50,131
547,242,50,136
551,251,54,131
557,248,48,135
558,255,54,132
558,256,54,133
558,261,55,133
560,258,50,137
560,268,55,134
563,273,55,134
561,277,55,133
565,278,55,133
562,278,55,132
564,278,55,133
568,279,55,134
563,281,55,134
566,280,56,135
565,278,56,136
566,272,56,135
566,273,57,137
568,272,58,139
566,273,58,141
567,265,59,143
566,261,59,141
563,260,58,141
565,259,58,140
562,255,58,141
563,256,57,139
562,252,57,139
560,253,57,138
561,253,57,137
559,254,57,139
562,255,56,136
561,261,56,134
562,256,56,137
562,256,55,136
561,255,56,136
561,258,54,138
562,259,55,136
561,253,57,137
561,258,56,136
561,258,56,135
563,260,56,136
561,255,55,136
560,258,56,135
561,265,56,135
562,259,56,136
561,256,56,138
560,258,56,138
560,256,57,137
558,261,57,137
561,261,56,136
559,258,56,136
561,259,55,133
563,262,55,134
563,266,55,132
561,264,55,132
563,264,55,132
560,262,53,132
561,264,54,131
562,261,55,132
562,263,55,133
563,264,55,133
563,263,55,134
562,263,55,133
561,262,54,131
562,260,55,133
561,263,56,135
559,260,56,135
560,258,57,138
559,254,55,141
559,259,51,149
558,259,57,138
558,259,57,138
559,258,57,139
558,257,57,137
560,260,57,138
557,258,57,137
560,253,56,139
559,258,56,139
559,256,57,137
559,258,56,135
559,254,56,134
559,261,54,131
560,260,54,131
560,260,54,131
561,257,54,131
561,259,53,131
562,257,54,131
559,258,54,130
563,262,53,128
559,260,53,129
562,259,53,128
561,263,52,126
561,260,52,126
563,260,52,126
563,258,52,126
563,261,52,125
565,260,51,124
565,260,51,123
564,262,50,123
564,261,51,122
563,261,51,123
564,260,51,123
562,261,51,123
563,260,52,125
562,262,51,124
562,260,51,124
562,259,52,125
562,261,51,124
562,260,52,125
562,259,52,126
563,258,52,126
562,258,51,125
559,256,53,128
561,258,53,128
558,256,53,128
561,259,52,130
556,254,54,131
556,256,53,129
558,257,53,128
559,255,53,129
559,259,53,128
560,257,52,126
560,257,52,127
558,256,53,128
558,258,53,129
557,253,54,130
560,255,53,129
