678,222,45,84
678,221,44,83
679,219,43,83
679,221,41,83
677,224,39,80
676,221,38,83
675,222,38,82
674,222,37,81
674,222,37,82
673,221,38,82
672,220,39,82
671,220,39,81
670,221,40,81
669,221,40,81
669,221,40,80
669,221,41,78
668,220,41,81
668,221,42,81
667,220,42,82
667,221,42,81
667,220,42,81
667,221,43,81
666,221,43,81
667,222,41,78
666,223,43,80
665,221,43,81
664,220,43,80
663,220,43,80
663,220,42,80
662,220,42,82
661,219,42,83
660,220,42,83
659,220,42,83
658,221,41,79
657,220,41,79
656,221,41,80
656,221,40,80
653,221,40,78
652,221,39,78
651,221,41,77
650,220,41,78
649,219,44,81
647,218,44,80
647,218,44,82
644,216,45,83
644,215,45,84
643,216,46,85
643,215,46,88
642,214,47,89
642,217,48,89
642,214,47,89
641,219,47,88
639,215,47,89
639,218,48,90
639,215,48,90
638,217,48,90
636,218,48,90
635,217,48,89
634,218,47,88
635,213,47,88
633,219,47,89
632,217,48,89
631,218,48,91
630,216,49,91
631,216,49,93
627,211,50,95
627,216,50,94
627,214,49,94
625,209,48,93
624,210,47,93
624,212,45,92
624,211,44,92
624,212,43,92
623,214,42,91
623,217,41,88
622,217,41,89
621,216,41,90
619,215,41,90
617,216,42,91
617,217,41,89
615,216,42,90
613,214,43,90
611,214,42,93
611,215,44,91
610,217,44,89
609,217,44,88
608,221,46,87
609,218,46,87
608,220,45,87
606,219,43,86
604,220,44,87
603,222,44,85
600,224,45,85
599,220,45,87
598,222,45,86
595,221,44,87
592,223,46,88
593,223,45,86
590,220,43,87
589,223,43,85
588,221,42,84
587,224,42,83
585,222,42,85
587,225,44,82
586,225,44,82
586,224,44,83
583,224,44,83
582,227,43,83
581,229,41,82
582,229,39,84
578,226,42,79
575,225,41,78
573,226,41,76
567,233,38,73
566,235,37,74
564,235,39,76
562,234,40,75
561,236,40,75
560,233,40,75
560,238,40,75
561,234,39,74
560,234,40,74
559,233,40,75
558,234,40,75
557,232,40,75
553,236,40,75
549,237,39,74
549,237,39,74
546,238,39,74
542,241,39,74
542,240,39,74
537,239,39,74
538,240,39,74
537,242,39,74
539,242,39,73
538,243,39,74
535,252,40,75
533,251,40,75
533,247,40,75
535,252,40,76
535,251,41,76
526,242,40,75
533,247,40,75
525,243,39,74
522,244,38,72
522,244,38,71
519,244,37,69
518,244,37,70
517,243,37,69
515,243,37,69
514,244,37,69
512,245,37,70
513,241,37,70
512,243,37,70
508,244,37,69
508,244,37,69
507,244,37,69
508,243,37,70
506,244,38,71
505,241,38,72
505,240,39,73
502,240,39,74
501,239,40,75
499,237,40,75
497,238,40,76
498,237,41,76
495,238,41,77
494,238,42,78
492,237,43,80
492,234,43,82
491,238,42,79
489,236,43,81
488,236,43,81
488,238,43,81
487,235,43,81
486,235,43,81
486,237,43,81
485,235,44,83
484,233,45,84
485,234,45,84
484,233,44,83
484,235,45,84
485,236,45,84
483,234,44,83
483,235,44,83
483,236,45,84
481,233,45,84
481,234,45,84
481,234,45,84
481,234,44,83
481,235,44,83
480,234,44,83
480,234,45,85
480,231,45,85
479,234,44,83
478,234,44,83
476,236,44,82
474,234,45,84
474,232,44,83
472,234,45,84
472,234,44,83
473,234,44,83
472,234,44,83
472,233,44,82
472,233,44,82
470,236,44,83
470,238,43,81
470,235,44,82
470,236,43,81
469,235,43,81
467,234,44,81
466,235,44,82
466,235,44,82
466,234,44,83
462,235,44,83
461,239,45,84
459,235,44,83
457,235,45,84
457,235,45,85
454,238,46,86
453,236,46,86
450,239,46,87
448,235,46,86
448,239,45,85
442,239,45,84
444,238,44,83
441,238,44,83
437,235,46,86
437,235,46,87
435,232,47,88
435,235,46,87
433,233,46,87
430,236,45,85
429,231,46,87
429,235,46,87
428,233,46,86
427,232,46,87
425,233,46,87
425,236,46,86
424,238,45,85
423,237,45,85
421,239,45,85
419,239,46,86
417,235,47,87
418,239,46,86
419,241,47,87
416,240,46,86
415,241,46,85
412,239,46,87
410,236,47,87
404,241,46,87
397,236,47,88
388,249,47,88
406,241,46,87
411,238,46,86
413,238,46,86
411,239,46,86
410,237,46,87
412,237,47,88
412,236,46,87
411,238,46,86
411,241,45,85
411,241,45,84
413,242,43,81
412,246,43,82
412,244,44,82
411,241,43,81
410,244,43,80
412,241,43,80
411,243,43,80
407,246,43,80
411,241,43,81
410,242,44,83
406,240,44,82
410,239,43,81
410,243,44,82
410,242,43,81
411,242,43,80
410,241,43,80
407,241,43,81
409,240,43,82
404,241,43,81
409,244,43,81
407,241,43,82
407,241,43,81
407,242,43,81
406,238,43,81
405,241,43,80
407,241,43,80
406,240,42,80
405,239,42,80
404,240,42,79
406,243,42,78
404,244,42,78
404,240,42,78
402,241,41,77
401,244,42,78
402,244,41,77
401,244,41,77
400,245,41,77
399,245,41,77
399,245,41,77
398,243,40,75
398,244,40,75
400,256,40,75
397,257,41,76
403,256,40,76
398,260,40,75
398,263,39,73
400,262,38,72
401,264,38,72
401,264,39,73
402,265,39,73
394,265,39,73
375,252,39,73
375,251,39,73
373,249,39,73
372,252,38,72
372,251,38,72
371,250,38,72
369,252,39,73
368,251,39,73
367,252,39,73
365,249,39,73
363,247,39,74
363,250,39,74
361,251,39,73
358,251,39,73
358,250,39,72
357,251,38,72
356,252,38,71
353,250,38,71
354,248,38,71
353,248,38,71
352,250,38,72
350,249,38,71
350,249,38,72
349,249,39,73
348,247,39,73
347,247,39,74
346,247,40,75
342,247,39,74
337,247,39,74
335,247,39,73
332,247,39,72
331,249,39,73
329,247,39,73
329,250,39,73
328,251,38,71
324,251,38,71
322,251,38,72
319,249,39,72
318,250,38,71
317,251,38,72
316,253,38,71
313,251,38,71
313,252,38,71
311,252,38,71
311,252,38,71
308,253,38,71
307,254,37,70
305,255,37,70
302,257,37,70
302,254,38,71
301,255,37,70
298,252,38,71
298,252,38,71
297,257,37,70
295,254,38,71
294,255,37,70
293,257,37,70
292,257,37,69
292,258,36,67
292,258,35,66
290,259,35,65
289,257,35,66
287,256,36,67
286,255,36,67
286,254,36,68
285,254,36,68
285,251,36,68
284,253,36,68
283,252,36,68
282,251,37,69
281,251,38,71
280,251,38,71
278,250,38,72
276,251,38,72
275,251,38,71
276,253,37,70
274,253,37,69
272,255,37,69
271,252,37,70
270,254,37,70
270,256,36,68
270,253,37,69
269,256,37,69
268,258,36,68
267,255,36,68
265,254,37,70
266,254,37,69
265,255,37,69
264,256,37,69
263,254,37,69
264,256,36,68
262,257,36,69
261,256,36,68
261,255,36,68
260,253,36,68
260,252,37,70
259,255,37,69
258,254,37,70
258,255,37,69
255,256,36,68
254,254,36,68
255,256,36,67
253,257,36,68
254,256,36,68
253,258,36,68
253,258,36,67
252,256,36,68
250,257,36,67
250,255,36,67
249,258,35,66
249,255,35,65
249,256,35,66
249,255,35,65
248,254,35,66
249,255,35,66
247,254,36,67
247,254,35,67
246,256,35,65
246,254,35,66
244,256,36,67
245,255,35,66
244,255,35,66
240,257,35,65
242,257,34,64
242,257,34,63
241,259,33,62
241,257,33,62
241,258,34,63
239,259,33,63
238,261,34,63
239,259,34,64
238,260,33,63
239,260,33,62
238,262,34,63
237,260,34,64
236,258,33,63
237,258,34,64
237,260,34,65
236,261,35,65
237,262,34,64
237,260,34,64
237,261,34,63
236,261,34,63
237,259,34,63
237,259,34,64
236,260,34,63
237,264,33,63
236,258,34,63
238,259,34,63
238,258,34,63
236,262,34,64
237,263,34,64
238,258,34,64
237,263,33,63
236,264,33,63
236,264,33,62
239,262,33,62
237,264,33,61
237,265,32,61
237,266,32,61
236,264,33,61
237,265,32,61
238,265,32,60
237,265,32,61
236,263,32,60
237,264,32,61
238,260,32,60
238,261,32,61
238,262,32,61
239,258,33,62
240,258,34,63
239,258,33,63
238,259,34,63
238,256,34,64
239,258,34,64
239,257,34,64
239,255,35,65
237,258,35,66
239,255,35,67
237,255,35,66
239,252,36,67
238,255,36,68
238,254,36,68
237,257,37,69
236,255,37,69
238,253,37,69
240,253,37,69
239,256,37,69
239,253,37,70
239,254,37,70
240,253,38,71
238,253,38,71
239,253,37,70
240,255,37,70
239,254,37,69
240,254,37,69
240,255,37,69
240,254,37,69
239,251,37,70
242,255,37,69
242,253,37,69
241,252,37,70
242,250,38,71
241,253,38,70
241,253,37,70
241,251,37,70
239,253,38,71
239,252,38,71
240,254,38,72
238,252,38,71
241,253,38,71
241,254,38,71
241,251,38,71
239,252,37,70
237,251,38,72
236,251,38,72
235,249,38,72
234,252,39,74
235,252,39,73
235,250,39,73
235,252,38,71
235,250,38,72
235,250,38,71
235,252,38,72
235,249,38,71
235,251,37,70
234,250,38,71
234,250,37,70
233,252,37,69
232,252,37,69
233,252,36,67
233,253,36,68
232,252,36,67
232,256,35,66
232,252,36,67
232,255,35,66
233,256,35,65
231,258,34,65
232,256,35,66
231,258,35,65
230,257,34,65
231,258,34,64
229,258,34,63
229,255,34,64
229,256,34,63
227,254,34,65
228,256,34,64
227,257,34,64
227,257,34,64
227,256,34,64
227,256,34,64
224,258,34,64
227,258,34,63
226,255,34,63
227,255,34,64
226,255,34,64
226,255,34,65
225,254,35,65
226,252,35,66
225,253,35,65
225,254,35,65
224,256,35,65
223,255,34,64
219,255,34,64
220,256,34,65
219,255,35,65
220,255,35,66
217,254,35,66
214,254,36,67
213,256,36,67
211,255,35,66
211,257,35,66
208,257,35,67
208,255,35,66
209,255,35,67
208,255,35,65
207,252,35,65
207,255,35,65
206,255,34,64
206,255,34,64
206,255,35,65
206,255,35,65
205,253,35,66
206,258,35,65
206,256,35,66
205,254,35,65
204,256,34,65
202,252,35,66
202,252,35,66
202,252,36,67
202,254,35,66
203,255,35,67
202,252,35,67
202,255,35,66
202,256,36,67
201,253,35,66
202,257,35,65
201,256,35,65
201,254,35,66
201,254,35,66
202,257,35,65
201,257,34,65
202,256,35,65
200,255,36,67
201,255,35,66
200,255,35,67
202,257,34,65
201,257,35,66
202,257,35,66
201,255,35,66
202,256,35,66
202,256,35,66
201,257,35,65
201,259,35,66
201,257,35,66
201,255,35,66
201,258,35,65
200,256,35,66
201,254,35,66
200,254,35,65
200,256,35,65
199,254,35,65
200,255,34,65
201,258,34,65
199,256,34,64
200,258,34,63
200,259,34,63
199,258,34,64
200,258,34,63
200,258,33,62
199,257,33,61
201,259,32,61
200,255,32,60
198,256,32,60
200,258,33,61
199,258,32,61
197,257,32,61
197,257,32,59
197,256,32,60
197,258,31,59
197,260,31,58
197,260,31,58
198,259,31,58
198,260,31,59
197,259,31,59
196,260,31,59
196,258,31,59
196,258,32,60
196,258,32,59
194,259,32,60
193,259,32,60
193,259,32,60
193,261,32,60
193,259,32,60
192,258,32,61
191,258,32,60
190,258,32,60
188,259,32,59
187,259,32,59
187,256,32,60
186,258,32,60
185,258,32,60
186,258,32,59
184,257,32,60
182,257,32,60
182,259,32,60
182,260,32,60
180,259,32,59
182,260,32,60
181,260,32,60
179,261,31,59
179,260,31,58
180,260,31,58
179,262,31,58
179,259,30,57
178,259,31,58
178,262,31,57
177,259,30,57
178,261,30,57
177,259,31,57
176,259,31,58
175,260,31,58
175,258,30,57
176,260,30,56
175,259,30,56
175,261,30,56
173,260,30,57
174,260,31,58
172,260,31,58
173,261,31,59
173,261,31,58
172,260,31,58
171,261,30,57
171,262,30,57
172,261,30,57
170,260,30,57
171,262,31,57
170,262,30,57
170,262,30,57
168,262,30,56
168,264,30,56
168,263,30,56
167,263,29,55
166,263,29,55
165,262,30,56
164,261,29,55
164,260,29,55
163,263,29,55
163,261,29,54
162,262,29,54
162,260,29,54
162,261,29,55
161,262,29,54
161,263,29,54
161,263,29,54
160,261,29,54
158,262,29,54
158,264,28,53
157,263,28,52
157,264,28,52
158,264,28,52
157,264,28,53
156,262,28,53
157,262,28,53
156,263,28,53
156,261,28,52
156,263,28,53
155,262,29,54
155,262,29,54
155,263,29,54
154,262,29,54
155,262,29,54
154,262,29,54
153,263,28,53
154,263,28,52
154,266,28,52
153,263,28,53
153,264,28,53
154,264,28,53
153,263,28,53
153,265,28,52
152,266,27,51
152,265,27,52
151,266,27,52
153,266,27,51
153,265,27,50
152,265,27,51
152,265,27,51
151,265,27,51
152,267,27,50
151,268,26,50
150,268,27,50
150,266,27,50
151,267,27,50
150,265,27,51
149,265,27,51
148,266,27,51
147,264,27,51
146,263,27,52
143,263,27,51
144,264,28,52
143,262,27,52
142,263,28,52
144,264,28,52
143,263,27,52
142,263,28,52
141,263,28,52
140,266,28,52
141,266,28,52
140,264,28,53
140,263,28,54
139,265,28,53
139,263,28,52
140,265,28,52
139,266,27,51
139,266,27,50
138,267,27,50
138,266,26,50
139,266,26,50
139,267,26,49
139,268,26,49
139,267,27,50
139,267,27,51
139,267,27,50
139,267,26,49
139,266,27,50
139,267,26,50
139,266,27,50
139,264,27,51
141,267,27,51
140,266,27,51
138,266,27,52
138,266,28,52
140,267,28,52
139,266,28,52
140,265,28,53
140,264,29,54
139,264,29,54
138,264,28,53
137,264,28,54
138,264,28,53
139,262,29,54
139,264,29,54
138,264,29,54
137,261,29,55
140,262,29,55
138,263,30,56
137,263,29,55
138,262,29,55
137,263,29,54
136,263,29,55
137,262,29,55
137,260,29,55
137,262,29,55
137,260,29,55
137,263,29,55
136,261,30,56
136,263,29,55
136,262,30,56
137,261,30,56
137,260,30,56
137,261,29,55
138,261,29,55
137,263,29,55
138,262,30,56
138,260,30,56
139,264,30,57
141,261,30,56
141,264,30,56
143,264,29,55
141,263,29,54
142,263,29,54
143,266,29,54
143,264,28,52
145,266,28,52
144,264,28,52
143,266,28,53
144,265,28,53
144,265,28,53
143,266,28,53
144,266,28,52
146,267,28,52
145,266,28,52
143,266,28,53
145,266,28,52
145,267,28,52
145,266,27,51
144,267,27,52
144,266,28,52
145,266,28,52
145,266,27,52
145,267,28,52
143,266,27,51
145,266,27,51
145,265,27,51
144,267,27,51
144,267,27,51
144,267,26,50
144,267,26,49
144,267,26,49
142,265,26,49
142,265,26,50
142,266,27,51
141,265,27,51
141,265,28,52
138,264,27,51
139,264,28,52
139,263,28,52
138,265,28,52
139,266,27,52
138,264,27,51
138,264,26,50
138,263,27,50
137,264,27,51
137,264,28,52
136,262,28,53
136,264,28,52
135,263,28,52
135,262,28,53
134,262,28,53
135,262,28,54
133,261,29,54
132,261,29,54
133,263,28,53
132,266,28,53
133,264,28,53
133,264,28,53
131,264,28,52
131,264,27,51
132,263,28,52
130,264,28,53
128,263,28,53
128,263,28,53
128,262,28,53
127,264,28,53
127,262,28,53
125,264,28,53
125,264,28,53
123,265,28,53
123,264,28,53
123,265,28,53
123,264,28,53
123,264,28,53
122,264,28,53
122,264,28,52
122,266,27,51
122,266,27,51
122,266,27,51
121,267,26,50
121,268,26,49
120,269,25,48
120,268,25,48
120,270,25,47
120,269,25,46
119,269,25,47
120,270,24,46
119,270,24,46
119,270,25,46
119,268,24,46
118,270,24,45
118,271,24,45
118,272,23,44
117,271,23,44
118,272,23,43
119,272,23,44
119,271,23,43
118,272,23,43
118,271,23,43
118,273,23,42
116,271,23,43
116,271,23,43
118,272,23,43
117,272,23,43
116,272,23,43
116,272,22,42
116,272,22,42
117,273,22,42
116,273,22,42
116,273,22,42
117,272,22,42
115,271,23,42
115,270,23,43
115,270,23,43
115,272,23,43
114,270,24,44
115,270,24,45
114,271,23,44
114,270,23,44
115,271,23,44
114,271,23,44
113,271,23,44
114,270,23,44
112,269,24,44
112,269,24,44
111,270,24,45
111,269,24,45
111,270,25,46
112,268,25,46
111,269,25,46
112,268,24,46
111,269,24,46
111,269,25,46
111,268,25,47
111,269,25,47
111,269,25,47
111,267,25,47
110,268,25,48
111,268,26,49
110,269,26,48
111,269,25,48
111,268,26,48
112,269,25,48
113,270,25,47
113,268,25,48
114,269,25,47
114,269,25,48
115,269,25,47
115,269,26,48
115,269,26,48
115,268,26,48
115,268,26,48
115,267,25,48
115,269,25,47
114,267,25,47
115,269,25,47
115,269,25,46
116,270,24,46
116,268,25,46
115,269,25,46
116,270,24,46
117,269,24,46
117,270,24,46
117,269,24,45
116,270,24,45
117,270,24,45
117,271,24,44
118,272,23,44
119,272,23,43
118,272,23,44
117,273,23,43
117,272,23,43
117,271,23,44
118,272,23,43
118,272,23,43
118,274,23,43
118,274,22,42
118,274,22,41
118,274,22,42
118,274,22,42
117,274,22,41
117,273,22,41
116,273,22,41
116,273,22,42
115,273,22,42
114,271,22,41
115,272,22,42
114,273,22,41
114,271,22,42
113,270,22,42
114,271,23,43
114,271,22,42
113,271,23,43
112,269,23,43
112,271,22,42
111,271,22,42
111,270,22,42
111,270,22,41
111,272,22,41
110,272,22,41
110,272,22,41
110,272,22,41
110,272,22,42
109,271,22,42
108,271,23,42
107,269,23,44
107,268,23,43
106,269,23,44
102,270,23,44
101,270,23,43
99,269,23,44
99,269,23,43
97,269,23,43
96,269,23,44
96,269,23,44
98,269,23,44
96,269,23,43
96,270,23,43
93,270,22,41
96,270,22,41
95,271,22,42
95,272,22,42
94,272,22,41
94,273,21,40
93,272,21,40
93,273,21,40
92,274,21,39
92,273,21,39
92,272,21,39
92,273,20,39
92,273,20,39
91,274,20,37
93,275,20,37
92,274,20,37
91,273,19,37
92,275,20,37
91,274,20,37
91,274,20,37
91,274,20,37
89,273,20,37
91,275,20,37
90,274,20,38
90,275,20,38
90,275,20,38
90,274,20,37
90,275,20,37
90,275,20,38
88,272,20,38
90,274,20,38
89,274,20,38
89,274,20,38
89,273,20,39
90,274,20,38
90,273,21,39
89,273,20,38
88,274,21,39
90,273,21,39
89,272,21,39
88,272,21,40
89,272,21,40
88,274,21,40
88,274,21,39
88,274,21,39
88,274,21,40
88,273,21,40
88,272,21,40
87,274,22,41
87,272,21,40
87,274,21,40
87,273,21,39
87,273,21,39
88,274,21,40
87,273,21,40
88,274,21,40
88,273,21,39
87,273,21,40
87,273,21,40
86,273,21,40
87,273,21,40
87,273,21,40
86,273,21,39
87,273,21,40
87,273,21,39
87,273,21,40
88,274,21,39
88,274,21,39
88,273,21,39
89,274,21,39
89,274,21,39
89,273,21,39
89,273,21,39
88,273,21,39
88,272,21,40
88,273,21,39
90,273,21,39
90,273,21,39
90,274,20,39
89,273,21,39
91,274,21,39
90,273,21,40
90,272,21,40
90,273,21,39
90,274,21,39
91,275,21,39
90,274,21,39
90,273,21,39
90,273,20,39
90,272,21,39
89,273,21,39
89,273,21,39
89,273,21,40
89,273,21,40
88,272,21,40
87,271,22,41
86,272,22,41
86,271,22,41
86,272,22,41
85,272,22,42
85,269,22,42
84,271,23,43
84,271,23,43
83,271,22,42
83,272,22,41
82,271,22,42
82,272,22,42
82,272,22,42
82,272,22,42
81,273,22,41
81,270,21,41
81,272,21,40
81,272,21,40
81,272,21,40
80,271,21,40
81,271,21,40
80,273,21,39
80,270,21,39
80,273,20,39
80,273,20,38
80,274,20,37
80,272,20,37
79,273,20,37
80,274,20,37
79,273,20,38
78,272,20,38
79,273,20,38
79,272,20,38
78,273,21,39
77,273,21,39
77,272,21,39
78,273,21,40
78,272,21,40
77,270,21,40
77,271,21,40
77,271,21,40
76,271,21,40
76,272,21,40
76,272,21,40
76,271,21,40
74,272,21,40
74,272,21,40
74,273,21,40
73,272,21,39
73,273,21,39
72,273,20,39
72,273,21,39
70,273,21,39
71,272,21,39
70,271,21,40
70,271,21,40
70,271,22,41
69,272,21,41
70,271,22,41
70,270,22,41
69,270,22,42
69,272,22,41
70,273,21,40
69,272,21,41
69,273,21,40
70,273,21,40
69,272,22,41
70,272,21,40
69,272,21,40
70,271,21,40
70,272,22,41
70,272,22,41
72,272,22,41
72,271,22,42
71,272,22,42
72,272,22,41
73,272,22,41
72,272,22,41
72,272,22,41
72,272,22,41
72,273,21,40
74,272,22,41
75,273,21,41
74,273,22,41
74,272,22,41
74,271,22,41
75,273,22,41
76,271,21,41
77,272,21,40
77,272,21,40
78,271,21,40
78,272,21,40
77,271,21,40
77,270,22,41
78,271,21,40
78,271,22,41
78,270,22,41
79,272,22,41
79,271,22,41
80,271,22,42
80,270,22,41
80,271,22,41
80,272,22,41
80,272,21,41
81,270,21,40
83,270,21,40
83,271,21,40
83,271,21,40
83,271,21,40
84,271,21,40
84,270,22,41
85,272,22,41
86,271,21,40
87,272,21,40
86,271,21,41
87,272,21,40
86,271,21,40
89,272,21,39
88,273,20,38
89,273,20,38
90,272,20,38
91,273,20,38
91,273,20,38
93,273,20,38
95,273,20,38
96,274,20,38
96,273,20,37
97,274,20,37
97,274,20,37
98,274,20,37
98,275,20,37
98,275,19,36
99,274,19,37
99,274,20,37
101,272,19,36
101,274,19,36
101,274,19,36
101,273,20,37
101,274,19,37
102,275,19,36
102,277,19,36
103,277,19,36
103,277,19,36
103,277,19,36
103,278,19,37
104,276,19,37
104,276,19,37
103,276,20,37
104,277,19,36
104,277,19,36
106,279,19,35
105,279,18,35
107,279,19,35
106,278,19,36
108,278,19,35
109,277,18,35
109,276,18,35
110,277,18,34
111,276,18,34
111,276,18,34
112,278,18,34
112,277,18,34
111,276,18,34
112,277,18,35
112,277,18,35
113,276,19,35
113,277,18,35
114,276,19,35
114,274,19,35
114,274,19,36
114,274,19,36
114,273,19,37
114,273,20,37
114,273,19,37
114,272,19,37
115,273,20,37
115,273,20,37
116,273,20,38
116,273,20,38
116,273,20,38
116,273,20,37
117,272,20,38
118,273,20,38
118,273,20,38
118,274,20,38
120,273,20,38
120,273,20,38
122,273,20,38
122,274,20,37
124,274,20,37
125,274,19,36
125,274,20,37
125,274,19,36
127,273,19,36
126,273,19,36
126,272,19,37
127,274,19,37
127,274,19,37
128,273,19,36
128,274,19,37
128,273,19,37
128,273,19,36
128,274,19,35
129,273,19,36
129,273,19,36
129,274,19,36
129,272,19,36
129,273,19,36
130,272,19,36
130,275,19,36
130,274,19,36
130,274,19,35
131,275,18,35
131,275,18,35
131,275,18,34
131,275,18,34
132,274,18,34
132,274,18,34
132,275,18,34
133,276,18,33
133,275,17,33
133,274,18,33
133,275,18,33
133,275,17,33
133,274,17,33
133,274,18,33
134,273,17,33
133,273,18,33
134,274,18,33
134,275,17,33
135,275,17,33
134,275,17,32
134,274,17,32
134,275,17,32
135,276,17,32
135,275,17,32
135,277,17,32
135,275,17,31
140,276,16,31
148,277,16,31
149,277,16,31
149,276,16,31
149,277,16,30
150,277,16,30
149,279,16,30
150,277,16,30
150,276,16,30
151,276,16,30
150,276,16,30
150,273,16,30
150,273,16,31
151,273,16,30
151,274,16,30
152,275,16,31
152,274,17,31
153,275,17,31
153,275,17,31
154,276,16,31
154,275,16,31
155,275,16,31
155,276,16,31
156,275,16,30
156,277,16,30
157,277,16,30
156,276,16,30
157,277,16,30
158,277,16,30
158,277,16,30
158,277,16,30
158,277,16,30
158,278,16,31
159,277,16,30
159,277,16,30
