580,314,12,33
580,314,11,32
579,314,11,32
579,313,10,34
578,313,12,34
578,314,11,32
579,312,11,36
578,313,11,36
578,312,11,36
578,312,10,37
578,316,9,34
578,314,9,34
578,313,10,38
578,314,10,35
577,316,10,33
577,315,10,35
581,310,12,35
577,312,11,37
576,314,10,37
579,309,11,38
581,308,13,36
578,308,12,39
578,307,12,39
576,309,11,40
576,310,10,40
575,308,11,40
576,308,10,42
576,309,10,41
577,310,9,40
577,309,10,41
576,309,10,40
576,308,10,43
576,308,11,42
576,308,10,42
576,308,10,42
577,308,10,42
576,309,10,41
577,312,9,37
577,311,9,39
577,311,9,39
577,313,9,36
577,312,10,37
577,313,10,37
577,313,10,37
577,312,11,37
577,313,10,35
578,314,10,35
578,312,10,36
578,310,10,39
578,313,10,36
578,315,9,34
578,313,10,36
577,311,10,39
578,313,10,36
578,314,10,35
578,313,10,37
578,313,10,36
578,313,9,35
578,313,9,37
578,314,9,35
578,314,9,35
578,313,9,36
578,314,9,36
578,314,9,35
578,313,9,36
578,311,10,37
577,312,10,36
577,312,10,36
576,311,10,37
576,310,11,38
576,310,11,38
576,309,10,39
576,308,11,40
575,310,12,37
576,310,12,37
577,309,11,39
576,310,11,40
576,311,12,37
576,310,12,40
577,310,11,40
577,311,11,39
577,311,11,39
577,311,11,39
577,311,11,39
577,311,11,39
577,312,12,37
577,313,11,36
578,311,11,39
578,310,11,39
578,312,11,36
577,314,11,35
578,312,11,37
578,311,11,38
577,312,11,37
578,316,10,34
577,313,11,37
578,311,11,39
577,312,11,37
577,314,11,36
577,313,10,36
576,311,11,39
577,311,11,38
577,313,10,36
577,312,10,37
577,311,10,37
577,311,10,36
577,314,10,34
577,312,10,36
577,314,10,35
577,312,10,37
576,312,10,36
576,314,10,34
576,313,10,35
575,313,10,33
575,313,11,34
576,311,11,35
576,313,11,33
575,313,10,32
575,312,11,34
575,311,12,35
575,312,11,34
575,311,11,35
575,312,10,35
575,311,10,36
575,311,11,34
576,311,11,35
576,311,10,35
576,311,10,36
574,315,12,33
575,314,12,33
575,314,11,33
575,314,11,34
574,314,12,33
574,315,12,33
574,315,12,33
574,313,11,34
574,315,12,33
574,314,12,33
574,314,11,34
574,314,12,33
574,314,12,34
573,313,12,34
573,313,12,35
573,313,12,35
573,313,12,35
573,313,12,34
573,310,11,38
573,312,11,35
573,312,11,36
574,311,10,36
574,311,10,37
574,311,11,36
575,312,10,36
574,310,11,37
573,311,11,36
574,313,10,35
574,312,10,36
574,312,11,35
573,312,11,35
573,310,11,36
573,310,11,36
573,311,11,34
572,310,11,36
572,312,12,34
573,311,12,34
572,312,11,33
572,311,12,33
573,312,11,34
574,313,11,34
575,313,10,35
574,315,11,33
574,314,11,34
575,313,9,37
575,315,11,34
575,314,10,35
575,315,10,34
575,314,11,32
576,313,11,33
576,315,10,33
576,316,10,33
574,316,12,33
577,316,10,32
577,317,9,31
577,317,9,30
577,315,10,32
577,316,9,33
577,316,9,33
576,315,10,33
576,314,10,34
576,313,10,34
576,314,11,33
576,314,10,34
576,315,9,33
577,315,9,34
576,311,11,37
576,313,10,34
576,313,10,33
576,312,10,33
575,310,11,35
575,313,10,33
575,312,10,33
575,313,10,33
575,314,10,32
575,313,10,33
575,315,10,31
575,317,10,28
575,315,10,30
574,313,10,31
574,312,10,32
574,312,11,33
573,314,12,33
573,312,12,33
574,311,10,35
574,313,11,33
574,313,11,32
574,315,11,32
574,313,10,35
573,316,11,32
573,316,11,32
573,315,11,33
573,312,11,33
574,312,11,32
573,310,11,33
573,309,10,34
573,311,11,31
569,310,11,30
574,311,11,30
574,313,11,30
576,315,10,29
576,312,11,30
576,313,10,30
577,314,11,30
578,314,11,30
577,313,11,30
576,315,11,31
575,315,11,30
576,314,11,30
576,315,10,30
577,314,10,30
577,314,9,29
576,314,10,30
574,313,11,30
576,315,10,29
575,314,10,30
576,316,10,30
576,317,9,29
577,317,10,29
577,317,9,30
577,317,9,30
577,317,10,29
576,318,10,29
577,316,10,29
577,315,10,30
577,317,10,30
576,316,11,30
577,315,10,32
576,317,10,30
576,315,10,32
577,315,10,33
575,314,11,32
575,315,11,31
575,315,11,31
575,315,11,32
575,315,11,31
575,315,11,31
576,316,11,31
576,317,11,31
575,316,11,31
575,317,11,31
576,315,10,32
575,316,11,32
575,316,11,32
575,315,11,32
575,316,11,31
575,316,11,31
575,314,10,32
575,315,11,30
575,315,11,30
574,316,10,30
575,316,10,30
575,315,10,30
575,315,10,30
575,315,10,31
574,315,10,30
574,315,10,31
574,315,10,31
575,315,10,31
575,314,9,33
575,314,10,33
574,315,11,32
575,314,10,34
575,313,9,34
575,313,10,34
575,313,10,34
575,314,10,33
575,315,10,32
575,315,10,31
574,316,10,31
574,316,10,32
573,314,11,31
574,313,10,33
573,315,11,31
574,315,11,31
575,314,9,32
575,316,10,31
574,315,10,31
574,314,10,33
573,315,9,32
571,316,12,33
573,317,10,32
578,313,10,34
583,315,11,33
590,315,12,34
598,316,12,33
625,317,12,33
632,313,9,32
635,313,10,33
637,316,12,33
636,313,11,33
632,311,10,33
622,315,11,32
614,315,11,32
597,313,12,33
598,312,10,31
587,313,11,32
583,313,10,31
583,314,11,31
582,316,11,32
583,316,10,32
583,318,10,31
584,319,10,29
584,318,10,28
584,317,9,28
584,316,9,27
584,314,10,28
583,313,10,29
584,316,10,28
584,314,10,30
584,313,10,31
583,312,10,31
583,312,11,30
583,311,11,32
583,311,11,32
583,311,12,32
582,313,12,33
583,313,12,32
583,313,12,33
583,311,12,33
583,312,12,34
583,313,12,34
583,310,12,35
584,310,12,35
584,311,12,35
584,309,12,35
584,308,12,37
583,310,12,36
584,309,12,37
584,308,12,37
584,307,12,37
584,308,12,37
584,309,12,36
584,307,12,37
584,307,12,37
584,308,11,35
583,307,12,35
582,310,12,35
582,311,12,35
582,309,12,35
582,310,12,35
582,309,12,35
582,309,12,35
583,308,11,34
582,309,12,34
583,308,11,34
583,307,11,34
583,310,12,34
585,308,12,33
585,307,12,33
586,306,12,33
582,312,12,35
584,310,10,33
584,312,11,32
584,311,10,32
584,314,11,33
584,315,11,33
585,313,10,32
585,314,11,33
585,312,10,32
585,314,10,31
585,313,9,31
586,314,10,31
586,314,9,31
586,314,10,30
586,315,9,29
585,318,11,32
584,318,11,32
587,315,8,31
586,316,8,30
587,315,9,30
587,314,9,33
587,313,10,33
587,313,9,33
587,313,9,33
586,314,9,31
586,314,8,31
586,315,8,29
586,316,8,28
585,316,8,28
586,316,8,28
586,316,8,30
586,315,9,30
586,315,9,31
586,314,9,32
586,315,9,31
586,315,9,31
586,315,9,30
586,315,9,30
587,315,8,29
587,316,8,27
586,317,8,27
586,315,9,29
586,315,9,29
586,316,9,29
587,316,8,28
586,316,9,28
586,317,9,28
586,316,9,28
586,317,9,28
586,316,9,27
585,316,9,28
585,316,9,28
585,316,8,29
585,315,9,30
585,318,8,29
585,317,8,28
585,316,9,29
585,316,8,29
585,315,8,30
585,315,9,28
585,316,9,28
585,316,9,28
586,317,9,27
585,317,8,27
586,317,8,26
586,317,9,27
586,316,8,28
586,318,8,26
586,317,8,27
586,317,8,26
586,317,8,27
586,316,8,29
586,316,8,28
586,317,8,26
586,317,8,27
586,317,8,27
586,317,9,27
586,317,8,27
586,318,8,26
586,316,8,27
585,315,8,29
585,316,8,28
585,316,9,28
585,315,9,30
585,316,9,28
585,315,9,30
584,315,9,29
584,315,9,29
584,315,9,29
584,314,9,29
584,316,9,29
584,316,9,28
584,315,9,29
584,315,9,29
583,315,10,30
583,315,10,29
583,316,10,28
583,316,10,28
583,314,10,30
583,314,10,30
583,314,10,30
583,314,10,30
583,314,10,30
584,314,10,30
583,315,10,30
584,314,9,30
584,316,9,29
584,316,9,29
584,316,9,29
584,316,9,29
583,316,9,29
584,315,9,30
583,315,9,30
583,317,9,29
583,316,10,30
582,316,10,29
582,315,10,30
582,314,10,29
582,315,10,29
582,313,10,30
582,313,10,31
582,315,11,30
582,315,11,30
582,315,11,31
581,313,11,31
582,314,11,31
581,313,11,31
582,313,11,32
582,313,11,32
582,313,12,33
582,312,11,32
581,310,12,35
582,312,11,33
582,311,11,34
582,311,11,35
582,309,11,36
583,310,11,36
583,310,11,35
583,311,11,35
583,311,11,34
583,312,11,33
583,312,11,33
583,313,11,32
583,314,11,32
583,314,14,39
583,313,14,38
583,316,14,38
584,315,13,38
582,315,14,38
584,315,13,38
581,315,13,38
583,315,13,38
584,315,13,37
582,316,13,37
581,314,13,38
581,314,13,37
581,316,13,37
582,313,13,37
581,313,13,38
581,314,13,38
581,313,13,38
581,315,13,37
582,313,13,38
582,314,13,37
582,314,13,37
582,313,13,37
582,312,12,35
583,311,12,35
582,313,12,36
583,312,11,35
583,311,11,36
583,310,11,35
583,310,11,37
583,310,11,37
582,312,14,38
583,312,11,35
582,312,12,36
583,313,12,35
582,313,13,37
584,311,11,35
583,313,11,35
584,312,11,34
584,313,10,33
582,314,13,37
584,313,10,32
583,313,12,36
582,313,12,36
582,313,12,36
583,312,10,36
583,312,11,36
582,314,12,36
584,310,10,33
583,313,12,35
583,311,11,34
584,310,11,34
583,310,12,35
583,309,11,36
583,313,12,36
583,311,11,37
584,310,11,35
583,310,11,36
583,310,11,36
582,313,12,36
582,313,12,36
583,311,11,35
582,312,13,37
583,310,12,37
584,310,10,34
583,311,11,35
583,310,11,35
583,311,11,36
583,311,11,36
583,310,11,37
583,310,12,37
584,311,11,34
583,312,12,35
584,311,10,33
583,312,11,34
583,312,11,33
584,314,11,34
583,313,11,34
584,312,10,32
582,310,11,33
583,313,11,32
583,311,11,34
583,312,11,33
583,311,10,33
583,311,11,32
583,311,10,33
583,311,11,33
583,312,10,33
583,312,10,32
584,312,10,33
582,316,13,36
581,314,13,35
583,314,13,36
584,316,11,33
584,313,10,31
584,312,10,32
583,312,11,34
583,313,12,35
581,314,13,36
583,312,10,34
581,314,13,36
582,313,11,35
582,312,12,37
583,311,10,35
583,311,10,35
582,312,12,36
581,313,13,38
583,310,11,36
582,313,13,38
582,313,12,36
584,312,11,35
583,313,12,35
584,312,11,36
583,316,13,37
583,314,12,36
583,316,12,37
585,316,11,35
584,317,13,36
597,320,13,36
601,318,13,35
603,320,13,35
605,320,12,34
605,318,12,34
605,317,12,35
605,317,12,35
606,317,11,35
606,316,12,35
606,314,11,35
606,311,10,36
606,310,11,36
606,313,12,37
606,311,11,37
605,313,12,37
606,310,11,37
606,311,11,36
606,310,11,37
606,315,12,36
606,312,11,35
606,313,12,36
606,311,12,36
606,312,13,37
606,311,12,36
606,309,12,35
606,308,11,35
606,313,12,36
606,309,11,33
606,310,12,34
606,311,12,34
606,311,11,33
606,309,11,33
606,310,11,33
606,311,11,33
606,311,11,33
606,311,11,34
607,310,11,34
606,310,10,33
606,310,10,34
605,315,13,36
605,314,12,35
605,314,12,35
604,314,13,36
604,313,11,34
605,313,11,34
605,312,10,33
605,308,10,34
605,309,10,34
605,309,11,36
605,310,11,35
605,310,11,34
605,306,11,37
606,311,11,34
606,312,11,34
606,309,11,35
605,308,12,37
606,311,11,34
606,309,12,36
606,309,12,36
606,308,12,37
606,311,12,35
607,310,11,35
606,311,12,35
606,309,12,36
606,309,11,36
606,309,11,37
606,310,12,35
607,309,11,35
607,310,11,35
607,311,11,34
607,311,11,33
607,312,11,33
607,312,11,32
607,316,11,29
607,316,10,30
607,315,10,31
608,318,10,28
607,318,12,33
608,319,10,30
607,318,12,34
607,319,11,32
607,319,10,27
608,320,10,28
608,320,10,26
607,319,12,33
607,317,9,26
607,316,9,28
606,317,10,30
607,315,9,29
606,317,11,31
605,317,11,31
606,316,10,29
607,315,9,30
607,316,9,29
607,317,8,27
607,315,10,29
606,313,10,31
606,313,10,32
607,312,9,31
606,310,10,34
606,308,10,35
606,309,9,34
606,311,10,34
606,311,10,34
606,310,11,35
606,311,11,35
607,311,10,33
606,311,10,34
606,311,11,36
605,312,12,35
607,311,10,34
606,312,11,36
606,312,10,33
607,314,9,31
605,314,11,34
605,314,12,36
605,313,11,35
606,311,10,33
605,312,11,35
607,310,10,34
607,309,10,35
606,310,11,35
607,308,11,36
607,309,11,35
606,311,12,36
606,312,12,36
607,309,11,36
607,309,11,35
607,310,11,35
607,310,10,35
606,311,12,37
607,310,11,36
606,311,12,38
606,311,12,38
606,311,12,37
605,311,14,39
606,311,13,39
605,311,14,40
604,310,14,40
607,309,11,35
605,310,14,40
606,311,13,37
607,310,11,34
605,311,13,39
607,309,11,37
607,309,11,35
607,309,11,35
605,311,13,37
606,313,13,38
606,311,12,37
606,311,12,36
606,311,12,36
605,312,13,38
605,312,13,38
605,309,11,36
606,308,11,35
604,312,14,39
606,310,11,35
606,309,11,36
606,308,11,38
606,307,11,37
606,311,11,35
606,309,11,36
604,313,14,39
605,311,12,36
605,312,12,37
605,311,12,36
605,310,15,41
607,310,11,35
605,310,15,42
604,309,15,42
604,308,15,42
605,308,14,41
605,309,14,41
604,309,15,42
605,309,14,41
604,310,15,42
604,309,15,42
604,309,15,42
605,309,14,42
604,309,15,42
606,308,13,41
608,307,11,40
605,309,14,41
606,310,14,41
606,310,13,39
606,309,14,40
606,311,14,40
606,310,14,41
607,311,13,39
608,311,12,38
606,310,15,41
607,312,13,40
607,312,13,39
606,311,14,40
606,310,13,39
606,312,14,40
606,311,14,40
606,312,14,40
606,312,14,39
606,312,14,38
605,313,13,38
606,314,13,37
605,313,13,38
606,314,13,37
607,314,12,33
608,313,10,33
606,313,12,38
607,313,10,34
608,314,10,33
608,312,10,36
607,313,11,36
607,315,11,34
607,314,11,34
607,311,11,37
607,315,11,32
607,315,11,34
607,313,11,35
606,314,12,35
605,315,13,38
607,314,11,33
606,313,11,34
606,314,11,33
606,315,11,33
606,313,11,34
606,314,11,32
606,315,11,32
606,314,11,33
606,313,12,33
605,314,12,34
606,315,11,32
606,314,11,33
605,314,12,34
604,314,13,36
605,313,12,34
605,314,11,33
603,313,14,41
604,313,13,36
605,312,12,35
605,312,12,34
605,314,12,33
605,314,12,34
605,312,13,35
605,311,13,36
605,312,12,35
605,313,12,35
605,313,12,34
605,312,12,35
606,311,12,36
606,313,12,35
606,313,11,35
606,311,12,36
605,312,12,35
606,312,12,34
606,312,11,35
605,312,12,35
604,313,13,37
606,313,11,33
606,312,11,34
605,312,12,34
606,313,11,33
606,313,11,33
606,313,11,34
606,313,11,34
606,313,11,33
606,313,11,34
606,313,11,34
606,313,11,34
606,312,11,34
606,313,11,34
606,314,11,33
606,311,11,35
606,313,11,33
606,315,11,32
606,312,11,34
606,312,11,33
606,315,11,31
604,315,12,35
604,314,12,35
605,315,11,33
605,316,11,33
601,314,13,38
602,312,14,38
596,316,13,38
579,312,13,37
578,312,13,37
579,314,13,38
580,313,13,38
575,313,11,32
579,313,13,37
582,313,13,37
594,316,13,37
602,316,13,36
610,319,13,36
608,314,13,36
612,312,13,36
606,314,13,37
611,312,13,37
606,312,13,36
605,313,13,37
603,313,13,36
602,315,13,37
603,313,13,37
605,313,13,37
606,314,13,37
602,313,13,37
604,314,13,38
593,313,13,38
590,312,13,38
597,313,13,38
609,312,13,38
604,312,13,38
595,313,13,37
594,312,13,37
596,312,13,38
588,312,13,37
584,311,13,37
592,312,13,38
587,312,14,38
583,310,14,39
577,310,13,36
577,311,14,39
579,312,13,35
577,312,13,37
584,310,14,38
578,310,14,39
574,313,14,39
564,311,12,32
563,312,11,31
558,312,12,33
559,312,11,32
559,311,12,30
559,314,11,29
559,312,11,31
559,314,11,31
558,314,12,33
558,313,12,33
557,314,12,34
558,314,12,32
558,312,11,31
558,314,12,35
556,313,13,37
556,314,13,37
556,313,13,36
559,314,11,28
557,313,12,35
558,314,12,33
557,314,13,37
562,312,12,31
559,314,11,29
559,313,11,30
559,313,11,29
559,313,11,29
559,314,11,29
560,314,11,29
559,314,11,30
560,313,10,29
559,314,10,30
558,314,12,33
558,314,12,33
558,315,11,32
559,315,11,30
557,314,12,35
557,313,12,35
558,314,12,33
558,314,12,34
558,314,12,33
558,313,12,35
560,314,10,31
559,313,11,33
559,312,13,36
561,312,13,35
556,314,11,30
558,315,10,29
556,314,11,33
556,312,12,35
557,314,12,34
559,315,12,33
561,315,10,30
562,315,10,30
562,314,10,30
561,315,10,30
560,313,12,34
578,316,12,34
569,315,12,34
575,313,11,33
584,313,11,32
585,314,10,32
585,315,10,31
585,314,10,32
585,314,10,31
585,312,11,33
585,312,10,34
585,312,11,35
585,312,10,33
586,312,10,34
586,314,11,34
586,312,9,34
586,312,11,35
586,312,10,34
585,309,10,36
585,312,11,36
585,311,10,36
585,312,11,37
586,309,11,38
585,309,11,39
585,306,11,40
585,307,12,41
586,308,11,39
585,309,11,38
585,306,12,41
584,310,13,40
586,309,11,38
586,307,11,40
586,310,12,37
586,309,12,37
585,310,11,36
585,311,11,37
586,310,11,36
585,311,11,37
583,312,12,38
586,310,10,36
586,312,10,34
585,312,11,35
583,312,13,38
583,312,13,37
585,313,11,34
584,312,12,35
585,311,11,33
585,311,11,35
585,311,10,34
583,312,14,40
583,311,14,40
583,311,13,39
585,311,12,37
583,313,14,39
583,313,13,38
585,313,12,36
584,314,14,39
585,313,13,37
585,313,12,36
587,312,10,34
585,313,12,35
586,312,11,34
584,313,14,39
585,312,13,37
584,313,12,36
586,313,12,35
586,312,11,35
585,312,11,36
585,311,12,37
585,311,12,37
586,310,11,36
586,310,11,36
585,311,12,38
586,309,11,38
585,308,11,39
586,310,12,38
586,310,12,38
587,309,11,38
586,310,12,38
586,307,10,41
585,310,12,39
586,309,12,39
586,306,11,40
585,310,12,38
586,308,12,37
586,310,11,37
586,310,12,38
585,311,12,38
586,310,11,37
586,309,12,38
584,312,14,39
587,309,11,37
587,311,11,36
586,309,11,37
586,310,11,37
587,311,11,36
587,310,11,37
587,311,12,36
587,311,12,35
587,311,12,35
586,311,11,36
586,311,11,36
586,312,12,35
586,311,11,36
586,311,11,36
586,311,11,36
586,311,11,36
586,311,10,37
586,311,10,35
586,310,11,36
586,311,11,35
586,310,11,36
586,310,11,36
586,311,11,36
586,310,10,37
586,311,10,36
586,311,10,36
587,313,11,34
586,312,10,35
586,311,11,36
586,311,11,36
586,311,10,36
586,311,11,36
584,312,12,38
586,310,11,38
586,310,12,37
586,309,11,38
585,312,11,37
586,310,11,38
586,310,11,37
586,310,11,37
586,311,10,37
586,310,12,38
586,312,11,35
586,312,11,35
585,311,11,37
586,311,11,36
587,312,11,34
586,310,11,35
585,310,11,36
586,311,12,36
586,311,11,35
586,310,11,35
586,311,12,33
586,312,12,33
586,311,13,34
586,311,11,33
586,311,12,33
586,311,12,35
586,311,12,36
587,309,11,37
587,311,11,36
587,310,12,37
588,311,11,36
588,309,11,39
588,311,11,37
588,313,11,36
589,310,10,36
588,312,12,38
588,311,11,37
588,312,13,37
586,310,14,40
588,309,11,38
588,308,11,39
589,310,11,37
588,309,11,38
589,309,11,36
589,309,12,37
589,310,12,36
588,310,11,37
588,310,12,37
588,311,12,37
588,310,12,36
588,311,12,35
588,310,12,36
588,309,13,37
587,312,12,35
587,311,12,36
586,310,12,37
584,310,15,41
586,310,12,37
583,310,14,39
584,311,13,39
585,310,12,38
586,310,11,36
586,311,11,36
584,313,13,37
586,312,11,35
585,310,12,36
586,310,11,34
586,309,12,36
586,309,12,36
586,310,12,37
585,310,12,37
586,310,11,36
586,311,11,35
585,311,13,36
586,310,12,35
586,310,12,35
586,310,11,36
587,312,12,34
584,313,14,40
587,312,12,33
585,314,14,39
588,312,12,35
586,315,13,38
586,315,12,36
589,314,11,31
589,314,11,33
589,313,11,34
585,314,14,38
588,315,11,33
587,313,11,35
587,315,11,32
587,314,10,34
586,317,11,33
586,313,10,34
585,314,11,33
584,311,11,35
582,314,12,36
584,312,11,34
583,311,11,35
583,312,12,35
583,312,11,33
582,311,12,33
583,311,11,33
583,311,12,34
583,312,13,36
582,311,13,37
582,310,11,36
583,310,11,36
581,308,11,38
581,309,12,38
581,308,11,38
581,308,11,38
581,309,10,37
581,311,13,38
582,309,11,36
581,309,11,36
581,311,12,36
583,310,11,33
581,310,14,41
581,311,14,40
582,311,13,38
584,313,12,36
585,312,11,33
585,312,12,35
583,312,13,38
582,311,15,41
585,312,12,35
585,312,13,36
584,312,14,40
584,311,14,40
584,312,14,39
584,313,14,39
584,313,14,39
584,312,14,39
585,313,12,36
585,313,11,35
585,312,11,35
586,313,12,34
586,314,14,38
586,313,10,33
585,314,12,36
586,313,10,34
586,312,11,36
585,314,11,35
586,313,11,34
586,313,11,34
586,312,11,35
586,310,11,36
585,310,11,36
585,311,12,38
584,311,12,37
585,310,11,37
585,311,11,37
586,311,12,36
585,310,11,37
585,310,11,37
586,311,11,36
584,309,12,37
585,310,11,37
586,308,11,38
585,304,9,41
584,300,11,44
584,300,11,43
584,302,11,42
584,303,10,40
585,303,10,42
585,306,10,39
586,307,11,38
586,309,10,37
586,310,11,37
585,307,11,39
586,306,11,38
586,305,11,41
585,305,11,41
585,302,11,42
585,304,11,40
584,305,12,39
584,305,12,40
584,309,12,36
583,310,12,38
584,312,12,37
585,310,10,36
586,308,10,36
584,310,12,38
583,312,14,38
583,310,13,38
584,305,11,38
585,304,11,37
583,308,11,36
584,306,11,38
583,310,12,37
583,311,12,38
583,311,12,38
583,310,12,38
584,307,10,38
584,312,12,35
582,311,14,39
583,309,12,38
583,311,12,37
584,310,12,37
585,309,12,36
585,309,11,35
583,312,13,37
585,310,11,34
585,311,11,34
585,312,12,36
585,310,11,35
583,313,14,38
585,311,12,37
584,311,12,38
584,309,12,38
586,305,11,40
585,309,11,38
585,307,11,39
586,310,11,36
585,307,12,39
585,309,11,39
586,309,11,37
585,312,11,35
585,310,12,38
584,313,13,38
585,313,12,36
587,315,11,33
586,313,11,35
586,313,10,34
586,314,10,32
587,316,11,32
587,314,12,32
587,314,10,32
586,315,11,34
585,313,11,34
586,314,10,34
586,313,10,34
586,313,10,34
587,313,11,33
586,313,11,34
586,315,11,34
585,315,12,36
585,313,13,36
585,313,13,38
584,313,13,38
584,313,13,37
587,311,10,36
586,311,10,35
586,313,11,34
587,312,10,33
587,312,11,34
587,312,11,33
587,312,11,34
587,312,11,33
587,313,12,33
586,312,11,34
586,313,10,33
586,312,11,34
586,314,11,33
586,311,11,36
586,311,11,35
586,311,11,35
585,312,11,36
585,314,10,33
587,315,10,33
586,316,11,32
585,313,11,34
584,316,10,32
582,314,13,37
581,315,13,37
579,316,13,37
581,314,11,33
580,315,10,32
579,314,10,32
580,315,10,31
579,316,10,32
580,314,10,34
580,314,11,33
581,315,10,31
581,315,11,35
580,315,11,34
581,316,11,34
581,315,10,31
577,314,13,37
582,316,11,33
573,312,13,35
581,314,10,33
585,315,11,34
584,315,13,37
585,315,13,36
587,315,10,33
587,316,10,31
587,315,10,33
587,315,10,34
588,311,10,34
587,312,10,34
588,313,10,33
587,312,11,34
588,313,9,33
589,313,11,33
589,311,11,34
586,316,12,35
588,314,10,34
589,312,10,36
589,313,10,35
589,311,10,36
590,313,10,34
590,311,11,37
590,311,11,38
590,311,11,36
590,313,11,35
590,313,11,34
590,314,11,34
590,312,11,36
590,313,11,36
590,314,10,34
590,314,11,35
589,313,12,37
590,313,11,35
590,312,12,36
590,310,11,38
591,310,12,37
591,311,11,37
591,311,11,37
592,311,12,36
591,313,12,35
592,311,11,35
591,310,12,36
591,308,12,39
591,308,12,39
591,310,12,37
590,312,12,36
590,311,12,37
588,312,14,41
587,311,14,40
589,312,12,37
589,311,11,37
588,312,13,38
588,312,12,38
589,313,11,36
590,310,11,37
590,310,11,37
589,310,12,38
590,311,12,38
588,309,11,38
589,311,11,37
589,311,11,37
590,310,11,37
590,310,11,36
590,311,11,35
589,313,12,35
589,312,10,36
589,313,10,34
590,313,10,34
589,314,12,35
590,312,11,35
589,312,11,36
589,314,12,36
590,313,11,34
590,312,11,35
590,312,11,35
590,313,11,34
591,313,11,34
591,312,11,36
591,313,11,34
591,314,11,34
590,312,11,35
590,311,11,37
591,312,11,36
590,312,11,37
590,311,11,38
590,310,11,40
590,311,11,38
590,311,12,38
590,310,11,39
590,311,12,38
590,312,12,36
589,309,11,38
590,309,11,38
590,309,12,38
589,309,11,38
589,307,12,40
589,308,12,38
589,309,11,38
590,312,11,34
590,311,12,35
589,314,11,33
587,315,12,35
586,314,14,38
584,315,14,38
587,315,13,37
586,313,12,37
589,312,9,35
587,313,13,38
587,311,14,38
589,304,11,40
587,308,13,39
587,308,13,40
589,305,11,38
588,308,13,39
589,307,10,39
588,306,11,40
588,310,12,38
587,311,12,38
586,312,13,39
589,311,11,37
588,315,11,33
590,313,10,36
586,315,13,37
587,317,12,35
588,317,9,31
589,318,9,30
589,317,11,32
589,318,10,30
587,317,13,36
586,317,13,36
586,316,13,36
590,314,9,34
589,315,10,33
589,313,10,35
590,312,9,34
589,311,9,36
590,311,9,37
588,314,11,36
589,313,10,36
590,313,9,35
590,312,10,36
589,313,10,35
589,315,9,34
589,314,10,34
589,312,9,35
589,313,10,34
589,314,10,33
589,314,9,34
589,313,9,35
589,312,9,35
588,314,10,34
588,313,10,36
588,312,10,36
588,314,11,36
586,315,12,36
587,314,11,36
588,312,10,37
589,312,10,37
589,312,10,36
589,311,10,36
590,314,9,34
588,314,11,36
588,314,11,37
588,314,12,37
591,312,10,37
590,312,10,37
591,313,11,36
591,314,11,35
593,313,11,33
592,312,12,34
593,312,12,34
591,314,13,38
592,314,11,33
593,315,11,32
594,314,11,33
594,314,11,33
594,315,11,33
594,315,12,32
595,313,11,34
595,315,11,31
594,317,12,34
595,316,11,31
593,316,11,31
593,316,12,34
593,316,12,32
593,316,12,32
591,314,14,39
592,314,14,38
592,314,14,39
591,315,14,39
592,314,13,38
591,313,14,40
590,314,14,39
590,314,14,39
590,314,14,39
591,314,14,39
590,315,14,38
590,314,14,39
589,314,14,39
590,313,14,39
590,315,14,39
593,315,11,34
591,313,13,38
591,313,14,39
591,312,14,40
593,315,10,33
590,313,12,34
590,311,12,36
590,311,12,36
590,310,11,38
589,312,11,37
588,311,11,37
588,309,12,38
587,312,12,37
588,311,11,33
589,310,12,36
588,312,11,33
588,310,11,34
587,311,12,34
586,310,12,35
587,311,13,35
587,309,13,36
586,309,13,38
586,308,14,38
587,308,13,38
587,310,12,37
586,309,13,38
586,308,13,39
586,307,13,40
586,308,12,39
586,309,12,39
587,307,13,40
586,309,12,39
586,308,12,40
586,308,12,40
586,308,11,40
586,309,11,40
586,306,12,42
587,307,12,43
586,307,12,43
586,308,11,41
586,308,11,41
586,308,12,40
586,309,13,40
586,310,12,38
586,310,12,38
586,311,12,37
587,312,12,37
587,308,12,41
587,310,12,38
586,312,12,37
586,310,12,38
587,309,12,39
587,309,12,40
586,310,12,38
587,311,12,37
587,310,11,39
588,311,11,39
587,313,11,36
588,313,11,35
588,314,11,34
587,314,12,37
587,314,13,38
589,313,11,37
587,312,13,38
588,313,13,38
587,313,14,38
590,313,11,36
590,314,12,35
594,313,11,33
594,313,12,32
594,311,12,34
595,312,11,34
597,311,12,34
597,311,12,33
597,311,12,33
597,313,12,36
597,313,12,32
597,312,12,34
598,312,12,35
597,314,12,32
598,314,12,32
599,314,11,33
599,313,11,35
600,312,14,39
600,311,14,41
600,311,14,41
601,310,15,41
604,314,12,35
605,312,11,36
606,311,12,38
605,310,12,38
608,310,11,38
608,309,12,39
607,309,13,36
611,309,13,41
614,308,12,42
614,307,13,43
614,309,12,41
614,309,12,40
613,306,13,42
612,311,12,37
611,308,13,42
609,311,13,38
612,312,13,37
606,308,17,47
609,307,17,47
613,309,13,41
616,309,12,39
614,308,15,44
612,308,15,45
606,307,13,42
599,308,13,41
599,308,14,41
599,307,13,42
597,307,12,43
596,307,13,42
596,308,13,41
596,308,13,42
592,308,16,46
593,308,13,38
591,308,14,41
592,308,13,40
591,308,14,39
588,308,16,46
589,307,13,40
588,308,13,40
585,308,14,41
586,308,14,41
589,306,14,44
579,306,16,46
592,309,16,45
597,310,15,43
599,313,15,44
596,316,16,47
593,322,17,47
587,321,17,47
579,323,16,46
565,321,16,46
564,321,16,45
562,320,17,46
563,320,16,46
564,319,16,46
565,320,17,47
570,320,16,46
576,318,14,41
579,317,16,45
593,316,16,44
610,319,16,44
614,317,15,43
617,319,16,44
628,320,13,38
626,320,15,42
626,322,15,43
636,319,16,44
641,320,14,40
644,321,15,43
649,322,15,42
649,321,14,41
645,316,15,42
641,313,15,43
637,315,15,43
634,314,15,43
636,315,15,43
631,313,16,44
633,313,12,38
631,314,15,42
631,314,15,42
632,315,13,38
632,315,13,38
633,314,12,38
631,317,14,41
631,317,14,40
633,317,12,37
631,317,13,39
632,317,12,37
633,317,11,36
633,317,11,36
632,318,11,36
633,314,11,38
632,313,12,39
632,313,12,38
632,312,12,40
632,313,12,39
631,312,12,40
632,312,12,39
631,314,12,39
629,316,15,42
630,314,12,40
632,311,12,41
632,314,12,38
632,314,12,39
632,316,12,38
632,314,12,40
632,316,12,38
628,316,15,43
632,316,12,37
632,316,11,38
631,317,14,40
632,317,12,38
632,317,11,36
632,316,11,37
631,318,12,38
632,318,11,36
632,316,11,38
630,318,13,38
628,317,15,42
630,317,13,39
631,316,11,39
631,316,12,38
629,319,14,41
631,316,12,39
630,317,13,39
630,318,13,38
629,318,12,39
628,320,13,39
627,321,14,41
629,323,13,38
629,324,12,38
628,326,14,40
637,325,13,38
631,321,12,36
629,319,14,40
631,317,12,37
632,319,11,34
629,319,13,38
630,320,12,37
631,318,11,34
631,314,11,36
631,318,12,33
631,318,12,32
631,317,11,33
631,317,11,34
631,318,11,32
631,316,12,34
631,314,11,37
631,315,11,36
631,313,12,39
631,313,12,37
631,313,11,37
630,313,12,38
631,311,12,39
631,312,12,37
631,311,12,38
631,313,12,37
630,314,13,39
631,313,11,38
631,315,11,37
632,316,10,37
632,314,12,40
628,316,15,41
632,319,10,38
632,320,11,37
631,319,10,39
630,318,15,43
632,319,15,42
655,322,15,42
647,319,15,42
630,318,15,42
625,319,15,41
628,316,15,41
614,316,15,41
610,314,15,42
634,317,15,42
635,317,15,41
634,317,15,42
627,318,15,42
621,316,15,42
615,314,15,41
623,316,15,41
627,315,15,41
614,313,15,41
611,316,15,41
606,313,14,40
587,313,14,39
595,310,14,41
608,315,14,41
610,316,14,40
612,316,15,41
623,318,15,41
635,319,15,41
632,318,15,42
643,324,13,39
644,325,15,43
645,326,14,40
644,326,15,42
664,325,12,41
666,328,15,42
656,324,15,42
657,324,15,41
636,318,14,41
640,318,15,41
638,318,15,41
643,322,15,42
654,324,14,41
658,323,15,43
655,327,15,43
656,324,15,43
656,324,15,43
658,320,16,44
673,321,16,44
660,319,16,44
660,316,16,44
674,317,16,44
662,315,16,45
667,317,16,45
647,315,16,45
655,316,16,45
670,314,16,44
653,315,16,45
650,317,16,44
668,318,16,44
661,317,16,44
658,319,16,44
656,317,16,44
657,315,16,44
652,317,16,44
659,316,16,44
659,317,16,44
651,314,15,43
666,320,14,41
676,316,15,42
694,319,15,43
696,319,15,43
697,319,14,42
698,320,15,42
697,318,15,42
696,316,15,42
703,315,15,42
694,316,11,42
679,317,11,39
680,316,11,40
676,315,16,44
691,317,15,43
686,315,15,43
692,315,14,43
688,316,15,43
683,316,15,43
689,315,13,42
694,317,14,42
702,315,14,42
708,314,15,43
695,317,13,40
682,316,16,44
683,314,16,44
676,316,15,43
682,315,15,43
695,312,15,43
678,315,15,43
686,313,16,44
692,312,16,45
700,311,16,45
686,309,16,44
699,309,16,45
692,309,16,45
672,312,16,45
676,313,16,44
663,311,15,43
667,311,16,44
671,312,16,45
672,313,16,44
686,313,16,44
687,315,16,44
687,316,16,44
685,312,15,42
696,319,13,39
693,316,15,42
687,314,15,43
693,316,12,42
698,318,10,40
698,316,11,42
685,315,15,41
692,314,11,40
697,316,10,42
696,315,10,41
699,314,12,44
700,316,11,43
698,317,11,42
699,316,11,42
696,318,12,42
699,317,10,41
694,318,15,44
690,316,15,43
694,317,15,43
695,317,15,43
713,313,14,44
710,317,13,42
709,314,13,44
718,315,15,43
726,316,15,43
728,315,12,41
727,314,13,42
726,315,14,43
728,313,11,42
721,312,15,43
709,319,15,43
717,315,16,44
708,314,15,43
702,318,13,40
697,319,15,42
706,318,15,43
714,318,15,42
700,319,15,42
713,318,15,43
715,313,15,43
703,318,15,43
699,316,12,41
697,317,15,43
702,317,12,43
695,319,15,42
697,316,11,43
697,317,11,42
698,318,11,41
693,319,14,41
695,318,15,41
696,319,14,41
696,320,15,41
699,318,15,41
695,320,14,41
689,320,15,41
690,318,15,41
685,320,15,41
682,318,14,41
689,319,14,41
694,321,15,41
693,319,15,41
688,322,14,40
704,318,14,40
696,319,14,40
689,321,14,40
697,318,14,40
691,321,14,40
694,321,14,40
697,318,14,40
695,317,14,40
695,322,14,40
695,319,14,41
708,317,15,42
709,314,15,42
698,318,12,43
