535,307,115,87
532,304,112,86
528,303,114,81
525,300,110,80
523,298,112,78
521,295,108,79
516,292,110,77
514,291,108,76
512,287,107,77
508,283,109,79
507,283,104,76
504,280,107,75
502,276,102,77
498,275,103,74
497,273,101,75
494,271,101,75
494,268,97,75
492,266,94,73
490,265,94,73
489,263,93,72
486,263,92,69
484,261,93,71
486,261,88,70
485,260,88,68
484,260,87,67
486,256,85,70
487,256,84,68
488,254,82,68
489,253,85,69
492,252,84,68
494,251,84,67
496,249,86,67
498,249,87,66
501,246,87,68
504,247,87,67
508,246,87,67
512,246,88,67
515,244,90,67
520,242,89,67
526,242,92,67
533,241,91,65
534,243,90,64
515,239,95,65
497,242,94,63
473,241,93,66
449,242,90,65
425,241,96,65
412,239,96,70
372,242,98,65
346,242,94,66
326,239,100,71
307,240,100,73
285,243,102,67
282,240,97,73
269,250,96,70
301,271,99,73
267,274,104,69
236,274,102,68
210,274,100,74
177,274,98,72
152,274,94,72
144,272,98,72
149,275,94,70
147,273,95,71
146,274,97,71
147,275,96,73
147,274,97,71
147,274,96,71
147,274,95,71
148,275,94,69
150,278,91,69
151,279,89,67
150,280,89,67
151,279,89,67
149,276,90,68
150,277,90,66
152,279,88,66
151,277,88,66
151,276,89,66
151,280,89,67
151,278,89,66
151,277,89,67
150,277,90,67
151,278,90,67
151,277,89,67
150,278,90,68
117,278,91,63
82,280,92,62
51,280,90,62
27,272,90,68
1,282,89,67
1,261,88,66
0,248,89,67
0,296,88,66
0,340,88,66
104,386,87,66
147,388,88,66
139,386,89,67
143,386,89,67
137,385,91,69
134,382,91,69
140,383,91,69
140,384,92,69
