300,277,33,69
299,275,33,69
299,275,35,69
300,273,34,71
304,271,36,74
307,271,35,75
309,273,34,74
319,273,34,71
322,274,30,73
326,273,32,75
328,273,32,76
332,278,32,73
340,278,32,71
343,277,32,72
347,277,30,72
348,274,32,75
350,277,32,74
354,280,35,74
357,280,35,74
358,278,37,77
360,277,37,77
365,278,37,76
367,279,37,75
373,283,36,71
378,284,35,71
382,285,35,72
386,285,34,72
388,282,35,76
395,280,34,75
399,281,34,75
405,281,34,75
412,283,32,75
417,280,32,75
418,280,34,75
421,281,35,75
425,284,36,73
429,285,35,71
436,283,35,72
442,281,36,71
446,283,36,70
450,285,36,70
455,284,36,73
459,287,35,72
466,288,33,75
471,287,34,76
476,288,34,75
483,285,35,74
489,285,35,74
498,284,33,72
502,280,33,73
508,282,32,75
513,283,33,74
518,285,34,73
524,281,38,73
528,287,38,70
534,290,37,68
540,290,37,68
547,291,36,66
555,292,35,68
563,294,35,68
571,294,33,74
576,295,33,80
583,299,34,78
586,287,36,75
594,294,37,83
598,292,36,77
616,295,37,83
618,294,39,83
626,300,36,82
629,299,36,81
633,304,38,80
640,300,40,79
647,299,42,74
660,300,40,73
670,299,40,69
677,298,40,68
683,301,41,69
692,306,38,68
700,305,39,72
707,308,39,73
713,310,40,75
722,307,40,74
727,308,39,72
739,304,38,73
750,304,37,73
758,308,37,79
765,310,37,79
769,310,40,77
776,308,41,75
784,309,42,74
794,306,42,72
803,307,41,69
812,308,40,69
823,309,40,71
831,312,40,72
838,312,37,75
842,315,42,75
850,312,43,77
862,312,43,73
870,311,43,73
880,311,41,72
886,312,40,73
895,311,38,75
903,314,40,77
910,316,42,76
916,316,40,76
