392,202,110,316
391,201,109,313
392,201,109,313
392,201,109,314
392,201,109,313
392,201,109,313
392,201,109,313
393,202,109,312
393,202,108,312
393,201,109,314
393,201,109,313
394,202,109,313
394,202,109,312
394,202,108,311
394,202,110,313
395,201,109,313
395,202,109,312
395,200,109,314
395,201,110,313
395,201,110,312
396,200,110,312
398,201,109,310
399,202,109,306
400,202,109,307
402,200,108,308
405,200,107,307
406,198,108,308
408,200,107,303
408,202,109,302
409,199,110,305
411,199,109,301
410,199,110,299
409,197,114,300
410,199,112,297
409,196,115,302
410,201,116,294
412,199,118,293
412,198,120,295
415,203,117,290
416,202,117,293
419,200,116,296
426,198,116,294
428,202,112,296
440,198,110,286
447,202,108,290
462,204,107,289
472,207,109,287
471,205,110,292
481,195,114,289
481,203,114,291
477,210,115,295
477,204,118,301
482,201,119,302
481,201,118,303
488,206,121,300
487,206,121,298
486,205,119,298
481,205,120,302
481,200,120,303
480,207,119,299
477,194,118,303
487,212,120,295
483,207,121,301
485,205,122,298
488,211,120,297
481,191,118,299
484,201,119,298
489,210,119,295
487,213,121,297
485,207,119,297
483,204,117,300
491,208,119,300
491,210,117,301
482,180,113,305
484,185,115,307
484,171,115,312
476,169,114,315
481,187,116,312
478,184,117,314
478,193,117,310
478,194,116,308
477,191,119,311
470,206,117,304
461,203,119,307
447,207,121,310
437,194,121,314
433,199,120,313
432,195,122,321
430,197,125,323
423,200,127,321
426,201,125,319
432,205,123,319
436,203,124,324
441,205,124,321
443,208,123,315
447,212,123,311
452,216,124,308
449,206,124,312
452,205,124,315
457,206,124,311
454,203,124,313
457,205,125,313
460,206,123,311
462,210,125,310
465,205,123,309
466,207,123,311
468,204,123,311
468,203,122,311
468,199,121,310
467,201,122,311
471,198,121,311
475,199,121,308
470,191,125,316
479,193,122,315
475,184,126,321
481,187,123,318
488,180,122,317
501,190,116,319
508,191,115,323
517,189,113,323
522,203,112,320
525,198,116,327
528,202,117,323
525,195,121,330
519,192,120,333
521,193,126,336
511,193,122,331
514,193,127,337
511,202,122,330
508,206,122,326
500,203,118,325
497,191,119,333
499,187,122,340
498,189,122,342
486,183,118,338
489,184,121,344
472,181,120,343
456,161,138,396
475,185,122,351
474,180,120,350
478,172,120,355
467,192,123,344
469,188,124,346
476,172,122,352
480,181,122,350
478,181,121,346
473,183,122,348
475,174,123,355
474,188,122,345
483,190,118,343
493,166,120,362
489,184,118,350
499,185,120,356
501,173,119,364
496,180,119,359
500,183,119,359
512,173,121,368
512,186,123,360
511,175,122,367
513,170,122,369
514,188,121,358
508,194,124,361
500,210,127,349
503,194,131,361
493,190,131,364
488,195,133,361
490,186,137,366
491,186,139,367
476,206,140,355
482,196,140,361
473,185,144,369
472,167,143,379
477,178,143,372
471,183,145,369
474,181,141,366
470,175,142,370
466,170,143,373
471,179,141,366
458,165,145,378
458,174,145,372
448,155,149,381
459,164,146,372
438,150,151,384
443,143,150,390
443,134,151,393
459,139,149,393
460,132,150,398
453,140,151,393
463,144,149,389
444,145,152,389
439,152,152,387
468,139,150,390
477,155,149,378
478,149,151,382
473,150,151,383
477,142,152,389
478,134,153,393
452,148,157,392
487,136,150,390
496,151,146,374
491,146,147,379
487,138,150,387
481,133,154,393
486,136,153,392
493,135,152,390
491,119,155,402
487,119,156,404
481,120,159,407
494,113,156,406
505,129,152,393
479,117,162,415
488,135,159,400
489,123,158,406
492,132,159,405
494,133,160,408
501,130,163,412
517,123,162,413
516,111,163,422
520,114,160,418
513,124,161,414
524,115,161,420
524,102,163,426
526,120,163,416
515,104,166,428
533,114,160,415
529,107,163,419
524,94,168,429
535,98,164,421
521,115,162,410
515,115,160,410
524,103,163,415
547,103,165,417
540,96,166,420
548,114,163,408
551,107,163,410
550,96,166,415
543,103,166,415
527,82,170,428
532,82,171,429
538,95,169,419
526,97,172,422
524,81,170,429
531,77,170,434
515,86,173,431
521,77,172,433
526,87,171,426
515,71,177,439
518,102,174,428
507,66,177,444
517,85,174,437
503,83,174,439
515,84,170,433
509,83,174,438
509,80,176,440
518,73,177,440
527,76,176,435
525,74,177,440
527,59,182,450
535,69,177,438
533,68,177,439
535,57,178,444
532,71,176,438
525,76,177,444
541,70,175,437
538,60,176,447
525,74,179,447
534,79,178,443
530,70,177,450
537,80,173,436
543,72,170,439
548,86,167,432
544,82,167,435
538,90,168,431
535,86,169,434
539,98,169,430
526,85,173,438
536,81,171,439
538,87,170,437
533,93,171,438
524,74,173,447
531,74,170,444
540,88,169,433
542,88,168,434
541,103,168,423
539,85,170,437
529,83,169,437
539,97,167,427
542,96,164,428
541,97,163,423
543,105,164,423
548,97,164,426
542,93,166,429
536,100,167,429
528,107,167,428
531,106,167,431
527,101,168,434
521,92,173,443
528,91,173,439
528,112,170,429
539,103,167,428
529,119,167,422
531,108,169,431
528,126,168,421
523,112,169,431
530,110,169,434
523,111,173,437
527,123,170,431
530,124,168,433
529,113,167,438
536,136,165,427
550,148,160,413
534,149,166,425
538,139,167,430
542,153,168,428
531,131,173,441
545,123,170,439
533,142,170,433
545,137,168,431
528,140,175,441
531,110,174,452
535,135,173,440
544,132,172,439
548,112,170,443
545,129,171,438
543,144,169,429
539,129,167,430
553,135,165,431
550,139,162,424
543,143,163,424
538,132,167,436
545,144,165,425
547,143,163,425
548,140,162,425
549,131,164,431
547,133,164,427
553,143,163,425
543,134,167,433
553,122,165,438
545,121,168,443
546,134,168,434
545,116,168,443
548,120,169,442
547,136,167,433
545,120,170,445
544,131,168,438
539,114,171,447
542,115,173,452
534,118,176,450
541,140,172,436
545,140,168,432
545,120,171,444
542,113,173,450
534,131,174,443
542,131,172,439
554,137,167,434
538,127,172,440
542,128,170,436
540,114,172,443
546,146,171,433
541,117,175,450
537,119,176,449
535,125,176,448
540,118,174,448
537,118,173,446
543,121,172,443
542,125,170,442
538,117,172,444
539,151,169,428
544,133,170,438
540,122,169,435
540,121,169,439
541,137,167,428
546,141,165,427
533,134,169,429
539,123,171,441
538,132,169,437
542,118,167,435
548,133,164,428
545,147,164,424
545,145,163,421
545,146,162,418
542,144,162,420
540,118,166,434
546,157,161,414
543,128,163,426
546,141,162,419
554,129,160,420
543,145,163,415
544,140,166,415
547,130,165,418
545,122,167,420
545,133,168,416
550,130,164,417
549,128,162,413
559,129,160,411
554,117,163,422
561,117,163,422
560,132,162,416
566,127,161,417
564,145,160,407
569,139,157,408
567,128,160,418
560,138,161,415
565,121,160,421
573,163,158,402
563,145,159,410
572,141,158,413
569,141,158,413
565,135,159,414
568,137,158,412
582,158,153,402
584,161,152,396
571,134,157,412
563,168,161,408
564,127,163,422
564,141,160,412
564,128,163,422
562,126,164,422
565,118,165,428
565,107,162,429
566,134,158,412
570,141,157,413
569,121,157,412
565,132,155,407
569,119,155,413
570,118,156,415
563,136,156,407
565,107,158,423
568,126,159,414
561,109,162,425
568,117,162,421
562,101,163,426
574,126,159,412
576,126,159,411
574,122,161,414
584,134,161,412
577,122,160,412
581,144,154,399
577,133,154,402
587,141,151,394
580,139,151,395
579,134,151,400
581,132,151,401
576,132,151,399
574,115,154,404
573,122,157,405
578,128,154,400
578,119,153,402
577,132,151,396
591,124,153,400
579,107,158,410
586,120,156,402
583,114,157,404
582,116,157,407
580,130,158,400
589,120,157,404
584,137,156,399
595,137,155,395
598,136,155,399
594,141,155,401
590,128,156,408
603,134,152,404
598,128,150,404
599,135,150,404
602,138,148,402
603,147,148,395
607,141,146,397
600,134,147,398
597,132,146,402
606,142,143,391
603,128,145,402
605,141,144,394
606,160,144,382
611,152,142,390
605,146,143,393
599,140,146,397
600,135,148,404
602,123,149,410
601,132,149,405
599,124,150,406
603,120,147,408
600,129,150,403
595,147,149,395
595,139,151,397
584,142,156,400
588,143,156,399
593,131,154,399
595,131,152,396
596,145,151,395
589,127,154,406
592,133,154,404
594,148,151,396
592,136,152,402
595,151,151,391
601,140,150,395
599,143,150,396
594,155,152,393
598,138,151,399
591,152,154,397
595,162,153,390
589,157,153,394
598,132,153,404
592,130,154,405
596,151,152,394
594,141,155,400
582,138,159,408
586,147,157,401
586,129,159,408
584,148,156,395
587,139,159,400
576,112,162,414
581,124,157,399
589,138,153,392
578,139,151,385
569,140,149,387
570,146,148,388
574,134,146,391
573,143,146,387
578,144,144,390
578,148,144,390
573,145,146,395
578,144,145,395
581,126,146,403
572,149,146,393
578,153,146,391
572,141,146,399
578,154,143,389
575,151,144,391
577,124,149,410
576,134,146,404
576,137,147,403
572,121,150,409
568,137,151,401
566,111,156,419
575,131,152,407
570,133,154,406
575,124,153,408
575,116,155,412
579,113,154,410
576,108,154,411
580,101,151,414
581,101,154,414
589,115,154,409
596,111,155,410
595,125,157,406
590,119,158,412
592,120,158,413
592,137,158,404
582,135,160,409
590,136,155,403
592,139,154,401
592,132,153,401
591,142,151,396
588,146,154,393
583,130,159,409
580,135,158,406
587,136,155,401
590,131,154,405
586,116,155,416
587,128,153,408
581,115,156,415
578,123,156,409
571,155,154,388
578,132,150,396
572,141,149,388
559,137,153,390
561,144,151,384
552,148,154,384
555,151,150,382
558,152,147,379
561,139,146,384
563,155,145,374
561,135,147,389
565,155,144,378
559,156,148,380
555,136,149,389
558,134,148,391
554,128,150,395
556,122,151,400
557,127,152,400
556,129,156,400
560,126,158,402
540,123,162,407
550,122,158,402
549,118,160,404
542,110,162,409
542,118,161,406
544,124,162,402
532,133,164,394
534,124,163,397
530,137,165,393
535,119,167,406
535,112,164,410
531,132,162,403
535,113,160,410
524,139,160,406
529,138,160,410
530,118,157,420
528,133,157,416
530,144,156,407
527,141,157,411
530,114,159,423
528,136,158,416
526,144,157,409
534,145,154,404
529,128,159,417
530,154,157,400
530,138,155,408
535,146,152,399
538,154,149,389
535,132,151,409
530,127,149,409
536,136,146,402
535,152,148,398
538,149,145,394
544,150,145,391
543,163,144,381
546,161,143,379
542,168,141,373
544,165,140,373
543,173,140,368
545,180,137,357
542,172,138,364
542,177,139,357
538,163,140,367
540,151,139,377
543,170,141,369
541,155,141,380
543,193,141,356
540,185,139,360
543,191,138,356
542,188,138,358
543,163,136,371
542,169,139,370
541,191,139,358
539,194,138,350
545,178,138,363
543,170,140,372
541,179,140,364
543,184,140,359
539,176,140,365
538,187,140,359
540,178,138,363
546,188,138,359
542,180,136,362
543,177,136,364
545,171,133,365
544,181,135,357
545,182,137,354
540,171,136,364
541,169,135,365
542,179,137,360
543,163,136,370
545,142,136,390
542,173,138,367
541,161,139,375
545,169,139,367
545,173,138,366
542,174,138,370
542,157,136,378
546,176,135,371
544,160,132,377
543,165,134,373
544,180,135,361
538,168,133,372
540,170,131,369
543,164,129,374
540,149,128,388
544,146,128,393
544,158,126,383
546,158,126,385
536,170,124,369
534,166,126,374
540,167,128,376
532,168,125,372
533,159,126,379
520,162,130,377
517,158,130,378
511,174,134,366
512,188,136,359
507,166,134,368
509,156,136,378
506,161,137,376
506,165,137,374
514,171,137,375
512,165,134,379
513,150,136,385
512,160,138,384
512,157,139,386
509,143,137,390
506,159,137,379
506,163,137,375
503,170,137,369
503,152,137,380
496,146,137,381
500,151,136,380
494,172,138,367
494,164,139,374
492,158,140,377
490,136,143,394
487,148,145,384
484,155,142,380
489,156,143,380
489,168,143,374
485,158,142,375
480,167,146,372
495,167,142,370
492,163,140,375
494,173,140,367
499,155,140,381
494,147,139,384
502,142,142,384
499,145,141,382
504,142,141,384
511,180,142,365
507,147,139,382
514,138,141,390
510,141,142,387
512,138,142,388
510,133,143,391
514,141,140,387
519,142,139,383
514,139,140,386
521,148,138,378
518,146,141,380
523,146,141,382
521,167,143,377
525,144,144,390
525,161,142,378
533,133,142,394
527,159,142,382
529,139,143,395
534,161,140,376
527,131,145,397
531,141,146,395
521,132,146,404
524,135,146,399
528,144,146,394
520,125,149,406
523,143,144,392
522,137,144,394
526,162,143,380
520,161,143,382
522,136,142,394
511,136,143,395
518,128,141,402
522,130,140,402
520,131,138,399
523,140,136,391
523,134,133,392
524,120,134,396
523,142,136,391
524,137,136,399
532,130,135,397
526,137,135,395
525,149,136,387
525,160,136,384
525,159,135,381
526,146,134,383
531,169,134,370
530,142,133,383
529,151,133,378
530,148,134,380
536,148,132,379
533,139,135,387
527,153,132,380
527,153,131,381
526,146,134,384
523,151,131,381
517,183,132,367
520,166,133,375
518,173,129,371
523,175,130,365
520,170,128,368
516,169,126,370
524,172,128,366
516,154,128,377
521,167,127,370
523,165,127,370
523,166,127,370
518,155,126,376
526,151,126,375
523,167,126,368
519,153,128,378
523,148,130,382
521,152,129,379
521,143,130,385
522,155,130,379
524,138,131,388
521,143,133,386
520,150,130,381
515,145,129,389
519,160,128,379
519,182,125,363
522,169,128,370
513,189,120,353
506,185,122,358
497,177,122,366
493,184,123,363
482,183,124,370
482,181,122,368
481,167,125,381
485,179,123,372
482,175,122,377
496,180,119,370
490,175,119,373
488,183,118,363
492,159,120,382
488,173,119,374
491,183,116,367
487,176,116,371
489,164,118,381
493,174,118,375
495,160,120,384
497,162,118,380
511,164,119,375
505,164,116,373
508,159,116,375
514,156,118,378
498,171,119,371
487,184,123,366
483,176,124,371
484,182,123,365
485,182,128,369
487,163,129,378
478,181,130,373
493,160,132,384
504,156,132,385
510,165,130,379
515,177,132,376
528,157,136,385
522,171,128,378
530,162,129,379
527,160,129,384
524,165,129,385
526,163,127,385
526,168,126,382
528,175,127,378
527,171,129,380
532,177,129,377
532,172,127,374
534,177,129,375
542,158,133,381
537,163,128,381
535,179,128,371
546,160,131,378
545,175,127,366
547,169,128,370
547,170,128,366
545,169,127,368
535,187,128,360
539,178,129,363
525,175,128,366
521,180,129,366
529,188,127,359
522,180,128,365
529,189,125,359
521,186,126,362
525,187,127,365
520,180,128,371
521,166,128,382
520,184,125,369
507,177,127,376
511,175,124,370
513,165,125,379
516,174,121,370
508,178,118,366
507,179,115,361
514,182,115,358
512,186,115,353
511,180,115,358
508,171,115,362
509,176,111,355
502,175,113,360
507,172,112,362
497,175,113,361
502,190,114,350
498,167,113,363
501,178,114,355
504,176,112,356
492,186,115,352
504,187,114,349
499,177,118,358
499,172,118,361
500,171,120,363
488,169,127,366
500,154,127,371
501,164,131,371
491,174,132,363
495,166,131,368
495,171,134,368
507,173,133,368
510,161,130,373
518,163,130,371
511,173,129,366
526,180,127,365
516,178,124,361
516,176,124,362
522,173,122,364
519,172,122,365
522,171,123,368
528,167,124,368
530,170,123,368
538,171,121,364
548,169,122,365
559,169,123,368
560,173,125,363
570,160,129,373
577,141,130,378
581,144,133,379
593,129,134,383
582,157,133,371
587,155,135,372
582,153,133,371
582,172,134,363
585,156,135,372
586,159,136,371
584,161,134,369
590,136,136,378
592,149,134,373
592,144,136,375
590,151,135,368
588,163,134,365
593,147,135,372
592,157,135,367
597,147,138,375
602,143,137,370
600,145,141,371
605,158,143,372
611,154,141,370
617,151,145,377
617,169,142,366
614,149,143,378
624,151,141,379
623,134,142,386
628,125,142,392
628,142,141,383
632,137,140,387
631,136,140,384
633,128,140,384
626,151,143,380
628,128,144,390
630,145,143,384
630,141,142,384
620,149,142,380
623,144,141,382
617,144,141,380
612,143,143,381
612,111,144,386
616,142,140,379
613,134,138,376
623,146,136,370
620,143,136,371
617,145,136,372
624,141,137,375
626,132,141,383
630,128,141,382
635,128,143,384
627,146,144,376
631,147,145,377
636,139,142,383
647,144,139,377
649,137,138,379
653,162,135,367
650,143,135,371
649,140,134,373
650,155,134,366
647,148,136,372
647,134,137,380
650,155,136,370
644,135,136,380
649,162,136,366
650,147,135,371
657,150,135,367
658,142,139,371
661,145,139,370
666,146,140,371
672,139,143,373
677,136,143,371
684,128,145,371
687,129,145,373
689,126,144,374
685,130,144,371
687,132,145,371
689,130,148,378
693,119,150,382
693,131,152,381
693,124,150,381
700,134,148,380
699,134,147,378
701,131,145,378
698,136,145,377
703,128,146,383
695,117,148,388
688,137,148,381
694,130,147,383
694,129,149,389
690,142,148,382
693,144,146,381
696,136,144,382
693,137,146,384
694,125,147,388
690,131,149,389
689,129,151,391
695,145,150,385
692,136,150,387
700,140,149,384
702,134,148,385
699,125,152,391
704,112,154,397
702,126,153,392
701,127,155,394
703,125,154,394
703,137,153,388
703,123,155,396
708,126,154,396
703,141,154,390
709,129,151,390
712,131,149,386
706,141,150,381
708,128,152,385
708,140,150,375
703,147,151,374
707,140,150,376
701,137,151,376
705,146,149,371
697,141,153,377
693,125,154,379
690,134,155,380
685,126,154,384
682,145,152,380
688,136,152,383
682,127,152,385
687,138,151,381
678,139,152,380
691,137,150,378
685,136,150,376
685,141,149,375
691,149,147,371
692,155,145,364
693,152,144,366
685,140,145,369
681,154,142,361
683,151,140,359
696,136,142,365
682,158,139,358
682,163,137,354
680,152,139,358
673,137,139,365
671,150,137,363
669,151,136,362
665,146,138,366
666,145,137,362
665,149,138,363
656,157,138,358
659,154,137,358
645,171,140,354
650,161,139,357
660,162,135,356
658,161,131,352
658,170,129,347
650,176,130,339
646,170,129,339
653,172,127,338
661,153,125,351
651,175,127,338
645,168,130,344
653,172,131,349
642,175,131,341
634,189,134,331
634,179,134,334
644,184,134,340
637,182,133,339
635,184,133,336
629,180,137,338
636,183,137,342
638,159,138,354
641,179,138,341
627,178,140,342
623,179,141,341
602,147,150,359
621,159,140,352
604,152,141,359
599,162,143,356
580,167,142,356
601,159,142,363
547,154,142,371
551,156,146,367
589,156,146,358
587,147,146,360
592,164,148,353
585,174,140,345
588,170,139,344
587,182,137,334
586,181,135,331
585,179,137,334
585,177,140,330
587,188,142,323
579,189,139,322
569,168,139,333
567,173,130,338
564,167,135,348
569,163,142,347
560,163,140,347
558,164,143,349
546,157,143,355
540,149,142,360
542,144,138,360
531,145,140,368
530,134,139,369
532,135,136,366
530,138,138,371
528,141,136,369
528,147,138,368
531,141,139,373
532,145,141,375
535,155,143,370
537,148,139,369
537,159,139,366
533,143,139,378
526,133,141,382
524,134,141,382
526,142,137,377
523,137,138,376
525,139,140,377
519,139,141,376
526,158,140,369
512,151,144,372
518,134,144,370
510,148,145,366
509,144,146,367
522,154,141,360
509,142,144,367
500,130,147,374
512,142,143,363
508,130,145,367
504,141,148,372
503,137,146,372
505,137,144,371
497,145,145,372
497,144,145,373
498,149,144,370
494,153,141,369
492,153,144,376
486,144,145,382
489,146,143,384
488,134,141,386
493,138,138,382
491,153,137,374
489,154,135,372
500,156,131,365
490,162,134,365
485,151,136,375
494,170,132,365
495,159,134,367
488,162,137,367
487,154,138,369
474,139,142,372
471,141,142,372
472,138,141,373
464,144,139,372
462,163,137,364
462,145,134,368
458,143,133,373
458,139,131,371
455,147,130,371
452,147,129,372
447,158,128,369
456,150,127,369
456,163,126,358
455,177,125,348
460,161,127,357
463,160,126,355
465,168,126,355
471,169,123,352
465,159,124,356
467,158,123,352
465,175,119,348
458,170,122,352
449,169,122,353
444,161,121,358
448,167,119,356
439,177,120,346
437,184,122,344
422,175,124,353
419,169,126,355
417,166,127,362
407,168,128,362
411,168,127,361
409,173,126,357
395,183,126,349
397,180,125,352
401,172,124,352
401,173,125,357
392,170,129,361
400,159,129,367
405,176,129,356
407,177,129,357
404,172,127,351
407,184,128,348
414,183,127,351
414,178,127,350
413,172,125,354
416,179,126,358
411,172,124,359
407,181,123,352
405,171,124,356
404,187,125,354
405,183,124,353
399,174,125,361
392,182,128,355
386,178,126,354
376,168,130,359
378,168,130,364
369,175,130,358
367,178,127,354
372,167,127,360
369,153,129,370
366,155,129,368
371,165,129,365
379,160,129,371
381,164,128,362
393,155,128,367
