136,303,48,129
136,304,47,128
134,305,47,128
134,304,47,129
133,306,46,128
133,307,46,129
133,306,47,127
133,307,47,128
134,307,47,129
135,307,47,129
135,306,48,128
136,307,47,127
135,307,48,128
136,307,48,127
135,307,49,127
135,307,50,125
135,307,50,125
134,307,49,125
134,308,49,125
133,306,49,126
134,306,48,127
133,305,48,129
134,303,48,128
136,302,48,130
137,302,47,131
138,300,47,135
140,295,46,137
141,293,48,138
144,293,48,139
148,292,48,139
149,296,49,138
152,296,47,135
154,296,47,134
153,300,48,135
157,297,47,135
159,297,48,135
160,294,48,136
163,290,47,139
164,293,47,138
164,293,47,135
165,292,48,136
167,290,46,137
170,289,46,134
171,288,48,135
172,290,49,135
193,283,48,134
198,284,47,133
198,284,49,135
206,287,45,129
210,287,43,130
212,289,44,126
215,288,43,125
212,289,44,128
210,290,44,124
209,290,43,124
207,289,43,121
204,289,44,122
202,291,46,123
202,290,45,124
199,292,47,126
201,289,48,123
204,289,47,126
200,285,49,130
204,287,46,129
202,290,48,129
203,293,47,127
200,291,49,126
200,291,49,128
199,294,49,127
198,294,49,126
197,293,49,125
199,298,48,122
200,297,47,122
198,298,47,121
199,299,44,123
194,302,44,121
191,301,44,123
192,299,43,120
191,302,43,120
191,303,44,120
192,302,44,121
190,301,43,121
192,301,45,119
194,303,45,120
195,305,45,123
196,302,44,121
195,303,43,120
195,302,44,123
196,302,44,122
194,302,43,122
196,300,43,121
195,302,43,124
196,301,43,121
196,302,43,122
194,303,42,120
193,302,43,120
195,300,42,116
193,304,43,119
195,303,41,117
192,301,42,121
192,301,42,120
192,302,42,120
195,302,42,120
195,302,41,119
194,302,41,118
192,302,40,118
195,301,40,116
194,305,39,116
194,299,41,116
194,299,42,118
194,300,41,117
193,265,42,118
194,243,41,123
191,240,43,122
190,240,43,120
189,243,42,121
191,242,42,119
192,241,42,120
194,241,42,119
196,240,42,117
195,242,42,118
196,242,42,118
194,243,42,118
194,241,43,118
194,242,43,119
194,241,42,119
193,242,42,119
194,242,41,117
193,243,42,114
193,243,42,118
190,242,42,120
191,241,42,119
191,243,42,117
192,241,41,117
192,242,42,117
191,241,42,121
189,240,43,122
190,239,42,122
189,240,43,120
189,239,42,121
187,241,43,122
188,241,43,122
189,240,43,124
192,241,43,121
190,241,43,122
190,241,43,122
191,242,44,125
193,241,44,121
193,242,44,120
195,244,43,123
195,242,43,120
194,244,43,122
194,242,44,121
196,242,44,119
195,243,43,119
194,243,44,120
192,242,44,121
194,243,43,119
193,243,43,119
192,243,44,122
190,243,44,121
191,242,43,120
189,241,43,121
190,242,43,122
190,243,42,120
191,243,43,117
189,243,42,119
191,244,43,117
194,246,42,116
193,244,43,113
196,245,41,111
195,247,41,115
196,247,42,113
192,247,43,116
195,249,41,118
197,246,42,113
194,245,42,115
195,244,42,113
195,245,43,113
196,246,42,115
195,245,42,115
195,245,42,115
196,244,43,117
196,246,43,118
196,244,42,118
194,244,42,118
196,244,42,119
194,243,43,117
192,244,43,122
194,242,44,118
193,242,43,121
194,242,44,123
193,244,43,122
192,242,43,123
195,242,43,122
194,242,43,122
195,243,43,124
192,243,44,124
194,242,43,121
194,243,43,124
197,243,43,122
195,243,43,120
192,243,44,124
194,243,43,124
194,243,43,123
197,244,42,121
193,242,43,123
196,244,43,120
195,243,43,120
195,242,42,119
192,241,43,118
193,243,44,117
191,245,44,118
189,245,45,118
185,246,44,120
182,245,42,121
178,245,41,122
178,245,41,125
171,244,42,124
172,246,42,122
169,245,44,123
170,245,44,123
167,242,46,123
173,242,44,124
179,243,43,121
183,245,46,120
183,245,46,119
191,244,46,118
194,242,46,120
194,238,47,124
197,238,46,126
202,235,45,125
205,236,45,122
209,236,45,124
217,238,44,122
221,238,43,120
224,242,42,122
225,240,43,122
228,241,44,124
232,236,43,120
232,235,44,122
235,235,42,121
234,234,43,126
235,233,43,127
236,235,42,124
236,233,42,128
238,234,42,127
239,233,41,125
238,234,41,126
240,233,41,128
244,229,41,131
247,230,42,128
251,233,45,130
257,232,46,128
260,234,46,125
262,235,47,125
268,235,47,124
269,234,45,130
270,235,45,126
270,237,46,123
272,236,45,123
273,236,46,124
275,233,46,119
281,231,45,121
291,230,42,117
294,226,43,118
297,227,43,122
298,227,44,122
300,228,46,128
299,230,45,121
301,231,47,122
304,232,49,128
305,232,50,129
308,234,50,132
306,233,51,133
310,229,51,133
314,228,51,139
316,231,52,137
319,229,52,137
321,234,54,136
325,234,54,133
330,236,52,129
333,240,50,130
334,243,50,130
337,243,48,129
336,245,47,128
323,244,46,125
292,241,51,126
244,252,54,117
216,245,46,125
182,251,50,123
186,253,47,119
188,251,47,121
192,252,45,124
193,250,44,123
195,247,45,127
195,244,44,123
194,245,45,126
199,240,45,125
200,239,46,128
197,242,46,130
198,242,46,128
201,240,48,130
208,238,46,129
206,240,46,129
215,237,48,129
223,235,48,126
222,237,50,129
226,241,52,128
234,245,55,124
243,245,54,123
249,245,55,126
254,245,56,128
231,245,56,129
201,247,56,129
176,248,57,131
161,243,56,131
147,245,54,130
129,246,55,130
136,246,56,127
160,244,57,132
183,242,55,133
207,240,54,134
222,244,56,139
239,246,58,137
263,241,57,132
282,240,57,139
308,245,57,142
329,243,57,141
358,243,58,138
374,245,56,141
365,246,59,139
344,246,57,139
331,245,57,139
312,276,52,141
312,297,52,142
301,250,55,142
287,254,53,143
274,254,59,147
261,258,59,142
251,264,60,141
239,267,60,142
255,270,59,141
274,275,58,140
293,279,57,137
310,279,57,139
323,284,57,139
336,286,58,138
354,295,55,134
369,302,54,142
378,308,57,142
391,315,56,143
402,319,55,142
416,328,55,140
426,336,55,138
