330,232,70,88
331,232,69,88
331,232,70,88
331,228,70,91
335,228,69,89
338,225,69,92
342,226,70,89
346,225,70,90
352,229,71,89
352,222,74,91
358,226,77,88
372,225,79,88
386,219,72,90
405,220,82,89
428,214,84,92
448,203,85,97
489,185,85,106
531,195,83,97
556,193,86,100
592,194,73,92
604,191,84,99
633,194,81,98
646,194,80,101
654,197,78,102
657,200,75,103
660,204,73,101
660,212,71,97
657,218,71,93
655,216,69,92
651,211,69,96
650,211,71,100
649,213,73,102
646,213,75,106
644,219,78,108
641,223,80,111
634,229,87,113
620,237,93,109
600,260,94,113
568,278,86,114
535,280,87,108
484,265,86,115
466,267,80,111
443,257,76,104
426,252,78,106
419,248,77,106
420,244,78,107
424,236,81,115
423,236,86,116
433,243,86,117
442,242,88,116
451,240,91,118
452,237,90,118
455,231,87,119
460,234,86,116
460,232,88,116
465,237,86,112
467,239,85,113
473,236,83,114
474,237,83,114
482,233,82,116
488,231,83,115
500,224,83,111
515,216,83,110
522,216,82,108
528,219,80,108
534,219,78,107
540,220,78,106
541,217,79,107
544,219,78,105
547,222,78,104
548,222,77,104
546,219,79,105
548,217,78,104
548,213,79,104
550,211,77,105
547,204,78,107
544,201,79,108
541,199,80,105
537,201,82,103
532,199,84,103
529,196,85,105
525,200,85,105
516,199,86,103
511,205,88,98
509,208,84,98
521,202,76,95
529,195,77,97
534,196,77,96
511,219,79,99
504,272,80,102
512,277,77,100
516,276,75,100
514,276,75,96
514,276,79,97
508,275,86,98
506,269,88,95
512,263,73,92
504,259,91,94
502,254,89,93
499,259,90,92
500,259,89,92
501,259,86,92
499,261,82,92
497,268,82,95
491,281,78,110
489,262,79,103
485,235,77,107
481,221,80,102
478,219,80,99
477,215,79,100
477,213,78,99
476,214,78,99
475,213,79,101
476,215,80,102
477,215,81,103
477,215,81,103
477,213,83,105
479,214,84,106
479,212,86,107
479,215,85,106
481,216,87,107
481,212,89,110
482,211,89,112
481,211,91,115
485,210,91,118
489,214,92,117
493,216,93,116
502,222,92,113
504,223,92,112
504,221,91,113
506,223,92,112
499,217,93,116
494,218,92,115
489,219,91,114
483,217,89,114
482,216,89,116
478,211,90,118
479,213,89,117
478,217,90,114
477,214,90,115
478,215,90,114
478,212,90,115
476,209,91,117
477,208,90,117
477,210,92,116
472,209,92,117
468,212,90,115
462,214,92,113
454,214,93,115
452,217,93,116
451,220,90,113
451,221,89,113
448,219,88,112
448,218,87,113
449,218,88,113
449,221,88,112
449,217,89,113
449,219,88,110
448,217,88,110
448,221,88,108
451,223,86,109
452,228,84,109
457,231,83,111
457,234,84,109
460,241,85,105
468,245,84,103
470,241,84,103
472,232,82,106
468,226,83,108
467,221,83,109
466,218,83,111
464,217,84,111
465,216,82,112
464,214,82,113
463,211,83,114
463,210,82,113
465,212,82,113
468,214,82,115
469,216,81,113
470,218,80,110
470,221,80,108
474,224,79,111
476,226,79,111
470,221,81,114
462,215,82,113
461,213,84,117
473,229,83,117
474,237,85,119
469,221,85,119
469,214,85,118
467,215,87,118
470,215,87,117
469,217,86,119
473,214,85,113
470,211,85,117
474,211,84,113
476,210,85,112
483,210,85,111
487,209,85,112
489,210,84,110
495,210,84,104
497,215,84,100
502,214,82,99
508,215,83,99
504,208,81,102
510,203,80,103
509,203,81,104
504,198,83,108
517,199,81,102
518,199,82,102
519,198,80,101
523,198,80,99
517,197,80,100
517,197,77,99
520,200,77,97
517,207,78,95
512,210,81,98
517,214,80,94
528,218,83,90
530,221,83,90
531,220,84,93
537,220,82,89
537,220,83,91
535,220,81,95
538,220,83,94
539,220,83,93
536,219,85,98
537,220,85,98
536,219,85,99
536,217,86,98
535,217,86,101
533,217,86,102
536,217,87,101
536,217,88,105
539,222,86,107
541,225,86,108
544,226,85,107
545,226,85,107
547,227,85,111
547,226,85,108
547,228,85,114
548,228,85,114
548,228,87,113
544,227,87,114
543,226,88,114
542,227,87,115
542,226,88,115
543,225,88,114
542,227,87,116
544,230,87,116
544,232,88,119
541,234,87,124
543,244,87,123
547,257,85,122
545,276,83,104
559,281,84,116
560,290,85,117
557,295,85,119
561,303,85,122
558,300,88,124
561,299,89,128
560,302,90,127
554,302,90,127
540,292,87,130
539,289,87,128
538,286,90,130
538,282,91,128
541,282,91,122
526,273,93,118
522,249,92,127
521,224,95,132
525,197,93,117
540,178,89,110
551,186,86,108
552,181,90,107
580,179,89,111
582,181,86,112
585,181,85,114
586,181,88,117
587,185,88,117
589,189,88,117
590,192,88,117
589,191,88,118
590,194,88,117
589,195,88,118
589,195,89,118
588,196,88,119
587,197,88,119
585,196,89,118
584,195,92,121
582,194,92,121
580,194,92,119
574,191,91,119
573,191,91,122
571,189,91,123
568,189,90,125
569,190,90,125
568,190,90,124
569,191,91,124
569,191,90,123
569,192,89,120
569,194,89,118
569,197,89,116
570,201,88,112
569,204,86,109
570,206,86,106
572,205,85,109
572,204,86,111
572,203,88,112
575,202,89,113
574,202,89,109
576,202,89,112
577,201,89,114
577,201,89,112
578,201,89,113
578,200,90,113
579,199,90,113
579,199,90,111
578,198,91,112
581,199,90,112
579,197,92,112
581,198,91,113
582,198,90,111
582,199,89,111
580,197,91,113
580,197,90,111
580,196,91,113
580,195,90,113
580,195,89,113
578,194,89,112
578,194,88,111
577,194,89,112
575,194,89,114
572,193,91,112
573,194,90,112
571,193,90,112
571,194,89,110
572,196,87,109
569,197,88,105
569,197,87,108
568,199,87,108
566,199,85,108
561,202,86,109
536,200,92,106
524,201,94,107
517,201,91,108
508,200,90,112
498,202,89,117
473,215,85,107
468,207,86,109
473,230,88,110
460,243,89,112
460,251,88,110
459,257,89,112
466,268,89,112
492,270,90,113
492,274,90,114
510,272,91,114
504,258,92,115
510,261,91,115
503,277,91,115
504,275,101,126
510,263,99,128
521,258,97,126
523,262,96,127
526,258,94,126
528,262,95,124
523,263,97,128
523,261,97,132
520,265,98,135
526,267,96,131
526,268,96,133
526,270,97,131
534,268,96,127
534,267,97,127
533,269,98,130
532,268,97,129
533,265,97,128
532,265,99,130
532,267,101,130
530,264,101,133
528,263,103,137
531,266,103,135
521,259,108,144
526,264,106,140
528,267,103,137
528,261,103,141
530,270,102,138
534,284,102,136
536,283,101,136
539,287,99,136
541,282,99,137
539,285,98,139
549,288,94,136
553,284,91,137
555,285,89,137
558,286,88,135
561,283,87,132
563,283,86,131
567,295,84,131
566,291,83,131
567,296,83,134
567,292,84,134
566,295,85,133
563,289,85,135
565,296,86,136
561,311,91,114
565,294,87,135
562,287,88,135
567,284,83,132
561,287,86,132
565,290,86,136
562,287,88,137
562,293,89,139
560,290,89,139
563,288,86,137
566,288,86,135
566,283,83,132
560,287,86,134
569,292,84,129
567,288,84,130
566,288,83,128
568,292,83,128
569,290,81,126
566,288,81,123
566,289,80,123
571,289,78,122
571,294,81,123
569,293,80,120
570,293,80,123
567,296,80,123
566,293,81,123
567,299,82,123
565,299,81,120
569,298,82,122
568,293,82,122
568,294,83,122
569,302,83,122
568,292,81,125
570,287,80,121
568,284,80,122
571,292,80,124
566,290,81,119
567,295,83,122
561,294,85,123
549,282,90,126
548,292,92,122
548,295,94,125
546,295,97,125
552,302,95,122
550,305,97,127
544,308,100,132
543,293,101,137
541,295,99,141
549,302,99,132
546,301,98,115
510,302,109,123
557,281,100,128
557,279,103,135
556,277,101,137
554,275,101,136
553,273,95,138
550,272,98,139
553,270,98,139
561,276,97,139
557,272,99,144
558,265,100,144
556,269,102,144
557,266,102,145
558,259,101,148
562,265,98,146
564,265,97,146
571,266,96,145
570,265,98,148
571,270,96,144
572,267,96,146
572,273,96,143
570,269,96,145
572,266,96,146
572,270,95,147
573,269,94,146
577,270,94,146
572,270,94,145
576,275,92,140
575,292,91,133
571,279,91,135
573,288,90,132
570,286,90,132
572,289,91,131
574,293,90,131
569,283,91,132
568,283,91,134
567,277,94,136
568,277,96,140
570,288,93,139
568,277,94,144
571,272,94,146
568,277,96,149
571,277,97,151
574,273,100,155
568,273,101,156
568,271,102,157
571,268,103,160
571,268,101,160
573,268,101,162
575,269,101,162
570,268,103,161
574,273,100,157
572,274,102,158
567,274,104,157
568,266,103,158
569,270,102,156
570,272,103,157
572,269,104,158
569,269,102,158
578,272,100,154
574,273,100,154
572,272,100,153
572,275,97,150
577,272,97,150
575,277,97,149
574,273,97,152
575,276,98,151
574,278,98,152
575,275,99,152
581,274,99,153
581,271,100,154
578,274,101,155
576,278,102,157
577,276,102,159
579,274,101,158
580,273,100,157
577,271,101,156
580,274,100,157
578,275,101,157
582,276,102,159
575,272,103,157
573,273,103,157
576,275,102,156
582,272,101,157
577,274,100,155
579,275,99,155
583,272,101,157
576,272,101,156
576,276,101,156
575,273,102,156
575,274,102,157
574,279,103,156
574,276,102,158
575,273,101,157
574,272,102,158
572,272,102,159
574,274,102,160
574,271,104,161
570,269,105,162
572,273,104,160
572,273,103,158
573,270,103,160
575,271,102,158
578,271,102,158
574,270,103,158
575,273,101,155
572,272,102,156
571,270,101,155
575,271,101,155
572,270,100,155
567,269,101,156
572,269,100,155
575,274,100,154
574,273,100,154
575,274,100,154
570,275,101,155
575,274,99,155
572,274,100,156
579,272,97,155
578,272,97,154
575,274,100,155
572,272,101,155
573,272,101,156
574,271,101,154
568,274,104,154
572,272,103,154
570,272,104,156
566,268,103,156
569,271,103,155
566,269,103,156
564,274,102,155
564,272,101,154
561,276,102,154
564,273,103,154
561,270,104,159
561,271,105,159
562,276,104,155
566,278,104,154
563,275,104,155
564,275,103,154
565,275,102,153
567,276,101,151
567,278,102,149
569,279,102,151
567,275,102,151
567,277,102,152
568,276,102,152
562,278,102,152
569,275,102,152
566,273,102,154
570,275,100,153
573,275,100,152
569,272,100,153
575,278,99,149
582,273,96,151
583,271,95,150
586,280,94,145
593,280,98,124
595,283,98,123
598,282,96,120
593,283,94,119
597,285,94,118
593,290,95,119
585,283,107,140
589,281,107,147
586,275,109,149
585,275,111,152
586,276,111,149
577,273,113,154
575,272,114,155
572,275,115,154
569,273,116,155
563,276,120,149
568,279,118,152
560,279,120,154
558,279,120,159
564,278,121,161
555,276,121,158
551,283,125,152
549,275,123,162
550,276,123,165
550,277,124,168
544,281,123,159
548,277,125,164
548,273,126,169
551,275,115,169
557,273,113,169
554,272,114,167
555,270,113,167
557,271,113,169
557,275,114,168
554,275,114,168
560,275,113,168
555,271,113,168
561,277,114,169
558,273,114,168
549,272,118,170
554,273,117,173
555,279,117,172
551,276,118,172
543,272,120,172
541,271,121,173
541,272,119,172
541,273,118,170
539,274,116,168
547,273,114,168
546,273,113,170
545,271,115,171
546,271,114,171
549,272,116,174
544,271,118,171
553,271,116,172
557,268,115,172
553,266,117,170
556,269,115,169
559,273,114,169
558,267,116,173
560,273,115,171
558,272,116,173
557,268,116,173
560,275,116,173
554,272,116,171
555,273,116,173
558,273,115,176
555,273,115,175
555,277,114,174
551,280,115,173
554,282,114,174
551,280,115,170
553,281,116,168
553,282,116,169
551,279,114,169
550,281,115,169
545,284,112,168
541,285,113,165
540,288,110,161
541,288,110,161
542,287,108,157
545,291,109,158
542,290,110,157
538,288,110,160
538,287,108,155
538,286,109,156
532,285,107,155
534,285,106,154
537,289,105,151
536,287,104,152
536,290,104,149
534,286,104,151
538,286,102,149
539,286,102,151
536,281,103,154
529,276,104,157
532,274,105,158
534,276,106,154
535,272,106,158
538,272,108,161
542,272,109,158
543,272,112,159
545,265,113,153
545,263,112,155
545,264,112,155
552,265,114,154
551,262,117,158
551,256,122,161
558,258,122,167
562,262,122,165
565,264,124,169
558,267,123,163
563,269,120,158
537,252,125,160
543,251,122,162
548,256,121,161
546,254,120,161
553,260,116,157
547,255,112,158
556,262,109,156
556,263,107,157
557,262,107,161
562,267,108,160
561,269,108,156
561,264,107,159
561,270,109,164
562,270,109,165
563,268,108,165
567,268,107,163
561,267,108,165
571,266,110,169
564,265,108,167
566,263,109,166
559,264,108,156
559,260,108,156
562,263,108,158
556,260,110,158
556,263,110,156
559,262,109,153
555,265,107,152
556,267,107,150
559,268,106,146
555,269,106,143
555,270,105,142
558,274,103,142
557,271,102,147
554,271,104,152
552,276,103,154
553,273,107,157
556,276,108,156
552,278,111,157
549,281,109,156
551,279,109,153
551,283,107,153
549,277,107,155
547,276,108,156
550,276,107,158
549,282,105,159
552,282,104,155
549,284,103,155
548,284,104,156
547,285,104,155
546,286,104,153
547,288,104,152
547,287,104,150
546,287,104,152
549,290,104,154
549,289,103,154
550,288,104,154
550,285,104,155
557,285,104,156
552,285,105,156
555,284,105,159
550,281,106,163
553,281,107,166
557,278,107,164
555,272,109,166
555,275,111,169
556,270,112,167
557,273,112,167
557,275,112,170
558,278,110,166
557,279,109,165
556,279,106,159
555,282,107,162
557,274,106,158
553,279,107,160
554,283,106,160
556,281,107,160
555,285,106,159
559,281,107,162
554,284,107,163
556,284,109,163
552,281,110,167
550,275,112,169
556,278,113,173
555,277,112,171
555,276,113,172
559,280,115,174
555,276,114,174
558,276,119,181
558,276,119,181
554,274,119,181
557,277,122,185
553,275,121,183
556,279,118,180
555,277,119,179
556,278,119,178
553,276,120,181
553,275,123,184
550,276,123,186
549,273,126,190
549,274,129,197
550,267,129,201
550,273,126,197
553,275,126,193
552,282,122,191
552,279,123,191
554,278,123,192
550,281,120,192
553,280,121,192
552,282,121,190
556,279,122,190
554,276,122,191
551,278,122,189
555,283,123,185
551,279,121,188
553,281,121,187
553,279,124,189
549,279,125,188
546,274,125,191
546,280,123,189
543,282,123,188
543,279,123,187
541,279,123,189
540,276,125,191
538,280,122,188
539,283,121,185
541,286,119,181
540,284,118,178
544,281,115,174
539,280,117,177
543,281,116,175
543,280,116,173
542,281,116,173
543,281,117,174
546,277,115,168
540,276,116,169
541,271,118,171
542,271,117,170
539,277,116,169
545,279,114,168
545,276,113,165
546,277,113,169
547,272,113,169
550,269,113,169
549,276,113,169
550,274,113,171
552,273,115,171
553,270,117,174
554,271,116,171
552,270,117,176
554,268,117,175
557,269,117,173
554,272,117,174
553,272,118,172
551,267,118,174
556,276,120,174
554,274,120,175
556,276,120,174
553,272,121,177
557,270,121,177
561,273,119,176
562,277,120,176
562,274,123,182
560,274,123,188
563,273,123,191
565,276,122,191
564,276,121,192
566,275,122,192
567,274,123,192
565,277,123,192
566,276,121,190
564,275,120,189
567,273,121,189
564,276,119,187
564,277,118,186
566,277,120,185
562,274,119,181
563,280,119,176
558,282,118,175
560,277,118,174
561,282,118,175
558,276,117,174
559,277,121,180
557,278,121,181
553,274,121,184
552,272,122,184
550,275,122,186
549,269,121,179
542,269,119,178
544,269,120,179
539,266,120,178
534,270,119,176
532,263,120,172
537,273,116,170
527,271,118,170
528,266,117,166
530,269,116,165
530,274,115,165
526,274,114,161
534,275,113,164
532,274,114,157
536,272,112,158
539,269,107,162
543,275,106,162
545,274,107,162
543,276,108,159
546,270,108,160
548,270,109,162
551,267,109,163
552,271,109,161
554,273,108,159
556,272,108,159
555,275,107,159
554,276,107,158
551,270,108,162
551,271,106,160
552,276,105,158
551,277,104,153
549,280,103,152
552,283,103,153
550,281,103,154
549,279,103,151
547,283,106,156
548,278,106,155
547,278,106,156
550,281,106,157
552,282,107,159
550,282,106,153
555,283,106,158
560,278,104,156
562,280,105,157
565,272,105,157
567,273,104,155
569,275,102,153
567,276,102,153
566,279,99,149
565,278,99,150
564,290,98,145
556,283,100,150
554,279,99,152
557,284,98,152
553,283,98,151
548,282,98,147
546,287,101,153
547,287,102,157
546,284,101,154
542,284,103,157
540,284,106,153
540,282,108,152
535,285,110,152
539,286,108,150
539,285,107,148
535,282,109,150
538,283,105,147
540,284,105,150
544,283,103,148
547,280,102,151
540,273,107,156
538,272,107,158
549,282,100,155
550,281,99,155
546,281,101,156
547,280,100,153
544,280,102,154
548,279,101,155
544,277,104,157
540,281,106,154
542,281,103,148
541,281,103,152
545,283,102,149
542,284,103,148
548,293,101,144
550,295,101,141
547,296,104,143
544,293,104,145
546,293,103,145
551,296,101,144
544,289,102,146
545,288,102,146
544,285,103,143
543,286,102,142
545,286,103,140
547,284,100,140
551,284,98,139
553,281,100,139
554,277,100,144
558,283,100,145
556,284,101,149
563,288,101,146
562,284,106,153
562,285,108,155
565,281,107,157
563,284,110,158
561,282,111,158
562,283,111,159
564,284,111,161
563,282,112,164
563,281,112,165
562,280,112,166
561,283,112,162
563,283,110,162
564,281,110,163
564,281,109,162
563,281,109,161
566,283,109,161
568,281,112,162
569,280,114,166
568,281,113,167
570,279,114,170
570,278,115,170
574,280,116,171
576,278,115,171
577,280,116,172
577,278,114,169
580,280,114,167
578,279,114,168
578,281,114,167
577,283,116,168
578,279,117,170
577,277,116,171
577,273,116,174
574,279,115,171
576,282,114,169
571,281,114,169
574,279,116,173
576,281,115,175
577,280,115,175
577,280,115,175
577,282,116,176
582,282,114,173
580,282,114,173
581,282,115,173
580,282,115,170
581,286,115,168
583,281,114,167
583,281,115,168
583,284,115,168
583,282,115,166
582,286,117,166
580,283,116,164
578,283,118,167
578,281,116,169
575,279,115,169
579,278,114,171
575,278,114,172
574,279,114,172
573,278,114,171
575,279,113,173
569,281,113,173
569,277,112,174
572,279,113,175
570,279,114,176
572,278,113,174
571,277,113,176
569,279,116,176
567,280,114,173
572,282,115,172
568,276,117,173
569,278,117,171
568,276,117,169
568,275,119,171
566,268,118,171
564,268,118,173
557,268,114,163
557,264,113,162
554,265,110,157
547,264,110,155
548,267,112,154
548,266,110,153
544,267,111,155
538,260,111,153
536,259,110,152
540,261,109,151
540,266,109,152
546,271,109,153
544,269,110,152
545,271,107,149
548,276,104,145
552,281,99,139
557,285,99,139
554,280,102,142
548,274,103,147
551,277,103,148
554,279,103,148
554,277,105,153
555,275,106,153
553,273,107,153
549,271,108,153
553,274,109,151
556,279,108,150
552,281,110,154
548,279,110,153
546,282,109,150
541,281,107,150
544,287,106,142
542,287,105,143
544,289,104,143
542,291,106,145
544,288,104,147
540,285,105,147
542,283,104,148
549,285,106,151
546,283,107,154
546,282,105,149
544,277,106,150
549,281,105,147
550,282,104,151
552,282,101,146
551,281,101,143
553,284,101,142
551,281,101,142
556,286,99,142
552,286,100,141
551,281,100,140
555,283,98,143
561,283,97,153
559,283,98,153
558,282,100,156
559,283,98,153
559,288,97,152
563,285,96,149
565,289,97,151
563,285,97,152
563,289,98,152
562,290,99,155
562,289,98,151
562,290,98,153
562,285,99,153
559,280,99,153
560,287,98,152
561,287,97,150
560,285,98,151
559,287,98,151
562,282,96,148
558,287,98,152
