161,105,25,45
160,105,24,45
160,105,24,44
159,104,24,45
160,105,24,44
159,106,24,44
160,107,23,42
159,107,24,44
160,106,23,45
159,107,23,43
158,109,22,42
157,108,22,45
156,108,23,43
155,108,22,43
154,110,23,42
154,110,23,43
155,111,22,43
154,110,23,44
154,110,21,44
153,111,22,44
153,113,22,42
150,111,24,45
151,111,23,43
151,112,24,44
151,113,23,42
151,114,24,43
151,113,23,43
151,114,23,43
150,117,22,42
150,118,21,41
148,117,22,42
149,116,21,41
148,117,22,41
148,118,21,41
146,118,23,44
146,117,22,43
147,118,21,42
145,120,22,42
144,120,21,44
144,119,21,42
141,120,23,43
142,120,20,42
142,121,20,41
140,123,21,43
141,122,20,43
140,124,20,43
140,125,20,42
140,124,19,44
137,125,20,43
134,126,20,42
128,128,23,41
135,127,20,41
134,127,21,42
134,127,21,41
130,124,23,42
168,122,23,42
172,127,23,41
170,131,22,41
170,130,22,41
168,131,22,40
167,133,23,39
171,131,22,41
170,131,21,40
171,132,20,39
170,133,21,39
170,133,21,37
168,131,21,37
169,133,22,37
169,135,22,36
171,137,21,36
170,136,20,36
171,134,20,36
172,135,20,37
171,136,20,38
171,135,20,36
170,136,20,36
169,137,21,36
169,137,22,38
170,137,21,37
170,136,21,37
170,137,21,37
171,137,21,37
170,137,21,38
168,138,21,35
167,138,21,37
168,137,21,37
168,137,21,36
165,140,22,36
166,138,21,36
164,137,22,36
165,138,21,36
164,138,21,35
164,139,20,35
162,139,21,36
162,137,20,33
164,139,20,34
164,139,19,33
162,138,20,34
161,137,20,35
162,137,20,36
163,139,20,37
163,139,19,37
164,138,20,38
163,139,20,36
163,139,21,36
164,142,20,36
163,141,22,36
165,141,21,37
167,141,21,39
167,139,21,40
167,139,22,40
167,141,21,39
168,140,22,41
167,142,21,39
169,142,22,39
169,141,21,40
170,141,20,40
171,144,20,40
171,143,21,42
171,142,20,43
170,144,21,40
169,145,22,40
171,144,22,41
172,143,22,42
174,144,21,42
176,146,21,40
176,147,21,40
178,146,21,42
177,146,21,40
177,146,22,41
177,147,21,40
177,149,22,40
178,147,23,41
179,148,23,42
180,149,22,41
179,149,21,43
178,150,23,41
177,149,24,43
178,150,24,41
180,152,23,42
181,152,21,41
181,151,24,42
183,150,22,45
183,151,22,43
184,155,22,40
184,152,22,43
184,152,24,42
184,153,23,42
185,155,22,42
187,155,22,42
189,156,22,42
189,155,23,42
190,156,22,43
191,157,20,43
191,159,22,42
191,158,22,41
191,160,22,42
193,161,21,42
193,163,23,41
194,163,23,42
195,162,22,43
195,164,23,43
195,164,23,44
195,164,23,42
195,165,22,43
196,167,22,42
198,168,22,42
197,168,22,43
199,167,21,43
199,168,22,43
200,169,21,44
199,169,19,42
197,170,21,41
198,172,22,42
198,172,21,42
200,172,21,42
200,171,21,42
199,172,21,42
201,173,21,42
202,173,19,41
201,172,20,42
201,175,20,40
202,177,20,39
203,177,21,39
206,177,21,41
208,179,21,40
210,177,21,42
210,177,22,43
211,178,21,44
212,178,21,42
210,179,21,41
212,182,21,39
214,181,21,39
219,182,20,37
219,182,20,38
218,179,22,42
221,183,21,38
221,181,21,39
218,179,22,43
221,181,21,38
225,186,20,39
224,186,20,41
225,187,22,40
223,182,22,45
227,184,21,43
225,184,23,43
229,187,22,43
229,185,23,43
231,187,22,43
230,186,22,45
230,188,23,46
231,187,24,47
232,186,23,47
234,187,25,49
234,187,25,51
235,188,25,50
237,189,25,48
238,191,25,50
239,191,26,51
240,191,27,51
240,190,27,52
243,192,27,51
244,194,28,51
246,195,27,53
247,195,28,52
247,198,28,50
247,198,28,51
250,199,29,53
252,200,27,53
253,199,28,53
254,200,28,54
255,203,29,51
255,204,29,54
256,204,29,54
256,205,29,54
258,205,27,54
260,207,29,51
262,208,27,52
264,207,29,54
266,210,29,52
269,212,28,51
269,212,29,54
269,212,28,53
271,213,28,51
272,215,28,50
276,215,28,51
278,217,29,51
280,217,29,52
283,217,28,53
286,220,28,52
289,221,29,54
291,220,28,53
293,220,27,51
294,223,28,52
297,223,28,51
300,222,29,52
303,223,29,53
307,224,29,53
308,225,28,53
309,226,29,53
313,227,26,52
316,228,26,49
317,231,28,51
319,231,28,51
321,231,29,50
326,232,28,53
328,233,27,50
329,234,27,52
332,234,29,53
336,235,26,51
337,238,26,48
341,239,27,49
343,240,28,48
347,239,28,48
349,243,28,48
352,245,28,49
355,245,28,49
356,242,28,49
359,246,26,49
360,249,27,48
365,246,27,47
367,246,27,46
373,248,26,45
376,251,26,48
377,251,28,47
381,250,27,48
384,251,27,48
384,252,27,50
388,254,27,49
390,255,27,49
395,255,29,50
397,254,30,51
401,258,29,50
403,259,29,52
408,260,29,51
412,259,29,51
416,263,28,52
418,265,28,50
421,263,29,51
425,265,30,52
431,265,29,53
436,266,29,51
440,268,28,50
444,269,29,50
446,271,28,50
451,274,28,51
454,273,28,50
455,272,30,49
458,274,31,52
463,274,31,53
465,277,30,53
469,277,32,52
477,280,29,51
480,283,30,51
486,282,30,52
487,281,31,55
490,282,32,55
495,285,32,55
497,285,33,56
501,285,32,56
505,285,31,56
509,288,30,53
514,290,29,53
520,290,29,55
525,292,29,54
529,292,29,55
529,289,32,59
537,286,32,59
545,293,27,57
551,287,32,59
559,293,32,58
578,295,29,52
577,298,27,57
583,298,27,56
592,300,27,56
596,302,32,59
611,307,28,58
617,305,29,59
617,303,33,60
632,308,29,58
641,307,31,60
650,305,31,62
640,304,33,60
618,302,33,60
589,308,34,61
562,305,34,62
539,314,37,60
518,316,36,57
501,318,34,54
477,318,31,53
452,314,33,60
426,308,37,56
393,313,33,59
369,313,34,55
346,314,33,54
319,315,32,59
292,317,32,51
265,308,32,58
246,316,34,56
225,313,33,56
202,311,35,57
181,312,35,57
147,314,33,59
149,314,34,58
156,320,33,58
174,329,30,53
190,331,29,52
198,336,30,51
209,336,28,50
220,342,29,49
228,342,29,50
234,340,29,52
247,348,28,50
258,344,28,51
268,342,28,53
281,344,27,53
291,347,28,54
299,350,27,52
308,348,27,50
318,349,27,50
326,351,28,51
335,349,27,54
343,347,28,55
352,352,28,54
361,357,29,53
371,356,29,55
380,360,28,53
388,361,29,52
401,363,27,53
408,367,28,53
417,363,28,53
425,363,29,52
434,360,30,56
445,359,30,59
453,358,30,56
465,365,30,54
474,366,30,54
482,364,31,56
490,365,30,55
498,376,29,52
510,375,29,52
