350,232,184,155
351,230,183,155
353,230,181,155
353,229,182,155
355,228,181,156
353,229,181,154
354,229,180,152
354,227,180,153
354,227,180,153
354,228,180,151
355,227,180,151
356,227,181,152
357,226,181,153
356,227,180,153
356,228,180,154
357,228,180,154
356,229,181,154
354,230,180,154
354,232,178,151
354,234,178,147
353,234,174,147
355,232,171,150
355,232,169,149
358,231,167,150
357,232,165,149
358,229,168,150
357,228,170,150
356,226,174,151
354,225,180,151
357,221,180,154
355,219,188,152
357,214,191,156
357,214,189,156
356,223,180,150
356,222,178,150
359,225,174,148
360,225,173,147
359,219,178,151
358,223,174,150
357,226,176,147
354,219,188,153
354,219,192,153
356,218,185,156
356,219,180,156
353,224,180,152
354,227,174,147
356,226,171,147
356,227,167,148
357,229,168,146
358,226,170,149
359,228,169,146
359,231,170,143
359,230,166,145
359,228,166,147
358,228,166,147
357,221,177,142
359,239,172,144
363,224,172,147
361,226,175,146
359,220,182,153
357,229,176,146
361,233,169,145
362,235,167,144
361,238,163,142
362,236,165,143
362,238,163,142
363,235,163,145
363,235,162,145
363,239,161,142
363,235,165,146
363,238,163,144
364,238,165,145
364,235,167,147
363,239,164,145
364,239,162,143
365,241,155,142
363,244,155,137
364,244,159,140
365,242,157,142
364,241,156,142
364,247,157,136
365,241,159,143
364,238,159,148
363,239,163,148
365,242,158,143
364,240,159,145
364,241,163,145
363,238,162,148
364,239,158,147
364,239,162,148
364,246,161,139
362,242,164,144
362,241,167,144
362,237,165,147
362,239,166,147
363,242,166,145
362,240,165,147
361,236,165,148
361,234,168,149
359,232,169,149
360,229,169,150
359,229,168,150
359,228,169,150
358,230,169,148
357,229,167,148
356,229,169,148
357,235,165,139
355,231,165,143
354,230,168,144
353,228,170,145
353,229,167,145
354,228,165,145
352,231,166,142
352,225,168,148
353,223,166,148
355,224,161,147
359,217,161,156
360,226,163,147
358,223,162,150
357,226,166,148
360,230,164,144
358,232,177,137
361,236,167,136
361,235,169,139
361,231,175,141
362,233,170,139
361,232,170,140
362,232,170,140
362,235,166,140
363,234,163,139
365,232,162,141
363,232,165,142
364,233,162,141
364,230,166,142
364,232,167,141
362,234,167,141
361,237,166,138
362,236,168,139
361,233,170,142
360,235,171,142
361,237,165,140
361,241,166,136
361,243,166,137
361,245,160,136
360,238,169,137
357,235,172,142
358,230,173,144
358,234,171,141
358,234,171,141
357,233,173,142
358,236,170,140
358,237,167,140
358,235,170,141
357,234,170,141
358,237,168,140
357,236,170,142
359,237,170,143
359,235,170,144
359,235,168,143
359,236,170,144
359,235,171,143
358,237,170,145
359,238,169,144
359,238,168,143
359,237,166,144
358,233,171,146
357,237,172,145
355,235,175,146
357,235,177,145
356,237,171,144
355,239,176,142
355,242,177,144
354,236,176,146
353,235,175,146
353,237,174,145
352,237,178,145
354,235,177,147
355,236,173,146
357,236,172,145
358,237,173,145
360,239,171,143
359,237,171,144
359,238,166,143
361,240,166,142
360,239,166,143
360,239,167,141
360,239,167,141
361,241,163,137
360,241,169,139
361,240,172,141
361,242,172,140
360,242,169,140
359,242,171,141
358,240,174,140
359,241,169,141
359,241,172,141
360,240,170,142
358,239,173,143
358,241,172,143
361,242,171,142
358,241,171,142
358,242,172,141
357,242,171,141
358,243,170,142
363,244,169,142
360,244,167,143
362,242,163,143
362,242,164,143
363,235,169,146
365,240,160,143
365,240,160,142
362,241,164,142
361,241,167,142
361,241,170,141
359,239,173,142
360,240,171,142
359,240,172,143
358,240,172,143
357,240,174,141
360,241,174,141
359,242,172,141
359,241,172,141
359,242,169,140
357,240,173,141
359,241,171,139
359,243,172,139
358,242,172,139
358,241,173,139
360,244,172,139
358,243,172,139
358,243,171,140
358,242,171,140
357,241,172,142
359,242,167,143
364,241,163,145
363,235,165,148
363,238,164,145
363,241,162,143
360,237,168,141
359,240,169,143
358,239,168,143
358,238,170,145
361,237,169,145
361,238,171,145
362,239,170,144
362,241,166,141
364,241,165,141
363,239,165,143
364,238,165,143
364,237,166,145
363,237,166,144
363,239,164,142
364,238,165,142
364,239,165,141
364,240,165,141
364,241,165,140
364,237,169,143
362,239,168,140
362,239,170,141
363,236,170,141
364,235,170,143
363,236,172,141
365,236,169,140
367,239,167,133
363,231,174,145
362,229,175,146
363,232,173,143
364,233,172,143
365,235,170,142
365,240,169,142
364,240,170,143
365,238,168,145
366,238,174,147
365,240,168,143
365,233,176,147
365,236,174,146
364,238,170,144
364,234,171,148
362,233,171,147
363,235,171,146
362,234,173,146
361,234,173,146
362,233,171,146
364,234,169,146
364,232,170,149
364,233,167,146
364,233,168,144
363,233,170,144
362,231,172,147
363,231,172,145
362,233,171,145
361,230,175,147
362,232,172,147
360,233,172,147
363,236,167,145
363,237,167,145
363,236,172,146
362,238,171,145
363,239,165,143
363,240,167,143
363,238,169,145
362,238,169,145
361,237,171,147
360,238,173,145
357,235,178,145
357,239,178,144
357,237,177,143
356,235,180,143
359,240,170,143
358,236,171,145
362,239,169,143
363,238,167,145
363,239,167,146
359,237,173,147
359,237,169,147
359,238,167,145
358,238,171,144
356,238,175,143
356,238,175,143
356,236,178,144
356,237,177,144
356,236,179,144
355,237,178,143
356,238,176,143
357,237,180,144
354,234,181,145
356,236,176,144
356,238,176,143
358,238,175,142
358,238,175,141
358,238,175,142
357,238,174,142
357,239,171,141
358,238,171,142
356,238,173,142
355,237,172,142
354,238,176,142
352,239,175,140
352,239,175,141
352,239,174,141
353,240,174,141
351,240,176,141
351,239,176,141
350,238,177,141
350,238,177,142
350,238,176,143
349,236,179,144
349,236,177,145
348,233,178,147
348,233,178,147
350,229,174,150
352,229,171,150
352,225,173,154
354,222,172,157
355,221,170,157
357,224,170,154
359,227,167,151
360,227,165,151
360,227,165,151
360,226,165,152
359,229,164,148
357,223,170,154
356,224,171,153
353,225,173,152
352,226,178,150
350,227,180,148
348,226,180,149
349,226,183,148
351,226,183,149
355,226,180,150
356,232,176,147
358,231,179,147
356,230,184,149
354,230,188,151
354,229,182,152
354,232,182,148
356,231,179,146
358,229,175,148
358,228,181,148
359,228,182,148
362,224,186,150
361,226,185,148
360,228,187,149
361,226,186,150
360,225,186,152
355,222,188,159
353,220,193,158
352,222,192,157
355,224,190,162
356,224,190,161
353,225,189,159
346,225,196,163
340,229,192,158
339,223,196,165
329,224,202,167
329,226,204,167
331,233,199,161
327,231,201,166
324,238,202,165
326,226,205,174
331,228,196,171
336,222,196,177
337,225,190,172
335,222,195,178
333,223,195,174
341,224,189,171
345,228,185,169
342,232,187,163
346,229,186,166
345,227,187,167
343,226,191,166
343,225,192,170
344,230,181,166
346,227,185,171
346,230,182,169
345,236,175,162
345,234,181,165
345,235,187,165
347,235,192,163
348,239,185,157
352,231,191,164
351,224,196,167
349,228,196,164
356,225,193,168
364,224,187,172
367,225,185,170
370,223,188,175
374,219,190,178
377,219,190,178
379,218,186,177
380,216,184,175
381,215,179,174
382,214,173,170
380,214,174,170
375,215,182,172
373,213,183,171
371,212,187,172
374,212,185,170
374,213,183,168
375,212,183,171
376,214,179,170
377,212,181,171
374,216,174,165
369,212,184,166
372,211,188,171
370,215,179,166
369,217,179,165
369,213,182,167
369,211,182,169
366,215,182,167
368,213,184,168
369,213,178,165
372,214,173,166
373,219,169,163
375,226,169,161
377,222,162,160
380,221,164,163
378,225,163,160
374,227,184,169
376,230,172,162
377,231,166,157
376,236,165,153
373,239,171,156
363,236,178,160
357,231,191,170
352,237,192,159
356,230,192,159
403,230,183,154
362,231,188,156
365,234,187,155
368,233,189,159
372,233,190,157
370,230,182,154
375,234,174,151
373,231,177,154
373,230,179,153
374,233,178,151
370,232,182,151
368,230,185,151
370,231,183,150
365,228,187,150
368,228,185,150
370,227,181,151
374,225,178,152
380,218,177,158
386,221,172,157
386,214,172,158
390,218,168,155
395,215,160,155
393,216,160,156
391,214,163,159
389,214,166,160
389,216,165,158
387,218,164,157
386,220,163,155
386,223,166,153
387,222,164,153
386,221,165,154
385,221,167,153
387,221,167,154
386,219,165,155
388,219,163,156
389,221,165,153
389,222,167,152
389,222,169,151
400,228,165,148
394,222,173,151
391,225,174,145
394,223,179,147
399,223,175,149
403,228,167,144
404,223,163,146
402,217,164,151
397,217,167,151
389,215,170,149
387,216,171,146
383,215,168,148
385,214,163,151
391,212,159,152
389,212,157,153
391,213,158,155
391,211,155,155
390,211,155,155
390,210,156,158
385,211,155,157
385,209,156,158
383,209,156,158
380,211,156,156
382,212,153,156
384,216,150,156
386,219,148,155
389,220,149,157
391,218,145,157
391,218,140,155
390,220,144,154
387,227,140,149
387,229,140,146
386,232,143,144
383,237,137,138
385,237,139,140
380,238,138,140
380,237,139,141
380,232,142,140
378,228,137,141
378,227,137,141
378,226,137,141
382,224,137,142
379,223,138,143
376,223,139,144
373,225,138,142
375,225,138,143
375,226,141,143
376,222,142,146
374,226,140,143
372,222,142,145
369,223,141,143
370,224,142,144
369,223,142,144
368,225,143,143
370,229,141,138
373,227,142,141
375,226,143,139
380,226,142,142
381,225,143,142
382,225,142,141
386,223,141,143
383,224,141,140
383,220,143,143
384,222,140,142
383,222,141,142
386,220,139,144
384,223,136,141
382,223,137,142
381,224,136,141
381,221,138,145
379,223,137,142
380,221,140,143
379,224,138,141
374,220,140,141
377,221,139,142
376,224,135,140
378,225,134,141
377,227,133,140
376,225,132,139
375,223,131,138
374,226,130,136
374,224,129,135
373,230,128,132
374,232,124,130
375,232,125,130
372,233,123,127
372,233,124,127
370,232,122,127
368,239,121,124
367,236,121,123
362,239,121,121
359,239,121,120
359,244,119,118
360,245,118,118
362,245,116,119
365,246,116,118
366,244,115,118
365,241,115,121
365,244,114,120
366,243,113,121
366,242,114,121
365,243,114,120
363,240,118,120
361,238,119,121
362,238,120,121
363,236,123,123
364,239,121,121
364,237,123,124
365,237,122,123
365,237,123,123
369,236,122,123
371,233,125,126
371,234,124,125
371,235,126,125
373,233,124,126
374,234,123,124
378,235,121,125
376,237,121,124
375,234,122,125
375,231,123,126
377,232,123,127
372,233,125,127
372,231,126,128
369,233,128,126
365,230,130,129
364,229,131,131
361,229,131,129
360,230,130,129
358,232,126,127
357,228,127,130
354,233,128,129
355,233,125,127
352,235,122,125
347,235,120,123
345,237,123,122
341,237,123,123
340,238,121,121
339,238,120,120
338,243,118,118
339,241,115,117
340,243,117,116
339,241,114,118
335,247,116,116
333,248,118,118
334,248,117,119
335,249,115,119
337,250,115,119
336,249,116,120
340,249,116,119
345,248,114,118
346,246,114,120
348,245,115,120
346,245,117,119
352,246,116,117
356,246,114,118
359,246,114,117
362,246,112,117
363,246,111,116
365,247,109,114
364,248,108,113
364,248,110,114
365,249,110,113
366,247,111,113
366,247,109,112
364,249,107,112
365,250,106,111
365,250,106,110
364,248,108,112
363,250,106,111
362,247,107,113
362,249,106,112
362,248,108,113
360,247,108,115
362,247,109,114
358,249,107,113
358,249,108,113
359,248,107,112
358,249,107,113
358,249,109,113
357,247,109,114
356,247,110,115
356,247,111,114
355,246,111,115
354,246,110,116
355,249,109,114
355,248,109,114
355,246,111,116
353,248,109,115
356,247,112,115
353,248,109,115
353,247,109,116
353,245,110,116
352,249,110,115
353,249,110,115
353,246,110,114
354,248,107,113
353,247,109,115
354,249,107,112
354,248,108,114
353,250,107,112
353,250,106,113
355,247,108,113
354,248,105,112
356,248,106,111
355,250,106,110
353,252,105,110
354,249,106,111
354,250,107,111
354,251,106,110
354,250,106,111
354,251,107,111
354,251,106,110
353,252,105,110
354,249,106,112
353,249,107,113
352,248,106,113
352,250,106,111
352,252,104,110
352,251,106,111
352,251,107,110
352,250,107,111
351,251,105,109
352,251,106,110
352,249,108,111
351,250,106,110
351,253,105,108
350,253,105,107
351,252,106,108
350,253,105,108
349,251,106,109
349,253,106,108
349,251,107,110
348,251,108,110
348,253,104,107
347,252,106,108
347,251,107,110
347,250,108,111
346,251,108,111
345,252,107,109
345,251,108,110
346,250,107,109
345,251,106,108
344,251,107,109
345,252,108,109
345,250,107,110
345,248,109,113
345,250,107,110
345,251,107,110
345,251,108,110
344,252,108,110
346,249,108,111
344,250,108,111
345,249,109,112
344,248,109,113
345,252,109,111
344,252,108,110
343,252,109,111
343,250,107,110
343,250,109,111
344,250,107,110
343,251,107,110
343,251,106,108
344,252,107,109
343,252,106,108
343,252,107,109
342,252,107,109
344,250,108,111
342,251,107,110
343,249,108,111
342,253,107,109
342,253,105,106
342,252,108,111
342,251,109,111
341,252,107,109
341,249,108,112
341,246,111,115
341,247,111,115
340,250,111,114
339,249,110,114
339,248,112,115
339,244,113,117
339,247,112,115
340,248,112,116
338,246,113,115
338,248,112,115
338,248,111,114
337,250,110,112
340,246,112,114
339,246,112,114
338,248,112,113
337,250,111,112
336,249,110,111
336,252,108,109
335,252,109,110
336,249,109,111
334,251,110,110
335,249,111,112
335,247,111,112
335,251,109,109
335,251,110,110
334,251,110,111
333,250,110,111
334,247,111,113
334,247,112,112
334,249,110,110
332,252,110,108
333,250,110,109
332,249,111,110
332,249,111,110
334,249,112,109
333,248,112,109
334,247,113,111
334,249,112,110
334,248,112,110
335,245,112,112
335,245,112,112
335,244,114,113
336,245,116,114
337,246,115,112
336,245,116,112
335,247,115,111
338,242,116,114
340,242,115,115
340,245,114,114
341,242,114,115
341,242,114,115
341,243,112,113
341,243,113,114
342,242,112,115
344,243,112,114
343,242,112,114
344,240,111,115
344,243,113,114
344,239,115,117
343,238,112,116
342,239,113,116
339,242,113,114
341,239,114,117
339,239,114,116
339,240,113,116
338,242,115,115
339,243,114,114
337,244,113,112
339,243,112,112
339,241,113,113
339,241,113,114
337,241,113,113
337,241,113,113
338,242,112,114
338,243,112,113
339,241,114,115
337,242,113,114
338,240,112,116
338,242,112,114
338,240,114,117
338,239,114,117
337,241,112,115
337,243,112,112
338,241,112,114
337,242,113,114
334,244,114,113
336,241,112,114
335,243,114,114
337,243,115,113
337,240,115,115
339,240,114,114
339,240,113,114
339,242,112,111
340,240,114,114
339,243,114,112
340,241,115,115
339,241,115,115
340,243,115,115
342,246,112,113
344,247,111,112
344,246,111,112
343,244,112,114
344,246,112,113
344,246,112,114
343,246,113,114
343,246,113,115
343,244,113,115
344,246,114,116
345,245,114,116
343,248,113,115
347,244,114,118
344,248,114,115
345,247,113,115
346,247,114,116
345,245,115,118
345,245,115,119
344,245,114,117
345,246,113,116
345,248,113,116
347,246,113,117
347,245,113,117
346,246,113,116
344,245,113,116
344,247,113,115
346,246,112,116
346,248,112,115
344,249,110,113
345,251,108,111
345,249,109,112
345,250,110,112
345,250,109,111
344,249,110,112
345,249,111,111
344,250,109,110
345,252,109,109
345,251,109,110
345,251,109,109
347,249,111,113
344,249,109,111
344,250,109,110
344,249,108,110
344,251,109,110
342,249,109,110
342,249,110,111
341,249,110,111
341,251,111,111
339,246,111,113
338,248,109,110
337,251,109,109
335,251,110,110
336,248,112,114
333,248,112,112
334,250,111,111
335,248,110,113
335,247,112,114
334,249,113,113
334,249,114,114
333,248,114,113
333,248,114,113
333,251,113,111
332,249,114,112
331,253,111,110
331,250,112,112
330,251,111,111
331,250,112,112
328,249,115,112
327,252,112,110
325,253,113,109
325,253,113,110
325,255,111,108
323,253,113,110
323,252,111,110
323,256,110,107
323,255,110,107
322,256,109,106
319,258,109,106
321,252,110,107
322,256,109,104
321,255,108,104
322,256,106,103
323,257,106,104
322,259,105,103
321,254,107,105
324,256,105,105
321,256,106,106
324,253,107,106
327,254,106,105
327,252,108,105
327,250,110,107
323,246,109,109
322,245,109,110
325,247,110,108
326,247,107,108
326,246,109,109
327,246,109,109
329,244,110,109
329,247,107,107
328,250,108,106
329,251,108,106
328,252,109,108
322,255,113,106
321,250,115,108
324,251,111,110
321,252,114,110
321,248,116,111
321,247,116,111
322,241,119,114
324,240,123,114
327,237,122,115
325,242,118,110
325,246,113,109
316,243,116,111
318,244,114,109
322,242,112,110
322,247,109,105
322,247,110,106
323,247,112,109
323,250,109,107
322,252,109,107
325,252,108,107
325,258,106,102
327,255,106,104
329,258,106,104
330,255,106,105
331,253,107,107
333,252,107,108
335,253,105,106
334,257,104,103
334,256,104,104
333,256,104,104
332,257,107,105
331,256,105,105
330,259,103,101
328,259,104,103
329,258,105,103
330,254,104,105
328,257,105,103
326,256,105,104
327,256,106,105
325,254,108,107
322,253,108,104
326,247,109,108
325,252,108,105
326,249,109,107
327,248,109,108
327,250,110,108
328,249,109,108
328,250,109,109
330,249,112,111
330,248,108,109
330,253,107,106
332,251,109,108
333,251,109,108
333,250,109,110
332,255,107,107
334,254,107,107
335,249,109,111
333,254,108,108
336,253,107,108
335,253,107,108
335,255,106,106
327,252,112,110
330,252,110,110
331,250,110,111
330,251,110,110
328,251,111,109
329,251,111,110
329,252,110,108
331,247,113,111
328,250,112,109
330,251,110,108
330,246,112,111
329,248,112,110
331,249,112,109
329,249,109,110
330,250,109,110
329,251,109,108
331,250,109,110
332,249,110,110
332,249,110,110
333,249,108,109
333,250,107,109
334,248,107,109
333,249,106,108
335,249,106,109
334,251,105,107
334,251,105,107
333,251,105,108
333,251,105,107
334,251,105,107
333,249,106,108
330,254,105,105
332,250,106,108
330,251,106,106
331,252,105,105
332,251,105,107
332,251,104,106
331,252,104,105
331,252,103,104
332,253,102,103
330,253,104,104
330,254,104,103
330,252,103,104
331,253,103,104
331,249,105,106
329,254,102,102
330,250,104,106
328,251,104,104
329,247,106,108
328,249,106,106
328,250,106,106
328,251,105,105
328,249,107,107
325,252,106,104
327,250,106,106
328,252,105,106
329,251,104,106
328,254,104,104
330,253,103,105
330,254,103,104
328,255,103,103
330,251,104,106
330,254,104,106
328,254,103,104
328,256,103,104
328,253,104,106
326,259,104,103
325,257,105,105
325,254,107,107
323,258,105,103
323,255,106,106
321,252,108,109
321,256,108,108
321,253,107,110
323,255,108,110
321,252,108,109
321,252,109,111
318,254,109,109
321,253,109,110
320,256,108,108
322,254,107,110
320,253,108,110
319,251,110,111
320,253,108,109
318,254,106,107
317,255,107,107
317,251,107,110
317,252,108,110
313,253,110,108
314,252,108,108
314,252,107,108
311,251,110,108
314,250,111,110
310,250,112,112
309,249,113,113
310,251,113,110
313,249,111,110
315,247,111,112
316,246,109,112
313,249,108,111
311,250,109,110
312,248,110,112
313,246,111,113
312,248,110,112
315,248,111,112
316,246,110,112
321,248,109,110
320,251,108,108
323,252,108,108
325,249,109,111
327,248,109,112
324,249,109,110
327,249,110,111
328,249,109,112
327,251,109,111
326,251,110,111
330,245,111,116
329,247,112,116
329,245,112,116
331,245,111,116
327,247,112,113
325,248,115,114
326,246,118,114
328,253,114,109
327,250,116,111
330,249,115,111
326,250,115,110
322,244,119,114
324,239,120,117
322,239,122,117
318,237,124,118
316,236,128,120
317,240,128,118
312,243,122,117
307,244,120,117
307,244,122,118
304,242,125,120
306,246,122,119
309,243,121,121
312,245,120,120
311,244,120,121
310,244,121,120
307,241,122,122
305,244,121,119
306,243,121,122
307,243,121,121
304,245,126,118
301,245,129,116
300,246,131,115
300,245,130,115
307,243,126,119
311,245,121,118
308,243,120,119
310,244,119,119
306,242,122,122
310,240,121,121
312,242,118,118
310,245,117,114
309,246,122,115
310,249,119,110
311,250,120,107
312,249,122,108
316,246,123,110
318,248,123,109
321,256,121,110
324,256,119,111
323,253,124,113
326,256,122,114
330,255,121,114
330,256,121,114
332,257,120,113
333,257,119,112
332,257,121,113
332,257,124,114
329,257,124,113
322,255,128,114
327,251,129,119
330,251,126,121
332,251,122,122
333,252,119,119
333,251,118,118
333,252,117,117
338,249,117,119
339,249,117,117
340,249,115,116
340,249,116,115
341,247,116,116
342,246,115,115
347,247,117,115
339,249,117,113
340,247,117,116
340,250,117,115
338,247,119,117
339,248,118,116
337,249,118,115
341,250,121,114
341,252,123,112
348,251,117,111
349,251,116,113
351,248,114,115
350,252,116,114
351,252,116,116
349,252,117,118
352,250,122,119
350,255,118,113
352,252,122,114
349,250,120,114
349,255,120,111
348,255,119,111
348,253,124,110
342,254,128,108
338,252,123,110
336,245,126,114
339,246,123,115
345,246,117,115
347,246,115,114
350,249,113,114
350,246,114,115
350,246,115,116
353,248,115,115
352,248,114,115
352,249,113,114
353,250,114,114
351,249,115,114
353,250,116,114
351,250,115,112
354,249,115,114
353,251,115,112
349,253,117,108
348,251,119,108
350,253,118,107
351,253,117,107
347,253,118,105
349,254,118,106
350,253,117,108
350,251,117,107
351,252,117,107
349,252,118,107
346,251,120,107
344,248,125,110
342,249,128,110
338,247,131,112
340,246,131,113
341,245,132,116
340,243,132,117
346,246,130,116
346,242,129,118
343,241,130,119
346,242,127,117
347,239,127,119
350,241,124,117
349,243,123,115
350,241,126,117
352,244,125,115
352,248,125,114
352,249,129,115
359,254,126,113
361,258,130,112
362,249,136,113
365,254,125,113
367,252,128,117
369,253,125,117
369,250,124,115
370,248,126,122
372,245,127,123
370,246,128,118
372,244,126,121
371,245,126,118
376,243,125,119
375,246,124,114
374,248,123,112
373,243,127,114
377,245,125,114
378,245,122,115
378,244,123,115
378,242,124,114
377,246,123,114
376,247,124,115
371,248,130,118
368,250,133,118
362,247,144,119
357,246,147,122
357,243,146,125
358,242,142,128
359,249,135,122
359,242,136,126
360,244,133,127
360,241,134,127
361,246,129,124
363,245,126,123
360,243,128,126
352,244,127,126
354,244,129,127
355,248,126,125
357,246,130,128
356,251,129,125
355,248,130,129
351,245,137,134
347,246,142,136
347,240,142,140
341,237,147,142
338,235,149,144
333,232,154,141
333,227,156,144
333,226,154,141
336,227,157,141
336,223,155,142
