49,137,124,108
48,137,122,107
47,137,122,107
47,137,122,108
47,137,122,107
46,137,121,107
46,137,123,107
46,136,121,108
45,138,122,106
47,138,122,105
48,139,119,105
47,139,115,106
49,138,117,105
50,137,118,102
52,135,118,102
51,131,120,107
50,135,117,102
48,138,112,95
47,135,116,98
48,134,116,99
51,134,108,95
48,130,116,107
44,130,117,100
43,134,115,101
46,136,109,102
46,134,107,101
49,133,106,102
49,136,106,98
48,135,111,98
49,136,112,96
50,133,112,101
48,131,112,105
42,132,118,102
45,129,118,105
48,135,116,97
47,133,115,98
46,137,113,98
44,139,114,99
48,137,116,106
48,134,116,105
49,134,111,108
50,135,110,107
49,135,115,105
49,137,114,104
47,135,110,106
47,135,111,106
47,135,117,107
49,136,117,104
50,139,113,100
50,136,113,105
51,138,112,104
50,139,110,108
50,136,114,109
50,137,112,106
49,136,117,105
47,135,116,103
45,135,119,102
51,134,111,101
49,132,112,105
48,133,119,106
47,131,118,107
50,132,114,105
51,134,112,99
50,131,117,102
48,132,121,101
47,132,121,102
51,131,120,101
49,132,117,98
49,133,118,98
53,135,122,99
54,136,123,101
56,137,120,102
65,142,118,100
69,145,120,98
67,149,121,103
79,159,117,100
87,161,123,106
95,170,122,104
99,176,124,107
105,177,127,108
112,180,123,108
121,183,120,108
124,186,122,103
131,188,116,103
134,191,109,105
139,193,111,104
139,193,116,105
143,199,109,102
141,200,118,106
149,200,113,108
149,202,117,107
155,203,111,104
157,206,115,99
158,202,122,107
163,200,121,110
167,200,115,110
176,197,107,112
178,194,98,109
182,191,95,97
188,189,102,101
186,190,110,101
177,191,115,99
179,189,114,99
177,189,117,101
179,188,116,103
181,190,114,102
184,191,113,102
191,189,113,103
192,191,113,103
196,187,114,104
201,188,114,101
204,189,116,98
205,190,118,98
212,189,116,97
212,191,115,96
217,190,111,96
217,192,111,95
225,191,107,94
225,190,104,94
224,190,106,94
228,189,104,95
224,192,106,95
226,191,106,96
226,191,107,95
224,191,110,96
226,189,109,96
227,189,107,94
225,191,108,94
221,190,110,91
216,190,114,92
216,187,115,91
210,189,115,89
202,190,117,88
198,190,116,90
191,191,115,90
185,190,115,93
182,188,113,91
174,189,117,94
169,186,116,93
163,188,119,94
162,187,119,95
159,185,120,98
161,186,122,100
158,188,121,98
158,187,121,100
160,189,121,99
163,190,120,99
163,191,119,99
164,193,121,99
165,195,118,96
167,195,119,98
167,194,120,99
165,195,118,96
167,194,118,98
166,195,120,98
167,195,116,95
168,194,114,95
169,194,118,97
172,191,119,99
176,190,119,97
184,191,121,97
190,191,121,95
201,188,122,96
206,188,122,96
214,186,125,97
221,185,129,99
230,183,130,98
238,182,129,98
248,180,127,99
252,180,128,99
254,180,124,97
254,180,124,98
251,181,127,100
245,183,129,98
237,182,128,98
227,186,130,96
217,188,130,98
210,185,129,100
195,186,128,103
187,189,129,104
176,189,125,102
161,190,125,103
152,191,121,101
147,193,120,99
143,192,117,98
139,195,116,95
142,192,113,97
139,193,113,96
141,193,115,100
145,193,115,100
148,193,114,98
150,194,115,97
156,194,117,99
159,195,115,95
164,193,115,95
167,193,117,96
169,193,117,95
173,189,118,98
176,189,116,97
177,191,119,97
181,190,117,95
180,191,116,94
180,194,117,93
183,193,117,93
184,192,118,95
185,193,118,95
184,194,117,94
185,193,119,96
184,194,119,96
182,195,119,95
182,197,116,93
182,197,117,93
180,197,114,91
180,199,116,92
176,200,115,90
179,199,116,92
179,198,118,94
177,197,119,95
177,198,120,95
176,197,117,93
175,196,119,94
176,197,118,92
175,195,115,92
176,195,118,92
173,194,116,92
167,194,119,93
166,194,114,91
166,194,118,94
160,194,117,93
156,195,117,92
157,194,119,94
152,195,114,90
155,194,114,92
153,195,117,93
152,194,115,93
152,194,118,96
153,195,119,96
153,195,117,94
157,193,118,95
156,193,118,93
161,189,113,94
161,188,111,91
162,187,113,93
164,185,112,93
164,184,114,95
167,180,112,95
164,180,115,95
160,179,117,96
162,179,116,96
163,178,117,96
162,178,119,97
161,179,115,94
160,179,117,94
160,180,117,95
159,183,117,92
161,182,117,93
160,183,118,93
156,185,119,93
156,185,123,93
154,185,122,92
151,186,126,94
150,186,125,93
150,187,126,92
146,187,125,92
144,186,126,94
140,189,125,94
139,188,122,92
140,189,123,92
137,189,122,92
135,189,123,93
136,188,123,92
134,188,122,92
134,188,121,91
131,190,120,91
132,187,119,92
132,188,122,93
134,185,122,96
132,185,123,97
132,185,122,97
132,186,124,97
133,187,126,98
132,186,125,98
131,187,123,97
133,188,122,96
135,189,124,96
135,190,124,96
137,190,124,95
137,191,122,92
138,193,121,92
144,189,121,92
145,192,121,91
146,192,120,90
148,192,122,91
151,190,119,89
152,189,120,89
158,188,121,91
163,187,119,90
167,187,118,89
173,184,109,90
181,182,105,92
183,184,98,97
185,188,100,99
184,187,109,100
181,190,107,87
183,187,106,89
179,187,109,91
176,188,115,90
175,189,113,90
175,189,111,88
174,191,110,89
174,189,110,91
172,188,109,91
171,189,104,91
171,188,102,92
172,187,106,94
170,187,108,97
171,187,106,94
171,187,105,94
171,188,106,95
170,188,103,93
168,190,103,93
169,188,105,94
170,189,106,92
170,190,105,92
174,189,103,94
172,190,97,94
168,193,98,91
162,195,102,89
165,197,101,90
166,198,102,89
166,199,104,87
165,199,105,88
160,197,108,90
161,196,112,92
158,200,111,89
157,203,110,90
159,202,115,92
154,199,118,92
155,197,120,99
158,195,112,101
159,199,107,95
160,200,109,93
155,199,107,95
154,198,110,98
155,197,110,101
156,197,112,101
156,198,110,98
157,198,110,99
159,199,110,99
161,200,108,98
163,200,107,97
161,200,107,98
162,200,107,98
162,202,107,98
163,202,108,98
165,202,108,97
165,203,107,96
166,204,106,93
168,204,102,91
171,204,103,89
178,204,107,90
183,201,114,91
191,206,116,84
202,200,110,89
213,193,114,96
222,191,115,95
233,192,111,98
235,191,99,99
227,173,96,83
236,145,96,83
259,148,105,89
297,159,102,87
297,161,102,90
302,163,95,90
300,162,95,93
291,170,94,82
248,144,107,90
222,186,94,82
229,205,99,85
214,208,107,87
202,205,119,87
192,205,117,89
182,200,120,93
174,200,115,93
161,201,115,95
153,201,115,94
147,199,116,96
141,201,116,95
142,199,113,96
136,199,114,97
134,200,115,98
134,200,113,99
134,199,113,99
135,198,114,102
141,198,113,101
146,197,114,100
152,195,117,102
160,194,119,101
168,190,121,101
184,186,122,102
197,185,124,99
209,179,122,101
219,176,120,102
231,171,121,101
248,169,119,95
254,169,115,91
261,166,112,91
265,164,113,91
268,165,110,93
273,165,104,88
272,166,101,91
269,166,103,90
269,168,103,90
264,168,104,89
259,171,105,88
252,170,110,89
246,171,112,98
240,173,113,96
236,174,107,99
235,176,100,99
231,178,95,101
229,178,97,100
225,181,96,97
220,177,102,91
218,176,95,87
216,175,95,87
217,177,95,86
216,179,98,87
215,180,96,88
215,181,101,88
215,181,102,89
216,182,102,88
215,182,101,88
215,180,102,88
216,181,104,89
218,184,102,88
218,181,106,90
218,182,104,89
220,182,106,90
221,184,103,87
220,185,102,88
221,184,104,89
220,182,102,90
222,185,102,88
222,184,103,88
222,183,104,88
221,183,102,89
220,183,102,89
224,184,102,87
224,182,102,87
224,180,105,88
223,182,103,87
225,177,108,87
228,177,107,86
233,173,108,85
239,170,108,84
242,169,108,84
247,166,108,86
248,163,106,87
253,162,104,88
255,163,100,89
256,164,100,89
254,168,99,90
258,166,100,89
256,159,105,91
266,159,104,89
259,157,104,90
267,159,106,91
293,168,107,91
294,170,105,89
294,169,104,87
292,169,104,87
293,170,101,84
293,171,100,84
291,170,99,85
291,169,99,84
289,171,97,84
290,170,97,84
289,170,96,83
290,171,94,82
289,170,95,83
291,170,95,83
292,171,92,80
294,173,92,79
295,173,90,78
296,173,89,76
296,172,88,77
297,170,88,77
299,173,87,76
292,170,85,79
291,169,86,80
292,169,86,81
290,170,86,81
291,170,85,78
291,171,84,77
297,173,83,76
293,172,83,77
294,172,83,77
292,171,84,78
293,170,84,79
292,171,86,78
294,170,85,77
292,170,86,77
292,170,89,78
289,169,90,81
291,167,91,81
288,168,92,80
288,172,91,77
286,171,91,79
282,167,95,82
277,167,92,81
282,166,96,81
278,167,98,83
282,167,96,82
279,165,98,83
280,167,93,80
282,167,97,83
282,168,96,84
281,168,97,81
282,168,98,80
282,172,100,78
282,174,102,78
286,174,104,78
298,180,96,78
301,184,94,76
310,198,94,75
277,172,84,73
234,161,93,76
231,161,97,74
231,162,98,76
226,164,97,74
223,164,98,74
222,165,97,74
219,167,96,74
220,167,96,77
220,169,93,77
219,171,90,77
218,173,93,77
220,173,93,75
222,173,96,77
223,172,98,77
225,169,102,81
229,170,98,83
234,171,94,82
231,171,98,82
230,181,97,85
233,180,93,90
235,182,92,89
236,181,98,88
239,180,101,87
242,183,103,83
244,181,102,84
243,182,104,87
246,184,102,78
245,183,103,82
248,184,100,82
246,184,103,86
248,185,99,86
247,185,102,86
246,185,103,85
248,186,101,83
247,188,103,80
246,189,105,80
246,187,105,81
246,187,106,83
246,185,108,87
246,183,108,89
245,183,110,91
246,182,109,91
245,182,110,92
246,180,109,93
245,180,110,93
245,179,111,93
247,181,109,89
247,183,109,86
246,181,108,89
247,181,105,88
251,181,103,86
249,181,104,87
248,180,107,88
252,178,103,90
251,177,100,89
249,179,97,85
249,173,106,85
249,163,106,86
252,162,102,83
251,161,104,79
256,157,106,84
255,158,107,83
253,159,104,81
255,162,92,78
253,159,103,82
255,158,107,86
252,164,106,84
253,163,104,82
252,168,100,77
248,166,102,79
251,168,103,79
253,165,104,82
253,165,103,82
252,164,104,84
255,164,109,87
251,163,113,88
249,162,109,87
251,163,110,89
249,164,110,86
250,163,111,88
249,164,111,87
249,165,111,87
248,166,106,83
249,167,103,80
250,168,98,81
247,166,98,81
249,165,100,84
241,166,99,82
235,166,99,83
232,165,100,82
223,170,106,80
217,173,109,79
211,172,113,81
204,175,112,81
202,175,115,82
198,178,114,80
196,179,114,81
194,179,115,82
193,180,115,83
192,181,115,85
194,180,113,84
193,181,112,85
198,180,109,86
201,176,104,88
204,184,94,88
207,185,92,97
205,184,95,96
202,185,107,96
203,185,111,94
205,184,108,95
206,183,109,94
206,184,112,91
208,184,109,91
206,184,112,91
205,183,113,91
206,183,113,96
206,181,111,97
207,183,110,94
209,182,109,94
211,185,108,91
209,183,112,91
212,184,112,89
215,183,111,90
217,185,112,89
225,185,110,87
225,181,117,91
226,172,122,100
229,165,123,102
236,165,126,102
246,159,127,103
256,156,126,104
271,169,120,93
276,166,124,94
280,170,126,94
288,165,121,93
297,158,119,99
298,157,117,99
296,162,115,96
293,160,115,96
288,157,122,101
284,158,123,102
278,158,123,100
274,159,121,100
265,166,114,98
256,160,122,97
247,160,123,99
239,165,125,94
233,171,118,92
237,171,106,92
216,172,118,94
212,167,126,92
211,167,122,91
206,166,125,94
200,173,124,87
200,170,125,93
198,171,124,89
201,168,127,94
197,172,130,91
196,173,127,91
205,167,117,99
213,162,121,100
215,161,122,99
217,164,121,95
219,163,120,96
223,163,120,96
221,166,123,93
221,167,125,92
223,169,119,86
221,165,117,91
223,168,121,90
223,169,119,90
219,167,120,92
220,168,118,91
219,168,120,89
218,167,120,89
217,165,121,92
218,164,123,95
218,167,123,93
216,166,123,97
214,165,119,95
213,166,121,96
210,166,126,101
211,166,124,100
211,166,121,99
209,167,124,99
209,168,123,100
209,167,122,99
208,168,123,99
210,167,120,99
211,167,121,99
213,168,120,103
213,170,114,101
215,172,108,101
219,172,106,102
220,171,111,103
221,172,114,102
223,172,113,103
222,172,114,104
223,171,112,104
224,174,110,103
219,171,119,100
216,175,127,100
213,178,125,97
214,177,125,96
214,177,118,93
211,178,117,94
209,182,117,89
205,182,117,90
201,183,113,90
201,181,111,95
199,183,104,92
200,185,101,93
199,180,105,98
196,179,107,97
193,183,112,95
192,182,120,99
193,181,122,99
195,180,124,100
201,179,122,101
210,177,122,99
217,176,122,97
226,171,122,95
237,165,122,95
251,159,119,92
274,150,115,90
288,146,118,90
304,137,116,90
318,130,114,88
334,119,116,93
347,118,112,89
354,115,108,91
362,113,105,95
366,113,101,91
366,116,101,91
359,118,105,92
352,124,106,88
343,126,113,92
329,138,112,88
314,148,113,88
291,157,112,90
276,165,116,94
261,167,121,96
238,184,122,93
230,190,116,93
211,195,116,101
199,198,117,101
188,202,122,101
178,206,122,101
171,208,120,105
162,212,119,103
159,214,120,103
158,213,121,108
156,214,123,110
156,218,124,105
164,218,122,105
170,219,122,102
180,221,125,102
191,222,127,100
204,220,126,101
232,218,122,98
256,215,114,96
271,208,124,99
288,202,117,93
308,198,116,94
326,189,122,94
332,191,124,97
346,178,117,95
353,171,118,101
356,173,112,99
359,168,109,100
354,169,113,102
347,173,118,101
337,177,120,99
325,184,122,98
305,190,123,101
296,191,122,104
283,197,120,103
263,204,124,101
255,203,116,99
234,203,122,100
226,207,114,97
215,206,123,100
206,205,124,103
201,204,121,103
196,204,122,105
193,204,123,106
193,202,125,110
192,202,126,111
194,199,126,113
201,196,125,113
205,196,127,112
209,193,125,114
214,192,129,113
219,191,130,115
226,195,130,115
233,203,129,111
238,210,126,110
249,222,118,105
253,231,117,106
254,246,121,111
261,249,117,111
263,253,121,108
264,258,123,103
268,262,130,102
275,260,125,107
277,258,125,112
280,260,125,111
282,260,123,112
283,257,124,116
281,258,118,116
278,258,121,115
271,257,121,112
263,260,119,108
257,256,115,107
245,256,107,101
235,251,106,103
223,249,111,106
219,245,109,104
211,243,106,107
208,241,105,105
201,242,99,102
197,241,101,106
196,241,105,106
195,241,107,107
196,241,114,105
205,241,113,100
213,241,117,97
221,237,117,100
233,232,115,97
245,223,114,99
254,213,114,96
259,202,108,95
263,195,110,98
264,192,110,97
265,189,107,99
261,184,103,101
256,181,107,96
251,178,110,94
253,181,107,92
247,184,108,91
244,191,107,91
247,191,107,91
249,199,110,89
251,200,109,90
253,203,110,88
252,207,112,88
254,208,109,88
256,205,110,90
255,210,113,90
254,207,115,92
252,203,114,93
249,206,115,90
245,202,114,90
240,200,112,94
230,199,117,93
224,198,110,91
220,195,110,92
217,192,108,92
209,199,104,95
205,198,98,102
198,203,99,102
194,205,107,104
192,205,112,105
192,206,115,103
196,208,116,97
207,209,119,94
219,208,120,93
235,206,116,93
251,206,118,91
262,206,116,90
292,205,117,88
304,204,118,87
319,201,115,87
330,199,113,87
339,197,111,88
342,197,113,89
347,192,109,92
344,189,111,97
343,190,112,95
337,189,113,95
331,191,112,90
321,193,113,87
312,192,114,86
302,193,114,89
291,191,112,90
276,191,113,90
270,191,117,90
258,190,117,90
249,188,112,93
237,191,117,95
224,194,121,97
218,194,123,98
210,198,124,96
204,199,125,99
203,198,124,102
201,198,124,105
199,199,120,108
202,198,113,109
200,201,115,109
203,199,113,109
205,197,113,109
208,201,118,108
210,198,123,108
211,198,129,107
214,200,128,104
218,200,127,102
221,198,126,106
218,197,129,111
219,197,127,109
221,197,127,111
223,198,124,109
225,199,123,108
225,199,127,110
224,199,132,110
223,197,132,115
223,198,132,115
225,198,128,114
227,200,128,113
229,201,125,109
230,205,122,104
231,206,122,104
231,204,128,109
233,207,120,99
231,208,128,104
233,206,125,110
240,204,113,110
242,206,109,107
245,196,119,104
244,190,121,105
245,187,121,105
246,193,125,102
245,194,120,103
246,194,126,101
243,194,124,101
244,194,124,102
244,193,124,102
242,194,125,101
240,195,129,103
242,194,129,103
244,188,122,105
240,200,121,104
240,205,111,107
242,204,118,109
239,202,121,110
238,203,121,108
238,203,122,111
241,206,118,104
241,210,112,105
234,209,126,112
234,219,129,108
238,226,120,105
235,231,125,107
234,233,120,110
238,239,118,110
235,244,121,109
228,248,133,113
226,250,140,114
231,252,127,111
228,254,125,107
227,252,128,111
227,249,127,114
226,250,127,111
225,249,125,110
224,250,123,109
223,251,120,107
221,250,128,112
222,248,126,113
223,245,127,118
223,246,129,120
223,249,128,118
226,253,125,114
227,255,125,112
229,254,124,113
229,255,122,111
229,256,125,110
231,254,124,109
230,252,124,109
229,248,122,111
227,248,123,109
227,244,120,111
227,242,121,111
226,242,122,109
229,241,124,108
232,240,126,105
236,242,126,99
243,247,122,92
248,242,119,96
255,237,117,103
259,239,122,104
264,237,127,104
270,237,125,105
278,235,122,105
283,233,118,105
287,232,118,105
287,229,119,107
289,230,120,106
290,230,117,103
286,231,114,101
289,233,109,101
281,239,114,97
271,236,124,107
256,243,124,108
245,247,126,108
236,252,123,107
225,257,126,102
216,264,121,98
206,263,124,102
204,261,122,106
201,261,122,102
199,261,122,99
201,266,122,95
204,256,123,107
210,256,122,104
216,255,119,102
221,254,122,105
228,253,120,102
240,252,111,104
249,251,105,105
256,251,102,103
257,253,100,102
258,256,105,91
259,248,100,96
264,244,107,93
257,240,101,95
257,244,100,93
255,239,103,95
249,242,110,93
244,239,113,93
240,240,111,96
241,240,113,95
240,239,113,93
236,241,113,93
231,242,112,93
230,243,111,92
227,247,112,91
223,245,113,92
222,245,113,92
216,248,114,90
213,251,114,88
209,251,115,90
207,255,113,89
203,255,108,87
201,257,109,89
202,251,104,90
202,253,102,89
205,250,97,89
201,267,89,87
200,264,93,91
199,265,99,91
198,267,103,90
199,267,103,89
202,268,105,86
206,267,107,88
210,265,108,88
215,265,110,89
221,265,113,89
236,264,110,87
241,265,111,88
252,260,115,93
262,257,106,94
272,254,109,93
279,252,119,96
283,255,117,91
288,255,114,90
292,253,107,90
292,253,105,92
292,252,108,94
288,255,111,90
285,257,115,90
273,258,116,90
268,261,117,92
257,261,106,95
248,266,107,88
241,267,108,86
229,268,111,87
220,268,111,87
209,268,108,88
200,268,110,89
192,268,112,89
186,267,110,87
182,266,108,88
180,264,99,88
179,261,97,90
174,259,109,93
173,259,110,91
172,255,110,91
173,251,118,99
177,250,115,96
181,249,112,91
186,248,111,90
190,246,107,88
197,243,108,91
200,242,109,90
204,241,109,91
207,240,111,92
210,238,110,92
215,236,110,93
215,236,114,96
218,233,111,95
217,233,111,96
218,233,116,100
218,233,114,101
217,235,107,95
217,233,102,99
214,235,106,95
212,236,103,93
206,238,113,95
205,238,110,95
202,239,112,94
198,241,116,95
195,240,116,95
193,240,116,96
192,241,114,97
192,240,111,97
193,240,111,98
193,237,109,99
200,234,99,98
203,232,96,99
209,231,93,99
211,228,99,94
215,219,105,91
218,217,106,90
220,220,110,91
221,212,111,93
222,212,113,94
225,210,113,94
226,215,117,94
226,216,117,94
227,214,115,95
228,214,116,96
228,215,118,97
227,216,119,98
229,214,115,97
227,215,116,96
225,217,118,94
224,215,117,95
221,213,115,95
218,214,116,96
219,209,115,98
217,203,115,101
217,203,114,100
221,204,113,97
221,202,113,97
220,205,110,95
218,217,105,95
222,207,107,101
222,210,105,102
224,209,109,102
225,208,115,105
228,207,113,101
231,209,114,99
232,211,115,97
237,212,107,95
237,215,110,93
236,208,110,97
236,208,115,95
236,204,119,98
238,204,115,101
239,209,115,96
234,200,117,97
237,202,115,95
237,198,119,100
235,196,123,104
233,200,125,103
234,194,125,105
232,197,128,104
235,198,122,102
236,197,121,104
233,199,124,103
228,197,130,104
224,198,136,105
225,198,134,104
225,199,134,102
225,196,131,103
225,197,131,103
224,199,130,101
225,197,127,101
229,199,127,98
225,200,129,99
225,195,128,104
225,197,127,102
223,199,129,101
224,198,129,103
225,199,127,99
225,200,125,97
226,199,127,98
226,195,127,103
226,194,124,103
228,197,122,98
228,193,124,101
228,194,128,101
225,193,132,104
225,192,131,105
225,189,129,107
225,187,130,109
226,192,126,106
222,191,126,108
220,188,128,108
219,193,125,103
217,194,127,105
214,194,131,109
213,192,131,110
213,193,131,107
212,193,131,106
213,193,132,104
211,194,133,105
211,193,134,106
213,188,128,105
211,188,130,107
209,185,131,110
208,184,132,110
207,186,129,109
207,183,125,115
202,179,133,113
204,182,126,110
206,185,124,114
206,188,126,112
201,187,130,112
203,188,128,108
201,186,131,109
198,190,130,109
203,186,127,112
201,187,130,110
202,184,127,110
200,180,133,117
201,182,133,109
201,181,132,109
205,176,129,111
205,181,129,110
203,181,126,110
201,176,133,109
200,178,133,106
204,184,123,102
203,185,121,102
204,178,123,111
204,180,123,107
204,180,125,107
204,179,124,109
208,176,123,110
210,182,124,105
209,184,123,105
210,187,123,104
214,184,120,104
214,187,118,102
216,182,115,106
217,187,117,103
222,184,115,101
217,183,124,103
220,187,121,102
220,193,126,98
220,192,126,100
221,190,125,103
225,182,119,107
225,190,122,102
227,191,116,101
229,185,114,109
228,183,115,112
222,186,127,111
219,192,127,106
222,187,124,112
220,193,127,108
221,196,121,104
220,203,118,105
220,206,116,104
218,204,117,104
220,206,120,106
217,213,118,102
217,216,121,104
217,213,122,103
221,215,117,104
218,215,125,105
221,217,122,103
223,218,125,100
228,214,119,106
224,215,129,110
225,217,127,106
227,217,123,106
230,217,119,105
234,215,110,105
233,212,113,106
228,214,118,106
230,214,123,99
227,215,121,97
