373,258,238,175
363,254,239,174
362,232,239,178
343,246,252,174
340,246,243,169
332,242,238,168
323,239,240,168
315,236,236,166
308,235,234,162
301,231,235,163
293,229,238,162
287,228,228,160
282,224,225,162
284,225,214,158
279,223,212,159
276,222,208,159
272,216,205,161
265,217,211,158
262,215,210,159
257,212,218,159
253,211,210,159
250,210,213,158
246,208,214,158
243,208,213,157
239,208,216,154
241,206,219,156
238,204,212,155
232,203,221,156
232,201,217,155
227,198,214,156
224,196,213,158
222,193,217,158
220,193,216,157
217,192,210,157
213,190,208,157
208,191,214,153
201,190,206,153
197,181,208,160
189,183,220,158
183,183,225,157
180,177,227,160
173,179,225,157
165,174,226,156
170,168,209,154
156,167,227,158
158,165,220,158
157,160,226,161
147,161,223,162
143,157,231,156
139,150,223,152
132,151,218,148
125,146,214,147
124,145,206,143
114,143,206,144
109,140,202,142
103,138,201,141
90,136,198,145
90,132,200,145
85,129,195,146
85,127,195,144
80,127,198,143
73,118,199,148
72,112,201,151
67,112,197,148
64,110,192,148
61,108,199,149
58,104,195,149
53,106,201,146
51,100,191,145
52,94,191,148
51,94,190,145
52,94,188,141
44,91,180,139
48,92,186,140
48,90,179,136
45,88,175,134
40,88,173,131
40,83,174,132
39,80,169,130
38,78,173,127
37,78,171,127
36,70,172,131
37,72,168,128
39,69,168,128
41,65,171,129
38,64,175,129
42,66,175,128
34,63,171,127
45,63,172,125
42,60,172,127
39,56,171,127
46,52,176,129
45,48,179,130
42,47,181,132
45,41,186,134
47,38,183,136
45,37,183,135
47,37,182,134
51,31,185,136
46,31,188,138
48,28,184,137
54,20,186,138
48,20,186,138
43,19,183,137
51,22,185,135
55,17,186,136
47,16,183,135
53,13,185,134
51,10,181,134
52,12,181,131
50,6,181,132
61,9,179,130
61,11,176,126
68,10,176,125
69,10,175,124
65,6,176,126
70,7,177,126
74,6,178,127
75,4,175,126
77,4,176,125
85,3,174,128
81,2,177,128
81,4,175,127
80,2,174,129
91,1,174,127
98,2,170,126
100,1,168,127
104,1,168,128
108,2,165,126
113,1,167,126
119,3,163,122
115,1,162,122
115,0,163,122
116,1,161,121
119,1,159,121
125,0,160,121
129,0,158,122
127,0,160,124
127,0,162,127
130,0,160,125
138,0,160,124
138,0,162,121
137,0,157,120
138,0,159,122
140,0,160,122
138,0,162,123
145,0,158,121
139,0,160,122
130,0,164,126
117,0,169,130
119,2,169,130
116,3,169,131
