810,187,17,15
808,194,17,15
796,200,17,15
792,209,17,15
803,220,17,15
814,226,17,15
816,230,17,15
828,228,17,15
829,225,17,15
840,226,17,15
837,222,17,15
838,224,17,15
834,220,18,15
822,206,18,15
823,203,18,16
825,211,18,16
827,217,18,16
830,228,18,16
842,237,18,16
846,240,18,16
848,246,18,16
849,254,18,16
850,264,19,17
852,272,19,17
853,274,19,17
853,277,20,17
859,274,19,17
859,277,20,17
862,274,19,17
864,283,20,17
873,281,20,17
872,274,20,18
874,270,20,18
867,273,20,18
869,272,20,18
873,285,21,18
891,288,21,18
885,282,21,18
886,285,21,18
898,286,20,18
902,288,20,18
904,287,20,18
907,290,20,18
906,282,20,18
916,280,20,17
920,277,20,17
922,278,20,18
924,277,20,17
925,283,20,17
931,284,16,18
902,287,13,25
936,276,20,18
937,270,20,18
938,263,21,18
946,264,21,18
946,267,20,18
947,265,20,18
941,262,12,20
919,261,12,20
918,260,11,20
920,260,12,20
915,265,11,17
925,265,11,20
925,271,11,17
920,269,11,18
904,267,11,18
919,263,13,21
918,265,12,19
915,265,12,20
919,264,13,20
924,271,12,18
915,271,12,21
917,274,12,21
875,280,11,24
908,278,12,21
905,275,12,20
922,269,13,20
911,272,12,20
877,274,12,20
910,268,12,21
892,266,12,21
946,262,21,18
895,265,12,20
914,269,12,23
911,267,12,22
925,270,12,19
932,272,12,19
923,268,13,21
940,265,12,18
946,273,21,19
947,281,13,21
946,283,21,19
945,281,21,18
947,284,13,21
947,278,12,20
947,271,13,21
947,270,13,20
948,268,12,20
947,265,13,21
947,263,12,21
947,265,12,21
946,264,21,19
945,263,22,19
947,266,12,20
946,266,13,20
946,266,21,19
946,271,21,19
943,267,13,19
944,268,13,20
944,272,13,20
938,275,14,21
946,281,22,19
937,281,12,21
942,276,12,19
946,266,22,19
946,268,22,19
945,275,13,21
948,275,13,20
948,273,12,20
948,271,13,20
948,272,13,19
947,274,21,18
947,278,21,18
948,278,13,20
948,279,13,19
947,277,13,20
