444,331,18,32
444,330,17,32
444,330,18,32
444,331,17,31
444,331,18,31
444,330,18,32
443,330,18,32
444,331,18,32
444,331,17,32
444,331,17,32
443,331,18,32
443,331,18,32
443,331,18,32
443,330,18,32
444,331,17,32
443,331,18,31
443,331,18,31
443,331,18,31
443,331,18,31
443,331,18,31
442,331,18,31
442,330,19,32
442,330,19,32
442,330,19,32
441,329,19,33
441,329,19,33
441,329,19,33
441,328,19,33
441,328,19,34
441,327,19,34
441,327,19,34
441,326,19,34
441,326,19,35
441,326,19,34
442,325,19,35
442,325,19,36
442,324,19,36
442,323,19,37
442,323,19,37
442,322,19,37
442,320,19,37
443,320,20,37
443,320,21,37
443,319,21,36
443,318,22,35
444,318,22,35
445,318,22,39
445,317,24,35
447,318,24,34
448,318,23,34
449,318,23,35
451,319,22,35
452,319,22,35
453,318,22,36
454,320,21,36
455,318,21,35
457,319,21,35
458,318,22,36
458,319,22,36
459,319,22,36
460,319,23,36
461,321,23,36
462,319,23,37
464,319,23,36
466,320,22,36
467,319,23,36
469,319,23,35
470,318,23,36
472,318,24,36
472,317,23,36
474,319,23,35
475,318,24,34
476,319,24,34
478,319,25,34
479,317,25,34
481,318,25,34
483,319,25,34
485,320,24,35
486,319,23,35
488,318,24,35
489,318,23,36
490,317,24,35
492,317,24,36
493,318,23,36
494,317,24,37
496,319,24,36
496,318,26,36
498,317,26,37
500,317,25,37
501,316,25,37
503,316,26,38
504,314,26,38
506,315,25,38
507,315,26,38
508,315,26,38
510,315,26,38
511,315,27,38
513,315,27,38
514,315,28,38
516,315,28,39
518,314,28,39
519,314,28,39
521,314,27,39
523,313,27,40
524,312,27,40
525,313,27,41
526,312,27,41
528,312,27,41
529,314,27,41
530,314,27,41
530,314,27,40
533,316,27,40
534,316,27,39
536,315,26,40
537,315,27,39
538,313,28,40
540,315,27,40
542,313,27,41
543,313,28,41
544,313,27,41
546,313,28,41
548,313,29,41
549,314,29,40
550,313,29,41
553,313,30,42
555,312,30,43
557,314,29,42
558,313,30,43
558,313,29,43
560,314,29,42
562,313,29,42
564,313,29,42
565,313,29,42
567,314,30,42
567,314,30,44
568,314,30,44
568,313,30,44
570,314,30,44
570,314,30,44
571,314,30,44
572,314,30,44
574,314,30,43
576,315,30,42
577,315,30,42
579,315,30,41
578,314,31,43
580,314,31,43
581,314,31,43
583,315,30,43
583,317,30,43
584,316,30,44
585,314,31,45
586,313,32,46
587,314,32,45
588,314,31,45
588,314,32,45
589,314,31,44
591,315,31,43
593,315,31,43
594,316,31,44
595,316,31,44
597,316,31,44
597,316,31,44
597,316,31,45
597,315,32,45
598,315,32,46
600,314,32,45
602,315,31,45
602,315,31,46
603,315,31,46
604,315,30,45
606,315,30,45
608,316,29,45
609,314,30,45
609,316,29,45
609,315,30,44
609,316,30,44
609,316,29,43
609,317,28,43
609,318,28,42
610,318,28,42
610,319,28,42
610,319,28,42
611,319,28,41
611,320,27,41
610,320,27,41
610,321,27,41
610,321,27,40
611,322,26,40
611,322,26,39
611,322,26,39
610,324,26,38
611,324,26,37
611,325,25,36
611,325,26,36
611,326,26,35
611,326,26,35
610,326,26,35
610,326,26,35
611,326,26,34
611,326,26,35
610,326,26,35
611,326,26,35
611,327,25,34
610,327,26,34
611,327,25,34
610,328,25,34
610,328,26,34
611,327,26,34
611,328,26,34
610,327,26,34
611,328,26,34
611,328,26,34
611,328,26,34
611,328,26,34
611,328,26,34
612,327,26,34
613,329,25,33
612,329,25,33
612,329,25,33
612,329,25,33
612,329,26,33
612,329,26,33
612,329,26,33
613,329,26,33
613,329,25,33
612,329,25,33
613,329,25,33
612,329,25,33
613,329,25,33
613,329,26,33
613,330,25,33
613,330,25,32
613,329,26,33
613,329,26,33
613,329,26,33
613,330,25,33
613,329,25,33
613,329,25,33
613,330,25,33
613,330,26,32
613,329,26,33
613,330,25,32
613,330,25,32
613,329,25,33
614,329,25,33
613,329,25,33
613,330,25,32
613,330,25,33
613,330,25,33
614,329,26,33
614,330,25,33
614,330,25,32
613,330,25,32
614,330,25,33
614,330,25,32
614,330,25,32
614,330,25,32
613,330,25,32
614,330,25,33
614,330,25,33
614,330,25,32
614,330,25,32
614,330,25,33
614,330,25,33
614,329,26,33
613,330,25,33
614,330,26,33
614,330,26,33
614,330,26,33
613,329,25,33
614,329,26,34
613,329,26,33
613,330,25,32
613,330,25,33
614,330,25,33
614,330,25,32
614,330,25,32
613,330,25,33
613,331,25,32
613,330,25,32
614,330,25,32
614,330,25,33
614,330,25,32
614,330,25,32
614,330,25,32
614,330,25,32
614,330,25,33
614,330,25,33
614,330,26,33
614,330,25,32
614,330,25,32
614,331,24,32
614,332,24,31
614,330,25,32
614,330,25,32
614,331,24,31
614,331,24,32
614,332,23,31
614,331,24,32
614,331,24,31
614,331,24,31
614,331,24,32
614,332,23,31
614,331,24,31
614,331,24,31
614,330,24,32
614,331,24,31
614,331,24,31
615,332,23,31
615,332,22,30
615,332,23,30
614,332,23,30
615,332,23,30
614,330,24,32
614,331,23,31
614,331,24,32
614,331,24,31
615,331,23,31
615,331,24,31
614,331,23,31
614,331,24,32
614,331,24,31
615,330,24,32
614,331,24,32
614,331,24,31
614,331,23,31
614,331,24,32
615,330,25,32
615,331,24,32
614,330,24,32
614,330,25,33
614,331,24,32
614,330,25,33
614,329,25,33
614,330,25,33
615,331,25,32
614,330,25,33
614,330,25,33
615,330,25,33
614,331,25,32
614,330,25,33
614,330,25,33
614,331,25,32
614,331,25,32
614,330,25,32
614,331,24,32
614,331,24,32
614,331,24,32
614,331,24,32
614,331,24,32
614,332,24,31
615,331,24,32
615,331,23,31
614,331,24,32
614,332,24,31
614,331,23,31
614,331,24,32
614,331,24,32
614,331,24,32
614,331,24,31
614,331,24,32
615,331,24,32
615,331,24,32
615,332,23,31
615,331,23,32
614,331,24,31
615,331,24,32
614,331,24,32
614,331,25,32
614,332,24,31
615,330,24,33
615,331,24,32
614,331,23,31
615,331,24,32
614,331,24,32
614,331,24,32
614,330,25,32
614,332,23,31
614,330,24,32
614,330,25,33
613,330,25,33
614,331,24,32
613,331,24,32
613,331,24,32
613,331,24,32
613,330,24,33
613,330,24,33
613,330,24,32
613,331,24,32
613,330,24,33
612,330,24,33
612,328,24,34
612,328,25,35
611,327,25,35
611,327,25,36
611,325,25,37
612,325,25,37
611,324,25,38
611,323,25,39
611,322,25,39
611,322,25,39
612,321,25,39
613,320,24,40
613,319,25,41
613,319,25,41
614,319,25,40
614,319,24,41
614,317,24,42
615,317,25,42
615,317,25,42
615,316,24,42
616,315,25,42
616,315,25,43
615,315,25,43
616,314,26,43
615,314,26,43
618,314,26,42
617,314,26,42
619,314,25,42
618,314,25,42
618,314,26,43
619,314,25,43
619,314,25,43
618,314,25,43
619,314,26,43
619,314,25,42
619,314,25,43
620,314,25,43
620,314,25,42
620,315,25,42
620,315,25,43
620,314,25,42
621,314,25,42
621,314,24,41
622,314,24,42
622,314,25,42
623,314,24,42
623,314,24,42
623,314,24,42
624,314,24,43
624,314,25,43
624,314,26,44
625,314,26,44
625,314,26,43
625,313,27,44
625,314,26,44
625,314,26,43
626,313,27,44
626,313,27,44
626,312,27,44
626,312,27,44
626,313,27,44
626,313,27,45
626,312,27,45
626,312,27,45
626,313,27,45
626,313,27,44
626,313,27,44
627,313,26,44
626,313,26,44
627,312,26,44
627,312,26,44
627,312,25,44
627,312,25,43
626,312,26,44
627,312,25,44
627,312,25,44
627,313,25,44
627,313,25,43
627,312,25,42
626,312,25,43
627,313,25,42
626,312,25,43
626,312,25,43
625,312,25,44
625,312,25,44
625,312,25,44
625,313,25,44
624,313,26,44
623,312,26,45
623,312,27,45
621,312,27,45
621,312,27,44
620,312,27,44
620,311,28,44
619,311,27,44
619,311,27,44
618,311,27,43
618,311,26,43
617,311,27,44
617,311,27,43
617,311,26,43
616,312,26,43
615,312,27,43
615,312,27,43
614,311,29,43
613,311,29,43
613,311,28,43
613,310,28,44
612,311,28,44
612,311,27,45
611,311,27,45
611,312,27,45
610,312,28,45
610,312,28,45
608,312,28,44
608,312,28,43
607,311,28,42
605,312,29,43
606,311,29,43
605,312,28,43
605,312,28,42
603,313,28,43
602,312,28,43
602,312,28,42
602,312,28,42
602,312,27,42
601,311,28,42
601,311,28,42
600,312,28,42
599,311,28,43
599,312,28,43
599,312,29,42
598,312,29,43
598,312,29,43
597,313,29,42
597,313,29,42
597,314,29,41
596,314,29,41
596,314,30,42
597,315,28,41
595,315,29,41
595,315,29,41
595,316,29,41
595,315,28,41
593,316,29,41
594,315,28,42
595,318,27,40
594,318,27,40
594,318,27,39
595,319,26,39
595,318,26,40
595,318,26,40
595,319,26,39
595,319,26,39
596,320,25,39
596,320,25,38
596,321,25,38
595,322,25,37
595,321,25,38
595,321,26,38
596,322,25,37
596,322,25,36
595,322,25,36
596,323,25,35
595,321,25,37
596,322,25,36
596,322,25,36
596,323,24,35
596,322,25,36
596,322,25,36
596,324,24,35
596,323,24,36
596,323,25,36
596,324,25,36
596,325,24,35
597,324,25,36
596,324,24,35
597,324,24,35
597,324,24,35
597,324,25,35
597,325,24,35
596,325,24,35
597,324,24,35
599,323,21,37
599,323,24,35
598,323,24,35
598,324,23,35
596,325,24,35
596,325,24,35
597,324,24,36
596,325,25,34
596,325,25,35
597,325,24,35
596,326,24,35
596,326,23,36
598,325,22,37
598,325,22,37
597,325,23,37
601,323,20,37
599,324,23,37
596,325,25,38
598,324,25,38
594,325,27,41
594,325,26,41
593,324,27,42
595,324,27,41
594,323,28,41
597,324,27,41
601,321,22,40
600,323,27,42
601,324,26,42
602,323,26,42
603,324,26,41
605,325,26,40
605,325,26,39
604,324,27,40
605,325,27,40
603,324,28,41
605,325,28,40
607,326,27,39
606,325,28,42
607,324,27,44
607,324,27,46
607,323,27,46
607,323,27,47
608,324,27,46
609,323,27,46
609,323,27,46
610,323,27,46
609,323,28,45
610,323,27,46
610,323,28,47
611,323,30,47
613,323,29,46
614,323,29,46
616,323,28,47
618,323,28,46
619,324,27,45
620,324,27,45
621,324,28,45
622,325,27,43
622,325,28,43
622,324,28,41
623,325,28,41
624,326,28,39
624,326,28,40
627,328,27,40
627,328,26,41
628,327,26,43
627,324,27,45
625,324,27,45
624,324,27,44
617,326,26,45
608,325,27,46
598,325,28,47
591,325,28,48
587,326,28,47
584,325,29,47
585,324,28,47
585,325,28,47
586,325,29,48
587,325,29,47
590,329,28,46
591,328,28,46
592,329,27,44
592,329,28,45
594,327,28,44
596,327,28,43
596,328,28,42
595,329,29,41
597,330,29,40
599,331,29,39
600,331,28,38
601,330,28,40
602,332,26,40
601,333,26,41
603,332,25,42
603,331,25,43
602,329,26,45
602,330,26,45
602,328,27,45
603,328,27,45
603,327,29,46
604,328,28,45
606,328,28,44
606,328,28,45
608,328,28,45
610,329,28,45
611,329,29,46
612,330,28,46
615,330,28,45
615,332,28,44
618,331,28,42
619,333,28,42
620,332,28,40
620,333,29,39
620,332,30,41
619,331,31,42
620,332,31,42
622,333,30,41
624,334,29,40
624,333,29,42
624,331,29,46
625,332,28,47
626,332,27,47
626,333,27,45
627,331,27,45
627,331,28,46
626,330,29,46
628,330,28,45
628,331,29,46
629,331,29,45
631,329,30,45
631,331,30,46
634,331,29,45
635,333,28,45
638,334,28,45
640,333,28,45
641,335,27,45
642,335,27,43
644,335,27,42
643,337,28,40
645,336,28,40
647,337,27,38
649,338,27,37
648,338,28,39
649,339,27,38
650,339,26,41
652,338,25,42
651,338,25,44
650,335,26,45
651,335,26,45
651,335,26,45
650,334,27,46
651,334,26,45
652,333,27,45
653,331,28,45
652,332,30,46
654,332,29,47
655,333,30,47
656,333,30,47
657,333,30,48
661,335,29,47
662,336,29,47
664,336,28,47
665,336,28,46
667,337,28,45
669,338,28,43
670,338,29,41
669,337,29,43
669,337,30,42
670,338,29,42
672,339,29,41
674,340,28,41
675,339,27,43
675,339,27,45
674,339,27,46
674,337,27,48
674,336,28,48
675,336,28,49
675,337,28,49
675,335,28,48
676,335,28,48
677,336,28,48
678,335,28,47
680,334,28,47
681,335,28,47
680,336,29,49
683,338,30,48
685,336,29,48
687,339,28,48
689,338,28,49
690,338,27,48
692,339,27,46
694,339,27,45
694,339,28,45
695,339,28,44
696,340,28,42
696,342,29,43
698,341,28,43
698,341,28,44
699,341,28,45
700,341,27,46
700,341,27,47
702,341,26,49
701,338,27,50
700,338,28,50
701,337,28,50
700,337,29,50
702,337,28,50
702,337,29,50
703,336,30,52
704,336,30,51
706,336,31,51
707,337,31,51
709,337,30,51
710,337,30,51
711,338,31,52
715,342,29,51
717,340,29,50
717,342,29,49
720,341,29,48
721,342,30,47
721,341,31,48
721,340,32,47
722,341,32,47
723,341,31,48
723,343,31,48
724,340,31,52
725,342,30,52
724,341,30,54
727,342,29,53
726,341,29,54
725,340,31,55
727,339,30,52
726,339,30,53
727,338,30,52
727,339,30,52
723,341,31,54
714,343,31,53
701,344,32,53
686,341,34,55
676,337,34,55
676,336,34,56
678,336,32,55
680,336,31,53
681,337,31,53
682,337,32,52
685,338,31,51
686,338,31,49
685,338,32,50
686,338,32,49
686,340,32,49
686,338,33,51
688,340,33,51
690,339,32,52
691,340,31,53
689,339,31,56
691,338,32,56
691,336,32,57
691,337,32,57
693,335,31,55
691,337,33,56
695,334,32,54
695,336,33,54
696,336,33,54
698,337,33,54
698,338,33,54
702,338,34,55
704,339,34,56
706,338,34,57
707,339,34,57
708,338,35,56
710,338,35,55
714,339,34,53
712,338,35,54
714,338,34,53
715,340,35,52
716,341,35,52
719,341,34,51
719,343,34,51
724,343,32,49
724,344,32,50
725,345,31,52
726,343,32,53
724,341,33,55
726,339,32,54
726,339,32,54
727,340,32,54
727,340,33,54
729,341,34,54
731,341,33,54
733,341,33,54
734,342,34,55
737,342,34,54
739,342,34,54
741,343,34,55
745,344,34,54
748,342,34,54
747,343,35,55
747,342,36,55
751,343,35,53
754,345,35,50
754,344,36,52
753,345,36,52
755,345,35,52
757,345,35,52
759,346,34,51
759,346,34,55
762,346,33,55
762,346,33,58
763,345,33,57
763,343,33,57
764,343,33,58
765,343,33,58
765,346,32,60
767,343,33,58
768,344,34,59
770,344,35,59
773,344,34,58
774,344,34,59
777,345,34,58
779,345,34,59
781,345,35,61
785,346,34,59
787,346,35,58
789,349,36,56
791,348,37,56
793,347,37,54
794,347,37,54
796,349,36,52
794,348,36,54
796,347,37,55
801,347,36,57
803,350,34,57
802,349,35,60
803,347,34,62
802,346,35,62
804,345,34,63
807,344,33,62
807,346,33,61
809,345,32,62
810,346,33,64
812,346,33,65
815,346,34,65
816,346,34,65
818,347,34,65
820,346,34,67
822,345,35,67
829,348,35,67
830,346,36,67
833,348,36,65
832,348,38,63
834,351,38,60
838,348,40,60
841,348,40,59
841,349,39,59
842,351,39,59
843,350,39,60
848,352,38,59
849,353,38,60
850,352,38,61
852,352,37,64
854,353,36,67
856,350,34,68
858,349,33,69
857,348,33,69
859,349,33,71
860,347,35,69
864,348,35,68
865,348,35,69
867,347,36,70
870,348,35,71
873,350,37,72
878,349,37,71
880,349,37,69
881,353,36,69
885,352,37,70
887,353,39,69
891,355,41,65
894,356,42,64
899,356,43,64
899,358,43,64
901,355,44,64
903,359,42,65
905,357,42,66
907,356,42,68
908,353,42,68
908,354,41,70
910,352,40,74
910,349,42,76
910,350,41,77
909,350,42,76
910,349,42,76
912,348,43,76
912,347,44,77
917,338,44,79
919,348,39,79
918,345,40,81
919,348,39,81
917,350,40,82
914,353,39,80
910,356,40,81
900,361,41,77
889,364,41,72
887,362,42,70
887,364,41,69
889,361,41,69
890,363,40,67
884,362,42,69
874,359,43,71
866,360,44,72
857,361,43,74
848,359,43,77
830,357,42,83
827,357,40,81
825,357,38,79
822,358,37,77
820,362,38,79
803,362,41,80
792,360,43,79
778,366,45,81
770,361,47,80
770,367,45,79
772,365,47,78
776,371,46,76
779,372,45,75
776,373,45,77
774,383,45,76
774,383,42,77
774,379,40,77
777,375,39,79
777,371,40,75
779,371,39,72
774,375,40,77
766,379,41,79
756,378,41,78
751,384,42,79
749,383,40,79
750,379,39,78
753,382,39,79
756,381,38,80
758,386,37,80
758,385,36,80
759,383,34,76
759,385,34,77
759,387,34,77
760,381,36,75
762,381,38,76
768,381,39,77
773,385,39,76
778,383,40,76
783,383,40,76
787,385,38,78
794,383,37,78
798,385,36,79
802,383,35,80
806,383,37,81
810,383,39,82
817,385,41,79
819,383,43,78
818,383,44,78
814,385,46,78
811,387,47,78
809,386,47,79
809,387,47,80
813,383,47,82
818,388,47,81
821,384,46,88
825,379,43,88
829,378,41,87
830,377,41,87
833,376,42,84
836,374,44,85
840,375,45,83
841,376,47,84
843,377,49,86
848,380,48,86
