65,353,55,79
69,351,54,78
73,350,52,76
79,349,52,77
81,350,56,76
69,348,50,79
66,352,46,74
54,347,55,79
56,349,47,74
51,348,51,74
57,349,43,72
57,349,41,71
54,349,43,70
50,349,42,69
47,349,41,67
44,348,43,67
41,346,43,67
38,342,44,68
35,340,43,68
33,342,43,68
26,334,51,73
23,339,46,73
26,338,42,74
25,338,43,76
23,339,45,77
23,338,47,78
23,336,50,77
19,332,54,82
24,331,53,77
19,332,54,80
17,329,54,81
19,325,56,86
27,328,55,83
31,325,53,87
35,327,53,86
42,330,52,82
51,331,49,82
55,332,49,82
63,332,48,83
66,333,50,79
69,337,48,76
72,339,49,74
73,335,50,75
80,335,47,76
76,334,51,78
80,333,49,81
84,335,46,79
87,336,45,78
92,336,43,79
91,337,44,79
92,338,45,78
93,337,46,79
96,339,44,77
95,341,46,75
96,339,48,77
94,339,49,77
94,339,50,80
97,339,52,81
97,338,52,81
99,339,52,80
100,339,53,79
101,340,51,80
101,341,51,79
101,341,50,80
101,341,49,79
102,341,48,81
102,340,47,80
103,342,45,80
97,342,49,77
101,342,46,75
99,343,47,72
94,342,52,72
95,342,52,74
94,341,50,73
99,341,46,75
96,341,48,79
93,339,50,79
95,342,50,77
90,342,52,77
97,344,51,73
94,346,50,73
89,342,50,78
86,341,50,77
93,344,46,76
95,345,47,76
99,342,50,77
107,342,50,80
113,344,47,79
117,345,45,80
116,344,47,79
118,343,46,80
115,341,48,81
114,343,50,82
110,345,49,82
105,348,48,80
98,349,47,80
97,351,47,79
99,349,48,74
97,348,47,76
97,346,47,76
95,348,46,75
99,349,47,72
100,348,48,71
105,344,51,74
103,344,51,76
104,343,54,78
114,339,56,77
109,339,58,80
107,343,53,77
117,334,57,82
118,342,51,80
119,340,51,81
111,341,50,82
123,342,49,81
99,340,51,82
99,342,52,81
70,345,47,74
68,343,46,76
65,345,48,73
62,346,49,71
59,343,48,74
56,342,48,76
56,344,49,76
55,347,49,73
54,348,49,71
52,352,52,67
48,354,49,66
41,353,50,66
38,355,49,65
41,357,47,64
32,355,45,66
26,358,43,61
25,357,43,63
27,352,45,67
21,355,44,64
6,355,48,67
8,361,46,64
4,359,45,65
2,359,46,66
1,357,47,67
1,351,52,74
8,351,48,69
16,350,49,71
17,351,53,72
28,349,51,75
34,349,50,76
38,348,53,77
43,348,52,78
48,351,50,73
52,349,49,74
57,349,49,74
65,349,45,71
69,349,46,73
72,349,46,75
79,347,47,76
86,348,45,73
91,350,46,73
96,350,47,75
103,351,47,73
110,352,47,69
115,355,46,68
121,355,46,69
127,355,45,70
132,355,47,73
139,354,49,73
147,356,48,69
155,358,50,70
166,359,49,69
175,359,50,71
185,361,49,71
192,361,49,71
200,358,50,76
209,364,48,70
216,365,49,74
219,365,47,73
222,368,48,75
230,369,49,72
241,366,45,68
248,367,48,68
254,367,47,72
266,368,47,67
272,371,47,68
279,372,46,69
282,375,45,64
284,376,46,66
282,375,47,66
281,378,48,64
275,378,49,63
267,378,50,64
269,376,49,63
266,375,48,63
263,373,46,65
261,372,48,62
259,371,47,63
255,373,48,62
254,372,48,63
254,373,48,62
252,372,48,65
255,372,47,63
253,373,48,62
250,370,50,65
250,368,50,66
251,368,51,67
252,368,50,67
254,368,49,69
255,369,49,70
255,369,50,70
262,370,48,70
266,369,47,72
274,373,48,71
273,370,48,73
271,371,49,71
273,371,47,71
274,372,48,69
275,371,47,70
276,372,47,68
276,370,48,67
279,371,47,67
280,370,50,68
282,369,46,75
284,369,47,73
286,370,46,72
282,370,53,72
281,370,57,72
281,373,55,66
280,374,48,66
279,372,47,66
278,373,49,66
278,373,45,65
278,372,45,64
280,373,43,61
282,373,40,60
283,374,40,59
283,374,40,58
283,374,40,58
283,374,41,57
284,375,40,56
285,374,40,57
285,374,39,57
285,373,39,58
284,372,42,57
284,373,41,57
282,372,41,57
282,374,39,56
283,375,40,54
283,375,40,54
286,377,40,52
286,376,42,53
288,375,42,53
291,377,41,52
292,377,40,52
292,376,41,51
291,376,40,52
291,375,40,51
291,376,40,50
290,376,40,52
290,377,39,52
287,376,39,53
283,376,38,53
281,375,39,53
280,374,39,55
280,375,40,53
279,374,40,54
278,374,39,54
275,372,41,55
273,371,41,55
272,370,41,56
272,370,41,58
272,371,40,57
272,372,40,57
270,373,40,56
267,373,41,56
265,374,42,54
260,374,41,55
259,375,42,54
259,374,42,54
261,374,41,54
262,373,42,53
263,373,40,53
265,372,39,53
266,372,40,52
268,373,40,51
270,374,39,50
272,374,38,51
274,376,39,50
274,375,38,50
276,375,38,49
277,374,37,51
278,374,36,51
279,373,36,53
279,372,36,52
279,374,35,51
277,371,35,54
279,370,35,55
280,371,35,52
279,370,35,52
280,371,35,51
279,372,36,50
282,371,36,49
281,371,38,51
283,371,37,52
284,371,36,50
284,372,36,51
284,372,36,51
285,372,37,51
286,372,37,51
286,373,37,51
287,372,38,51
289,372,37,50
290,372,38,51
290,372,37,52
291,372,36,52
292,372,37,52
292,372,37,52
293,372,40,52
293,372,38,52
295,372,38,53
294,373,37,53
292,371,39,55
290,370,40,56
290,371,41,54
290,371,41,54
290,372,40,53
289,372,41,52
289,372,40,52
288,371,41,53
288,371,40,52
289,372,37,52
289,371,37,52
287,372,37,52
287,372,36,52
286,372,36,53
286,372,35,52
286,372,35,52
286,374,36,51
286,372,34,53
286,372,36,51
286,374,37,50
285,374,37,50
285,375,36,50
284,373,37,52
280,371,35,53
279,373,36,51
278,372,38,52
276,372,36,51
276,371,36,52
276,371,35,51
275,370,34,50
275,370,35,50
276,370,35,49
277,370,34,49
277,370,33,50
276,370,33,49
275,370,35,50
275,368,35,51
274,368,37,52
274,369,37,51
277,369,36,52
279,367,35,53
280,367,35,52
278,368,35,52
277,369,34,50
276,369,34,52
276,370,35,52
276,368,35,54
278,370,33,48
276,369,36,50
271,369,39,48
271,367,40,49
269,364,38,53
266,365,37,52
265,366,33,50
264,366,31,49
260,365,32,52
260,362,31,54
259,361,31,54
258,362,32,51
258,362,32,49
257,359,33,50
257,358,32,50
257,356,31,53
252,357,30,51
246,356,31,51
237,359,30,47
228,358,30,49
221,356,29,49
220,359,29,46
219,356,31,45
214,358,29,46
209,359,29,46
209,361,29,45
209,360,29,46
211,358,32,46
208,356,28,45
207,353,30,45
205,354,30,44
204,351,32,46
199,353,32,44
197,353,32,43
196,349,31,46
195,348,32,45
193,347,30,44
187,347,32,44
179,345,33,45
172,346,31,44
166,347,32,45
167,346,31,45
167,346,33,46
166,345,34,47
165,346,36,48
167,347,35,48
171,344,33,49
172,344,35,49
172,345,36,48
172,343,35,49
174,343,36,48
177,344,37,49
177,343,38,50
179,343,36,49
177,343,36,49
177,342,36,50
179,341,35,50
182,339,35,51
182,339,35,51
183,339,35,52
183,339,35,51
184,339,34,51
184,338,36,52
186,338,36,51
189,341,36,51
192,341,37,52
191,341,37,52
191,340,36,53
181,341,36,52
172,340,35,53
173,336,35,53
178,333,35,52
181,332,36,53
181,333,37,51
182,335,36,52
183,337,34,51
183,337,36,50
185,339,34,51
186,341,33,51
185,342,33,51
184,344,35,50
185,344,34,51
187,344,35,51
190,345,35,50
191,345,35,51
194,345,35,51
199,347,36,49
202,346,37,49
206,346,37,50
210,345,36,51
213,345,36,52
216,345,36,52
219,346,37,50
221,346,37,50
224,347,38,50
226,347,37,49
227,345,37,49
229,346,36,49
229,345,35,50
229,343,36,51
230,343,37,50
229,342,36,51
229,341,37,51
228,340,36,53
227,340,36,52
225,340,37,51
223,338,38,51
223,339,38,50
224,337,36,52
225,336,36,52
225,337,35,53
224,335,36,53
223,336,36,52
222,336,36,54
223,335,35,54
224,335,34,55
224,335,38,54
223,333,38,54
221,332,39,54
221,333,39,53
221,332,40,54
221,331,40,53
220,330,40,54
219,329,40,54
219,330,39,53
219,329,38,54
218,328,39,54
218,328,39,55
217,327,37,55
215,327,37,55
215,329,35,54
212,328,37,55
211,330,36,53
210,332,34,50
208,333,34,49
205,333,35,49
201,333,34,50
197,334,34,51
196,334,35,52
194,335,33,50
191,338,34,48
187,337,36,49
183,337,35,49
179,338,37,48
176,340,37,47
171,338,39,49
168,339,40,49
168,339,36,50
167,338,36,50
165,334,40,53
160,335,39,53
157,334,37,54
143,337,33,51
155,337,37,50
167,331,38,56
168,330,37,53
175,328,37,53
168,330,37,54
170,332,38,55
170,327,40,57
178,335,40,58
180,337,40,58
182,337,40,58
182,334,40,57
183,338,42,57
184,337,42,58
188,336,42,59
190,338,42,58
193,340,42,57
196,340,41,60
197,340,43,56
201,343,40,54
203,342,39,55
205,341,39,57
207,340,39,61
208,340,39,60
211,340,38,61
212,342,39,58
214,344,37,56
214,345,38,56
214,344,40,57
215,346,41,56
216,345,40,56
218,344,41,57
218,343,40,58
220,343,40,60
221,344,41,57
223,344,40,59
224,345,41,57
225,347,40,55
226,348,40,55
228,348,39,54
229,347,40,55
231,346,39,56
233,346,40,56
236,346,39,56
239,347,38,56
241,347,38,55
243,349,38,55
245,348,38,55
246,348,39,55
250,347,39,55
253,349,38,53
254,345,38,54
256,345,37,54
257,344,38,55
258,344,39,55
260,344,37,54
260,343,37,53
261,342,36,54
262,340,36,55
264,337,36,56
267,336,38,55
270,337,35,54
271,336,36,56
276,336,36,55
280,338,35,54
283,340,36,53
286,342,36,51
291,340,36,52
295,344,36,50
299,342,36,52
303,343,36,53
306,343,37,54
308,343,37,56
311,344,39,54
314,345,38,53
315,348,39,50
317,347,38,53
319,348,39,52
320,348,38,53
323,348,38,52
327,347,37,54
331,347,36,55
333,349,36,54
336,350,35,54
338,352,35,54
340,355,35,51
340,356,37,51
340,356,38,49
345,355,39,50
349,354,38,51
351,351,39,53
354,354,38,51
355,353,39,53
358,353,39,55
361,355,38,56
365,356,37,56
368,360,37,54
378,360,37,53
411,361,36,53
414,365,39,49
401,362,40,50
401,363,41,50
406,366,43,47
398,365,43,54
400,366,44,52
398,363,44,55
397,360,43,54
394,362,45,54
394,361,46,54
401,361,40,54
405,365,40,48
394,360,43,56
385,360,44,53
385,362,43,52
405,366,41,53
406,365,42,53
408,365,40,54
411,362,38,56
413,362,36,55
414,360,36,55
415,362,34,57
414,361,35,59
415,363,35,58
414,364,37,55
413,362,39,56
415,361,40,57
417,361,39,56
420,362,37,57
419,362,40,55
419,362,40,56
421,364,39,55
422,365,37,55
422,365,38,54
422,364,38,56
421,361,38,59
421,359,37,59
421,357,36,62
419,358,39,59
418,358,40,64
393,357,40,58
379,365,43,57
378,364,41,56
379,363,40,55
374,364,39,55
369,362,39,54
368,358,38,58
361,357,40,59
356,352,42,62
366,354,43,59
370,352,46,58
378,355,44,57
389,354,38,58
390,353,36,57
390,353,36,57
395,353,36,58
401,355,35,59
404,357,39,54
408,358,44,54
418,358,45,55
424,360,43,55
433,361,40,55
439,358,41,56
448,356,43,62
456,358,37,64
459,358,40,65
460,354,44,68
463,352,46,70
465,350,44,68
465,349,43,69
464,348,44,66
466,351,43,62
466,352,43,61
467,357,39,59
460,356,44,58
460,354,42,63
462,357,42,60
460,356,41,60
370,343,42,61
357,337,48,72
354,338,44,70
350,339,46,71
350,338,44,71
351,342,43,68
346,343,50,65
354,341,41,60
337,338,43,65
342,338,44,68
340,340,42,61
338,338,45,67
343,340,42,61
341,338,44,67
342,335,44,67
349,336,42,61
351,340,43,64
358,338,42,60
358,342,42,61
356,339,42,60
359,342,42,60
361,348,42,60
369,345,42,60
378,347,42,61
419,349,42,60
454,349,41,59
491,342,42,61
548,345,43,62
561,355,42,63
576,357,41,62
588,355,40,64
600,355,43,65
613,359,43,63
626,361,42,65
637,365,41,63
646,363,43,64
657,362,45,64
667,360,45,69
676,360,47,67
684,358,48,66
695,358,43,61
710,355,43,62
712,364,46,67
714,365,49,67
724,365,48,66
731,364,48,68
739,363,48,66
747,363,47,68
756,366,45,67
762,366,46,66
768,369,48,68
777,373,45,66
782,374,47,68
787,372,46,70
793,371,47,70
800,372,48,70
806,373,48,68
810,374,48,65
814,375,50,66
820,376,49,67
829,378,48,67
840,381,46,65
844,383,44,64
849,384,41,63
853,384,42,66
857,381,41,67
856,384,45,67
860,382,44,66
862,383,45,65
863,384,46,63
865,386,44,64
863,384,45,67
864,386,44,65
864,382,46,69
866,381,45,67
865,380,48,66
864,380,48,67
863,379,48,69
862,380,49,69
861,380,51,69
862,380,54,68
867,379,52,71
869,379,53,69
874,379,51,69
876,379,53,70
880,378,54,69
883,377,55,72
885,377,55,72
887,377,56,71
888,378,55,70
892,379,53,68
891,380,54,68
893,379,53,68
894,379,54,70
894,378,54,73
893,377,54,74
892,378,54,72
890,377,54,71
891,378,51,70
890,376,51,73
889,376,52,75
888,377,51,74
886,378,53,74
887,378,51,73
888,379,52,72
889,379,53,70
890,379,54,70
890,380,54,70
891,379,55,71
894,381,54,70
894,378,59,71
899,378,55,72
901,379,54,70
907,372,50,72
912,374,49,71
900,372,49,71
907,376,49,70
901,376,49,71
891,373,49,71
898,374,49,71
892,376,49,71
894,380,49,71
905,377,50,72
908,379,50,72
910,376,50,71
909,360,50,72
909,360,49,71
907,362,50,72
907,372,50,71
906,376,49,71
908,378,48,70
909,374,49,71
905,382,49,71
907,377,49,71
893,368,50,72
903,373,49,71
884,363,49,70
907,369,49,70
896,371,50,71
898,376,49,71
905,369,50,72
908,371,50,71
908,370,49,71
895,368,49,71
905,370,50,72
905,368,50,73
894,368,50,73
904,368,50,73
907,371,50,73
905,365,50,72
904,370,50,71
896,366,50,72
904,367,51,73
906,369,51,73
901,370,52,75
906,370,51,74
904,368,51,74
872,365,52,75
784,378,50,70
