579,319,27,45
579,319,27,45
578,318,26,46
579,318,26,46
580,319,25,46
579,319,26,46
579,319,26,46
579,319,26,47
579,318,27,47
578,319,26,44
579,318,25,47
580,319,25,45
579,318,26,47
580,320,25,46
579,321,25,44
579,321,26,44
579,321,26,44
579,321,25,44
579,322,25,43
579,321,25,44
579,321,26,44
579,321,25,44
579,323,24,41
579,321,26,44
579,321,26,43
579,321,25,43
579,322,24,42
580,322,24,42
579,322,24,42
579,323,24,42
579,323,25,42
579,322,25,43
579,323,25,43
580,323,25,42
580,325,25,42
580,324,26,43
581,324,24,40
580,324,27,43
580,323,26,45
580,322,26,46
580,324,27,44
580,324,26,44
580,325,27,42
580,326,27,42
582,325,26,43
582,325,26,42
582,324,26,44
583,324,25,43
584,324,25,43
584,321,25,47
585,322,25,46
583,322,24,46
585,322,24,46
585,321,25,47
585,321,25,47
584,321,24,47
584,322,24,46
584,321,24,46
585,321,24,46
585,323,24,45
584,322,24,46
584,322,23,45
583,322,24,45
583,322,24,46
583,321,24,46
584,321,24,46
583,321,24,46
583,322,24,45
583,321,24,46
583,321,24,46
583,322,24,46
584,323,24,44
583,322,24,45
583,323,24,44
584,322,24,45
584,322,26,46
585,321,26,47
585,321,27,46
587,317,27,46
587,321,27,44
587,323,27,44
586,320,29,46
587,319,29,46
588,321,27,44
589,319,27,46
589,320,27,45
589,319,27,48
590,320,26,46
590,321,26,45
590,321,26,46
590,320,25,47
590,321,25,46
590,321,25,46
590,320,25,47
590,319,26,48
590,320,25,47
590,321,25,46
590,321,25,46
590,320,26,47
590,320,25,47
590,322,25,44
591,322,25,44
591,321,26,45
591,322,25,45
591,323,25,44
591,322,25,44
591,321,26,46
591,320,25,47
591,322,24,44
591,321,25,45
591,321,26,46
591,321,25,46
591,322,25,45
591,322,25,44
591,321,25,46
591,321,25,46
592,322,25,45
591,321,25,47
591,322,26,46
591,322,26,46
591,322,26,47
592,323,26,45
592,323,26,45
592,324,27,44
592,323,27,46
593,322,28,46
593,320,28,47
594,321,28,47
596,320,29,46
597,320,28,45
597,320,29,44
597,321,30,46
597,320,31,47
599,320,29,47
601,321,27,46
600,319,29,48
601,323,28,46
599,322,29,47
599,321,30,47
599,320,29,48
602,322,28,48
604,323,28,47
605,322,28,48
605,322,28,48
606,323,28,46
608,322,28,48
607,319,28,51
608,321,26,49
608,321,27,49
609,321,28,50
609,322,27,47
609,322,27,48
609,320,27,49
608,324,28,46
609,324,28,46
609,324,27,46
608,327,27,42
609,324,28,47
609,325,27,46
609,326,27,44
609,329,27,41
610,326,27,45
610,325,26,46
609,328,26,41
609,329,26,41
610,326,26,45
610,326,26,44
609,328,26,42
609,328,26,41
610,325,26,45
610,326,26,44
609,328,26,41
609,329,26,41
610,328,26,42
610,327,26,44
609,329,26,40
609,330,27,39
610,329,26,42
610,327,26,43
609,328,26,41
609,328,26,41
610,327,27,44
609,325,27,44
608,326,27,43
608,326,27,43
609,327,27,43
608,326,27,43
608,325,27,44
608,324,28,45
609,322,28,48
609,322,28,48
611,323,26,46
611,324,26,44
611,322,27,45
611,323,27,45
612,322,27,47
612,320,27,47
612,323,27,44
612,322,27,46
612,321,27,47
612,322,27,45
612,323,26,43
612,323,26,46
612,321,27,46
612,320,26,46
612,323,26,44
613,324,26,44
612,321,26,46
612,321,26,45
612,322,26,44
612,322,26,45
612,322,26,45
612,321,26,45
612,322,25,44
613,323,25,44
612,322,26,45
612,321,26,44
613,323,25,43
613,322,25,45
613,323,25,44
613,322,25,44
613,324,25,42
613,322,25,45
613,322,25,44
612,320,25,45
612,322,25,45
612,322,25,45
612,320,26,46
611,320,27,46
611,322,27,45
611,324,26,44
611,321,27,45
611,319,28,46
610,321,27,44
610,322,28,45
609,320,29,46
609,320,28,45
609,321,28,47
609,320,28,47
609,320,28,46
609,322,28,45
609,322,28,47
608,323,28,46
608,322,27,47
608,325,28,43
607,325,28,45
608,325,28,45
607,326,28,44
606,325,28,45
607,326,27,44
607,326,27,44
607,326,27,43
607,326,26,44
607,326,26,44
607,326,26,44
607,326,26,43
606,326,27,43
607,327,27,43
606,326,27,43
607,326,27,43
607,325,26,44
607,327,26,42
606,327,26,42
606,327,26,42
607,327,26,42
607,328,26,41
607,328,27,41
606,328,26,41
607,327,26,43
608,328,26,41
606,328,26,41
607,328,26,41
606,327,26,43
607,328,25,42
606,328,26,41
607,327,27,42
607,327,27,42
608,327,26,42
605,328,26,41
607,326,27,43
606,326,26,44
606,326,26,44
607,329,26,41
606,328,25,40
606,326,26,44
606,327,26,42
607,328,26,41
607,326,26,43
607,328,26,41
608,327,26,42
607,325,26,44
608,325,26,44
608,325,26,43
608,328,26,41
609,327,25,42
610,325,26,43
609,326,25,42
608,326,26,42
608,327,26,43
607,325,27,43
607,327,28,41
607,324,27,45
607,323,27,46
605,325,28,44
605,324,29,46
605,326,28,44
605,325,29,44
605,326,28,43
605,326,28,45
605,325,29,46
605,325,29,44
605,325,29,45
605,327,28,44
606,325,29,46
605,326,29,43
605,326,29,43
605,326,29,44
605,324,29,46
606,325,29,44
605,326,29,43
605,326,28,44
605,325,28,45
604,326,29,44
605,326,29,43
605,326,29,45
605,325,28,45
605,326,29,43
605,326,29,43
605,325,28,45
605,326,28,43
605,325,29,44
605,326,29,43
605,326,28,44
605,326,28,43
605,325,29,45
604,325,28,45
605,326,28,44
606,327,28,42
605,326,28,42
605,325,28,44
605,325,29,45
604,326,29,44
604,326,29,44
605,325,28,44
605,325,28,44
606,326,29,42
607,324,28,45
609,324,27,46
609,324,27,45
610,325,26,44
610,324,27,45
610,323,27,47
609,326,27,43
610,325,26,44
609,323,27,47
609,324,27,44
609,325,27,43
608,326,27,44
608,327,27,42
607,327,28,41
606,328,28,42
605,324,29,44
605,324,27,46
603,323,27,46
605,324,28,47
603,324,28,47
602,324,29,44
602,325,29,43
599,324,29,42
596,326,28,41
594,323,30,44
592,325,30,43
591,323,30,44
593,324,28,47
591,325,30,44
589,325,32,43
589,325,30,43
590,325,29,44
588,325,29,43
589,325,28,42
589,324,28,43
589,324,28,43
589,325,27,42
590,325,28,42
590,324,27,43
590,325,27,43
590,326,27,41
590,327,28,41
591,325,27,43
591,325,27,43
590,326,27,42
590,327,27,40
590,326,27,41
590,325,27,42
590,327,26,40
590,327,27,40
590,326,27,42
591,325,27,42
590,327,26,40
590,328,27,40
590,326,27,41
590,326,27,42
590,327,27,41
589,326,27,40
590,325,27,42
590,325,27,42
589,326,27,41
590,326,27,40
589,325,27,42
590,325,28,43
589,325,27,42
588,325,27,41
589,325,27,42
589,324,27,43
589,324,26,42
589,323,26,42
589,325,25,42
588,323,25,43
587,323,26,42
585,322,27,42
584,321,27,45
585,322,26,44
584,321,28,44
585,322,29,45
584,325,29,41
584,326,28,41
585,325,28,41
585,325,27,40
585,327,27,40
584,327,28,40
584,327,27,39
583,327,27,39
584,328,26,38
584,328,27,39
585,327,27,39
585,328,27,38
584,328,27,38
585,328,26,38
585,328,26,38
585,328,26,38
584,328,26,38
583,328,27,39
585,327,26,39
584,328,26,38
584,328,26,38
584,328,26,39
584,327,26,39
584,327,26,38
584,328,27,38
583,327,27,40
583,326,27,39
584,326,27,39
583,327,27,38
584,328,27,39
584,326,27,39
584,326,27,39
583,327,27,38
584,327,27,40
584,327,27,39
583,326,27,39
582,327,27,38
583,327,28,40
583,327,28,38
583,327,28,39
583,326,29,40
582,327,30,39
582,326,31,41
582,326,30,41
581,326,29,40
582,327,29,40
582,327,27,40
582,327,27,39
582,327,27,41
581,325,26,42
579,326,28,41
580,324,28,43
580,324,27,44
580,324,26,42
581,324,27,42
580,324,27,42
581,324,26,42
581,324,26,42
580,324,27,42
581,322,26,44
581,323,26,43
580,323,27,43
580,323,27,42
580,323,27,43
581,322,27,44
580,322,27,43
580,322,27,42
581,322,26,43
581,320,27,45
580,321,27,44
580,322,27,42
581,321,26,44
581,321,26,44
581,321,26,43
580,321,26,43
581,322,26,43
581,321,26,44
581,323,25,42
581,323,26,41
581,322,26,43
581,322,25,43
581,322,26,43
581,322,26,42
581,323,25,42
581,322,25,43
581,323,25,41
581,322,26,42
581,322,25,42
581,324,25,40
580,323,25,41
581,322,26,42
580,323,26,41
580,323,27,41
579,323,27,40
577,322,28,41
577,322,27,41
574,319,29,42
574,320,30,41
575,321,29,42
574,321,28,44
575,319,28,44
574,318,29,46
574,318,30,45
572,316,30,47
572,317,29,46
570,318,31,46
571,320,28,48
569,319,31,45
566,318,31,45
564,319,31,45
563,318,31,45
563,318,30,45
562,316,30,46
561,316,30,47
561,314,30,48
561,314,31,48
561,315,31,47
560,315,31,47
560,314,30,47
560,315,30,47
560,315,31,47
560,315,29,49
561,315,31,47
561,316,29,49
561,315,29,50
562,318,30,47
562,319,30,46
562,321,29,44
562,319,29,47
563,320,29,49
562,321,27,45
563,322,27,44
562,322,28,43
564,321,27,44
562,321,27,44
562,322,27,44
562,322,28,43
563,322,28,43
562,321,27,44
563,321,27,44
563,322,28,42
563,323,28,42
563,321,27,43
562,321,26,44
562,322,27,42
564,323,28,41
562,322,26,43
564,323,26,42
564,322,27,42
564,322,27,42
562,322,26,42
563,322,26,42
563,321,27,43
563,321,27,43
563,321,26,42
563,321,26,44
564,322,27,43
564,321,28,43
563,321,26,43
564,322,26,43
564,321,27,44
564,321,28,44
562,321,27,44
562,320,27,44
562,321,27,44
562,322,27,42
562,320,27,43
561,320,29,43
560,317,29,47
560,319,28,46
560,315,28,48
560,316,28,48
560,315,28,48
559,311,28,50
559,312,27,49
558,312,28,49
558,312,28,49
558,313,29,49
558,313,28,49
558,313,27,49
559,311,27,50
558,312,28,48
559,312,27,50
559,314,27,49
559,312,27,50
559,313,27,49
559,313,27,49
559,313,27,49
559,314,27,49
559,313,27,48
560,315,27,47
559,313,27,49
559,315,27,48
560,316,26,46
560,316,26,47
559,314,27,49
559,315,27,48
559,315,27,48
559,314,27,49
559,314,27,50
559,314,27,50
559,315,27,49
560,316,27,48
560,316,27,48
560,316,27,48
560,315,27,48
559,315,27,49
559,314,28,50
559,316,27,48
559,315,28,48
559,315,28,49
559,315,28,49
559,315,28,49
559,314,28,49
559,314,28,50
559,314,28,50
559,315,28,49
559,315,28,49
559,314,28,49
559,314,28,49
559,314,28,49
559,315,28,49
559,314,28,50
559,313,28,50
558,313,28,51
559,316,28,48
559,314,28,49
559,315,28,48
559,314,28,50
559,316,28,48
559,315,28,49
559,314,28,50
559,314,28,50
559,314,28,49
559,314,28,50
559,314,28,49
560,314,27,49
559,314,27,49
559,315,28,49
559,315,28,49
559,314,27,49
559,315,28,49
559,315,29,49
559,315,29,49
558,314,29,49
558,314,28,49
558,314,28,50
558,313,29,50
558,313,28,51
559,313,28,50
559,315,28,49
559,313,28,50
559,313,28,50
559,313,28,50
559,314,28,49
559,314,28,49
559,314,28,49
559,314,27,49
559,314,27,49
560,315,27,49
560,315,27,48
560,314,27,49
560,315,26,49
560,315,26,48
560,315,27,48
560,315,27,48
560,315,27,48
560,315,27,48
560,314,27,48
560,314,27,49
560,315,27,48
560,316,27,48
560,315,27,47
560,315,27,48
560,315,27,48
560,316,27,48
560,314,27,49
560,316,27,48
560,316,26,47
560,316,27,47
560,316,27,47
560,316,27,47
560,315,27,47
560,315,27,47
560,315,27,47
560,315,26,47
560,316,26,47
560,316,26,47
560,316,26,47
560,316,27,47
560,318,27,45
560,316,26,47
561,316,26,47
561,316,27,47
560,317,27,46
560,316,27,47
560,317,27,46
561,318,27,45
561,318,27,45
561,318,26,46
561,317,26,45
561,319,26,44
561,319,27,44
561,319,26,44
561,319,26,43
561,319,27,44
561,319,27,44
560,318,28,45
560,317,28,45
560,316,28,46
561,319,28,44
560,317,28,45
560,318,27,44
560,318,27,45
560,317,28,45
560,318,27,44
560,318,28,44
560,318,28,44
560,317,28,45
560,316,28,46
560,317,28,45
560,316,29,46
560,315,29,46
559,316,29,46
559,315,30,46
559,315,30,46
559,315,29,46
559,315,29,47
559,315,29,46
560,314,29,47
560,315,28,47
560,315,28,47
560,316,28,46
560,314,28,48
560,314,28,48
561,315,28,47
561,314,28,47
560,314,27,48
560,313,28,48
560,314,28,48
560,313,28,48
560,313,27,48
560,312,27,48
560,313,27,48
560,313,28,48
560,313,27,48
560,313,27,48
560,314,27,48
560,312,27,49
560,312,27,49
560,312,27,49
560,312,27,48
560,313,27,48
560,312,27,48
560,312,27,49
560,313,27,48
560,313,27,48
560,312,27,49
560,311,27,49
560,313,27,48
560,313,26,48
560,312,27,48
560,313,27,48
560,313,27,48
560,313,26,47
560,312,27,48
560,312,27,48
560,312,26,48
560,312,26,49
560,313,27,48
560,312,27,48
560,313,27,48
560,313,27,48
560,313,27,48
560,312,27,48
560,313,27,48
560,313,27,48
560,314,27,48
560,313,27,49
560,313,27,48
560,313,27,48
560,313,27,48
560,312,27,49
560,313,27,49
560,313,27,48
560,313,27,48
560,313,27,48
560,312,27,49
560,313,26,48
560,312,27,48
560,313,26,48
560,314,26,47
560,314,26,47
560,313,27,48
560,313,27,48
560,313,27,48
560,313,27,47
560,314,26,47
560,314,27,48
560,314,27,47
560,313,27,48
560,314,27,47
560,313,27,48
560,313,27,47
560,314,26,47
560,314,26,47
560,314,26,47
560,314,26,47
560,315,26,46
560,314,26,47
560,314,26,47
560,314,26,47
560,314,26,47
560,313,27,47
560,313,27,48
560,313,27,47
560,314,27,47
560,313,27,47
560,313,26,47
560,314,27,47
560,314,27,47
560,313,27,47
560,313,26,47
560,314,27,47
560,315,26,46
560,314,27,47
560,314,27,47
560,314,26,47
560,314,27,47
560,314,27,47
560,313,27,48
560,314,27,47
560,314,26,47
560,314,27,47
560,313,27,48
560,313,26,48
560,313,26,47
560,313,26,47
560,313,27,48
560,313,26,47
560,313,26,47
560,314,27,47
560,313,26,47
560,313,27,47
560,314,27,47
560,313,27,47
560,313,27,47
560,313,26,47
560,314,26,47
560,315,26,47
560,313,27,47
560,314,26,47
560,314,27,47
560,314,27,47
560,312,27,48
560,313,27,48
560,313,27,48
560,313,27,47
560,313,27,48
560,312,27,48
560,313,27,48
560,313,27,47
560,313,27,47
560,314,27,48
560,313,27,48
560,313,27,47
560,313,27,48
560,313,26,47
560,314,26,47
560,312,26,48
560,312,27,48
560,313,27,48
560,314,27,47
560,314,27,48
560,312,27,48
560,313,27,48
560,313,27,48
560,313,27,48
560,313,27,48
560,314,27,48
560,314,28,47
560,313,28,48
560,312,27,49
560,313,27,48
560,312,27,49
560,313,27,48
560,312,27,48
560,312,27,48
560,312,27,49
560,312,27,48
560,313,27,48
560,313,27,48
560,313,27,48
560,314,27,47
560,312,27,48
560,313,27,48
560,314,27,47
560,313,27,48
560,313,27,48
560,314,26,47
560,315,26,46
560,315,26,46
560,314,26,47
560,314,27,47
560,314,27,47
560,313,27,47
560,314,27,47
560,316,27,46
560,314,27,46
560,314,27,46
560,314,27,47
560,313,27,47
560,313,27,48
560,313,27,47
560,313,27,47
560,313,27,47
560,313,27,47
560,313,27,47
560,313,27,47
560,314,27,47
560,314,27,47
560,314,27,47
560,313,27,48
560,313,27,47
560,314,27,47
560,314,27,46
560,313,27,47
560,314,26,46
560,313,26,47
560,314,27,47
560,314,27,47
560,313,26,47
560,314,27,47
560,314,26,47
560,313,26,47
560,314,26,47
560,314,26,47
560,313,27,47
560,312,27,47
560,314,26,47
560,313,26,47
560,313,26,47
560,314,26,46
560,313,26,47
560,314,26,47
560,315,26,46
560,313,26,47
560,314,26,47
560,313,26,47
560,314,26,46
560,315,26,46
560,315,26,46
560,314,26,46
560,314,26,46
560,314,26,46
560,314,26,47
560,314,26,47
560,313,27,47
560,312,26,47
560,314,26,46
560,313,26,47
560,313,26,47
560,314,26,47
560,315,26,46
560,315,26,46
560,314,26,47
560,314,26,47
560,314,26,47
560,313,26,47
560,314,26,47
560,314,26,47
560,314,26,46
560,314,26,46
560,315,26,45
560,314,26,46
560,314,26,46
560,313,26,47
560,313,26,47
560,314,26,47
560,314,26,46
560,315,26,46
560,315,26,45
560,313,26,47
560,314,26,46
560,314,26,46
560,314,26,46
560,314,26,46
560,314,26,46
560,314,26,46
560,314,26,47
560,314,26,47
560,313,26,47
560,314,26,47
560,315,26,46
560,313,26,47
560,313,26,48
560,312,26,47
560,314,26,46
560,313,26,47
560,313,26,47
560,313,26,47
560,314,26,47
560,314,27,47
560,313,27,48
560,315,27,46
560,313,27,47
560,313,27,48
560,314,27,47
560,314,26,47
560,314,27,47
560,314,27,47
560,314,27,47
560,314,26,47
560,313,27,47
560,313,27,48
560,313,27,48
560,314,27,47
560,313,27,47
560,313,27,48
560,312,27,48
560,313,27,47
560,313,27,47
560,312,27,48
560,313,27,48
560,313,27,48
560,314,27,47
560,314,27,47
560,314,27,47
560,315,27,46
560,314,26,47
560,313,26,47
560,314,26,46
560,315,26,46
560,314,26,47
560,314,26,47
560,314,26,47
560,315,27,47
560,314,27,47
560,313,26,47
560,314,26,46
561,314,26,46
560,315,26,46
560,314,26,47
560,314,26,47
560,313,26,47
560,314,26,46
560,313,26,47
561,315,26,47
560,314,26,47
561,315,26,46
560,314,25,46
561,314,25,46
561,314,25,47
561,315,25,46
561,314,26,46
561,315,26,46
560,313,26,47
560,314,26,47
560,314,26,47
560,313,26,47
560,314,26,47
560,314,26,47
560,313,26,47
560,314,26,47
560,313,26,48
560,313,27,48
560,313,26,48
560,313,26,48
560,314,26,47
560,313,26,47
560,313,26,48
560,313,26,48
560,312,26,48
560,312,27,49
560,312,27,49
560,313,27,48
560,313,27,49
560,312,27,49
561,312,27,50
560,312,27,50
561,314,27,49
561,312,27,50
561,312,27,50
561,313,27,49
561,312,27,49
561,313,27,48
561,312,27,49
560,312,27,49
561,313,27,49
561,313,27,49
561,313,27,49
561,314,27,49
561,314,27,48
561,313,27,49
561,313,27,49
561,312,27,49
561,312,26,49
561,313,27,48
561,314,27,48
561,313,27,49
561,314,27,48
561,313,27,49
561,313,27,48
561,313,27,49
561,314,27,48
560,313,27,49
561,313,28,48
560,313,28,49
560,312,27,49
561,313,27,48
560,312,27,48
560,314,28,47
560,313,28,48
560,313,28,48
560,312,28,49
560,313,28,49
560,315,28,47
560,314,28,47
560,315,28,47
560,313,28,48
559,316,29,45
559,315,29,46
559,315,29,46
558,315,29,47
558,313,29,48
557,316,30,47
557,316,30,48
557,316,30,48
556,316,30,48
556,318,30,46
556,318,30,46
555,318,30,46
556,319,29,46
557,319,27,46
555,319,29,45
555,318,28,46
556,318,28,46
555,319,28,45
555,320,28,45
555,321,28,43
555,320,27,44
555,320,27,44
556,321,27,44
555,321,27,44
555,320,27,44
555,321,27,43
555,321,27,44
555,321,27,43
555,321,27,44
555,320,27,45
556,320,27,44
555,321,27,43
555,321,27,43
555,320,27,44
555,320,27,45
555,321,27,43
555,320,27,44
555,320,27,45
556,319,27,45
556,321,27,44
555,321,27,44
555,319,27,45
556,320,27,45
556,320,27,45
555,321,27,44
555,319,27,45
555,320,27,44
555,320,27,45
555,320,27,44
555,320,27,45
555,320,27,45
555,320,26,45
555,320,27,45
555,320,27,44
556,321,26,44
555,320,26,45
555,320,27,44
555,320,26,44
556,320,26,45
556,320,26,44
556,320,26,44
555,320,26,44
556,321,26,44
556,320,26,44
556,320,26,43
555,321,26,44
556,321,25,44
556,319,26,45
555,321,26,43
555,321,26,43
556,321,26,45
555,320,26,45
555,321,26,43
555,321,26,44
556,320,26,44
556,320,26,45
555,321,26,44
555,320,26,44
556,320,25,44
556,320,26,44
555,320,26,44
555,320,26,45
556,320,26,44
556,320,26,45
555,320,26,44
555,321,27,43
556,320,26,45
556,320,26,45
555,320,26,44
555,320,27,45
555,320,27,45
555,320,27,44
555,320,27,45
555,320,27,45
555,319,28,46
555,318,28,47
555,319,29,45
555,318,28,47
556,318,28,47
556,317,28,48
556,316,28,49
557,316,27,49
557,316,27,49
558,316,27,49
558,316,26,49
558,316,26,50
558,316,26,49
558,316,26,48
558,316,26,48
558,317,26,48
558,317,26,48
559,316,26,48
558,316,25,48
559,316,25,48
558,317,25,48
559,316,25,48
559,316,25,48
559,316,26,49
559,316,26,49
559,317,27,47
559,317,27,47
559,317,29,47
560,317,28,46
560,317,28,45
560,316,28,44
561,316,27,44
561,317,27,44
562,315,27,45
562,314,28,44
562,315,28,45
557,314,28,46
562,314,28,46
562,314,28,47
562,315,28,47
562,315,28,46
562,315,28,47
562,316,28,46
562,315,28,46
563,314,28,47
562,315,28,47
563,315,28,46
562,316,28,46
563,316,28,46
563,316,28,45
563,316,27,46
563,317,28,45
564,318,28,45
565,317,27,45
564,317,27,46
565,317,27,47
565,318,27,47
564,318,28,46
565,317,28,46
565,318,28,46
565,318,28,46
566,319,28,45
566,319,27,45
566,318,27,46
566,321,27,42
567,320,27,44
566,319,28,46
566,321,28,43
566,321,28,43
567,320,27,44
567,320,27,44
566,321,28,43
566,322,28,43
566,322,28,43
567,321,28,44
566,322,28,43
566,321,28,44
566,322,27,43
566,321,27,44
566,320,28,44
566,321,28,43
566,321,27,43
566,321,28,43
565,322,28,43
565,321,29,44
565,321,28,44
564,321,28,44
565,321,28,44
565,321,28,44
564,321,29,43
564,321,29,44
564,321,29,44
564,321,29,42
564,321,29,43
565,319,29,44
565,319,29,45
564,320,29,43
564,320,29,43
565,319,29,44
565,320,28,43
565,320,28,42
565,320,28,42
566,320,28,42
565,320,27,42
565,322,28,41
566,320,28,42
566,320,28,42
567,321,27,41
568,320,26,42
569,319,26,40
569,320,26,42
569,319,27,42
570,319,28,42
570,319,27,42
570,318,28,43
570,318,27,44
569,318,27,44
569,318,28,43
570,318,27,43
570,317,27,46
570,316,27,46
571,318,27,44
571,318,27,44
571,318,27,44
571,318,27,44
572,319,27,43
572,318,27,45
572,317,27,45
572,319,27,43
573,319,27,44
573,317,27,46
572,318,27,46
572,321,28,43
572,318,29,46
573,318,29,46
573,318,29,48
573,318,27,48
574,318,27,47
574,318,28,48
575,317,28,49
577,317,27,49
576,318,28,48
575,317,29,49
576,319,30,47
577,319,29,48
578,319,30,47
578,319,29,47
580,320,27,46
579,319,28,48
579,318,28,48
579,318,27,48
579,318,27,49
579,319,27,48
579,320,27,46
579,319,28,47
578,319,28,47
580,319,27,47
579,320,27,45
579,319,27,46
578,319,27,47
580,319,27,46
580,320,27,46
579,320,27,45
580,319,28,47
581,318,28,48
581,319,28,47
579,319,28,47
581,319,28,46
580,320,28,44
581,321,29,44
580,319,30,46
580,318,30,46
582,317,29,47
581,317,30,47
582,318,30,46
583,318,29,47
583,319,29,46
583,319,29,45
583,320,28,45
584,319,28,46
584,320,28,46
583,319,28,46
583,321,28,44
579,319,28,46
584,320,28,47
584,319,28,47
584,320,28,45
584,320,29,46
585,320,28,46
585,319,28,47
585,319,28,46
584,320,28,46
585,320,28,46
586,319,28,46
586,320,27,45
585,322,28,44
586,321,28,46
586,321,29,45
586,322,30,42
586,321,29,45
586,320,30,46
583,320,30,44
588,320,30,45
589,320,29,47
591,319,29,48
592,319,29,48
594,320,28,47
597,320,27,47
598,320,28,47
598,321,28,48
598,322,27,46
599,321,27,47
596,322,27,47
600,321,27,48
602,322,26,46
600,323,27,44
600,322,28,46
601,321,27,48
601,321,27,47
600,321,28,48
600,320,28,48
599,321,27,48
598,321,29,48
598,321,29,46
599,321,27,47
599,323,26,47
598,321,28,47
599,321,28,46
598,324,27,45
598,326,26,43
599,323,27,45
599,324,27,44
599,326,25,44
599,326,27,44
600,324,27,45
599,325,26,43
599,325,26,43
599,327,26,43
600,324,27,45
599,323,27,46
599,324,26,45
600,325,26,44
600,323,28,45
599,324,28,43
599,325,27,43
599,323,28,45
599,322,29,46
600,322,28,46
600,321,29,46
602,320,28,48
602,319,29,48
602,321,28,47
604,321,28,45
604,319,28,46
604,319,28,47
604,319,27,46
605,319,27,46
605,318,28,47
605,319,28,46
604,319,28,45
605,320,27,45
605,318,28,47
605,319,27,46
605,320,27,45
605,320,27,45
606,319,27,46
605,319,27,46
605,320,27,45
605,319,27,46
605,318,28,46
605,319,27,45
605,319,27,45
604,320,28,44
605,319,28,45
604,318,29,47
604,319,27,46
604,320,28,45
604,319,29,46
604,320,28,46
603,320,29,46
603,319,29,46
603,320,29,46
603,320,29,45
603,319,30,46
602,319,30,45
603,320,29,46
601,320,30,45
600,322,30,44
601,322,30,45
601,323,30,45
601,321,29,48
600,323,29,45
599,324,30,45
598,323,31,46
599,322,30,47
599,323,29,46
599,324,29,45
599,323,29,46
599,325,28,45
599,325,28,44
599,325,28,44
599,324,28,45
599,323,28,46
599,326,28,43
599,325,28,44
600,324,28,45
599,324,28,45
599,325,28,43
599,323,29,45
599,323,29,46
600,324,28,45
598,325,28,44
599,323,29,46
599,323,29,46
598,323,29,46
599,322,28,46
599,323,28,45
599,324,28,45
599,324,27,45
599,323,28,45
599,320,29,47
600,320,29,47
599,322,29,46
599,322,28,46
600,320,29,46
600,318,30,48
599,319,29,49
599,319,29,49
599,322,29,44
599,321,29,47
599,322,30,46
598,323,30,44
599,321,31,47
598,324,29,44
598,322,29,46
598,323,29,45
599,323,29,45
598,324,29,46
598,325,29,43
598,325,29,43
598,324,28,44
598,325,28,45
598,324,28,44
599,325,28,42
599,324,27,44
599,326,27,44
599,325,27,43
599,325,27,43
599,325,27,44
599,325,27,45
599,325,26,44
598,323,27,45
599,323,27,45
598,326,27,43
597,325,29,44
597,324,30,44
598,324,29,44
599,324,28,43
599,323,29,45
600,322,29,46
600,323,28,45
602,323,28,44
602,323,28,45
602,322,28,47
602,321,28,47
602,323,27,45
602,321,27,47
603,322,27,47
602,321,28,47
601,322,28,45
601,322,28,47
601,320,29,46
598,321,29,46
598,324,29,45
597,323,29,43
596,321,30,44
596,321,28,46
595,323,29,41
595,324,28,41
595,325,28,40
594,324,29,41
592,325,30,40
593,324,30,42
594,324,29,43
593,323,28,47
591,324,30,43
589,323,30,44
587,323,30,44
586,323,31,44
586,323,30,44
587,324,29,43
585,323,29,44
588,323,29,43
586,323,29,44
585,323,29,45
587,323,29,44
584,323,30,45
585,323,29,45
585,322,29,45
586,323,30,45
585,323,30,45
585,323,29,45
586,322,29,45
586,322,29,45
584,322,29,45
585,321,29,45
583,321,28,46
583,319,28,47
582,321,27,45
582,321,27,44
582,321,27,45
582,320,27,44
579,320,27,43
579,319,28,46
579,320,27,44
577,319,29,44
576,319,28,45
577,321,29,44
576,322,29,45
576,323,30,43
577,323,30,41
577,324,29,41
577,326,28,40
578,326,28,40
577,325,29,40
577,328,28,37
577,328,27,38
578,327,28,39
577,326,29,40
577,326,28,39
576,327,28,39
577,325,28,41
577,325,29,40
577,326,29,39
577,326,28,39
576,325,29,40
576,325,30,40
576,326,30,39
576,326,29,39
576,324,31,41
576,325,31,40
575,325,31,39
575,324,31,41
575,325,31,40
576,324,30,39
576,324,31,41
576,324,31,41
575,323,30,42
575,323,29,42
575,323,29,42
575,324,29,42
574,325,28,40
575,324,28,41
574,323,29,42
574,323,28,43
575,322,28,44
574,322,28,45
574,322,27,44
573,321,28,44
574,321,28,44
574,322,27,43
574,323,27,43
574,322,27,43
574,323,27,42
574,323,26,42
574,324,26,42
574,321,27,43
574,322,26,43
574,324,25,42
574,323,26,42
574,323,26,42
574,323,26,42
574,324,25,41
574,323,26,41
573,324,28,39
571,323,27,39
571,321,27,42
572,321,26,41
570,322,26,38
570,321,27,41
571,322,27,40
571,321,26,43
570,319,27,44
569,318,27,45
570,319,27,44
568,318,28,45
567,319,28,45
565,321,29,43
563,320,30,45
563,321,30,44
562,322,31,41
560,321,31,42
561,320,30,43
560,322,29,41
560,320,29,42
560,322,28,41
559,320,27,41
558,320,27,42
557,319,28,43
556,318,28,45
556,318,28,44
556,318,28,44
556,318,28,44
556,317,28,45
557,319,28,44
557,319,28,45
557,318,28,45
558,319,28,45
558,319,28,44
559,320,28,43
560,321,28,42
559,321,28,43
560,322,28,43
560,321,28,43
561,322,28,42
561,323,28,42
561,324,28,41
562,324,27,42
562,323,28,42
560,323,28,41
562,324,28,41
562,322,28,42
563,324,27,41
562,323,27,41
561,323,28,41
562,322,27,42
563,323,27,42
562,323,27,42
562,322,28,42
561,322,27,42
559,322,27,42
560,322,27,42
559,322,28,43
558,322,27,42
558,321,27,42
556,320,27,43
558,321,27,43
558,320,26,43
558,319,25,43
557,318,25,44
557,318,25,45
556,318,25,45
556,315,26,47
556,316,26,46
556,317,25,45
556,318,26,45
556,318,26,45
556,315,26,47
556,316,26,45
556,315,26,44
556,317,26,46
556,316,27,47
556,316,27,46
556,315,27,46
556,315,27,47
556,316,27,47
556,315,27,46
556,316,27,46
556,317,27,46
556,315,27,48
555,315,28,46
556,316,28,46
555,315,28,47
555,315,28,48
555,314,29,48
556,314,29,48
556,315,28,48
556,314,27,48
556,315,28,48
556,314,28,48
557,315,27,48
557,314,27,48
557,315,26,47
557,314,27,48
556,314,27,49
556,314,27,48
557,314,27,48
557,314,27,48
557,315,26,48
557,315,27,47
557,316,26,47
556,314,26,48
557,314,26,48
557,314,26,48
557,314,27,47
557,314,27,48
557,313,26,48
557,314,26,48
557,314,27,48
557,314,27,48
557,315,26,47
557,315,26,48
557,314,27,48
556,314,27,48
556,313,27,49
557,314,27,48
556,314,27,48
556,313,27,49
556,313,27,49
556,313,27,49
556,313,27,49
557,314,27,48
557,314,27,49
557,314,27,48
557,313,27,49
556,312,28,50
557,313,27,49
557,314,27,49
557,314,27,48
556,314,27,48
557,313,27,49
557,313,27,49
557,314,27,49
557,313,27,49
557,314,27,49
557,312,27,50
557,312,26,50
557,313,27,49
557,313,26,50
558,312,26,51
558,312,26,51
558,313,26,50
558,312,26,50
558,313,26,50
558,313,26,50
558,312,26,50
558,314,26,49
558,312,26,51
558,312,25,51
558,313,26,50
558,313,26,50
558,313,26,50
558,312,26,51
558,313,26,49
558,313,26,50
558,312,26,51
558,312,26,50
558,313,26,50
558,313,26,50
558,311,26,51
558,313,26,51
558,313,26,50
557,312,26,50
558,313,27,50
558,312,27,50
557,313,27,50
557,312,26,50
558,313,26,50
558,313,26,50
557,313,27,50
557,313,26,50
558,313,26,50
558,313,26,50
558,313,26,50
557,314,26,49
558,313,26,50
557,314,26,49
557,314,26,49
557,314,26,49
557,313,26,49
557,313,26,50
557,315,26,49
557,314,26,49
558,315,25,49
558,316,26,47
558,316,26,48
558,314,26,49
558,315,26,48
558,316,25,47
558,315,25,48
559,315,25,48
559,316,25,47
559,317,25,46
559,316,26,48
559,315,26,48
559,316,26,47
559,316,26,46
559,315,25,47
559,316,26,46
559,315,26,47
559,317,26,45
559,316,26,46
559,315,26,47
559,317,26,46
559,316,26,47
559,315,26,48
559,316,26,47
559,315,26,46
559,315,26,46
560,316,26,46
560,316,26,46
559,317,26,45
559,317,26,45
559,316,26,46
560,317,26,45
560,317,26,45
559,317,26,45
559,317,26,45
559,316,26,45
559,317,26,45
559,316,26,45
559,317,26,45
560,317,26,45
560,318,26,44
560,317,26,45
559,317,26,45
559,316,26,46
559,316,26,45
560,318,26,45
559,315,26,48
559,316,27,46
559,316,27,46
559,316,27,46
559,315,27,47
559,314,27,48
559,315,27,47
559,315,27,47
559,315,27,47
559,316,27,47
559,315,27,47
559,314,27,48
559,314,26,48
559,314,27,48
559,315,27,47
559,315,27,47
559,315,27,47
559,313,26,49
559,315,26,47
559,315,26,47
559,315,26,48
559,314,27,49
560,316,26,46
559,315,26,47
559,316,27,47
559,315,26,47
560,315,26,47
559,316,26,46
559,315,26,47
559,315,26,47
559,315,26,47
559,317,26,45
560,316,26,46
560,316,25,46
559,316,26,46
560,316,26,46
560,317,26,46
560,315,25,47
560,317,26,45
560,317,25,45
560,316,26,46
560,316,26,46
560,316,25,46
560,317,26,45
560,316,26,46
560,317,26,46
560,316,26,46
560,317,26,46
560,316,26,46
560,315,25,46
560,316,25,46
560,315,25,46
560,316,25,47
560,315,25,47
560,317,26,46
560,316,26,46
560,315,26,47
560,316,26,46
560,316,26,46
560,315,25,46
560,317,25,46
560,316,25,47
560,317,25,45
560,317,25,45
560,317,25,45
560,316,25,46
560,317,25,45
560,317,25,45
560,315,25,47
560,316,25,47
560,316,25,46
560,316,26,46
560,316,26,46
560,316,26,46
560,316,26,46
560,316,26,46
560,316,26,47
560,314,26,48
560,316,26,46
560,315,26,47
560,316,26,47
560,315,25,47
560,317,26,45
560,317,26,45
560,315,26,47
560,315,26,47
560,315,26,47
560,316,26,47
560,314,26,48
559,314,27,48
559,314,27,48
559,315,27,47
559,314,26,48
559,313,26,49
559,314,27,48
559,314,27,48
559,314,27,48
559,314,27,49
559,315,27,48
559,315,27,48
559,315,27,48
559,314,27,49
559,314,27,48
559,314,27,48
559,313,27,49
559,313,27,50
559,314,27,49
559,313,27,49
559,313,27,50
559,313,27,50
559,314,27,48
559,312,27,50
559,313,27,49
559,313,27,50
559,314,27,49
559,315,26,48
559,313,26,49
559,314,26,49
559,313,26,49
559,315,26,48
559,315,26,48
559,313,26,49
560,314,26,48
559,314,26,48
559,314,26,49
559,314,26,49
559,314,26,48
559,315,26,47
559,314,26,48
560,313,26,49
559,314,26,48
559,315,26,48
560,315,26,48
559,313,26,49
559,314,26,48
560,315,27,47
560,315,26,48
559,313,26,49
560,314,26,48
560,314,26,48
560,314,26,48
560,315,26,48
560,314,26,48
559,315,26,48
559,315,26,48
559,314,26,48
559,313,26,49
559,314,27,48
559,313,27,49
559,314,26,49
559,315,27,48
559,313,26,49
559,313,27,50
559,312,27,50
559,313,27,50
559,312,27,50
559,314,27,49
559,313,27,49
559,316,27,47
559,314,27,49
559,314,27,49
559,313,27,49
559,313,27,50
559,314,27,49
558,313,27,50
558,312,27,50
558,314,27,49
558,313,28,50
557,313,28,49
557,313,27,49
557,314,28,48
557,313,28,48
557,313,28,48
557,314,27,47
557,314,27,46
558,314,28,47
557,314,28,46
557,314,27,47
557,314,27,46
557,314,28,47
556,313,28,47
556,314,27,47
557,315,27,46
557,314,27,46
556,314,28,47
557,314,28,47
557,314,27,47
557,314,28,46
556,314,27,46
557,314,27,46
557,313,26,47
557,314,27,47
557,314,27,47
558,314,26,47
557,315,26,46
557,315,26,45
557,315,26,46
557,315,25,47
555,314,27,46
557,315,27,46
556,315,26,46
