112,211,499,212
113,211,484,211
113,211,488,211
111,210,493,212
108,210,498,210
110,210,493,209
107,210,496,210
103,208,496,211
103,207,497,212
102,206,497,212
100,207,496,211
93,205,497,212
91,204,502,213
87,204,500,211
81,203,505,210
78,202,503,210
72,201,505,211
64,198,510,211
51,197,525,211
67,198,505,208
86,197,502,207
125,196,483,205
148,193,470,205
135,189,476,205
128,188,480,204
116,186,485,205
110,185,487,204
100,183,491,203
88,181,501,204
80,178,503,205
71,179,504,203
63,178,508,201
55,178,504,200
49,176,496,201
34,173,505,204
25,171,504,206
20,169,487,203
32,166,516,209
53,164,511,205
66,163,509,205
93,161,503,202
104,164,498,206
92,166,508,218
80,168,512,217
60,168,520,225
32,204,511,224
10,263,485,218
4,220,478,220
0,159,483,220
0,154,482,218
0,147,484,218
0,145,475,213
0,143,473,204
0,141,479,204
0,146,470,203
0,140,478,198
20,141,492,196
46,137,501,193
89,135,487,190
114,137,482,185
142,135,468,183
178,136,446,183
176,137,443,181
174,137,449,180
175,136,440,180
169,135,451,184
166,135,449,178
159,133,457,178
155,134,459,178
149,133,464,179
150,132,457,181
166,148,440,191
147,130,453,182
151,130,441,183
142,131,459,177
151,133,430,184
151,132,447,181
147,129,445,180
146,129,451,178
154,130,434,180
155,146,446,187
141,132,459,175
139,131,461,175
140,128,459,179
140,132,466,181
141,130,461,180
143,128,456,182
139,129,462,181
140,129,461,180
137,129,463,181
138,132,458,177
141,127,443,179
134,128,449,175
146,123,438,183
124,131,464,175
131,121,449,179
118,125,456,182
130,122,442,186
108,123,453,181
132,122,431,183
108,147,436,188
78,121,455,182
68,120,458,183
98,145,440,190
76,119,461,180
93,116,457,179
111,116,461,177
103,115,456,179
108,145,448,181
62,109,481,181
38,112,475,177
28,109,461,175
13,110,455,173
1,105,447,174
0,107,428,172
0,107,436,175
0,107,435,170
0,105,423,166
0,101,435,168
0,99,442,168
0,96,449,170
0,93,452,172
0,97,437,167
0,95,436,164
0,91,433,162
0,86,422,163
