173.0 55.0 10.0 20.0
173.128860474 54.7554512024 10.0417041779 19.8271179199
173.285110474 55.3229904175 10.0347766876 19.7103919983
173.887176514 55.4096679688 9.94814109802 19.896282196
174.243713379 55.876373291 9.92063903809 19.4999485016
173.932861328 55.4129447937 9.8752040863 19.6390361786
174.128265381 56.3897476196 10.0350341797 19.2694606781
174.051712036 56.485168457 10.1196994781 19.2392272949
174.467483521 56.5351791382 9.81957435608 19.6391487122
174.686676025 56.4842758179 9.33137607574 20.2004795074
174.017745972 56.3028488159 10.057056427 19.8839321136
174.174957275 56.8565444946 9.89904022217 19.4847145081
174.262893677 57.1966018677 9.70115280151 18.8963775635
174.626617432 56.9107437134 9.71566677094 19.4313335419
174.794189453 56.4471054077 9.78211212158 19.5642242432
174.875778198 56.9948043823 9.60196304321 18.8187942505
175.361328125 56.9380722046 9.58444023132 19.1688804626
175.45942688 57.1846504211 9.6792049408 19.3584098816
175.634857178 57.323223114 9.40121555328 19.573513031
175.715911865 57.621837616 9.54341506958 19.2675209045
175.680145264 57.9455070496 9.37243080139 19.1057834625
176.41696167 57.9495735168 9.40034294128 18.8676433563
176.385650635 58.6584587097 9.33178138733 18.5997581482
176.8543396 58.2280769348 9.26004219055 18.5200843811
177.308013916 58.476146698 9.09644031525 18.1928806305
177.842926025 58.9618721008 9.06638813019 18.1327762604
177.78427124 58.7850646973 9.07505130768 18.1501026154
177.980392456 58.9765396118 9.22933578491 18.4586715698
178.151626587 59.3475036621 9.15752029419 18.3150405884
178.5206604 59.5956916809 9.12921714783 18.2584342957
178.808456421 59.3442611694 9.0707359314 18.1414718628
179.024414062 59.4547042847 9.06691074371 18.1338214874
179.145355225 59.5902900696 9.00277519226 18.0055503845
179.821807861 60.1606216431 9.07281684875 18.1456336975
180.117431641 59.7667427063 8.87432384491 18.5455570221
179.717163086 60.4625320435 9.33003520966 18.5827846527
180.330047607 59.8196411133 9.08619594574 19.0923233032
181.115478516 59.6405334473 8.5654964447 20.0513000488
180.984924316 59.8369369507 8.85687160492 19.8808078766
181.443435669 60.4392204285 8.39015102386 19.7063941956
181.236251831 60.2733535767 8.50661087036 20.1216526031
180.912078857 59.9508972168 9.36844062805 19.8433837891
181.107894897 60.5681152344 8.95580482483 19.9021282196
181.327377319 59.8159713745 8.71790981293 20.7047157288
181.932937622 60.2972717285 8.40676403046 20.3943042755
182.092041016 61.0599746704 8.86313724518 18.54139328
182.484664917 60.6813545227 9.03153038025 18.7645225525
182.388626099 62.2840690613 9.22434616089 17.5650691986
183.047409058 60.9883041382 9.20174598694 18.4034919739
183.267486572 61.1297607422 9.02518081665 18.734539032
183.38571167 61.937713623 8.79196166992 18.6997261047
183.509811401 61.2658576965 8.75881004333 19.420331955
183.38772583 61.7176132202 9.3004989624 18.6009979248
182.968017578 61.2103652954 9.24521064758 18.4904212952
183.060150146 61.6294174194 9.02804660797 18.76329422
183.273849487 62.2313461304 9.38309383392 18.7661876678
183.494552612 62.7395515442 9.02969932556 18.0593986511
183.547515869 63.615650177 9.05115795135 18.1023159027
184.233551025 62.8209762573 8.69016075134 18.1899604797
184.212310791 63.8732414246 8.9405002594 17.8810005188
184.335540771 63.542175293 8.81876182556 18.0261459351
184.807067871 63.8027839661 8.4156627655 18.4203300476
184.612625122 63.8627700806 8.40008640289 18.3648414612
184.267425537 62.9721069336 9.07070732117 18.1414146423
185.273971558 64.2533187866 7.86369037628 18.7735328674
185.310394287 64.5993499756 7.94456195831 17.9528846741
185.078826904 64.2112579346 8.48787879944 18.4880313873
185.080108643 63.3843460083 8.88962841034 18.4324836731
185.295440674 64.7847747803 9.01032352448 18.020647049
185.467712402 65.1106719971 8.98597145081 18.0801506042
186.010940552 65.1563949585 9.00818061829 18.0163612366
186.074249268 64.4214782715 8.68947410583 18.4205799103
186.845245361 64.6146469116 8.36794567108 19.374710083
186.381317139 64.9142990112 9.02748394012 18.0549678802
186.817321777 65.31300354 8.50614452362 18.2404460907
186.909942627 64.657699585 8.93033504486 17.8606700897
187.789611816 65.2686309814 7.85409259796 18.8236465454
187.442962646 66.035446167 8.80667686462 17.6133537292
188.819900513 66.2664794922 7.72225570679 19.0653953552
188.231231689 65.5135040283 8.87422180176 17.7484436035
188.611557007 66.8918457031 8.88001441956 17.7600288391
188.510498047 66.9104156494 8.77418041229 18.0785808563
190.180984497 66.2459640503 7.61977291107 20.4346199036
189.94821167 66.0267868042 8.1190776825 18.3638477325
189.905212402 66.5780258179 8.19718551636 18.3238830566
190.319793701 67.0459289551 8.20920562744 18.3696041107
191.222747803 66.7709197998 7.78794765472 19.614654541
190.92678833 67.3238067627 8.87725162506 17.7545032501
191.33493042 67.0909805298 8.50577545166 18.4133491516
191.49206543 68.1080169678 8.85530567169 17.7106113434
192.539520264 68.5858306885 7.85158252716 17.9135284424
192.0365448 68.792930603 8.8050994873 17.6101989746
192.669403076 68.6684265137 8.69258117676 17.3851623535
192.226516724 68.9852218628 8.85406684875 17.7081336975
192.210830688 69.6199493408 8.77478313446 17.5495662689
192.326049805 68.7822418213 8.16173362732 18.5790233612
191.996795654 69.0097198486 8.76905727386 17.5381145477
192.690231323 68.1526184082 8.33749103546 18.4253768921
192.358657837 69.1522216797 8.85253715515 17.7050743103
192.507324219 69.4154663086 8.91903400421 17.8380680084
192.691711426 70.0620880127 8.92399024963 17.8479804993
193.222229004 69.0103530884 8.51353263855 18.5710277557
193.449234009 69.4340820312 8.63345909119 18.9079360962
193.297729492 70.1234359741 8.85600090027 17.7120018005
193.093780518 70.6855697632 8.83790111542 17.6758022308
192.899749756 70.210105896 8.80144691467 17.6028938293
192.998458862 70.7023544312 8.75290966034 17.5058193207
193.810852051 69.3003158569 8.22067928314 18.9780044556
193.497756958 70.2971496582 8.88797283173 17.7759456635
194.064483643 71.2205963135 8.79526138306 17.5905227661
194.19644165 71.6971664429 8.85432720184 17.7086544037
194.638031006 70.4960327148 8.84208202362 17.6841640472
194.71774292 72.0016479492 8.71578979492 17.4315795898
194.811859131 72.137802124 8.74958324432 17.4991664886
195.127853394 72.055015564 8.6335067749 17.2670135498
195.342666626 72.162727356 8.59725189209 17.1945037842
195.485015869 72.243019104 8.52484893799 17.049697876
196.12361145 72.1974945068 8.40453624725 16.8090724945
196.254760742 72.6411819458 8.3061580658 16.6123161316
196.930496216 72.4678192139 8.38579368591 16.7715873718
197.13117981 72.1564102173 8.44772911072 16.8954582214
197.748687744 73.4217147827 8.4272069931 16.8544139862
198.123657227 74.1342391968 8.24812412262 16.4962482452
198.327072144 73.9917602539 8.21267223358 16.4253444672
198.731765747 74.3633422852 8.20242881775 16.4048576355
199.124710083 74.4419937134 8.24112224579 16.4822444916
199.439407349 73.9594116211 8.29135704041 16.5827140808
199.828582764 74.1858520508 8.40822410583 16.8164482117
200.618515015 74.8809509277 7.82575368881 16.9893016815
200.816696167 74.8403549194 8.41104793549 16.822095871
201.198074341 75.0749206543 8.42640590668 16.8528118134
201.761688232 74.5596542358 8.56339454651 17.126789093
202.379730225 75.6978683472 8.51850318909 17.0370063782
203.028244019 75.5694122314 8.37505626678 16.7501125336
203.090484619 75.8797225952 8.21012306213 16.4202461243
203.570129395 76.0808334351 7.9747800827 15.9495601654
204.240493774 77.3135681152 8.07416343689 16.1483268738
205.463134766 77.4105224609 7.32480621338 17.2587852478
204.865112305 76.3542022705 8.30536937714 16.6107387543
205.298461914 75.7365341187 8.45965576172 16.9193115234
205.371627808 77.2146759033 8.30122947693 16.7781906128
206.055618286 77.1831817627 8.41127681732 16.7275333405
206.223587036 76.470375061 8.438580513 16.877161026
206.497344971 76.951133728 8.31680870056 16.6336174011
206.636672974 77.03565979 8.4072675705 16.814535141
206.93522644 77.014755249 8.34759616852 16.695192337
207.171798706 77.7105865479 8.32656097412 16.6531219482
207.397247314 77.2546539307 8.32158184052 16.643163681
207.052688599 77.7688064575 8.45400047302 16.908000946
207.087310791 77.8897705078 8.28869152069 17.3107051849
206.697509766 78.0704193115 8.53505992889 17.0701198578
206.665618896 78.2344894409 8.52369499207 17.0473899841
206.583129883 78.1658554077 8.34208011627 17.0187416077
206.9740448 78.5424575806 8.44152450562 16.8830490112
206.972167969 78.329246521 8.4409532547 16.8819065094
207.222686768 78.8666992188 8.41409683228 16.8281936646
207.247756958 78.7037734985 8.47172260284 16.9434452057
206.899902344 78.6790847778 8.42019176483 16.8403835297
206.952072144 78.5427398682 8.44120979309 16.8824195862
206.866210938 78.9248657227 8.29582500458 16.5916500092
206.88168335 79.003036499 8.31685638428 16.6337127686
207.154129028 79.4651947021 8.31603431702 16.632068634
206.989654541 80.1812286377 8.23704147339 16.4740829468
207.628372192 80.2450408936 8.15755271912 16.3151054382
207.729446411 80.2270889282 8.20078468323 16.4015693665
207.654953003 79.8138656616 8.12452507019 16.2490501404
208.233306885 80.4354248047 8.15159702301 16.303194046
