583,307,39,97
583,307,39,97
583,306,39,97
583,306,39,97
583,307,39,97
583,307,39,97
583,310,39,97
583,310,39,97
583,311,39,97
583,311,39,97
583,311,39,97
583,311,39,97
583,310,39,97
584,308,39,97
585,311,37,92
584,310,37,92
584,310,37,92
584,310,37,92
584,312,37,92
584,315,37,92
586,317,37,92
586,318,37,92
586,319,37,92
586,319,37,92
587,319,37,92
587,318,37,92
586,318,37,92
587,317,37,92
587,317,37,92
587,317,37,92
587,317,37,92
586,317,37,92
586,317,37,92
586,315,37,92
584,313,37,92
587,312,37,92
584,310,37,92
584,311,37,92
584,311,37,92
584,311,37,92
584,309,37,92
584,308,37,92
584,307,37,92
584,304,37,92
584,300,37,92
582,295,37,92
579,292,37,92
576,290,37,92
574,287,37,92
574,283,37,92
573,280,37,92
573,278,37,92
573,278,37,92
573,278,37,92
572,279,37,92
572,280,37,92
572,282,37,92
572,285,37,92
572,286,37,92
569,285,37,92
571,285,37,92
569,283,37,92
567,281,37,92
567,281,37,92
567,281,37,92
566,280,37,92
566,280,37,92
562,280,37,92
561,280,37,92
561,280,37,92
560,279,37,92
559,278,37,92
558,278,37,92
557,277,37,92
557,275,37,92
556,273,37,92
553,273,37,92
553,272,37,92
553,272,37,92
552,272,37,92
551,273,37,92
551,277,37,92
553,279,37,92
558,279,39,97
560,281,39,97
560,282,39,97
561,284,39,97
560,284,39,97
560,283,39,97
560,281,39,97
562,278,39,97
562,276,39,97
562,276,39,97
562,276,39,97
561,275,39,97
561,276,39,97
562,276,39,97
562,275,39,97
561,275,39,97
561,275,39,97
561,275,39,97
561,275,39,97
561,275,39,97
561,277,39,97
561,278,39,97
560,278,39,97
560,279,39,97
560,279,39,97
560,281,39,97
560,281,39,97
559,282,39,97
559,283,39,97
559,284,39,97
557,287,39,97
556,287,39,97
556,287,39,97
555,287,39,97
555,287,39,97
554,288,39,97
554,287,39,97
554,285,39,97
553,284,39,97
551,283,41,102
550,280,41,102
550,280,41,102
550,280,41,102
550,280,41,102
550,280,41,102
552,279,41,102
552,279,41,102
552,279,41,102
554,280,41,102
559,279,41,102
570,278,41,102
582,277,41,102
594,273,41,102
600,270,41,102
609,268,41,102
618,268,41,102
630,268,41,102
644,269,41,102
661,273,41,102
676,275,41,102
685,279,41,102
689,285,41,102
693,287,41,102
698,292,41,102
707,294,41,102
712,296,41,102
720,298,41,102
728,301,41,102
737,305,41,102
742,307,41,102
746,310,41,102
744,312,41,102
743,315,41,102
742,319,41,102
742,320,41,102
738,320,41,102
737,320,41,102
737,319,41,102
735,317,41,102
734,317,41,102
731,316,41,102
729,316,41,102
726,316,41,102
722,315,41,102
716,315,41,102
711,312,41,102
702,311,41,102
695,310,41,102
690,308,41,102
689,307,41,102
686,306,41,102
686,305,41,102
685,303,41,102
684,303,41,102
684,302,41,102
684,302,41,102
684,303,41,102
684,303,41,102
685,303,41,102
686,303,41,102
686,302,41,102
686,302,41,102
688,301,41,102
690,301,41,102
690,300,41,102
692,300,41,102
694,300,41,102
694,298,41,102
693,298,41,102
694,300,41,102
694,300,41,102
697,301,41,102
697,301,41,102
698,302,41,102
698,302,41,102
698,302,41,102
698,302,41,102
697,302,41,102
697,302,41,102
697,302,41,102
697,302,41,102
695,303,41,102
697,302,41,102
695,302,41,102
695,303,41,102
694,303,41,102
695,302,41,102
694,302,41,102
694,302,41,102
694,302,41,102
694,303,41,102
694,302,41,102
694,303,41,102
694,302,41,102
693,302,41,102
693,303,41,102
692,305,41,102
692,305,41,102
692,306,41,102
692,307,41,102
692,306,41,102
692,306,41,102
690,306,41,102
690,305,41,102
690,305,41,102
690,306,41,102
690,307,41,102
689,308,41,102
689,310,41,102
688,310,41,102
688,311,41,102
686,311,41,102
686,311,41,102
686,308,41,102
686,308,41,102
685,308,41,102
681,307,41,102
679,308,41,102
681,308,41,102
679,307,43,107
680,308,43,107
680,309,43,107
682,309,43,107
682,310,43,107
677,309,43,107
679,310,43,107
679,309,43,107
683,309,43,107
676,306,45,113
675,306,45,113
674,304,45,113
674,304,45,113
674,303,45,113
674,303,45,113
674,304,45,113
674,304,45,113
674,304,45,113
673,304,45,113
673,304,45,113
674,304,45,113
674,306,45,113
673,304,45,113
673,306,45,113
673,306,45,113
671,306,45,113
671,306,45,113
673,306,45,113
670,306,45,113
671,306,45,113
671,306,45,113
714,304,45,113
714,304,45,113
714,304,45,113
714,304,45,113
714,304,45,113
714,304,45,113
714,304,45,113
714,303,45,113
714,303,45,113
715,301,45,113
713,301,45,113
711,300,45,113
711,300,45,113
711,300,45,113
710,299,45,113
710,297,45,113
710,296,45,113
710,297,45,113
708,296,45,113
707,294,45,113
707,296,45,113
707,296,45,113
704,296,45,113
707,296,45,113
705,296,45,113
703,296,45,113
705,296,45,113
701,296,45,113
698,296,45,113
695,296,45,113
695,297,45,113
694,299,45,113
691,300,45,113
691,301,45,113
690,300,45,113
687,300,45,113
685,299,45,113
684,297,45,113
683,296,45,113
681,294,45,113
681,293,45,113
681,292,45,113
680,292,45,113
678,290,45,113
677,289,45,113
674,290,45,113
671,292,45,113
670,297,45,113
668,301,45,113
670,306,45,113
668,310,45,113
667,314,45,113
666,316,45,113
666,319,45,113
666,317,45,113
666,320,45,113
669,322,43,107
667,321,43,107
667,321,43,107
667,321,43,107
667,318,43,107
667,317,43,107
667,316,43,107
667,314,43,107
667,314,43,107
665,316,43,107
665,314,43,107
665,314,43,107
665,316,43,107
664,316,43,107
664,316,43,107
664,314,43,107
665,313,43,107
664,313,43,107
665,313,43,107
665,313,43,107
665,313,43,107
665,314,43,107
665,314,43,107
665,314,43,107
664,314,43,107
664,316,43,107
664,316,43,107
664,314,43,107
664,314,43,107
663,316,43,107
663,317,43,107
663,321,43,107
663,322,43,107
662,325,45,113
661,327,45,113
661,330,45,113
660,331,45,113
660,334,45,113
661,337,45,113
660,341,45,113
661,344,45,113
661,348,45,113
660,353,45,113
660,354,45,113
660,357,45,113
660,358,45,113
660,360,45,113
660,358,45,113
660,358,45,113
658,354,45,113
660,351,45,113
658,347,45,113
658,341,45,113
660,336,45,113
661,332,43,107
661,326,43,107
660,321,43,107
661,321,43,107
667,314,43,107
672,312,43,107
675,305,43,107
673,300,43,107
675,294,43,107
675,289,43,107
648,283,43,107
650,279,43,107
659,275,43,107
667,273,43,107
672,270,43,107
676,267,43,107
677,267,43,107
680,270,43,107
684,273,43,107
692,275,43,107
702,277,43,107
711,281,43,107
719,283,43,107
724,285,43,107
727,286,45,113
727,289,45,113
727,293,45,113
725,293,45,113
727,293,45,113
725,292,45,113
723,292,45,113
714,293,45,113
705,293,45,113
701,292,45,113
701,292,45,113
697,290,45,113
697,290,45,113
695,284,45,113
695,284,45,113
693,283,45,113
691,282,45,113
691,282,45,113
691,283,45,113
693,286,45,113
691,286,45,113
693,287,45,113
693,290,45,113
693,289,45,113
693,290,45,113
693,290,45,113
693,289,45,113
694,289,45,113
694,290,45,113
691,290,45,113
691,290,45,113
693,290,45,113
693,292,45,113
693,292,45,113
693,292,45,113
693,292,45,113
694,292,45,113
693,290,45,113
691,289,45,113
693,289,45,113
693,289,45,113
695,290,45,113
693,290,45,113
693,292,45,113
691,292,45,113
691,293,45,113
691,293,45,113
691,293,45,113
691,292,45,113
691,293,45,113
691,292,45,113
693,292,45,113
691,292,45,113
691,292,45,113
691,293,45,113
693,292,45,113
693,292,45,113
691,292,45,113
693,292,45,113
693,290,45,113
691,290,45,113
691,290,45,113
691,290,45,113
691,289,45,113
691,290,45,113
691,289,45,113
690,289,45,113
690,289,45,113
690,289,45,113
688,289,45,113
685,287,45,113
685,286,45,113
685,287,45,113
685,286,45,113
684,286,45,113
684,284,45,113
681,282,45,113
680,280,45,113
674,279,45,113
667,277,45,113
