368,260,226,193
385,248,226,192
408,242,214,183
413,224,214,183
413,212,214,183
420,206,203,173
423,196,203,173
423,185,203,173
423,174,203,173
423,163,203,173
423,153,203,173
423,147,203,173
423,142,203,173
423,131,203,173
423,131,203,173
423,131,203,173
423,131,203,173
423,131,203,173
423,131,203,173
423,131,203,173
429,136,193,164
425,134,193,164
425,134,193,164
425,140,193,164
425,140,193,164
420,140,193,164
425,134,193,164
425,140,193,164
425,134,193,164
420,134,193,164
420,134,193,164
425,134,193,164
425,134,193,164
415,134,193,164
415,134,193,164
420,140,193,164
420,140,193,164
415,134,193,164
411,131,203,173
412,131,203,173
412,131,203,173
402,131,203,173
407,131,203,173
407,131,203,173
402,131,203,173
402,131,203,173
402,131,203,173
402,131,203,173
402,136,203,173
402,131,203,173
402,131,203,173
402,131,203,173
402,131,203,173
402,131,203,173
402,131,203,173
402,131,203,173
402,131,203,173
402,131,203,173
402,131,203,173
397,131,203,173
402,131,203,173
402,131,203,173
402,131,203,173
402,131,203,173
397,131,203,173
402,131,203,173
402,131,203,173
397,131,203,173
402,131,203,173
397,131,203,173
362,131,203,173
351,131,203,173
351,131,203,173
351,131,203,173
351,131,203,173
351,131,203,173
351,131,203,173
351,125,203,173
351,131,203,173
351,131,203,173
351,131,203,173
346,131,203,173
351,131,203,173
346,131,203,173
351,131,203,173
351,131,203,173
351,131,203,173
346,131,203,173
346,131,203,173
346,125,203,173
346,131,203,173
346,131,203,173
346,131,203,173
346,131,203,173
346,131,203,173
341,131,203,173
346,131,203,173
346,131,203,173
351,131,203,173
346,131,203,173
346,131,203,173
346,131,203,173
351,131,203,173
351,131,203,173
357,131,203,173
351,131,203,173
346,136,203,173
351,131,203,173
351,131,203,173
351,131,203,173
351,131,203,173
351,131,203,173
351,131,203,173
351,131,203,173
351,131,203,173
351,136,203,173
351,131,203,173
351,131,203,173
351,131,203,173
351,131,203,173
351,131,203,173
351,136,203,173
351,131,203,173
357,131,203,173
357,131,203,173
351,131,203,173
351,136,203,173
351,136,203,173
351,136,203,173
357,136,203,173
351,136,203,173
357,136,203,173
351,136,203,173
357,136,203,173
357,136,203,173
357,136,203,173
351,136,203,173
357,136,203,173
351,136,203,173
357,136,203,173
357,136,203,173
357,136,203,173
357,136,203,173
357,136,203,173
357,136,203,173
357,136,203,173
357,136,203,173
357,136,203,173
357,136,203,173
357,136,203,173
357,136,203,173
357,136,203,173
357,136,203,173
357,136,203,173
357,136,203,173
357,136,203,173
357,136,203,173
357,136,203,173
357,136,203,173
357,136,203,173
357,136,203,173
357,136,203,173
357,136,203,173
357,136,203,173
357,136,203,173
357,136,203,173
357,136,203,173
357,136,203,173
357,136,203,173
357,136,203,173
367,136,203,173
357,136,203,173
357,136,203,173
367,136,203,173
367,136,203,173
367,136,203,173
367,136,203,173
367,136,203,173
367,136,203,173
367,136,203,173
367,136,203,173
367,136,203,173
367,136,203,173
367,136,203,173
367,136,203,173
367,136,203,173
367,136,203,173
367,136,203,173
367,136,203,173
387,136,203,173
387,136,203,173
397,136,203,173
397,136,203,173
397,136,203,173
407,136,203,173
402,136,203,173
407,136,203,173
412,136,203,173
412,136,203,173
418,142,203,173
423,136,203,173
423,136,203,173
423,136,203,173
423,136,203,173
423,136,203,173
423,142,203,173
418,136,203,173
423,136,203,173
423,136,203,173
423,142,203,173
423,142,203,173
423,136,203,173
423,142,203,173
423,136,203,173
423,136,203,173
423,136,203,173
423,142,203,173
423,136,203,173
429,147,193,164
435,145,193,164
430,145,193,164
435,145,193,164
430,145,193,164
435,140,193,164
430,145,193,164
430,145,193,164
430,145,193,164
430,145,193,164
430,145,193,164
435,145,193,164
430,145,193,164
435,140,193,164
435,140,193,164
435,140,193,164
430,145,193,164
435,140,193,164
430,145,193,164
430,145,193,164
435,140,193,164
435,140,193,164
435,140,193,164
435,140,193,164
435,140,193,164
435,140,193,164
435,140,193,164
435,140,193,164
435,140,193,164
435,140,193,164
435,140,193,164
435,140,193,164
435,140,193,164
435,140,193,164
435,140,193,164
435,140,193,164
435,140,193,164
435,140,193,164
435,140,193,164
435,140,193,164
435,140,193,164
435,140,193,164
435,140,193,164
435,140,193,164
435,140,193,164
435,140,193,164
435,140,193,164
435,140,193,164
435,140,193,164
435,140,193,164
435,140,193,164
435,140,193,164
435,140,193,164
435,140,193,164
435,140,193,164
435,140,193,164
435,140,193,164
435,140,193,164
435,140,193,164
435,140,193,164
435,140,193,164
435,140,193,164
435,140,193,164
435,140,193,164
435,145,193,164
435,145,193,164
435,140,193,164
435,140,193,164
435,140,193,164
435,140,193,164
435,140,193,164
430,145,193,164
435,145,193,164
435,145,193,164
430,145,193,164
435,140,193,164
435,140,193,164
435,140,193,164
441,150,183,156
445,142,183,156
445,147,183,156
445,142,183,156
440,147,183,156
440,142,183,156
445,142,183,156
440,147,183,156
440,147,183,156
440,142,183,156
440,147,183,156
440,142,183,156
440,142,183,156
435,142,183,156
435,147,183,156
440,147,183,156
440,147,183,156
440,147,183,156
445,147,183,156
440,147,183,156
440,142,183,156
445,147,183,156
440,147,183,156
435,147,183,156
440,147,183,156
445,147,183,156
445,142,183,156
445,147,183,156
440,147,183,156
440,147,183,156
445,142,183,156
440,147,183,156
440,142,183,156
445,142,183,156
440,142,183,156
440,142,183,156
435,142,183,156
435,142,183,156
435,142,183,156
440,142,183,156
440,142,183,156
435,142,183,156
445,142,183,156
431,142,183,156
435,142,183,156
362,142,183,156
362,142,183,156
358,142,183,156
362,142,183,156
353,147,183,156
358,142,183,156
362,137,183,156
358,137,183,156
353,142,183,156
353,142,183,156
358,142,183,156
358,142,183,156
358,142,183,156
358,142,183,156
353,142,183,156
353,142,183,156
358,142,183,156
353,142,183,156
353,142,183,156
353,142,183,156
344,142,183,156
339,142,183,156
344,142,183,156
344,142,183,156
335,147,183,156
335,147,183,156
330,147,183,156
330,142,183,156
330,147,183,156
330,147,183,156
330,147,183,156
330,152,183,156
330,147,183,156
330,147,183,156
435,152,183,156
435,147,183,156
435,147,183,156
353,147,183,156
353,147,183,156
358,147,183,156
358,147,183,156
358,147,183,156
437,162,173,148
435,163,173,148
435,163,173,148
431,167,173,148
435,167,173,148
426,172,173,148
431,172,173,148
426,177,173,148
426,172,173,148
426,181,173,148
422,181,173,148
417,181,173,148
417,186,173,148
417,181,173,148
413,191,173,148
419,195,164,140
413,194,164,140
413,194,164,140
413,194,164,140
404,198,164,140
400,198,164,140
400,198,164,140
404,194,164,140
408,194,164,140
367,154,164,140
367,154,164,140
363,154,164,140
372,163,156,133
372,163,156,133
368,172,156,133
364,167,156,133
360,172,156,133
360,172,156,133
361,169,164,140
359,163,164,140
359,163,164,140
363,154,164,140
363,146,164,140
363,146,164,140
367,150,164,140
371,154,164,140
367,154,164,140
367,159,164,140
367,159,164,140
367,154,164,140
372,163,156,133
368,163,156,133
368,155,156,133
365,157,164,140
359,159,164,140
367,159,164,140
364,152,173,148
357,154,173,148
365,154,173,148
357,149,173,148
422,186,173,148
413,195,173,148
409,200,173,148
404,209,173,148
370,149,173,148
439,149,173,148
435,149,173,148
444,149,173,148
431,151,183,156
426,147,183,156
417,157,183,156
431,147,183,156
435,142,183,156
435,147,183,156
435,147,183,156
431,152,183,156
440,142,183,156
435,142,183,156
426,157,183,156
435,147,183,156
440,142,183,156
431,147,183,156
431,142,183,156
431,147,183,156
431,147,183,156
422,147,183,156
431,147,183,156
426,147,183,156
431,147,183,156
445,142,183,156
431,147,183,156
435,147,183,156
435,147,183,156
435,142,183,156
431,147,183,156
436,139,193,164
435,140,193,164
435,140,193,164
435,140,193,164
435,140,193,164
435,140,193,164
435,140,193,164
435,140,193,164
435,140,193,164
435,140,193,164
435,140,193,164
435,140,193,164
435,140,193,164
435,140,193,164
435,140,193,164
435,140,193,164
435,140,193,164
435,140,193,164
435,140,193,164
415,145,193,164
435,140,193,164
420,145,193,164
420,145,193,164
430,140,193,164
430,140,193,164
430,145,193,164
435,140,193,164
430,145,193,164
