515,182,71,70
515,182,71,70
515,182,71,70
511,182,70,70
511,182,70,70
509,182,71,70
511,182,70,70
511,182,70,70
511,182,70,70
511,182,70,70
511,182,70,70
511,182,70,70
511,182,70,70
511,182,70,70
512,181,74,73
510,178,74,73
510,178,74,73
510,178,74,73
510,178,74,73
517,178,74,73
522,169,74,73
522,169,74,73
527,169,74,73
524,169,74,73
508,171,74,73
515,176,74,73
513,178,74,73
513,176,74,73
513,176,74,73
513,176,74,73
515,173,74,73
513,180,74,73
515,178,74,73
515,176,74,73
515,176,74,73
515,176,74,73
517,176,74,73
515,178,74,73
515,176,74,73
522,176,74,73
520,176,74,73
514,175,78,77
511,173,78,77
516,173,78,77
511,168,78,77
513,173,78,77
513,173,78,77
513,173,78,77
511,173,78,77
508,175,78,77
511,173,78,77
513,173,78,77
513,175,78,77
513,175,78,77
513,175,78,77
511,175,78,77
511,175,78,77
513,175,78,77
513,175,78,77
513,175,78,77
513,175,78,77
513,175,78,77
513,175,78,77
513,175,78,77
513,175,78,77
513,175,78,77
511,175,78,77
513,175,78,77
513,175,78,77
513,175,78,77
511,175,78,77
513,175,78,77
513,175,78,77
513,175,78,77
513,175,78,77
513,175,78,77
511,175,78,77
511,175,78,77
511,175,78,77
511,175,78,77
511,175,78,77
511,175,78,77
511,175,78,77
511,175,78,77
511,175,78,77
513,175,78,77
513,175,78,77
511,175,78,77
511,178,78,77
511,178,78,77
511,175,78,77
508,178,78,77
511,178,78,77
511,178,78,77
511,178,78,77
511,178,78,77
511,175,78,77
511,175,78,77
513,175,78,77
511,178,78,77
511,178,78,77
511,175,78,77
511,175,78,77
511,175,78,77
511,178,78,77
511,175,78,77
511,175,78,77
511,175,78,77
513,175,78,77
511,175,78,77
511,175,78,77
508,175,78,77
513,168,78,77
510,172,83,81
505,172,83,81
507,172,83,81
507,172,83,81
505,172,83,81
510,170,83,81
510,170,83,81
510,172,83,81
510,170,83,81
507,175,83,81
512,172,83,81
512,172,83,81
510,178,78,77
511,175,78,77
511,175,78,77
511,175,78,77
516,171,78,77
513,171,78,77
513,171,78,77
516,171,78,77
516,171,78,77
513,173,78,77
513,173,78,77
513,173,78,77
513,173,78,77
513,175,78,77
513,175,78,77
513,175,78,77
513,175,78,77
511,178,78,77
513,175,78,77
513,175,78,77
511,178,78,77
513,175,78,77
513,175,78,77
513,175,78,77
516,173,78,77
513,173,78,77
513,173,78,77
513,175,78,77
513,175,78,77
513,173,78,77
510,172,83,81
507,172,83,81
505,172,83,81
507,172,83,81
507,172,83,81
507,172,83,81
510,172,83,81
512,170,83,81
512,172,83,81
507,175,83,81
507,172,83,81
507,172,83,81
510,172,83,81
510,172,83,81
510,172,83,81
510,172,83,81
510,172,83,81
507,172,83,81
510,172,83,81
510,172,83,81
510,172,83,81
510,172,83,81
510,172,83,81
510,172,83,81
507,175,83,81
507,175,83,81
507,175,83,81
507,175,83,81
507,172,83,81
507,172,83,81
512,172,83,81
512,172,83,81
507,172,83,81
510,172,83,81
510,172,83,81
510,172,83,81
510,172,83,81
510,172,83,81
510,172,83,81
510,172,83,81
510,172,83,81
510,172,83,81
512,172,83,81
512,172,83,81
512,172,83,81
515,175,78,77
513,175,78,77
513,173,78,77
516,178,74,73
517,178,74,73
517,178,74,73
518,181,71,70
517,178,71,70
517,178,71,70
517,178,71,70
517,178,71,70
517,178,71,70
517,178,71,70
517,178,71,70
517,178,71,70
517,178,71,70
517,178,71,70
517,178,71,70
517,178,71,70
517,178,71,70
515,178,71,70
515,178,71,70
517,180,71,70
517,184,71,70
509,156,71,70
509,160,71,70
506,160,71,70
508,168,78,77
511,173,78,77
511,173,78,77
507,170,83,81
507,172,83,81
507,172,83,81
506,171,87,86
504,171,87,86
504,168,87,86
503,167,92,91
500,166,92,91
500,166,92,91
498,164,97,95
496,165,97,95
499,162,97,95
498,161,102,101
497,162,102,101
497,162,102,101
497,162,102,101
497,162,102,101
497,162,102,101
497,162,102,101
497,162,102,101
497,162,102,101
497,162,102,101
497,162,102,101
497,162,102,101
497,162,102,101
497,162,102,101
497,162,102,101
497,162,102,101
497,162,102,101
497,162,102,101
494,162,102,101
497,162,102,101
494,165,102,101
492,160,108,106
491,160,108,106
491,160,108,106
491,160,108,106
491,160,108,106
491,160,108,106
494,160,108,106
491,160,108,106
494,160,108,106
494,160,108,106
494,160,108,106
494,160,108,106
494,160,108,106
494,160,108,106
494,160,108,106
494,160,108,106
494,160,108,106
494,160,108,106
494,160,108,106
494,160,108,106
494,160,108,106
494,160,108,106
497,160,108,106
494,164,108,106
494,164,108,106
494,157,108,106
494,160,108,106
494,157,108,106
494,157,108,106
494,160,108,106
494,160,108,106
494,160,108,106
494,160,108,106
494,160,108,106
494,160,108,106
494,160,108,106
494,164,108,106
494,160,108,106
494,160,108,106
494,160,108,106
497,157,108,106
497,160,108,106
497,160,108,106
497,160,108,106
497,160,108,106
497,160,108,106
494,160,108,106
494,160,108,106
498,161,102,101
497,162,102,101
497,162,102,101
501,165,97,95
502,165,97,95
502,165,97,95
506,169,92,91
506,168,92,91
506,168,92,91
503,168,92,91
506,168,92,91
503,168,92,91
503,168,92,91
503,168,92,91
503,168,92,91
503,168,92,91
503,168,92,91
503,168,92,91
503,168,92,91
503,168,92,91
503,168,92,91
503,168,92,91
503,168,92,91
503,168,92,91
503,168,92,91
503,168,92,91
503,168,92,91
503,168,92,91
503,168,92,91
506,168,92,91
503,171,92,91
503,171,92,91
500,168,92,91
506,175,87,86
507,171,87,86
507,171,87,86
508,174,83,81
507,172,83,81
507,172,83,81
507,172,83,81
507,172,83,81
510,172,83,81
508,171,87,86
507,171,87,86
507,171,87,86
507,171,87,86
507,171,87,86
504,171,87,86
504,171,87,86
504,171,87,86
504,171,87,86
504,171,87,86
507,171,87,86
507,171,87,86
507,171,87,86
507,171,87,86
504,171,87,86
507,171,87,86
504,171,87,86
507,171,87,86
510,174,83,81
510,172,83,81
510,172,83,81
510,172,83,81
510,172,83,81
510,172,83,81
510,172,83,81
510,172,83,81
510,172,83,81
510,172,83,81
510,172,83,81
510,172,83,81
510,172,83,81
510,172,83,81
510,172,83,81
510,172,83,81
510,172,83,81
507,172,83,81
507,172,83,81
507,172,83,81
507,172,83,81
510,172,83,81
510,172,83,81
510,172,83,81
510,172,83,81
510,172,83,81
510,172,83,81
510,172,83,81
510,172,83,81
512,172,83,81
510,172,83,81
510,172,83,81
505,180,83,81
524,181,87,86
537,181,87,86
551,181,87,86
560,177,92,91
563,174,92,91
566,171,92,91
558,166,92,91
552,157,92,91
511,146,92,91
481,130,97,95
499,165,97,95
502,165,97,95
502,165,97,95
502,165,97,95
502,165,97,95
502,165,97,95
499,165,97,95
499,165,97,95
499,165,97,95
499,165,97,95
499,162,97,95
499,165,97,95
499,165,97,95
499,165,97,95
502,168,97,95
499,165,97,95
502,165,97,95
502,165,97,95
505,147,97,95
524,150,97,95
542,156,97,95
557,165,97,95
566,174,97,95
502,162,97,95
530,165,97,95
521,162,97,95
510,164,102,101
497,162,102,101
494,165,102,101
492,163,108,106
494,160,108,106
491,164,108,106
494,160,108,106
494,160,108,106
501,154,108,106
501,154,108,106
491,167,108,106
491,167,108,106
494,164,108,106
491,164,108,106
491,164,108,106
491,160,108,106
494,164,108,106
491,164,108,106
494,164,108,106
491,164,108,106
494,160,108,106
494,160,108,106
494,160,108,106
494,160,108,106
494,160,108,106
494,160,108,106
494,160,108,106
494,160,108,106
494,160,108,106
494,160,108,106
494,160,108,106
494,160,108,106
494,164,108,106
494,160,108,106
494,160,108,106
494,160,108,106
494,160,108,106
494,160,108,106
494,160,108,106
494,164,108,106
494,160,108,106
494,160,108,106
494,160,108,106
491,160,108,106
491,160,108,106
494,160,108,106
491,160,108,106
491,160,108,106
533,75,113,112
499,67,113,112
474,60,113,112
449,57,113,112
389,67,113,112
357,71,113,112
321,64,113,112
282,67,113,112
314,180,113,112
337,178,120,118
357,167,120,118
365,163,120,118
362,161,126,124
361,157,126,124
325,172,126,124
299,174,133,131
255,181,133,131
284,107,133,131
330,107,133,131
413,112,133,131
459,112,133,131
501,116,133,131
534,112,133,131
534,112,133,131
598,109,140,138
598,113,140,138
603,122,140,138
603,126,140,138
603,135,140,138
550,135,140,138
534,136,148,146
529,142,148,146
519,147,148,146
510,147,148,146
510,151,148,146
510,151,148,146
501,151,148,146
487,151,148,146
552,151,148,146
516,148,156,154
435,116,156,154
420,87,156,154
403,50,164,162
392,41,164,162
453,148,164,162
453,148,164,162
443,158,164,162
433,158,164,162
448,153,164,162
448,153,164,162
448,148,164,162
443,153,164,162
443,153,164,162
443,148,164,162
448,148,164,162
453,132,164,162
438,122,164,162
450,119,173,171
440,65,173,171
451,70,173,171
576,193,173,171
592,198,173,171
597,198,173,171
621,205,182,180
624,203,182,180
624,220,182,180
620,216,192,190
603,214,192,190
603,208,192,190
587,210,203,200
559,195,203,200
547,195,203,200
453,71,214,211
436,60,214,211
449,152,214,211
424,108,225,222
410,105,225,222
325,119,225,222
306,100,238,234
298,23,238,234
395,23,238,234
439,30,238,234
462,37,238,234
469,45,238,234
471,47,250,247
463,62,250,247
463,70,250,247
447,78,250,247
424,86,250,247
369,62,250,247
259,85,238,234
335,154,238,234
387,301,238,234
434,149,250,247
463,147,250,247
549,140,250,247
573,140,250,247
581,140,250,247
596,124,250,247
612,147,238,234
618,125,238,234
610,125,238,234
603,125,238,234
596,140,238,234
581,140,238,234
543,154,238,234
521,162,238,234
462,184,238,234
454,176,238,234
432,132,238,234
402,184,238,234
350,198,238,234
291,162,238,234
291,162,238,234
127,264,238,234
209,235,238,234
246,213,238,234
255,193,250,247
275,178,250,247
283,171,250,247
261,157,264,260
281,269,264,260
265,269,264,260
118,182,278,274
392,52,278,274
375,1,278,274
453,9,278,274
514,18,278,274
497,26,278,274
601,35,278,274
575,61,278,274
601,78,278,274
610,103,264,260
587,115,264,260
587,115,264,260
573,117,278,274
488,112,278,274
488,104,278,274
479,104,278,274
523,112,278,274
506,112,278,274
497,112,278,274
497,104,278,274
488,95,278,274
488,95,278,274
497,69,278,274
506,78,278,274
462,112,278,274
462,95,278,274
471,86,278,274
462,95,278,274
453,26,278,274
471,26,278,274
464,3,293,289
441,55,293,289
395,46,293,289
358,46,293,289
358,37,293,289
340,281,293,289
349,281,293,289
340,281,293,289
340,281,293,289
340,281,293,289
340,281,293,289
340,281,293,289
340,281,293,289
349,281,293,289
340,281,293,289
340,281,293,289
340,272,293,289
340,281,293,289
340,272,293,289
349,263,293,289
349,254,293,289
340,272,293,289
349,272,293,289
349,272,293,289
349,272,293,289
349,263,293,289
340,281,293,289
340,281,293,289
340,281,293,289
349,272,293,289
340,281,293,289
322,281,293,289
349,263,293,289
340,272,293,289
358,263,293,289
349,263,293,289
340,272,293,289
340,272,293,289
340,281,293,289
340,263,293,289
340,263,293,289
340,281,293,289
340,281,293,289
340,281,293,289
340,281,293,289
358,281,293,289
358,281,293,289
368,281,293,289
368,281,293,289
331,37,293,289
368,281,293,289
352,39,309,305
349,58,309,305
349,77,309,305
341,70,326,321
347,71,326,321
357,81,326,321
357,81,326,321
347,242,326,321
337,232,326,321
429,242,326,321
337,81,326,321
347,242,326,321
429,232,326,321
337,232,326,321
296,51,326,321
329,234,343,339
323,223,343,339
280,11,343,339
312,223,343,339
312,223,343,339
312,223,343,339
312,223,343,339
323,223,343,339
312,223,343,339
237,117,343,339
205,149,343,339
205,149,343,339
186,130,362,357
182,123,362,357
182,123,362,357
173,104,382,376
168,106,382,376
168,130,382,376
192,142,382,376
180,142,382,376
180,106,382,376
215,118,382,376
215,118,382,376
192,154,382,376
227,118,382,376
215,177,382,376
299,189,382,376
323,189,382,376
299,12,382,376
299,12,382,376
192,189,382,376
192,189,382,376
192,189,382,376
311,189,382,376
323,189,382,376
323,189,382,376
323,189,382,376
192,189,382,376
192,189,382,376
168,177,382,376
180,189,382,376
287,36,382,376
311,59,382,376
60,165,382,376
311,189,382,376
349,109,402,397
340,137,402,397
340,162,402,397
356,152,424,418
359,144,424,418
385,144,424,418
415,121,447,441
462,125,447,441
448,125,447,441
325,17,471,464
369,30,471,464
354,73,471,464
339,102,471,464
325,102,471,464
325,102,471,464
310,102,471,464
310,102,471,464
1,102,471,464
1,102,471,464
1,102,471,464
15,102,471,464
295,102,471,464
207,102,471,464
207,102,471,464
207,102,471,464
207,102,471,464
222,102,471,464
251,102,471,464
295,102,471,464
251,15,471,464
279,13,447,441
280,1,447,441
364,42,447,441
353,31,471,464
325,44,471,464
339,1,471,464
339,15,471,464
369,15,471,464
369,30,471,464
15,102,471,464
1,102,471,464
339,30,471,464
339,15,471,464
325,88,471,464
339,102,471,464
310,102,471,464
310,73,471,464
384,102,471,464
369,102,471,464
384,102,471,464
384,102,471,464
369,102,471,464
295,102,471,464
177,102,471,464
177,102,471,464
177,102,471,464
369,102,471,464
177,73,471,464
369,102,471,464
133,102,471,464
163,102,471,464
384,102,471,464
384,102,471,464
384,102,471,464
369,102,471,464
369,102,471,464
369,102,471,464
369,102,471,464
163,102,471,464
104,102,471,464
163,102,471,464
163,102,471,464
104,102,471,464
118,102,471,464
163,102,471,464
163,102,471,464
163,102,471,464
369,102,471,464
369,102,471,464
339,102,471,464
339,102,471,464
354,102,471,464
369,102,471,464
369,102,471,464
280,102,471,464
369,102,471,464
369,102,471,464
148,102,471,464
148,102,471,464
163,102,471,464
163,88,471,464
163,102,471,464
177,88,471,464
177,102,471,464
177,102,471,464
177,88,471,464
163,88,471,464
118,102,471,464
118,102,471,464
118,102,471,464
104,102,471,464
104,102,471,464
369,102,471,464
369,102,471,464
369,102,471,464
357,76,497,490
327,77,496,490
327,77,496,490
327,77,496,490
342,77,497,490
342,77,497,490
327,77,496,490
327,77,496,490
327,77,496,490
78,77,497,490
78,77,497,490
78,77,497,490
78,77,497,490
78,77,497,490
78,77,497,490
94,77,497,490
78,77,497,490
94,77,497,490
327,77,496,490
47,77,497,490
94,77,497,490
94,77,497,490
63,77,497,490
94,77,497,490
109,77,497,490
109,77,497,490
109,77,497,490
78,77,497,490
140,77,497,490
156,77,497,490
156,77,497,490
156,77,497,490
140,77,497,490
140,77,497,490
140,77,497,490
156,77,497,490
140,77,497,490
156,77,497,490
156,77,497,490
156,77,497,490
156,77,497,490
156,77,497,490
156,77,497,490
156,77,497,490
156,77,497,490
156,77,497,490
156,77,497,490
156,77,497,490
156,77,497,490
140,77,497,490
140,77,497,490
140,77,497,490
140,77,497,490
125,77,497,490
140,77,497,490
109,77,497,490
109,77,497,490
109,77,497,490
94,77,497,490
94,77,497,490
78,77,497,490
63,77,497,490
63,77,497,490
32,77,497,490
32,77,497,490
32,77,497,490
32,77,497,490
32,77,497,490
32,77,497,490
32,77,497,490
32,77,497,490
32,77,497,490
32,77,497,490
47,77,497,490
47,77,497,490
47,77,497,490
47,77,497,490
63,77,497,490
78,77,497,490
63,77,497,490
78,77,497,490
78,77,497,490
78,77,497,490
109,77,497,490
78,77,497,490
140,77,497,490
156,77,497,490
171,77,497,490
47,77,497,490
109,77,497,490
156,77,497,490
156,77,497,490
16,77,497,490
16,77,497,490
16,77,497,490
47,77,497,490
47,77,497,490
16,77,497,490
47,77,497,490
47,77,497,490
156,77,497,490
47,77,497,490
140,77,497,490
47,77,497,490
78,77,497,490
32,77,497,490
32,77,497,490
78,77,497,490
78,77,497,490
78,77,497,490
63,77,497,490
63,77,497,490
63,77,497,490
47,77,497,490
47,77,497,490
32,77,497,490
32,77,497,490
32,77,497,490
32,77,497,490
32,77,497,490
16,77,497,490
16,77,497,490
32,77,497,490
32,77,497,490
32,77,497,490
63,77,497,490
63,77,497,490
47,77,497,490
32,77,497,490
47,77,497,490
63,77,497,490
63,77,497,490
63,77,497,490
63,77,497,490
32,77,497,490
32,77,497,490
32,77,497,490
32,77,497,490
63,77,497,490
47,77,497,490
63,77,497,490
63,77,497,490
63,77,497,490
78,77,497,490
78,77,497,490
78,77,497,490
78,77,497,490
78,77,497,490
94,77,497,490
78,77,497,490
78,77,497,490
78,77,497,490
94,77,497,490
78,77,497,490
78,77,497,490
78,77,497,490
78,77,497,490
94,77,497,490
78,77,497,490
78,77,497,490
94,77,497,490
94,77,497,490
78,77,497,490
94,77,497,490
78,77,497,490
78,77,497,490
78,77,497,490
78,77,497,490
78,77,497,490
78,77,497,490
78,77,497,490
78,77,497,490
63,77,497,490
63,77,497,490
63,77,497,490
63,77,497,490
78,77,497,490
63,77,497,490
63,77,497,490
63,77,497,490
47,77,497,490
47,77,497,490
47,77,497,490
47,77,497,490
94,77,497,490
78,77,497,490
94,77,497,490
78,77,497,490
78,77,497,490
78,77,497,490
78,77,497,490
63,77,497,490
63,77,497,490
63,77,497,490
63,77,497,490
63,77,497,490
63,77,497,490
63,77,497,490
94,77,497,490
94,77,497,490
94,77,497,490
94,77,497,490
94,77,497,490
109,77,497,490
109,77,497,490
109,77,497,490
94,77,497,490
125,77,497,490
125,77,497,490
125,77,497,490
125,77,497,490
63,77,497,490
125,77,497,490
63,77,497,490
63,77,497,490
63,77,497,490
63,77,497,490
63,77,497,490
125,77,497,490
109,77,497,490
78,77,497,490
47,77,497,490
112,50,523,516
99,49,523,516
99,49,523,516
99,49,523,516
99,49,523,516
99,49,523,516
99,49,523,516
99,49,523,516
115,49,523,516
99,49,523,516
33,49,523,516
115,49,523,516
33,49,523,516
115,49,523,516
33,49,523,516
66,49,523,516
115,49,523,516
50,49,523,516
115,49,523,516
115,49,523,516
115,49,523,516
115,49,523,516
115,49,523,516
99,49,523,516
99,49,523,516
99,49,523,516
99,49,523,516
99,49,523,516
99,49,523,516
82,49,523,516
82,49,523,516
82,49,523,516
82,49,523,516
82,49,523,516
82,49,523,516
66,49,523,516
50,49,523,516
50,49,523,516
50,49,523,516
50,49,523,516
50,49,523,516
33,49,523,516
33,49,523,516
17,49,523,516
33,49,523,516
17,49,523,516
17,49,523,516
17,49,523,516
17,49,523,516
17,49,523,516
17,49,523,516
17,49,523,516
1,49,523,516
1,49,523,516
1,49,523,516
1,49,523,516
1,49,523,516
1,49,523,516
1,49,523,516
1,49,523,516
1,49,523,516
1,49,523,516
1,49,523,516
1,49,523,516
1,49,523,516
1,49,523,516
1,49,523,516
1,49,523,516
1,49,523,516
1,49,523,516
17,49,523,516
17,49,523,516
17,49,523,516
17,49,523,516
33,49,523,516
33,49,523,516
33,49,523,516
33,49,523,516
33,49,523,516
33,49,523,516
50,49,523,516
33,49,523,516
50,49,523,516
50,49,523,516
50,49,523,516
50,49,523,516
50,49,523,516
50,49,523,516
66,49,523,516
50,49,523,516
50,49,523,516
66,49,523,516
50,49,523,516
50,49,523,516
66,49,523,516
50,49,523,516
66,49,523,516
66,49,523,516
82,49,523,516
82,49,523,516
66,49,523,516
66,49,523,516
99,49,523,516
99,49,523,516
82,49,523,516
66,49,523,516
82,49,523,516
66,49,523,516
66,49,523,516
66,49,523,516
66,49,523,516
66,49,523,516
66,49,523,516
66,49,523,516
82,33,523,516
66,49,523,516
66,49,523,516
66,49,523,516
66,49,523,516
66,49,523,516
66,49,523,516
82,49,523,516
66,49,523,516
66,49,523,516
66,49,523,516
82,49,523,516
82,49,523,516
66,49,523,516
66,49,523,516
82,49,523,516
66,49,523,516
66,49,523,516
66,49,523,516
66,49,523,516
66,49,523,516
66,49,523,516
66,49,523,516
66,49,523,516
82,49,523,516
66,49,523,516
66,49,523,516
66,49,523,516
66,49,523,516
66,17,523,516
66,17,523,516
66,49,523,516
66,49,523,516
66,49,523,516
66,49,523,516
66,49,523,516
66,49,523,516
66,49,523,516
66,49,523,516
66,49,523,516
66,49,523,516
66,49,523,516
66,49,523,516
66,49,523,516
66,49,523,516
66,49,523,516
66,49,523,516
66,49,523,516
66,49,523,516
66,49,523,516
66,49,523,516
66,49,523,516
66,49,523,516
213,1,523,516
441,15,497,490
171,1,497,490
249,16,497,490
280,16,497,490
249,16,497,490
171,1,497,490
389,16,496,490
435,16,497,490
435,16,497,490
435,16,497,490
373,77,497,490
404,77,497,490
404,77,497,490
404,77,497,490
404,77,497,490
404,77,497,490
311,46,497,490
218,62,497,490
249,77,497,490
451,77,497,490
358,77,497,490
358,62,497,490
358,62,497,490
358,62,497,490
94,77,497,490
94,77,497,490
78,77,497,490
47,77,497,490
47,77,497,490
47,77,497,490
47,77,497,490
47,77,497,490
63,77,497,490
63,77,497,490
47,77,497,490
63,77,497,490
47,77,497,490
47,77,497,490
47,77,497,490
47,77,497,490
47,77,497,490
16,77,497,490
16,77,497,490
47,77,497,490
47,77,497,490
47,77,497,490
32,77,497,490
32,77,497,490
16,77,497,490
16,77,497,490
16,77,497,490
32,77,497,490
16,77,497,490
63,77,497,490
78,77,497,490
63,77,497,490
63,77,497,490
63,77,497,490
47,77,497,490
63,77,497,490
63,77,497,490
78,77,497,490
63,77,497,490
63,77,497,490
63,77,497,490
63,77,497,490
63,77,497,490
63,77,497,490
63,77,497,490
32,77,497,490
32,77,497,490
32,77,497,490
32,77,497,490
63,77,497,490
32,77,497,490
32,77,497,490
16,77,497,490
47,77,497,490
47,77,497,490
47,77,497,490
47,77,497,490
32,77,497,490
63,77,497,490
63,77,497,490
63,77,497,490
78,77,497,490
47,77,497,490
78,77,497,490
78,77,497,490
78,77,497,490
78,77,497,490
63,77,497,490
47,77,497,490
47,77,497,490
63,77,497,490
47,77,497,490
32,77,497,490
47,77,497,490
32,77,497,490
63,77,497,490
32,77,497,490
16,77,497,490
16,77,497,490
16,77,497,490
47,77,497,490
61,91,471,464
30,102,471,464
30,102,471,464
45,102,471,464
59,88,471,464
30,102,471,464
30,102,471,464
30,102,471,464
30,102,471,464
45,102,471,464
45,102,471,464
59,102,471,464
59,102,471,464
59,102,471,464
59,102,471,464
59,102,471,464
30,102,471,464
30,102,471,464
30,102,471,464
30,102,471,464
30,102,471,464
30,102,471,464
30,102,471,464
30,102,471,464
30,102,471,464
30,102,471,464
59,102,471,464
59,102,471,464
59,102,471,464
59,102,471,464
59,102,471,464
59,102,471,464
30,102,471,464
59,102,471,464
59,102,471,464
59,102,471,464
30,102,471,464
59,102,471,464
59,102,471,464
45,102,471,464
45,102,471,464
45,102,471,464
45,102,471,464
74,102,471,464
74,102,471,464
148,102,471,464
74,102,471,464
163,102,471,464
163,88,471,464
163,102,471,464
74,102,471,464
104,88,471,464
118,102,471,464
133,102,471,464
118,102,471,464
104,102,471,464
104,102,471,464
133,102,471,464
104,102,471,464
148,102,471,464
118,102,471,464
133,102,471,464
30,102,471,464
166,47,497,490
156,77,497,490
109,77,497,490
94,77,497,490
78,77,497,490
140,77,497,490
94,77,497,490
94,77,497,490
78,77,497,490
78,77,497,490
78,77,497,490
63,77,497,490
63,77,497,490
63,77,497,490
63,77,497,490
63,77,497,490
63,77,497,490
63,77,497,490
63,77,497,490
63,77,497,490
63,77,497,490
63,77,497,490
47,77,497,490
47,77,497,490
63,77,497,490
78,77,497,490
78,77,497,490
78,77,497,490
78,77,497,490
78,77,497,490
78,77,497,490
78,77,497,490
78,77,497,490
78,77,497,490
78,77,497,490
78,77,497,490
78,77,497,490
63,77,497,490
47,77,497,490
47,77,497,490
47,77,497,490
47,77,497,490
47,77,497,490
47,77,497,490
47,77,497,490
63,77,497,490
47,77,497,490
47,77,497,490
63,77,497,490
63,77,497,490
63,77,497,490
47,77,497,490
47,77,497,490
63,77,497,490
63,77,497,490
47,77,497,490
47,77,497,490
47,77,497,490
47,77,497,490
78,77,497,490
78,77,497,490
47,77,497,490
78,77,497,490
78,77,497,490
78,77,497,490
78,77,497,490
78,77,497,490
78,77,497,490
78,77,497,490
78,77,497,490
78,77,497,490
78,77,497,490
94,77,497,490
94,77,497,490
78,77,497,490
78,77,497,490
47,77,497,490
78,77,497,490
78,77,497,490
78,77,497,490
78,77,497,490
78,77,497,490
63,77,497,490
47,77,497,490
63,77,497,490
47,77,497,490
47,77,497,490
47,77,497,490
32,77,497,490
32,77,497,490
32,77,497,490
32,77,497,490
32,77,497,490
32,77,497,490
32,77,497,490
32,77,497,490
32,77,497,490
32,77,497,490
32,77,497,490
32,77,497,490
32,77,497,490
32,77,497,490
32,77,497,490
32,77,497,490
63,77,497,490
47,77,497,490
47,77,497,490
47,77,497,490
47,77,497,490
47,77,497,490
47,77,497,490
47,77,497,490
47,77,497,490
32,77,497,490
47,77,497,490
47,77,497,490
32,77,497,490
47,77,497,490
47,77,497,490
47,77,497,490
47,77,497,490
78,77,497,490
78,77,497,490
47,77,497,490
63,77,497,490
78,77,497,490
94,77,497,490
78,77,497,490
78,77,497,490
94,77,497,490
78,77,497,490
78,77,497,490
109,77,497,490
78,77,497,490
78,77,497,490
78,77,497,490
78,77,497,490
78,77,497,490
78,77,497,490
47,77,497,490
63,77,497,490
78,77,497,490
47,77,497,490
47,77,497,490
47,77,497,490
47,77,497,490
47,77,497,490
47,77,497,490
63,77,497,490
94,77,497,490
47,77,497,490
94,77,497,490
32,77,497,490
47,77,497,490
47,77,497,490
47,77,497,490
78,77,497,490
47,77,497,490
63,77,497,490
63,77,497,490
47,77,497,490
47,77,497,490
47,77,497,490
47,77,497,490
47,77,497,490
47,77,497,490
32,77,497,490
32,77,497,490
47,77,497,490
63,77,497,490
47,77,497,490
47,77,497,490
32,77,497,490
47,77,497,490
32,77,497,490
32,77,497,490
47,77,497,490
47,77,497,490
47,77,497,490
32,77,497,490
47,77,497,490
47,77,497,490
32,77,497,490
32,77,497,490
32,77,497,490
32,77,497,490
32,77,497,490
32,77,497,490
32,77,497,490
32,77,497,490
32,77,497,490
32,77,497,490
47,77,497,490
32,77,497,490
47,77,497,490
32,77,497,490
32,77,497,490
32,77,497,490
47,77,497,490
47,77,497,490
47,77,497,490
47,77,497,490
47,77,497,490
47,77,497,490
47,77,497,490
63,77,497,490
63,77,497,490
32,77,497,490
78,77,497,490
32,77,497,490
32,77,497,490
32,77,497,490
32,77,497,490
32,77,497,490
78,77,497,490
63,77,497,490
63,77,497,490
47,77,497,490
63,77,497,490
63,77,497,490
63,77,497,490
63,77,497,490
63,77,497,490
63,77,497,490
32,77,497,490
32,77,497,490
32,77,497,490
32,77,497,490
32,77,497,490
32,77,497,490
63,77,497,490
47,77,497,490
63,77,497,490
63,77,497,490
63,77,497,490
78,77,497,490
47,77,497,490
78,77,497,490
94,77,497,490
32,77,497,490
78,77,497,490
78,77,497,490
78,77,497,490
63,77,497,490
78,77,497,490
78,77,497,490
63,77,497,490
47,77,497,490
47,77,497,490
47,77,497,490
47,77,497,490
47,77,497,490
63,77,497,490
47,77,497,490
47,77,497,490
47,77,497,490
47,77,497,490
32,77,497,490
32,77,497,490
47,77,497,490
16,77,497,490
16,77,497,490
32,77,497,490
47,77,497,490
47,77,497,490
16,77,497,490
16,77,497,490
16,77,497,490
16,77,497,490
16,77,497,490
16,77,497,490
16,77,497,490
47,77,497,490
16,77,497,490
16,77,497,490
16,77,497,490
16,77,497,490
16,77,497,490
16,77,497,490
32,77,497,490
32,77,497,490
32,77,497,490
32,77,497,490
47,77,497,490
47,77,497,490
47,77,497,490
47,77,497,490
47,77,497,490
47,77,497,490
47,77,497,490
47,77,497,490
47,77,497,490
47,77,497,490
47,77,497,490
47,77,497,490
47,77,497,490
47,77,497,490
47,77,497,490
47,77,497,490
47,77,497,490
47,77,497,490
47,77,497,490
47,77,497,490
47,77,497,490
47,77,497,490
47,77,497,490
47,77,497,490
47,77,497,490
32,77,497,490
47,77,497,490
47,77,497,490
63,77,497,490
47,77,497,490
32,77,497,490
63,77,497,490
32,77,497,490
78,77,497,490
78,77,497,490
78,77,497,490
63,77,497,490
63,77,497,490
32,77,497,490
16,77,497,490
16,77,497,490
16,77,497,490
63,77,497,490
78,77,497,490
78,77,497,490
78,77,497,490
78,77,497,490
63,77,497,490
78,77,497,490
78,77,497,490
78,77,497,490
1,77,497,490
16,77,497,490
32,77,497,490
16,77,497,490
32,77,497,490
32,77,497,490
94,77,497,490
32,77,497,490
32,77,497,490
47,77,497,490
47,77,497,490
47,77,497,490
140,77,497,490
140,77,497,490
154,91,471,464
177,102,471,464
163,88,471,464
177,102,471,464
177,102,471,464
133,102,471,464
177,102,471,464
177,102,471,464
177,102,471,464
177,102,471,464
148,102,471,464
177,102,471,464
176,115,447,441
182,111,447,441
182,111,447,441
171,100,471,464
192,88,471,464
192,88,471,464
166,62,497,490
140,77,497,490
140,77,497,490
140,77,497,490
125,77,497,490
125,77,497,490
125,77,497,490
140,77,497,490
125,77,497,490
125,77,497,490
171,77,497,490
125,77,497,490
140,77,497,490
125,77,497,490
109,77,497,490
109,77,497,490
156,46,497,490
94,77,497,490
94,77,497,490
94,77,497,490
78,77,497,490
78,77,497,490
78,77,497,490
78,77,497,490
78,77,497,490
