259,87,27,28
251,92,26,28
244,97,26,28
239,108,26,28
236,117,27,28
233,127,26,28
227,138,27,28
222,150,27,28
212,176,27,28
207,192,27,28
206,211,27,28
200,234,25,26
193,236,25,26
186,237,25,26
184,235,25,26
181,232,25,26
178,232,25,26
175,230,25,26
169,229,25,26
169,227,25,26
167,229,25,26
166,231,25,26
166,235,25,26
169,240,25,26
170,261,25,26
176,250,25,26
177,241,25,26
179,234,25,26
176,231,25,26
173,230,25,26
172,227,25,26
169,225,25,26
168,224,25,26
160,223,25,26
156,223,25,26
159,211,25,26
156,215,25,26
155,216,25,26
155,220,25,26
155,223,25,26
162,225,25,26
165,227,25,26
171,228,25,26
181,225,25,26
194,234,25,26
197,225,25,26
203,225,25,26
201,226,24,25
203,227,24,25
205,227,24,25
206,227,24,25
208,227,24,25
209,228,24,25
214,228,25,26
213,228,25,26
216,228,25,26
218,229,25,26
218,230,25,26
229,234,25,26
235,235,25,26
238,235,25,26
243,237,25,26
250,239,24,25
253,238,24,25
260,238,24,25
262,238,24,25
265,238,24,25
267,239,24,25
277,243,25,26
277,241,25,26
284,246,25,26
289,249,24,25
288,248,24,25
293,249,24,25
300,249,23,23
306,247,23,23
313,249,23,23
318,252,21,22
325,251,21,22
329,253,21,22
338,254,20,21
344,254,20,21
350,255,20,21
359,255,20,21
362,256,20,21
373,257,20,21
380,258,20,21
383,257,20,21
389,255,20,21
393,256,21,22
394,256,21,22
398,257,21,22
400,256,21,22
407,257,21,22
409,257,21,22
414,257,20,21
412,257,20,21
418,257,20,21
418,257,20,21
420,257,20,21
420,249,20,21
422,252,19,20
433,261,19,20
415,260,19,20
416,262,19,20
417,262,19,20
416,263,19,20
418,266,20,21
415,268,20,21
418,268,20,21
416,270,20,21
418,268,20,21
418,270,20,21
416,271,20,21
416,271,20,21
416,272,20,21
420,266,20,21
420,267,20,21
420,267,20,21
414,274,20,21
408,275,20,21
410,264,20,21
405,268,19,20
406,266,19,20
399,286,19,20
403,268,20,21
401,266,20,21
406,261,20,21
413,256,19,20
413,260,19,20
414,258,19,20
413,265,20,21
413,262,20,21
413,257,20,21
414,259,21,22
411,254,21,22
410,251,21,22
410,253,20,21
409,245,20,21
408,255,20,21
407,259,20,21
410,257,20,21
412,259,20,21
413,262,21,22
411,264,21,22
415,266,21,22
420,271,21,22
422,273,21,22
423,275,21,22
427,276,20,21
426,274,20,21
426,274,20,21
423,271,20,21
420,271,20,21
420,264,20,21
415,270,20,21
416,266,20,21
414,271,20,21
416,272,20,21
416,275,20,21
420,275,20,21
421,275,20,21
421,272,20,21
416,274,20,21
418,267,20,21
419,266,20,21
420,266,20,21
426,269,21,22
424,267,21,22
428,266,21,22
423,269,21,22
421,270,21,22
415,276,21,22
415,278,21,22
419,273,21,22
420,274,21,22
419,274,21,22
418,276,21,22
414,280,21,22
416,277,21,22
414,284,21,22
418,283,21,22
420,285,21,22
420,286,21,22
421,286,21,22
419,286,21,22
421,287,21,22
421,288,21,22
421,288,21,22
400,295,21,22
403,298,21,22
410,301,20,21
410,301,20,21
414,304,20,21
417,304,20,21
421,296,20,21
421,298,20,21
419,305,21,22
419,303,21,22
420,301,21,22
419,301,21,22
418,301,21,22
418,300,21,22
418,303,21,22
418,302,21,22
418,303,21,22
418,302,21,22
418,302,21,22
418,303,21,22
418,303,21,22
413,306,21,22
414,305,21,22
416,306,23,23
416,305,23,23
416,305,23,23
414,308,23,23
413,311,23,23
407,316,23,23
413,308,23,23
414,308,23,23
415,305,23,23
415,306,23,23
415,305,23,23
413,310,23,23
416,305,23,23
416,308,23,23
414,308,23,23
413,312,23,23
415,305,23,23
412,315,23,23
412,311,23,23
409,314,23,23
408,316,23,23
407,318,24,25
404,321,24,25
402,325,24,25
402,328,24,25
399,327,24,25
403,315,24,25
403,311,24,25
407,315,24,25
413,315,24,25
416,321,24,25
420,323,24,25
423,322,24,25
420,319,24,25
415,319,24,25
413,316,24,25
410,314,24,25
408,311,24,25
404,312,24,25
403,306,24,25
399,305,24,25
394,305,24,25
392,298,24,25
387,298,24,25
380,301,24,25
373,301,24,25
367,299,24,25
362,296,24,25
352,301,24,25
364,287,24,25
364,286,24,25
351,287,24,25
338,288,24,25
338,287,24,25
339,289,23,23
338,288,23,23
333,290,23,23
333,289,24,25
332,288,24,25
323,290,24,25
319,289,24,25
319,289,24,25
314,289,24,25
314,289,24,25
309,300,24,25
311,304,24,25
316,305,24,25
315,306,24,25
317,305,24,25
318,302,27,28
314,306,27,28
315,301,27,28
332,286,27,28
317,303,27,28
322,304,27,28
331,296,27,28
331,297,27,28
330,295,27,28
325,295,27,28
335,298,27,28
308,306,27,28
315,326,27,28
300,310,27,28
298,310,27,28
293,310,28,29
287,305,28,29
287,305,28,29
287,305,28,29
281,303,28,29
292,293,28,29
316,286,29,31
315,285,29,31
317,283,29,31
318,284,31,32
318,281,31,32
317,281,31,32
318,282,31,32
312,287,31,32
325,286,31,32
327,285,31,32
327,286,31,32
303,300,31,32
278,317,29,31
278,314,30,31
278,314,30,31
279,313,29,31
309,288,30,31
309,286,30,31
321,273,28,29
314,282,28,29
323,268,28,29
325,269,28,29
328,271,28,29
330,271,28,29
332,273,29,31
331,278,29,31
308,300,29,31
330,276,30,31
328,275,29,31
328,277,29,31
325,277,31,32
337,279,31,32
339,281,31,32
341,303,33,34
356,297,33,34
357,296,33,34
358,295,33,34
327,268,33,34
335,270,33,34
345,281,31,32
353,275,31,32
362,278,31,32
369,280,31,32
376,280,31,32
381,280,31,32
387,283,30,31
389,278,29,31
383,283,30,31
383,284,31,32
373,296,31,32
391,292,31,32
396,291,30,31
394,293,30,31
394,292,30,31
417,307,29,31
400,284,30,31
404,279,30,31
407,276,31,32
389,286,31,32
397,285,31,32
396,287,31,32
394,286,31,32
391,287,31,32
391,286,30,31
389,282,29,31
386,283,30,31
384,281,29,31
382,282,29,31
378,285,29,31
359,312,31,32
359,311,31,32
337,329,31,32
338,330,31,32
344,337,31,32
345,333,31,32
343,333,31,32
338,315,31,32
313,335,31,32
321,333,31,32
329,332,31,32
302,355,31,32
300,357,31,32
298,356,31,32
296,353,31,32
317,357,31,32
292,357,31,32
288,356,31,32
288,362,31,32
291,362,31,32
294,358,31,32
297,362,31,32
301,356,31,32
302,357,31,32
306,357,31,32
307,358,31,32
306,358,31,32
294,340,31,32
300,359,31,32
296,359,31,32
319,358,33,34
292,357,33,34
292,357,33,34
290,358,33,34
290,358,33,34
289,359,33,34
287,356,33,34
286,358,33,34
284,359,33,34
282,359,33,34
279,361,33,34
301,361,33,34
276,362,35,36
273,364,35,36
281,365,35,36
279,364,37,38
277,362,37,38
275,360,37,38
274,359,37,38
272,360,37,38
274,362,37,38
269,363,37,38
277,360,37,38
278,364,37,38
274,363,37,38
272,364,37,38
246,363,37,38
227,344,37,38
245,359,37,38
245,345,37,38
242,309,37,38
277,288,37,38
280,284,37,38
269,292,37,38
252,326,37,38
285,339,37,38
290,342,37,38
284,341,37,38
285,345,37,38
285,345,37,38
280,345,37,38
254,328,37,38
258,341,35,36
251,341,35,36
265,304,35,36
233,310,35,36
220,336,35,36
185,369,35,36
183,352,37,38
186,368,37,38
183,365,37,38
190,334,37,38
177,359,37,38
175,352,37,38
165,359,37,38
158,359,37,38
140,365,37,38
118,348,37,38
117,352,37,38
138,366,37,38
137,366,37,38
136,368,37,38
114,351,37,38
135,369,37,38
132,371,37,38
129,356,37,38
129,358,35,36
125,356,35,36
125,356,35,36
121,358,35,36
120,356,35,36
122,359,35,36
109,349,35,36
118,359,35,36
119,358,35,36
117,350,35,36
115,364,35,36
115,360,35,36
115,356,35,36
116,357,35,36
117,352,35,36
116,353,35,36
112,353,35,36
105,384,35,36
103,381,35,36
101,389,35,36
108,362,35,36
86,355,33,34
106,358,33,34
74,354,33,34
75,358,31,32
105,347,31,32
102,346,31,32
83,380,30,31
90,359,29,31
87,363,30,31
87,361,30,31
82,366,29,31
84,359,30,31
77,365,30,31
78,349,29,31
76,356,30,31
69,354,29,31
62,362,30,31
65,344,29,31
61,364,29,31
59,369,30,31
75,338,29,31
61,317,29,31
57,315,29,31
56,314,30,31
70,332,30,31
62,333,30,31
92,356,29,31
83,361,29,31
77,361,30,31
82,355,29,31
68,358,29,31
62,357,30,31
56,357,30,31
55,347,29,31
54,345,29,31
41,361,29,31
37,359,29,31
35,352,30,31
27,354,29,31
32,351,29,31
21,351,29,31
16,352,29,31
11,352,30,31
7,350,30,31
37,327,29,31
62,330,30,31
58,330,29,31
57,337,29,31
57,338,28,29
55,319,28,29
51,318,28,29
49,322,28,29
47,321,28,29
44,322,28,29
50,324,27,28
57,297,27,28
82,313,27,28
63,297,25,26
55,303,25,26
61,296,25,26
80,321,25,26
67,297,25,26
62,298,25,26
69,295,25,26
94,272,25,26
111,269,25,26
127,276,24,25
126,277,24,25
126,275,24,25
121,285,24,25
124,277,24,25
121,283,24,25
130,279,24,25
130,277,24,25
137,280,24,25
122,295,25,26
145,297,25,26
161,308,25,26
183,300,27,28
206,292,27,28
232,299,27,28
239,302,28,29
225,306,28,29
229,307,28,29
231,310,30,31
214,329,30,31
184,340,29,31
214,336,30,31
219,339,29,31
245,311,30,31
246,310,29,31
232,330,29,31
232,329,29,31
230,326,31,32
208,326,31,32
216,313,31,32
224,321,33,34
231,323,33,34
223,327,33,34
244,329,31,32
220,321,31,32
219,312,31,32
192,298,31,32
178,292,31,32
184,294,31,32
185,298,31,32
186,305,31,32
180,321,31,32
181,320,31,32
153,351,31,32
122,344,31,32
118,355,31,32
118,357,31,32
102,371,31,32
101,377,31,32
102,374,31,32
118,364,31,32
115,367,31,32
146,369,31,32
142,337,31,32
136,329,31,32
151,360,31,32
164,332,31,32
160,332,30,31
173,346,29,31
172,340,30,31
173,338,29,31
203,322,30,31
211,322,30,31
217,326,28,29
238,338,28,29
221,321,28,29
217,324,27,28
217,324,27,28
217,324,27,28
209,319,27,28
209,319,27,28
200,312,27,28
196,311,27,28
189,311,27,28
189,311,27,28
184,300,25,26
185,302,25,26
166,309,25,26
164,317,24,25
164,317,24,25
160,301,24,25
160,312,24,25
160,320,24,25
160,327,24,25
164,340,24,25
155,352,24,25
171,353,24,25
157,377,25,26
161,378,25,26
153,354,25,26
137,342,24,25
158,352,24,25
154,348,24,25
149,349,24,25
156,346,24,25
158,342,24,25
155,342,24,25
146,318,24,25
130,336,24,25
119,357,24,25
121,347,24,25
117,359,24,25
114,349,24,25
123,346,24,25
146,330,24,25
155,346,24,25
175,342,24,25
192,342,24,25
193,342,24,25
195,340,24,25
195,340,24,25
202,336,27,28
208,358,27,28
185,380,27,28
179,366,25,26
165,375,25,26
168,376,25,26
175,373,24,25
184,378,24,25
183,367,24,25
187,368,24,25
192,367,24,25
191,368,24,25
169,346,24,25
193,365,24,25
183,357,24,25
190,336,24,25
191,337,24,25
190,338,24,25
188,339,25,26
187,338,25,26
213,334,25,26
213,356,25,26
213,355,25,26
213,355,25,26
205,353,25,26
230,337,25,26
245,335,25,26
241,335,26,28
246,334,26,28
265,331,27,28
278,335,27,28
305,319,27,28
307,319,27,28
325,302,27,28
325,307,27,28
311,326,27,28
313,324,27,28
292,342,27,28
316,321,27,28
312,329,27,28
314,327,27,28
318,315,27,28
314,322,25,26
314,323,25,26
318,318,25,26
317,325,25,26
317,328,25,26
319,329,25,26
320,331,25,26
310,331,25,26
311,329,25,26
311,330,25,26
328,323,25,26
329,331,25,26
331,331,27,28
328,328,27,28
330,331,27,28
329,331,27,28
330,332,27,28
333,326,27,28
335,326,27,28
335,330,27,28
336,330,27,28
338,328,27,28
338,328,27,28
344,341,27,28
342,325,27,28
347,322,27,28
359,339,27,28
361,341,27,28
386,356,27,28
386,357,27,28
365,344,27,28
368,340,27,28
368,340,27,28
373,341,27,28
369,344,27,28
384,350,27,28
385,352,25,26
383,351,25,26
364,342,25,26
381,350,25,26
382,350,25,26
361,338,25,26
361,338,25,26
361,340,25,26
363,341,25,26
365,345,24,25
365,344,24,25
367,344,24,25
365,345,24,25
348,344,24,25
367,345,24,25
369,351,23,23
366,352,23,23
363,354,23,23
362,355,23,23
362,355,23,23
367,353,23,23
367,353,23,23
368,352,23,23
378,341,23,23
380,341,23,23
379,344,23,23
379,344,23,23
376,345,24,25
375,346,24,25
375,346,24,25
364,361,24,25
367,361,24,25
365,358,24,25
367,356,24,25
366,355,24,25
367,356,24,25
372,360,23,23
372,355,23,23
353,367,23,23
369,357,21,22
372,354,21,22
372,354,21,22
372,354,21,22
372,354,21,22
374,346,21,22
355,359,20,21
366,355,20,21
353,358,20,21
371,352,20,21
372,353,20,21
379,348,20,21
372,354,20,21
375,354,20,21
375,352,20,21
380,352,19,20
380,349,19,20
382,345,19,20
383,345,19,20
380,350,19,20
389,345,19,20
391,349,19,20
394,353,19,20
397,356,19,20
405,352,19,20
405,357,19,20
410,359,19,20
416,360,18,19
420,360,18,19
423,361,18,19
428,362,17,18
429,363,17,18
431,363,17,18
435,358,17,18
433,364,17,18
438,356,17,18
431,363,18,19
438,356,18,19
437,355,18,19
445,351,17,18
445,351,17,18
439,353,17,18
445,350,17,18
445,350,17,18
445,350,17,18
445,350,17,18
445,350,17,18
451,352,17,18
448,363,18,19
451,364,18,19
455,365,18,19
459,367,18,19
440,384,18,19
443,386,18,19
450,391,17,18
455,392,17,18
461,393,17,18
455,390,16,17
450,380,16,17
440,372,16,17
437,368,15,16
446,359,15,16
444,361,15,16
433,355,15,16
442,366,15,16
439,354,15,16
449,340,15,16
