592,191,107,250
592,191,107,250
592,191,107,250
592,191,107,250
592,191,107,250
592,191,107,250
592,191,107,250
592,191,107,250
592,191,107,250
592,191,107,250
592,191,107,250
592,191,107,250
592,191,107,250
592,191,107,250
592,191,107,250
592,191,107,250
592,188,107,250
592,188,107,250
592,188,107,250
589,188,107,250
589,188,107,250
589,188,107,250
589,188,107,250
589,188,107,250
589,188,107,250
589,188,107,250
589,188,107,250
589,188,107,250
589,188,107,250
589,188,107,250
589,188,107,250
589,188,107,250
589,188,107,250
589,188,107,250
589,188,107,250
589,188,107,250
589,188,107,250
592,191,107,250
592,191,107,250
592,188,107,250
592,188,107,250
592,188,107,250
592,188,107,250
592,188,107,250
592,188,107,250
592,188,107,250
589,188,107,250
592,188,107,250
596,188,107,250
596,188,107,250
596,188,107,250
596,191,107,250
596,191,107,250
596,185,107,249
596,185,107,249
596,188,107,250
596,188,107,250
596,188,107,250
596,188,107,250
596,188,107,250
596,188,107,250
596,188,107,250
596,188,107,250
596,188,107,250
596,188,107,250
596,188,107,250
596,185,107,249
596,185,107,249
599,188,107,250
599,188,107,250
599,185,107,249
599,185,107,249
599,188,107,250
599,188,107,250
602,191,107,250
606,191,107,250
606,191,107,250
606,188,107,250
606,185,107,249
609,188,107,250
612,188,107,250
616,185,107,249
619,185,107,249
619,185,107,249
619,185,107,249
619,185,107,249
622,185,107,249
622,185,107,249
626,185,107,249
632,188,107,250
629,191,107,250
632,191,107,250
632,188,107,250
629,188,107,250
632,188,107,250
632,188,107,250
632,188,107,250
632,188,107,250
629,185,107,249
632,185,107,249
632,185,107,249
632,185,107,249
632,188,107,250
632,188,107,250
632,188,107,250
632,188,107,250
632,188,107,250
632,188,107,250
629,188,107,250
629,188,107,250
629,188,107,250
629,188,107,250
632,188,107,250
636,188,107,250
636,188,107,250
636,188,107,250
636,191,107,250
636,188,107,250
632,185,107,249
626,181,107,250
629,185,107,249
629,185,107,249
629,191,107,250
632,188,107,250
626,188,107,250
632,185,107,249
632,188,107,250
632,188,107,250
632,188,107,250
632,188,107,250
632,188,107,250
632,191,107,250
636,191,107,250
636,191,107,250
636,195,107,250
636,195,107,250
639,195,107,250
639,195,107,250
639,191,107,250
639,191,107,250
639,191,107,250
643,191,107,250
639,195,107,250
639,195,107,250
639,195,107,250
643,195,107,250
646,191,107,250
643,191,107,250
643,191,107,250
643,191,107,250
646,188,107,250
646,188,107,250
644,182,112,263
642,180,112,263
645,180,112,263
638,180,112,263
638,180,112,263
638,180,112,263
638,180,112,263
638,183,112,263
638,183,112,263
635,180,112,263
638,183,112,263
635,183,112,263
642,191,107,250
643,191,107,250
643,195,107,250
643,195,107,250
643,195,107,250
643,191,107,250
643,191,107,250
643,191,107,250
646,188,107,250
646,185,107,249
646,185,107,249
643,188,107,250
643,188,107,250
643,188,107,250
643,188,107,250
643,188,107,250
639,185,107,249
639,185,107,249
639,185,107,249
639,185,107,249
639,188,107,250
639,188,107,250
639,188,107,250
639,188,107,250
636,188,107,250
636,188,107,250
636,188,107,250
636,188,107,250
636,188,107,250
632,188,107,250
632,188,107,250
632,188,107,250
632,188,107,250
632,188,107,250
632,185,107,249
632,188,107,250
632,188,107,250
632,185,107,249
632,188,107,250
631,182,112,263
631,176,112,263
631,176,112,263
631,176,112,263
631,176,112,263
631,180,112,263
628,180,112,263
631,180,112,263
631,180,112,263
631,176,112,263
631,176,112,263
631,180,112,263
631,180,112,263
631,176,112,263
631,180,112,263
631,180,112,263
631,180,112,263
631,176,112,263
631,176,112,263
635,176,112,263
635,176,112,263
638,180,112,263
642,180,112,263
642,176,112,263
647,174,118,277
639,170,118,277
647,170,118,277
625,174,118,277
625,174,118,277
617,170,118,277
617,170,118,277
617,170,118,277
621,174,118,277
621,174,118,277
625,174,118,277
625,174,118,277
625,174,118,277
628,174,118,277
628,174,118,277
628,174,118,277
628,174,118,277
628,174,118,277
628,174,118,277
632,170,118,277
636,170,118,277
636,166,118,277
639,166,118,277
717,170,118,277
717,170,118,277
717,170,118,277
717,170,118,277
718,178,112,263
716,180,112,263
716,176,112,263
716,176,112,263
716,173,112,263
716,176,112,263
716,173,112,263
716,173,112,263
712,173,112,263
712,176,112,263
712,176,112,263
712,176,112,263
709,176,112,263
709,176,112,263
709,176,112,263
709,176,112,263
709,176,112,263
709,176,112,263
705,176,112,263
705,176,112,263
705,173,112,263
705,173,112,263
705,173,112,263
705,173,112,263
705,173,112,263
705,173,112,263
702,176,112,263
702,176,112,263
702,176,112,263
702,176,112,263
700,170,118,277
699,170,118,277
699,170,118,277
699,166,118,277
699,170,118,277
699,166,118,277
695,166,118,277
703,166,118,277
695,166,118,277
693,160,125,292
690,163,125,292
690,159,125,292
690,159,125,292
690,159,125,292
690,159,125,292
690,159,125,292
690,159,125,292
690,155,125,292
690,151,125,292
690,155,125,292
690,155,125,292
690,155,125,292
693,155,125,292
697,155,125,292
697,159,125,292
697,163,125,292
701,163,125,292
701,163,125,292
705,163,125,292
705,163,125,292
705,163,125,292
705,163,125,292
705,163,125,292
705,163,125,292
709,159,125,292
709,159,125,292
709,159,125,292
709,159,125,292
709,159,125,292
707,152,132,308
706,146,132,308
706,150,132,308
710,150,132,308
710,150,132,308
710,146,132,308
710,146,132,308
710,146,132,308
710,146,132,308
710,146,132,308
706,150,132,308
706,150,132,308
706,150,132,308
706,150,132,308
706,146,132,308
706,146,132,308
706,146,132,308
706,146,132,308
706,146,132,308
706,146,132,308
706,146,132,308
706,146,132,308
706,146,132,308
706,146,132,308
702,146,132,308
702,146,132,308
702,146,132,308
698,146,132,308
690,146,132,308
690,150,132,308
677,146,132,308
665,150,132,308
661,150,132,308
640,155,132,308
640,159,132,308
640,159,132,308
640,159,132,308
640,159,132,308
640,163,132,308
640,159,132,308
636,163,132,308
636,163,132,308
636,163,132,308
636,163,132,308
636,163,132,308
640,168,125,292
639,167,125,292
639,167,125,292
639,163,125,292
627,163,125,292
631,163,125,292
627,163,125,292
627,163,125,292
623,163,125,292
623,163,125,292
627,159,125,292
627,159,125,292
627,159,125,292
627,159,125,292
623,163,125,292
623,163,125,292
623,163,125,292
623,159,125,292
619,159,125,292
619,159,125,292
619,159,125,292
619,168,118,277
617,170,118,277
610,170,118,277
613,170,118,277
613,170,118,277
610,170,118,277
606,170,118,277
602,163,118,277
599,163,118,277
595,163,118,277
595,163,118,277
591,163,118,277
587,159,118,277
584,159,118,277
580,159,118,277
580,159,118,277
580,159,118,277
576,159,118,277
569,163,118,277
565,163,118,277
547,166,118,277
539,163,118,277
532,170,118,277
521,170,118,277
521,170,118,277
521,170,118,277
517,170,118,277
513,170,118,277
517,170,118,277
517,170,118,277
517,170,118,277
517,170,118,277
517,174,118,277
515,168,125,292
513,167,125,292
513,167,125,292
513,163,125,292
509,163,125,292
509,163,125,292
509,163,125,292
509,163,125,292
509,167,125,292
509,167,125,292
509,167,125,292
509,167,125,292
506,167,125,292
506,167,125,292
506,163,125,292
506,167,125,292
506,163,125,292
506,167,125,292
506,163,125,292
506,163,125,292
506,163,125,292
502,163,125,292
502,159,125,292
506,163,125,292
506,163,125,292
502,163,125,292
502,163,125,292
502,163,125,292
502,163,125,292
506,163,125,292
506,163,125,292
502,163,125,292
502,163,125,292
502,163,125,292
502,163,125,292
502,163,125,292
502,163,125,292
502,163,125,292
502,163,125,292
502,159,125,292
502,159,125,292
502,159,125,292
502,159,125,292
506,163,125,292
506,163,125,292
510,168,118,277
506,170,118,277
506,170,118,277
506,170,118,277
506,170,118,277
506,170,118,277
506,174,118,277
509,170,118,277
506,170,118,277
506,178,118,277
506,174,118,277
506,174,118,277
506,178,118,277
506,178,118,277
506,178,118,277
506,178,118,277
506,178,118,277
506,182,118,277
506,182,118,277
506,182,118,277
506,178,118,277
506,178,118,277
513,178,118,277
513,178,118,277
513,178,118,277
513,178,118,277
517,174,118,277
522,164,125,292
517,167,125,292
533,159,125,292
545,155,125,292
549,155,125,292
560,155,125,292
560,155,125,292
568,147,125,292
553,159,125,292
556,155,125,292
560,155,125,292
564,155,125,292
564,155,125,292
568,155,125,292
568,155,125,292
568,155,125,292
572,155,125,292
615,151,125,292
619,151,125,292
623,151,125,292
631,151,125,292
635,151,125,292
635,151,125,292
639,151,125,292
635,155,125,292
639,155,125,292
639,155,125,292
643,155,125,292
643,155,125,292
643,155,125,292
643,155,125,292
643,151,125,292
643,151,125,292
650,151,125,292
647,155,125,292
650,155,125,292
654,151,125,292
654,155,125,292
658,151,125,292
658,151,125,292
662,151,125,292
662,151,125,292
662,151,125,292
666,147,125,292
670,147,125,292
668,140,132,308
673,142,132,308
673,142,132,308
671,135,139,325
679,136,139,325
679,136,139,325
679,136,139,325
679,136,139,325
679,136,139,325
683,136,139,325
683,136,139,325
683,136,139,325
683,136,139,325
683,131,139,325
683,136,139,325
688,136,139,325
683,136,139,325
688,136,139,325
688,136,139,325
688,136,139,325
688,136,139,325
688,131,139,325
688,131,139,325
688,127,139,325
685,119,146,342
688,120,146,342
693,120,146,342
693,120,146,342
697,124,146,342
693,129,146,342
697,124,146,342
693,124,146,342
693,124,146,342
693,124,146,342
697,124,146,342
693,120,146,342
697,124,146,342
697,124,146,342
697,124,146,342
697,124,146,342
697,124,146,342
697,115,146,342
693,124,146,342
697,120,146,342
697,120,146,342
697,120,146,342
697,120,146,342
697,120,146,342
693,120,146,342
693,124,146,342
693,124,146,342
688,129,146,342
684,129,146,342
688,129,146,342
688,129,146,342
688,124,146,342
688,124,146,342
693,124,146,342
693,124,146,342
697,124,146,342
702,120,146,342
702,120,146,342
702,120,146,342
702,120,146,342
702,120,146,342
702,120,146,342
702,120,146,342
716,129,146,342
720,134,146,342
725,144,139,325
727,141,139,325
727,141,139,325
740,145,132,308
743,146,132,308
743,142,132,308
748,155,125,292
748,155,125,292
748,155,125,292
752,155,125,292
752,155,125,292
752,155,125,292
752,155,125,292
752,155,125,292
752,155,125,292
752,155,125,292
752,155,125,292
756,155,125,292
760,163,118,277
758,166,118,277
758,166,118,277
758,166,118,277
758,166,118,277
762,163,118,277
762,163,118,277
762,163,118,277
766,163,118,277
766,163,118,277
766,163,118,277
766,163,118,277
766,163,118,277
766,163,118,277
766,163,118,277
766,163,118,277
766,163,118,277
766,163,118,277
766,163,118,277
766,163,118,277
766,163,118,277
762,163,118,277
762,163,118,277
762,163,118,277
762,163,118,277
766,163,118,277
766,163,118,277
766,163,118,277
766,166,118,277
766,163,118,277
762,166,118,277
762,163,118,277
762,163,118,277
762,163,118,277
762,163,118,277
758,166,118,277
758,166,118,277
758,170,118,277
758,170,118,277
755,170,118,277
755,170,118,277
755,170,118,277
755,170,118,277
755,170,118,277
755,170,118,277
751,170,118,277
751,170,118,277
751,170,118,277
751,170,118,277
751,170,118,277
751,170,118,277
751,166,118,277
747,166,118,277
747,170,118,277
743,166,118,277
743,166,118,277
747,166,118,277
751,163,118,277
747,166,118,277
740,166,118,277
751,163,118,277
751,166,118,277
747,170,118,277
751,163,118,277
747,166,118,277
747,166,118,277
747,163,118,277
740,170,118,277
747,163,118,277
740,166,118,277
740,166,118,277
740,166,118,277
740,166,118,277
740,163,118,277
740,163,118,277
740,163,118,277
740,163,118,277
736,163,118,277
732,163,118,277
729,166,118,277
729,166,118,277
729,166,118,277
729,166,118,277
729,166,118,277
729,166,118,277
729,170,118,277
729,170,118,277
729,170,118,277
729,166,118,277
729,163,118,277
729,163,118,277
729,163,118,277
732,166,118,277
732,163,118,277
732,163,118,277
732,163,118,277
732,163,118,277
732,166,118,277
732,163,118,277
732,163,118,277
732,163,118,277
732,163,118,277
732,163,118,277
732,166,118,277
732,163,118,277
732,163,118,277
732,163,118,277
732,163,118,277
732,166,118,277
732,166,118,277
729,170,118,277
732,166,118,277
729,170,118,277
732,166,118,277
729,170,118,277
729,170,118,277
729,166,118,277
729,166,118,277
732,166,118,277
729,163,118,277
729,163,118,277
729,163,118,277
729,166,118,277
729,166,118,277
725,166,118,277
725,166,118,277
717,170,118,277
729,170,118,277
729,159,118,277
725,163,118,277
729,159,118,277
729,163,118,277
729,159,118,277
729,159,118,277
729,159,118,277
732,159,118,277
729,159,118,277
732,159,118,277
732,159,118,277
732,163,118,277
732,159,118,277
729,159,118,277
729,159,118,277
729,159,118,277
729,159,118,277
729,159,118,277
729,159,118,277
725,159,118,277
729,159,118,277
729,159,118,277
725,163,118,277
725,163,118,277
721,163,118,277
721,163,118,277
721,163,118,277
721,163,118,277
721,163,118,277
721,163,118,277
725,163,118,277
725,163,118,277
725,163,118,277
725,163,118,277
721,163,118,277
721,163,118,277
721,163,118,277
721,163,118,277
721,163,118,277
721,163,118,277
721,163,118,277
721,163,118,277
725,159,118,277
725,163,118,277
721,166,118,277
725,163,118,277
721,163,118,277
725,159,118,277
721,163,118,277
725,159,118,277
721,163,118,277
721,166,118,277
721,163,118,277
721,163,118,277
721,163,118,277
721,163,118,277
725,163,118,277
721,166,118,277
721,163,118,277
721,163,118,277
721,163,118,277
725,163,118,277
725,163,118,277
725,163,118,277
725,159,118,277
721,159,118,277
721,159,118,277
721,159,118,277
725,159,118,277
725,159,118,277
719,156,125,292
721,151,125,292
717,155,125,292
715,148,132,308
702,150,132,308
710,142,132,308
714,142,132,308
714,142,132,308
714,142,132,308
714,142,132,308
714,142,132,308
714,142,132,308
714,142,132,308
714,142,132,308
714,142,132,308
712,135,139,325
709,131,139,325
709,136,139,325
709,136,139,325
709,136,139,325
709,136,139,325
705,136,139,325
705,136,139,325
709,136,139,325
709,136,139,325
705,136,139,325
696,136,139,325
696,136,139,325
696,136,139,325
692,136,139,325
689,133,146,342
684,129,146,342
684,129,146,342
684,134,146,342
679,129,146,342
679,129,146,342
679,129,146,342
679,129,146,342
688,124,146,342
679,124,146,342
693,129,146,342
693,129,146,342
702,124,146,342
711,124,146,342
716,120,146,342
725,120,146,342
725,120,146,342
729,120,146,342
734,120,146,342
734,120,146,342
734,120,146,342
734,120,146,342
734,120,146,342
734,120,146,342
734,115,146,342
734,115,146,342
734,120,146,342
734,115,146,342
739,115,146,342
734,115,146,342
739,120,146,342
739,124,146,342
739,120,146,342
739,120,146,342
739,120,146,342
739,120,146,342
739,120,146,342
739,120,146,342
739,120,146,342
739,120,146,342
739,115,146,342
739,115,146,342
743,115,146,342
739,115,146,342
739,120,146,342
739,120,146,342
739,115,146,342
739,115,146,342
739,120,146,342
739,120,146,342
739,120,146,342
743,134,139,325
744,131,139,325
744,131,139,325
744,141,132,308
743,138,132,308
743,138,132,308
743,138,132,308
747,138,132,308
743,138,132,308
747,138,132,308
743,142,132,308
743,138,132,308
743,138,132,308
743,133,132,308
743,133,132,308
743,133,132,308
743,133,132,308
743,133,132,308
741,126,139,325
740,127,139,325
740,122,139,325
744,132,132,308
743,133,132,308
743,133,132,308
743,138,132,308
743,138,132,308
743,138,132,308
743,138,132,308
743,133,132,308
743,138,132,308
743,138,132,308
743,142,132,308
743,138,132,308
743,138,132,308
743,138,132,308
743,138,132,308
743,138,132,308
743,138,132,308
743,138,132,308
743,133,132,308
743,133,132,308
743,138,132,308
743,133,132,308
743,138,132,308
743,138,132,308
743,138,132,308
743,133,132,308
752,133,132,308
743,129,132,308
743,142,132,308
743,142,132,308
741,135,139,325
740,131,139,325
740,131,139,325
740,131,139,325
740,131,139,325
740,131,139,325
737,119,146,342
739,120,146,342
734,120,146,342
734,120,146,342
734,120,146,342
734,120,146,342
734,120,146,342
734,124,146,342
739,124,146,342
734,124,146,342
734,124,146,342
734,134,146,342
739,139,139,325
740,136,139,325
740,136,139,325
740,136,139,325
740,131,139,325
740,131,139,325
740,136,139,325
740,131,139,325
740,131,139,325
740,131,139,325
740,131,139,325
740,131,139,325
740,131,139,325
740,127,139,325
740,127,139,325
740,127,139,325
740,127,139,325
740,127,139,325
740,127,139,325
740,131,139,325
740,131,139,325
744,122,139,325
740,118,139,325
749,122,139,325
749,122,139,325
753,122,139,325
753,122,139,325
753,122,139,325
749,122,139,325
749,122,139,325
753,122,139,325
753,122,139,325
753,127,139,325
753,127,139,325
753,127,139,325
753,127,139,325
753,122,139,325
753,127,139,325
753,127,139,325
753,127,139,325
749,127,139,325
749,127,139,325
749,127,139,325
749,127,139,325
749,127,139,325
749,127,139,325
744,127,139,325
744,127,139,325
749,136,132,308
747,138,132,308
743,138,132,308
739,138,132,308
735,142,132,308
735,138,132,308
723,138,132,308
719,138,132,308
719,138,132,308
714,138,132,308
710,133,132,308
714,138,132,308
714,138,132,308
710,133,132,308
714,133,132,308
714,133,132,308
710,133,132,308
710,133,132,308
710,138,132,308
714,138,132,308
714,138,132,308
710,138,132,308
714,138,132,308
714,138,132,308
714,133,132,308
714,133,132,308
714,133,132,308
714,129,132,308
714,129,132,308
714,129,132,308
714,129,132,308
714,133,132,308
714,138,132,308
714,133,132,308
723,138,132,308
723,138,132,308
723,133,132,308
723,133,132,308
723,133,132,308
723,133,132,308
719,146,132,308
723,138,132,308
723,138,132,308
723,133,132,308
723,133,132,308
723,138,132,308
714,133,132,308
723,138,132,308
719,146,132,308
719,138,132,308
714,133,132,308
719,133,132,308
719,142,132,308
719,138,132,308
719,138,132,308
719,138,132,308
719,133,132,308
714,133,132,308
714,133,132,308
719,133,132,308
719,133,132,308
719,133,132,308
719,133,132,308
727,142,125,292
733,147,125,292
733,147,125,292
733,147,125,292
725,147,125,292
733,147,125,292
729,147,125,292
737,147,125,292
737,147,125,292
737,147,125,292
737,147,125,292
737,147,125,292
733,151,125,292
729,147,125,292
729,147,125,292
729,147,125,292
725,147,125,292
725,147,125,292
737,159,118,277
729,159,118,277
729,159,118,277
729,159,118,277
729,159,118,277
729,163,118,277
729,159,118,277
729,163,118,277
729,159,118,277
729,159,118,277
740,159,118,277
736,163,118,277
723,156,125,292
721,155,125,292
721,155,125,292
721,159,125,292
721,159,125,292
721,155,125,292
717,159,125,292
717,159,125,292
717,159,125,292
717,159,125,292
717,159,125,292
717,159,125,292
717,159,125,292
717,159,125,292
717,159,125,292
717,159,125,292
721,155,125,292
717,159,125,292
717,159,125,292
721,155,125,292
721,155,125,292
721,151,125,292
725,151,125,292
725,151,125,292
722,144,132,308
723,146,132,308
723,146,132,308
727,146,132,308
727,146,132,308
723,150,132,308
727,150,132,308
727,150,132,308
727,150,132,308
731,150,132,308
735,155,132,308
739,150,132,308
724,143,139,325
727,141,139,325
727,141,139,325
727,141,139,325
753,131,139,325
753,136,139,325
753,136,139,325
757,136,139,325
757,136,139,325
757,136,139,325
757,141,139,325
757,141,139,325
757,141,139,325
757,141,139,325
762,136,139,325
762,136,139,325
762,141,139,325
762,145,139,325
766,159,132,308
768,155,132,308
772,138,132,308
772,138,132,308
772,138,132,308
772,138,132,308
768,138,132,308
772,138,132,308
772,138,132,308
772,138,132,308
772,138,132,308
772,138,132,308
768,138,132,308
768,142,132,308
768,142,132,308
768,142,132,308
768,155,132,308
768,155,132,308
764,155,132,308
764,155,132,308
764,155,132,308
764,155,132,308
764,155,132,308
764,155,132,308
764,155,132,308
764,155,132,308
764,155,132,308
764,155,132,308
768,142,132,308
764,146,132,308
768,146,132,308
768,146,132,308
768,138,132,308
768,138,132,308
772,138,132,308
776,133,132,308
772,150,132,308
776,142,132,308
776,138,132,308
776,138,132,308
772,142,132,308
772,138,132,308
768,138,132,308
768,138,132,308
768,138,132,308
772,138,132,308
772,138,132,308
772,138,132,308
772,142,132,308
772,146,132,308
768,150,132,308
768,155,132,308
772,155,132,308
772,155,132,308
768,155,132,308
772,155,132,308
772,155,132,308
772,155,132,308
772,150,132,308
772,150,132,308
776,155,132,308
776,155,132,308
776,150,132,308
776,146,132,308
776,142,132,308
780,142,132,308
776,142,132,308
776,138,132,308
772,138,132,308
776,142,132,308
776,142,132,308
776,138,132,308
776,138,132,308
772,146,132,308
772,146,132,308
772,150,132,308
776,138,132,308
776,138,132,308
776,142,132,308
776,142,132,308
776,142,132,308
776,138,132,308
776,138,132,308
776,138,132,308
776,138,132,308
776,138,132,308
776,138,132,308
772,138,132,308
772,138,132,308
764,155,132,308
764,155,132,308
764,155,132,308
768,150,132,308
768,146,132,308
768,142,132,308
768,138,132,308
764,138,132,308
764,138,132,308
760,138,132,308
760,138,132,308
756,138,132,308
743,146,132,308
743,146,132,308
743,146,132,308
756,138,132,308
756,142,132,308
756,138,132,308
756,138,132,308
756,138,132,308
756,138,132,308
756,138,132,308
756,142,132,308
756,138,132,308
756,138,132,308
756,138,132,308
752,146,132,308
752,146,132,308
756,150,132,308
756,142,132,308
756,138,132,308
760,138,132,308
760,138,132,308
756,138,132,308
760,138,132,308
760,138,132,308
760,138,132,308
764,138,132,308
760,146,132,308
768,138,132,308
764,150,132,308
764,150,132,308
764,155,132,308
760,146,132,308
760,142,132,308
760,146,132,308
760,146,132,308
760,146,132,308
760,155,132,308
760,155,132,308
756,155,132,308
756,155,132,308
756,159,132,308
752,155,132,308
752,155,132,308
752,155,132,308
752,155,132,308
752,150,132,308
752,146,132,308
752,142,132,308
752,142,132,308
752,142,132,308
756,142,132,308
760,138,132,308
756,138,132,308
756,138,132,308
756,138,132,308
756,142,132,308
756,142,132,308
756,142,132,308
756,138,132,308
756,142,132,308
756,142,132,308
752,146,132,308
752,146,132,308
752,150,132,308
747,150,132,308
747,150,132,308
752,155,132,308
747,150,132,308
747,146,132,308
747,146,132,308
752,146,132,308
752,146,132,308
760,142,132,308
764,138,132,308
768,138,132,308
776,138,132,308
776,138,132,308
780,138,132,308
780,142,132,308
780,142,132,308
780,146,132,308
785,146,132,308
785,146,132,308
785,146,132,308
793,146,132,308
813,142,132,308
818,142,132,308
822,133,132,308
826,142,132,308
826,138,132,308
826,133,132,308
826,133,132,308
826,133,132,308
826,129,132,308
826,129,132,308
826,125,132,308
826,125,132,308
826,120,132,308
826,116,132,308
826,116,132,308
826,112,132,308
826,112,132,308
826,112,132,308
826,116,132,308
826,112,132,308
826,112,132,308
826,116,132,308
826,112,132,308
826,108,132,308
826,116,132,308
826,112,132,308
826,112,132,308
826,112,132,308
826,99,132,308
826,95,132,308
826,95,132,308
826,95,132,308
826,86,132,308
819,79,139,325
814,82,139,325
814,73,139,325
814,68,139,325
810,68,139,325
810,73,139,325
810,68,139,325
805,68,139,325
805,73,139,325
801,73,139,325
801,73,139,325
801,73,139,325
796,73,139,325
792,73,139,325
779,77,139,325
775,77,139,325
770,77,139,325
770,82,139,325
770,82,139,325
766,86,139,325
762,86,139,325
762,86,139,325
757,95,139,325
753,91,139,325
749,91,139,325
744,91,139,325
744,91,139,325
740,86,139,325
740,86,139,325
731,91,139,325
736,91,139,325
736,91,139,325
736,91,139,325
736,86,139,325
736,86,139,325
736,86,139,325
731,91,139,325
