409,157,60,121
415,156,60,120
421,154,60,121
426,152,60,121
432,150,60,121
438,154,56,114
442,151,56,114
445,149,56,114
449,148,56,114
449,148,56,114
451,146,56,114
451,144,56,114
452,142,56,114
454,140,56,114
456,139,56,114
458,137,56,114
458,133,56,114
443,135,56,114
413,137,56,114
379,137,56,114
350,141,54,108
323,138,54,108
330,138,54,108
331,138,54,108
331,135,54,108
333,133,54,108
335,132,54,108
338,132,54,108
340,126,54,108
343,123,54,108
343,123,54,108
341,123,54,108
343,121,54,108
343,121,54,108
343,120,54,108
343,115,54,108
343,111,54,108
343,106,54,108
341,104,54,108
341,103,54,108
340,99,54,108
340,98,54,108
340,94,54,108
338,96,54,108
338,94,54,108
336,94,54,108
335,94,54,108
334,92,56,114
331,88,56,114
330,88,56,114
330,87,56,114
330,88,56,114
328,85,56,114
327,81,60,121
323,65,60,121
319,67,60,120
317,67,60,120
317,65,60,121
316,65,60,121
316,65,60,121
316,65,60,121
316,63,60,120
316,61,60,121
316,63,60,120
317,59,60,121
317,57,60,121
317,57,60,121
317,59,60,121
319,51,63,127
319,52,63,127
323,52,63,127
321,50,63,127
323,52,63,127
323,52,63,127
323,52,63,127
325,50,63,127
327,48,63,127
326,46,66,134
328,47,66,134
330,49,66,134
330,47,66,134
330,47,66,134
332,47,66,134
334,47,66,134
330,47,66,134
334,47,66,134
334,47,66,134
334,47,66,134
336,47,66,134
334,49,66,134
334,47,66,134
332,49,66,134
334,49,66,134
334,49,66,134
332,49,66,134
332,49,66,134
334,49,66,134
332,49,66,134
332,49,66,134
332,49,66,134
330,49,66,134
330,49,66,134
330,49,66,134
332,49,66,134
332,49,66,134
332,49,66,134
330,49,66,134
332,47,66,134
330,49,66,134
332,47,66,134
332,49,66,134
330,49,66,134
332,47,66,134
332,49,66,134
332,47,66,134
330,49,66,134
330,47,66,134
330,49,66,134
332,49,66,134
330,49,66,134
330,49,66,134
332,49,66,134
332,49,66,134
332,49,66,134
330,49,66,134
332,49,66,134
330,49,66,134
332,49,66,134
332,49,66,134
330,49,66,134
332,49,66,134
330,49,66,134
332,47,66,134
332,49,66,134
334,47,66,134
332,49,66,134
334,47,66,134
330,49,66,134
332,49,66,134
332,49,66,134
