392,192,52,78
391,194,52,78
389,194,52,78
386,194,52,78
384,194,52,78
382,194,52,78
379,196,52,78
378,197,52,78
376,197,52,78
376,196,52,78
374,197,52,78
371,199,52,78
369,199,52,78
368,197,52,78
366,199,52,78
365,200,52,78
365,200,52,78
363,200,52,78
361,200,52,78
360,200,52,78
358,202,52,78
355,204,52,78
352,204,52,78
348,204,52,78
345,202,52,78
342,204,52,78
339,204,52,78
335,204,52,78
334,205,52,78
330,205,52,78
327,209,52,78
324,209,52,78
319,207,52,78
316,205,52,78
314,209,52,78
313,209,52,78
309,209,52,78
308,209,52,78
304,210,52,78
301,212,52,78
298,212,52,78
293,212,52,78
290,212,52,78
288,212,52,78
287,213,52,78
283,213,52,78
283,213,52,78
280,213,52,78
277,215,52,78
275,217,52,78
270,217,52,78
269,218,52,78
265,218,52,78
264,220,52,78
259,220,52,78
257,220,52,78
255,219,54,82
252,220,54,82
249,220,54,82
243,220,57,86
239,219,57,86
237,219,57,86
235,219,60,91
231,221,60,91
204,231,60,91
202,233,60,91
198,235,60,91
191,235,60,91
185,235,60,91
179,233,60,91
174,236,60,91
172,238,60,91
166,238,60,91
160,236,60,91
155,240,60,91
153,244,60,91
145,240,60,91
189,233,60,91
183,233,60,91
177,233,60,91
172,233,60,91
170,235,60,91
166,235,60,91
162,236,60,91
157,236,60,91
155,236,60,91
149,236,60,91
145,240,60,91
139,236,60,91
134,236,60,91
130,235,60,91
122,236,60,91
123,242,57,86
118,239,57,86
114,239,57,86
185,239,57,86
183,241,57,86
177,244,57,86
172,244,57,86
176,246,57,86
206,242,57,86
237,244,57,86
266,242,57,86
295,241,57,86
322,237,57,86
351,237,57,86
380,239,57,86
405,239,57,86
399,177,57,86
425,185,57,86
428,183,57,86
427,183,57,86
434,181,57,86
432,181,57,86
434,181,57,86
434,181,57,86
436,177,57,86
437,177,57,86
437,177,57,86
439,174,60,91
436,174,60,91
436,176,60,91
436,172,64,96
434,173,64,96
434,175,64,96
434,173,64,96
434,173,64,96
434,173,64,96
434,173,64,96
434,173,64,96
434,173,64,96
434,173,64,96
434,173,64,96
434,173,64,96
434,175,64,96
432,171,64,96
434,125,64,96
434,119,64,96
434,119,64,96
434,119,64,96
432,119,64,96
434,119,64,96
432,119,64,96
434,119,64,96
432,121,64,96
434,119,64,96
469,117,67,101
495,119,67,101
533,117,67,101
563,117,67,101
563,132,67,101
563,125,67,101
486,197,71,106
504,197,71,106
511,197,71,106
510,195,75,112
510,193,75,112
510,193,75,112
509,191,79,118
508,191,79,118
508,191,79,118
507,189,83,125
509,186,83,125
507,186,83,125
507,186,83,125
509,186,83,125
507,186,83,125
508,183,87,131
504,182,87,131
504,182,87,131
504,182,87,131
504,182,87,131
504,182,87,131
504,182,87,131
504,182,87,131
504,182,87,131
504,182,87,131
504,182,87,131
506,182,87,131
506,182,87,131
506,182,87,131
506,182,87,131
502,179,92,139
537,177,92,139
508,177,92,139
450,186,92,139
484,186,92,139
482,186,92,139
482,189,92,139
482,186,92,139
482,183,92,139
482,183,92,139
482,180,92,139
482,180,92,139
482,180,92,139
482,180,92,139
482,180,92,139
482,177,92,139
