232,289,220,132
252,277,220,132
276,260,220,132
291,248,220,132
299,240,220,132
311,227,220,132
311,223,220,132
315,215,219,132
323,211,220,132
331,203,220,132
338,190,220,132
341,179,231,139
352,170,231,139
369,161,231,139
372,150,244,146
371,143,244,146
380,133,244,146
385,124,244,146
385,120,244,146
385,115,244,146
385,110,244,146
385,110,244,146
385,110,244,146
385,106,244,146
385,106,244,146
385,101,244,146
385,101,244,146
385,101,244,146
385,101,244,146
385,101,244,146
385,101,244,146
385,101,244,146
385,101,244,146
385,101,244,146
385,101,244,146
385,101,244,146
385,101,244,146
385,101,244,146
385,101,244,146
385,101,244,146
385,101,244,146
385,101,244,146
385,101,244,146
385,101,244,146
385,101,244,146
385,101,244,146
385,101,244,146
385,101,244,146
385,101,244,146
385,101,244,146
385,101,244,146
385,101,244,146
385,101,244,146
385,101,244,146
385,101,244,146
385,101,244,146
385,101,244,146
385,101,244,146
385,101,244,146
385,101,244,146
385,101,244,146
385,101,244,146
385,101,244,146
385,101,244,146
385,101,244,146
385,101,244,146
385,101,244,146
385,101,244,146
385,101,244,146
385,101,244,146
385,101,244,146
385,101,244,146
385,101,244,146
385,101,244,146
385,101,244,146
385,101,244,146
385,101,244,146
385,101,244,146
385,101,244,146
385,101,244,146
385,101,244,146
385,101,244,146
385,101,244,146
385,101,244,146
385,101,244,146
385,101,244,146
385,101,244,146
385,101,244,146
385,101,244,146
385,101,244,146
385,101,244,146
385,101,244,146
385,101,244,146
385,101,244,146
385,101,244,146
385,101,244,146
385,101,244,146
385,101,244,146
385,101,244,146
385,101,244,146
385,101,244,146
385,101,244,146
385,101,244,146
385,101,244,146
385,101,244,146
385,101,244,146
385,101,244,146
385,101,244,146
385,101,244,146
385,101,244,146
385,101,244,146
385,101,244,146
385,101,244,146
392,106,231,139
390,105,231,139
390,105,231,139
390,105,231,139
390,105,231,139
390,105,231,139
390,105,231,139
390,105,231,139
390,105,231,139
390,105,231,139
394,105,231,139
394,105,231,139
390,105,231,139
390,105,231,139
390,105,231,139
394,105,231,139
386,105,231,139
390,105,231,139
390,105,231,139
394,105,231,139
390,105,231,139
390,105,231,139
390,105,231,139
394,105,231,139
390,105,231,139
390,105,231,139
390,105,231,139
390,105,231,139
390,105,231,139
390,105,231,139
386,105,231,139
386,105,231,139
386,105,231,139
376,102,244,146
380,101,244,146
380,101,244,146
380,101,244,146
380,101,244,146
376,101,244,146
380,101,244,146
380,101,244,146
380,101,244,146
380,101,244,146
380,101,244,146
385,101,244,146
380,101,244,146
380,101,244,146
380,101,244,146
385,101,244,146
385,101,244,146
380,101,244,146
385,101,244,146
385,101,244,146
385,101,244,146
385,101,244,146
385,101,244,146
380,101,244,146
385,101,244,146
385,101,244,146
380,101,244,146
385,101,244,146
385,101,244,146
385,101,244,146
385,101,244,146
385,101,244,146
385,101,244,146
385,101,244,146
385,101,244,146
385,101,244,146
385,101,244,146
385,101,244,146
385,101,244,146
385,106,244,146
385,101,244,146
385,101,244,146
385,101,244,146
385,101,244,146
385,101,244,146
385,101,244,146
385,101,244,146
385,101,244,146
392,106,231,139
386,105,231,139
390,105,231,139
386,105,231,139
390,105,231,139
386,105,231,139
390,105,231,139
