194,387,36,66
194,387,36,66
195,387,36,66
196,387,36,66
199,387,36,66
201,386,37,69
204,384,37,69
208,384,37,69
213,383,37,69
216,383,37,69
219,382,37,69
221,381,37,69
223,379,37,69
227,378,37,69
228,378,37,69
229,378,37,69
232,378,37,69
233,378,37,69
236,379,37,69
238,379,37,69
239,378,37,69
239,378,37,69
240,377,37,69
240,374,37,69
241,373,37,69
242,371,37,69
244,369,37,69
245,368,37,69
246,366,37,69
247,366,37,69
247,364,37,69
248,364,37,69
250,364,37,69
252,363,37,69
253,363,37,69
253,363,37,69
253,362,37,69
253,361,37,69
252,358,37,69
252,357,37,69
252,356,37,69
252,354,40,73
252,351,39,73
252,349,39,73
252,347,39,73
252,347,39,73
253,346,39,73
255,345,39,73
259,344,40,73
262,342,40,73
265,341,40,73
268,340,40,73
272,337,40,73
279,333,39,73
283,332,39,73
285,330,39,73
289,329,39,73
292,328,39,73
295,327,39,73
277,325,39,73
279,325,39,73
275,323,39,73
223,340,39,73
228,338,39,73
228,337,39,73
225,342,39,73
212,351,40,73
195,358,39,73
170,363,37,69
167,363,37,69
143,353,37,69
131,342,37,69
113,345,37,69
87,350,37,69
81,402,37,69
48,398,37,69
47,403,37,69
1,363,37,69
1,409,37,69
1,437,37,69
1,439,37,69
1,443,37,69
38,450,37,69
24,454,37,69
1,463,37,69
1,453,37,69
6,402,37,69
25,389,37,69
25,389,37,69
25,388,37,69
24,388,37,69
24,388,37,69
24,387,37,69
24,388,37,69
24,388,37,69
24,391,37,69
24,392,37,69
25,392,37,69
24,392,37,69
23,392,37,69
23,392,37,69
23,392,37,69
22,389,37,69
21,389,37,69
21,388,37,69
22,388,37,69
21,388,37,69
21,391,37,69
21,393,37,69
24,394,37,69
21,393,37,69
24,394,37,69
22,394,37,69
23,393,37,69
22,392,37,69
23,389,37,69
24,391,37,69
23,389,37,69
23,391,37,69
23,393,37,69
22,397,37,69
22,397,37,69
21,398,37,69
19,400,37,69
18,399,37,69
16,398,37,69
14,397,37,69
15,397,37,69
14,397,37,69
11,396,37,69
9,399,37,69
10,399,37,69
6,397,37,69
1,399,37,69
1,398,37,69
1,399,37,69
1,399,37,69
1,402,37,69
1,400,37,69
1,397,37,69
1,398,37,69
1,399,37,69
1,403,37,69
1,405,37,69
12,405,37,69
9,404,37,69
8,404,37,69
5,405,37,69
1,402,37,69
1,454,37,69
1,470,37,69
1,475,37,69
2,477,36,66
1,477,36,66
1,478,36,66
2,481,34,62
1,480,34,62
1,479,34,62
1,479,34,62
1,479,34,62
1,479,34,62
1,484,34,62
1,484,34,62
1,480,34,62
1,484,34,62
1,484,34,62
1,485,34,62
1,485,34,62
1,489,34,62
1,486,34,62
1,486,34,62
1,489,34,62
1,489,34,62
1,488,36,66
1,484,36,66
1,484,36,66
1,483,36,65
1,485,36,66
1,485,36,66
1,485,36,66
1,485,36,66
1,484,36,66
1,488,36,65
1,488,36,65
1,488,36,65
2,491,34,62
1,491,34,62
1,491,34,62
1,466,34,62
19,481,34,62
14,487,34,62
1,490,34,62
1,503,34,62
1,501,34,62
2,506,32,59
11,480,32,59
8,480,32,59
1,457,32,59
1,455,32,59
1,455,32,59
1,455,32,59
1,455,32,59
1,454,32,59
1,454,32,59
39,412,32,59
1,457,32,59
1,458,32,59
1,459,32,59
1,459,32,59
1,459,32,59
1,458,32,59
1,455,32,59
1,455,34,62
1,477,34,62
1,437,34,62
1,477,34,62
1,472,34,62
1,471,34,62
1,471,34,62
1,470,34,62
1,460,34,62
2,463,32,59
1,460,32,59
1,459,32,59
14,461,30,56
18,460,30,56
22,460,30,56
30,462,29,53
1,495,29,53
39,460,29,53
43,459,29,53
50,461,29,53
53,461,29,53
56,463,27,50
55,459,27,50
56,458,27,50
58,460,26,48
59,460,26,48
60,460,26,48
60,462,24,45
62,462,24,45
69,464,24,45
62,458,24,45
68,463,24,45
66,456,24,45
66,456,24,45
73,458,24,45
74,456,24,45
74,456,24,45
73,456,24,45
76,456,24,45
76,456,24,45
78,456,24,45
77,456,24,45
79,457,23,43
77,456,23,43
77,453,23,43
75,456,23,43
94,423,23,43
94,432,23,43
93,427,23,43
93,428,23,43
91,428,23,43
91,429,23,43
92,428,23,43
71,456,23,43
71,457,23,43
71,457,23,43
71,456,23,43
69,456,23,43
68,456,23,43
88,426,23,43
87,427,23,43
63,458,23,43
85,426,23,43
61,460,22,41
59,461,22,41
59,461,22,41
77,437,22,41
75,438,22,41
57,463,22,41
55,464,22,41
56,464,22,41
52,464,22,41
53,466,21,39
51,465,21,39
51,465,21,39
51,464,21,39
51,465,21,39
50,464,21,39
52,466,20,37
51,464,20,37
49,463,20,37
49,463,20,37
48,463,20,37
48,463,20,37
49,466,19,35
45,466,19,35
47,466,19,35
44,466,19,35
45,466,19,35
65,443,19,35
46,468,18,33
63,444,18,33
45,466,18,33
64,444,18,33
64,444,18,33
46,466,18,33
50,468,17,31
50,467,17,31
52,467,17,31
54,469,16,29
56,468,16,29
56,467,16,29
59,469,15,28
59,468,15,28
61,469,15,28
65,470,14,27
64,470,14,26
66,470,14,26
70,470,13,25
70,469,13,25
71,469,13,25
77,468,13,25
76,468,13,25
78,467,13,25
78,466,13,25
90,462,13,25
83,465,13,25
98,460,13,24
102,457,13,24
99,463,13,24
100,463,12,23
112,459,12,23
114,462,12,23
119,458,13,24
119,457,13,24
119,457,13,24
120,460,13,24
107,458,13,24
124,453,13,24
124,454,13,25
123,453,13,25
125,453,13,25
125,453,13,25
107,457,13,25
114,458,13,25
115,460,13,24
117,460,13,24
117,460,13,24
118,460,13,25
118,460,13,25
118,460,13,25
117,461,13,25
117,461,13,25
117,461,13,25
117,463,13,25
117,463,13,25
114,464,13,25
114,464,13,25
116,465,13,25
117,465,13,25
117,465,14,26
116,466,14,26
116,465,14,26
122,464,14,27
112,465,14,26
111,465,14,26
129,460,14,26
127,460,14,26
125,460,14,26
106,465,14,26
103,466,14,26
120,460,14,26
119,461,15,28
99,465,15,28
101,464,15,28
101,463,15,28
100,463,15,28
100,463,15,28
94,459,15,28
79,447,15,28
80,447,15,28
81,447,15,28
81,447,15,28
83,447,15,28
98,459,15,28
85,447,15,28
86,447,15,28
86,447,16,29
87,445,16,29
88,445,16,29
89,445,16,29
89,445,16,29
90,445,16,29
108,458,16,29
92,447,16,29
92,448,16,29
94,448,17,31
93,448,17,31
92,448,17,31
109,460,17,31
115,463,17,31
129,458,17,31
106,463,17,31
124,459,17,31
122,459,17,31
122,460,18,33
117,460,18,33
112,460,18,33
114,462,17,31
110,460,17,31
108,462,17,31
108,462,17,31
107,462,17,31
106,462,17,31
105,465,16,29
104,464,16,29
103,465,16,29
93,470,16,29
93,471,16,29
93,471,16,29
90,471,16,29
88,472,16,29
91,473,16,29
87,474,16,29
89,473,16,29
93,470,16,29
83,473,16,29
81,474,16,29
79,473,16,29
88,472,15,28
85,473,15,28
88,475,15,28
93,468,15,28
93,468,15,28
92,468,15,28
93,467,15,28
96,467,15,28
89,472,15,28
96,470,14,27
96,470,14,26
98,469,14,27
100,470,13,25
102,468,13,25
104,468,13,25
106,467,13,25
109,466,13,25
111,466,13,25
104,470,13,25
117,466,13,25
121,465,13,25
122,466,13,25
125,467,13,25
128,467,13,25
130,468,13,25
125,467,13,25
125,469,13,25
132,471,13,25
134,471,13,25
131,471,13,25
138,472,13,25
140,472,13,25
140,472,13,25
142,472,13,25
142,472,13,25
138,471,13,25
140,472,13,25
142,471,13,25
151,472,13,25
144,472,13,25
146,471,13,25
146,472,13,25
147,472,13,25
148,472,13,25
148,472,13,25
148,472,13,25
148,472,13,25
149,472,13,25
149,473,13,25
155,475,13,25
154,476,13,25
154,476,13,25
146,472,13,25
152,476,13,25
152,476,13,25
152,476,13,25
152,476,13,25
152,476,13,25
152,476,13,25
152,476,13,25
151,473,13,25
152,472,13,25
151,472,13,25
151,472,13,25
150,472,13,25
150,471,13,25
150,472,14,27
151,471,14,27
154,470,14,26
156,470,14,26
161,470,14,26
165,469,14,27
168,469,14,27
173,467,14,26
167,466,14,26
180,468,14,26
185,468,14,26
186,467,14,26
189,468,13,25
191,467,13,25
193,467,13,25
194,468,13,25
179,456,13,25
180,456,13,25
180,456,13,25
194,469,13,25
194,469,13,25
193,467,13,25
197,468,13,25
203,468,13,25
202,469,13,25
197,469,13,25
198,469,13,25
198,469,13,25
199,469,13,25
197,469,13,25
199,467,13,25
201,467,13,25
203,466,13,25
205,467,13,25
207,463,13,25
194,451,13,25
212,435,13,25
207,433,13,25
203,414,13,25
197,409,13,25
193,429,13,25
211,430,13,25
213,433,14,27
205,437,14,26
224,439,14,26
224,440,14,27
215,440,14,26
210,440,14,27
199,441,14,27
196,437,14,26
191,434,14,26
189,438,14,27
191,439,14,26
196,444,14,26
214,456,14,26
220,461,14,26
219,464,14,26
216,463,14,26
210,465,14,26
228,463,14,26
231,461,14,26
218,453,14,26
219,453,14,26
224,452,15,28
227,451,15,28
