421,179,177,323
426,179,176,323
437,179,177,323
449,179,177,323
460,179,177,323
476,189,167,306
478,181,167,306
478,181,167,306
478,181,167,306
478,181,167,306
483,187,167,306
483,187,167,306
489,192,167,306
494,192,167,306
494,192,167,306
499,187,167,306
504,187,167,306
504,187,167,306
510,192,167,306
510,198,167,306
510,198,167,306
510,198,167,306
510,198,167,306
515,198,167,306
520,192,167,306
520,187,167,306
520,187,167,306
515,181,167,306
510,176,167,306
504,176,167,306
499,176,167,306
494,181,167,306
489,187,167,306
483,192,167,306
478,198,167,306
478,206,159,290
474,208,159,290
474,208,159,290
469,208,159,290
464,208,159,290
459,203,159,290
454,201,151,275
449,198,151,275
445,193,151,275
435,193,151,275
426,193,151,275
421,193,151,275
421,201,143,261
413,197,143,261
408,197,143,261
399,192,143,261
390,192,143,261
386,187,143,261
381,183,143,261
377,183,143,261
368,178,143,261
368,178,143,261
364,178,143,261
364,178,143,261
368,181,136,248
366,182,136,248
362,178,136,248
362,178,136,248
362,178,136,248
362,173,136,248
362,173,136,248
362,169,136,248
362,169,136,248
358,169,136,248
358,169,136,248
353,169,136,248
353,169,136,248
353,169,136,248
349,169,136,248
349,169,136,248
345,169,136,248
345,169,136,248
341,169,136,248
341,169,136,248
341,169,136,248
341,169,136,248
341,165,136,248
341,165,136,248
341,156,136,248
336,156,136,248
336,156,136,248
336,156,136,248
332,156,136,248
332,156,136,248
332,151,136,248
336,156,136,248
341,156,136,248
345,156,136,248
349,151,136,248
353,147,136,248
353,142,136,248
358,142,136,248
362,147,136,248
366,147,136,248
370,147,136,248
379,151,136,248
383,151,136,248
392,151,136,248
392,151,136,248
392,147,136,248
392,151,136,248
392,151,136,248
392,151,136,248
392,156,136,248
392,156,136,248
392,156,136,248
392,156,136,248
387,151,136,248
383,151,136,248
383,151,136,248
383,151,136,248
383,156,136,248
383,156,136,248
383,156,136,248
383,156,136,248
387,156,136,248
400,156,136,248
404,156,136,248
409,156,136,248
409,156,136,248
409,160,136,248
404,160,136,248
396,165,136,248
387,169,136,248
379,169,136,248
375,173,136,248
366,182,136,248
362,187,136,248
353,187,136,248
349,187,136,248
345,187,136,248
345,187,136,248
345,191,136,248
341,191,136,248
336,196,136,248
336,196,136,248
336,200,136,248
341,200,136,248
336,200,136,248
336,200,136,248
336,200,136,248
336,200,136,248
336,200,136,248
336,200,136,248
336,196,136,248
336,196,136,248
336,196,136,248
336,191,136,248
336,191,136,248
336,191,136,248
336,191,136,248
336,191,136,248
336,191,136,248
336,191,136,248
332,187,136,248
332,187,136,248
328,187,136,248
324,187,136,248
319,187,136,248
319,187,136,248
319,187,136,248
319,187,136,248
319,191,136,248
324,191,136,248
324,191,136,248
324,191,136,248
324,191,136,248
324,196,136,248
324,196,136,248
324,196,136,248
324,196,136,248
324,200,136,248
324,200,136,248
324,200,136,248
324,196,136,248
319,196,136,248
319,196,136,248
319,196,136,248
324,200,136,248
328,200,136,248
332,200,136,248
336,200,136,248
341,200,136,248
349,200,136,248
358,200,136,248
362,200,136,248
375,200,136,248
379,200,136,248
383,200,136,248
383,200,136,248
387,200,136,248
392,204,136,248
392,204,136,248
392,204,136,248
400,204,136,248
400,204,136,248
409,204,136,248
409,204,136,248
410,203,143,261
413,201,143,261
422,201,143,261
417,201,143,261
422,201,143,261
422,206,143,261
422,211,143,261
426,211,143,261
426,215,143,261
431,215,143,261
431,215,143,261
431,215,143,261
431,215,143,261
431,215,143,261
431,220,143,261
426,220,143,261
426,220,143,261
426,220,143,261
426,220,143,261
431,220,143,261
435,220,143,261
440,220,143,261
449,215,143,261
453,215,143,261
462,215,143,261
467,215,143,261
467,215,143,261
467,215,143,261
476,215,143,261
480,215,143,261
485,215,143,261
489,220,143,261
494,220,143,261
494,220,143,261
502,220,143,261
502,220,143,261
502,220,143,261
502,220,143,261
502,220,143,261
502,220,143,261
502,220,143,261
507,220,143,261
507,220,143,261
511,225,143,261
520,225,143,261
525,230,143,261
525,230,143,261
529,230,143,261
525,230,143,261
525,230,143,261
525,230,143,261
520,234,143,261
516,234,143,261
516,234,143,261
511,234,143,261
511,234,143,261
511,239,143,261
511,239,143,261
502,234,143,261
502,239,143,261
502,239,143,261
502,230,143,261
498,234,143,261
494,234,143,261
494,230,143,261
489,230,143,261
494,230,143,261
489,230,143,261
485,234,143,261
480,230,143,261
480,230,143,261
480,230,143,261
476,230,143,261
467,230,143,261
467,230,143,261
462,230,143,261
462,230,143,261
458,230,143,261
453,230,143,261
444,230,143,261
440,230,143,261
435,230,143,261
431,225,143,261
431,225,143,261
426,225,143,261
426,225,143,261
422,225,143,261
422,225,143,261
417,220,143,261
408,215,143,261
404,211,143,261
395,211,143,261
390,206,143,261
386,206,143,261
377,192,143,261
373,192,143,261
373,192,143,261
373,187,143,261
368,187,143,261
368,183,143,261
368,183,143,261
368,187,143,261
368,183,143,261
368,187,143,261
368,187,143,261
368,187,143,261
373,187,143,261
373,187,143,261
377,183,143,261
377,183,143,261
381,183,143,261
381,183,143,261
386,183,143,261
390,187,143,261
395,183,143,261
395,183,143,261
399,187,143,261
399,183,143,261
404,192,143,261
404,192,143,261
404,192,143,261
408,197,143,261
408,197,143,261
408,197,143,261
413,192,143,261
413,197,143,261
408,197,143,261
413,197,143,261
413,197,143,261
413,197,143,261
413,197,143,261
413,197,143,261
413,197,143,261
413,201,143,261
417,201,143,261
417,201,143,261
417,206,143,261
422,206,143,261
422,201,143,261
431,201,143,261
431,201,143,261
435,201,143,261
440,201,143,261
440,201,143,261
446,200,151,275
445,198,151,275
449,202,151,275
449,202,151,275
454,207,151,275
459,207,151,275
463,202,151,275
473,202,151,275
473,207,151,275
478,207,151,275
492,202,151,275
492,207,151,275
501,207,151,275
511,207,151,275
511,207,151,275
525,207,151,275
530,207,151,275
534,207,151,275
544,202,151,275
553,207,151,275
563,207,151,275
569,206,159,290
573,213,159,290
578,203,159,290
583,213,159,290
598,219,159,290
608,219,159,290
613,224,159,290
618,229,159,290
623,229,159,290
630,227,167,306
630,219,167,306
635,219,167,306
641,214,167,306
651,208,167,306
667,203,167,306
672,198,167,306
672,198,167,306
672,203,167,306
677,203,167,306
672,203,167,306
677,203,167,306
683,203,167,306
683,198,167,306
688,203,167,306
684,190,177,323
686,191,177,323
686,191,177,323
692,191,177,323
692,191,177,323
697,197,177,323
697,197,177,323
703,197,177,323
703,197,177,323
709,202,177,323
714,202,177,323
714,197,177,323
709,197,177,323
709,197,177,323
709,197,177,323
703,197,177,323
703,197,177,323
697,197,177,323
697,197,177,323
697,197,177,323
697,197,177,323
694,195,186,340
688,195,186,340
688,195,186,340
688,195,186,340
688,201,186,340
688,207,186,340
679,199,196,358
670,199,196,358
664,193,196,358
627,193,196,358
627,193,196,358
615,193,196,358
609,193,196,358
603,193,196,358
590,180,196,358
584,186,196,358
578,186,196,358
572,186,196,358
562,178,207,378
551,169,207,378
545,176,207,378
538,176,207,378
532,183,207,378
519,190,207,378
499,190,207,378
486,183,207,378
480,183,207,378
467,183,207,378
460,183,207,378
454,190,207,378
447,183,207,378
434,190,207,378
421,190,207,378
409,190,207,378
402,190,207,378
389,190,207,378
376,190,207,378
376,163,207,378
376,163,207,378
376,163,207,378
363,190,207,378
357,190,207,378
350,190,207,378
337,190,207,378
331,183,207,378
324,176,207,378
324,176,207,378
305,176,207,378
298,176,207,378
298,176,207,378
292,183,207,378
266,176,207,378
266,183,207,378
260,183,207,378
240,176,207,378
234,176,207,378
221,176,207,378
227,176,207,378
227,169,207,378
227,163,207,378
227,163,207,378
227,163,207,378
227,163,207,378
234,163,207,378
234,163,207,378
234,163,207,378
