549,291,45,126
549,291,45,126
549,291,45,126
548,293,45,126
546,294,45,126
543,295,45,126
541,297,45,126
539,297,45,126
539,297,45,126
536,297,45,126
535,297,45,126
533,297,45,126
532,295,45,126
531,295,45,126
529,295,45,126
529,295,45,126
529,295,45,126
528,295,45,126
528,295,45,126
528,295,45,126
528,295,45,126
528,295,45,126
528,295,45,126
528,294,45,126
528,294,45,126
526,294,45,126
528,294,45,126
528,294,45,126
529,294,45,126
529,293,45,126
529,293,45,126
529,293,45,126
529,293,45,126
529,291,45,126
529,291,45,126
531,291,45,126
531,291,45,126
531,291,45,126
531,291,45,126
532,291,45,126
532,291,45,126
532,291,45,126
532,291,45,126
532,291,45,126
532,291,45,126
532,291,45,126
532,291,45,126
532,291,45,126
532,291,45,126
532,290,45,126
531,291,45,126
531,291,45,126
531,290,45,126
531,290,45,126
531,290,45,126
531,290,45,126
531,290,45,126
531,291,45,126
531,290,45,126
531,290,45,126
531,290,45,126
531,290,45,126
530,287,47,132
530,286,47,132
530,286,47,132
530,286,47,132
530,286,47,132
530,286,47,132
530,286,47,132
530,286,47,132
530,286,47,132
530,286,47,132
530,286,47,132
530,286,47,132
530,286,47,132
530,286,47,132
530,286,47,132
530,286,47,132
530,286,47,132
530,286,47,132
530,286,47,132
530,286,47,132
530,286,47,132
530,286,47,132
530,286,47,132
530,286,47,132
530,286,47,132
530,286,47,132
530,286,47,132
530,286,47,132
530,286,47,132
530,286,47,132
530,286,47,132
530,286,47,132
530,286,47,132
530,286,47,132
530,286,47,132
530,286,47,132
530,286,47,132
530,286,47,132
530,284,47,132
530,286,47,132
530,284,47,132
530,284,47,132
530,284,47,132
530,284,47,132
530,284,47,132
530,284,47,132
530,284,47,132
530,284,47,132
530,284,47,132
530,284,47,132
530,284,47,132
530,284,47,132
530,284,47,132
530,284,47,132
530,284,47,132
530,284,47,132
530,284,47,132
529,282,49,139
529,279,49,139
529,279,49,139
529,279,49,139
529,279,49,139
529,279,49,139
528,276,52,147
527,275,52,147
527,275,52,147
527,275,52,147
527,275,52,147
527,275,52,147
526,275,52,147
526,275,52,147
526,274,52,147
526,274,52,147
526,274,52,147
526,274,52,147
526,274,52,147
526,274,52,147
526,274,52,147
526,274,52,147
527,274,52,147
527,274,52,147
527,274,52,147
529,274,52,147
529,274,52,147
531,274,52,147
531,274,52,147
532,274,52,147
532,274,52,147
534,274,52,147
536,274,52,147
537,271,55,155
537,273,55,155
530,273,55,155
518,273,55,155
500,273,55,155
467,273,55,155
431,271,55,155
403,271,55,155
384,269,55,155
375,271,55,155
367,271,55,155
365,269,55,155
365,271,55,155
368,271,55,155
368,271,55,155
367,271,55,155
367,271,55,155
367,271,55,155
367,271,55,155
367,271,55,155
367,271,55,155
367,271,55,155
367,271,55,155
365,271,55,155
367,271,55,155
367,269,55,155
367,271,55,155
367,271,55,155
367,271,55,155
367,271,55,155
367,271,55,155
367,271,55,155
367,271,55,155
367,271,55,155
365,271,55,155
365,271,55,155
365,271,55,155
365,271,55,155
365,271,55,155
365,271,55,155
365,271,55,155
365,269,55,155
365,271,55,155
365,271,55,155
365,271,55,155
365,269,55,155
365,269,55,155
365,269,55,155
365,269,55,155
365,269,55,155
365,269,55,155
365,271,55,155
365,269,55,155
365,269,55,155
365,271,55,155
365,269,55,155
365,269,55,155
365,269,55,155
365,269,55,155
365,269,55,155
365,269,55,155
365,269,55,155
365,269,55,155
365,269,55,155
365,269,55,155
365,269,55,155
365,269,55,155
365,269,55,155
365,269,55,155
365,271,55,155
365,271,55,155
365,271,55,155
365,269,55,155
365,269,55,155
365,269,55,155
365,269,55,155
365,269,55,155
365,269,55,155
365,269,55,155
365,269,55,155
365,269,55,155
365,269,55,155
365,269,55,155
365,269,55,155
365,269,55,155
365,269,55,155
365,269,55,155
365,269,55,155
365,269,55,155
365,269,55,155
365,269,55,155
365,269,55,155
365,269,55,155
365,269,55,155
365,271,55,155
365,271,55,155
365,271,55,155
365,271,55,155
363,271,55,155
363,271,55,155
363,271,55,155
363,271,55,155
363,271,55,155
363,271,55,155
363,271,55,155
363,271,55,155
363,271,55,155
363,271,55,155
363,271,55,155
363,271,55,155
363,271,55,155
363,271,55,155
363,271,55,155
363,271,55,155
363,271,55,155
363,271,55,155
363,271,55,155
361,271,55,155
361,271,55,155
361,271,55,155
361,271,55,155
361,271,55,155
361,271,55,155
361,271,55,155
361,271,55,155
361,271,55,155
361,271,55,155
361,271,55,155
361,273,55,155
361,271,55,155
361,271,55,155
361,271,55,155
361,271,55,155
361,271,55,155
361,271,55,155
361,273,55,155
361,271,55,155
361,271,55,155
361,271,55,155
361,271,55,155
361,271,55,155
361,271,55,155
361,271,55,155
361,271,55,155
361,271,55,155
361,271,55,155
361,271,55,155
361,271,55,155
361,271,55,155
361,271,55,155
361,271,55,155
361,273,55,155
361,273,55,155
361,273,55,155
361,273,55,155
361,273,55,155
361,274,55,155
361,274,55,155
361,274,55,155
361,274,55,155
361,274,55,155
361,274,55,155
361,274,55,155
361,274,55,155
361,276,55,155
361,276,55,155
361,276,55,155
361,276,55,155
361,276,55,155
361,276,55,155
361,276,55,155
361,276,55,155
361,276,55,155
361,276,55,155
361,276,55,155
361,276,55,155
361,276,55,155
361,276,55,155
361,276,55,155
361,276,55,155
361,276,55,155
361,276,55,155
361,278,55,155
361,278,55,155
361,278,55,155
361,276,55,155
361,278,55,155
361,276,55,155
361,276,55,155
360,278,55,155
361,276,55,155
361,276,55,155
361,276,55,155
361,276,55,155
361,276,55,155
361,276,55,155
361,276,55,155
361,276,55,155
361,278,55,155
361,276,55,155
361,276,55,155
361,276,55,155
361,278,55,155
361,278,55,155
361,276,55,155
361,278,55,155
361,276,55,155
361,276,55,155
361,276,55,155
361,274,55,155
361,274,55,155
361,273,55,155
361,274,55,155
361,274,55,155
361,273,55,155
361,273,55,155
361,273,55,155
363,273,55,155
363,273,55,155
363,273,55,155
363,273,55,155
363,271,55,155
363,271,55,155
363,271,55,155
363,271,55,155
363,271,55,155
363,271,55,155
363,271,55,155
363,271,55,155
363,271,55,155
363,271,55,155
363,271,55,155
363,271,55,155
363,271,55,155
363,271,55,155
363,271,55,155
363,271,55,155
363,271,55,155
363,269,55,155
365,271,55,155
365,269,55,155
363,269,55,155
363,269,55,155
365,269,55,155
363,269,55,155
363,269,55,155
363,269,55,155
363,269,55,155
363,269,55,155
363,269,55,155
361,269,55,155
361,269,55,155
361,271,55,155
361,271,55,155
361,271,55,155
360,271,55,155
360,271,55,155
360,271,55,155
360,273,55,155
361,273,55,155
361,273,55,155
361,273,55,155
363,273,55,155
365,273,55,155
367,273,55,155
370,273,55,155
374,273,55,155
379,273,55,155
381,273,55,155
384,273,55,155
389,273,55,155
391,271,55,155
394,271,55,155
396,271,55,155
398,273,55,155
400,273,55,155
403,273,55,155
405,273,55,155
407,274,55,155
410,274,55,155
414,274,55,155
417,274,55,155
420,276,55,155
422,276,55,155
424,276,55,155
433,271,55,155
433,269,55,155
467,271,55,155
469,271,55,155
469,271,55,155
469,271,55,155
469,271,55,155
469,273,55,155
469,271,55,155
471,271,55,155
471,271,55,155
471,271,55,155
473,269,55,155
473,269,55,155
474,269,55,155
473,271,55,155
474,271,55,155
473,271,55,155
469,271,55,155
469,271,55,155
469,271,55,155
467,271,55,155
469,271,55,155
471,271,55,155
473,274,55,155
474,273,55,155
478,276,55,155
473,264,55,155
474,264,55,155
474,264,55,155
476,259,58,163
476,256,58,163
476,256,58,163
476,248,65,182
476,245,65,182
476,245,65,182
474,243,65,182
476,241,65,182
476,241,65,182
476,241,65,182
476,241,65,182
476,241,65,182
475,237,68,191
476,236,68,191
474,236,68,191
476,234,68,191
478,236,68,191
480,234,68,191
480,234,68,191
480,236,68,191
482,236,68,191
482,236,68,191
485,236,68,191
487,236,68,191
487,236,68,191
487,238,68,191
487,236,68,191
489,238,68,191
487,238,68,191
482,236,68,191
482,236,68,191
482,236,68,191
482,236,68,191
461,238,68,191
459,238,68,191
457,240,68,191
455,240,68,191
452,243,68,191
452,243,68,191
448,245,68,191
448,243,68,191
446,243,68,191
442,243,68,191
440,243,68,191
437,240,68,191
435,240,68,191
435,238,68,191
433,240,68,191
431,240,68,191
429,240,68,191
431,245,68,191
427,243,68,191
425,243,68,191
422,245,68,191
420,247,68,191
416,247,68,191
414,247,68,191
412,247,68,191
410,247,68,191
407,249,68,191
405,247,68,191
405,247,68,191
403,249,68,191
403,247,68,191
401,245,68,191
401,245,68,191
401,245,68,191
401,245,68,191
399,245,68,191
399,245,68,191
399,245,68,191
399,245,68,191
399,243,68,191
399,243,68,191
399,243,68,191
401,245,68,191
401,243,68,191
399,243,68,191
399,243,68,191
399,245,68,191
399,245,68,191
399,245,68,191
399,245,68,191
399,245,68,191
399,245,68,191
399,245,68,191
399,245,68,191
399,245,68,191
399,245,68,191
399,245,68,191
399,245,68,191
399,245,68,191
399,247,68,191
399,245,68,191
399,245,68,191
399,245,68,191
399,245,68,191
399,245,68,191
399,245,68,191
399,245,68,191
399,245,68,191
399,245,68,191
399,245,68,191
399,245,68,191
397,245,68,191
397,245,68,191
397,245,68,191
397,245,68,191
506,236,68,191
506,236,68,191
506,236,68,191
506,236,68,191
506,236,68,191
504,236,68,191
504,238,68,191
504,236,68,191
504,238,68,191
504,236,68,191
504,238,68,191
504,238,68,191
504,238,68,191
504,238,68,191
504,238,68,191
502,238,68,191
502,238,68,191
395,245,68,191
502,238,68,191
502,238,68,191
502,238,68,191
502,238,68,191
502,238,68,191
502,238,68,191
502,238,68,191
502,238,68,191
395,245,68,191
502,238,68,191
500,238,68,191
502,238,68,191
502,238,68,191
502,238,68,191
502,238,68,191
502,238,68,191
502,238,68,191
502,238,68,191
502,238,68,191
502,238,68,191
502,238,68,191
504,240,68,191
502,238,68,191
502,238,68,191
502,240,68,191
500,240,68,191
500,240,68,191
500,240,68,191
500,238,68,191
500,238,68,191
497,240,68,191
497,240,68,191
497,240,68,191
495,240,68,191
495,240,68,191
495,240,68,191
493,240,68,191
493,240,68,191
491,240,68,191
491,240,68,191
489,240,68,191
485,243,68,191
485,243,68,191
485,243,68,191
482,243,68,191
478,243,68,191
474,240,68,191
470,243,68,191
467,245,68,191
463,247,68,191
461,247,68,191
457,247,68,191
452,247,68,191
448,245,68,191
444,245,68,191
442,245,68,191
437,240,68,191
435,240,68,191
431,240,68,191
429,240,68,191
425,240,68,191
422,240,68,191
416,240,68,191
390,247,68,191
390,247,68,191
397,245,68,191
397,245,68,191
390,249,68,191
388,245,68,191
397,245,68,191
397,245,68,191
397,247,68,191
395,245,68,191
362,243,68,191
360,243,68,191
356,245,68,191
352,247,68,191
345,247,68,191
341,247,68,191
337,249,68,191
332,249,68,191
328,249,68,191
324,247,68,191
324,249,68,191
320,247,68,191
313,251,68,191
311,243,68,191
305,245,68,191
300,243,68,191
296,247,68,191
292,245,68,191
288,247,68,191
283,247,68,191
279,247,68,191
273,249,68,191
273,251,68,191
266,251,68,191
260,251,68,191
253,249,68,191
247,247,68,191
245,247,68,191
245,247,68,191
240,249,68,191
236,249,68,191
236,251,68,191
225,249,68,191
225,249,68,191
223,251,68,191
219,249,68,191
217,249,68,191
215,249,68,191
213,249,68,191
208,251,68,191
202,249,68,191
200,249,68,191
198,249,68,191
193,249,68,191
191,249,68,191
189,251,68,191
185,253,68,191
183,253,68,191
180,253,68,191
178,253,68,191
176,253,68,191
174,253,68,191
172,253,68,191
170,253,68,191
165,253,68,191
163,253,68,191
163,253,68,191
161,253,68,191
153,251,68,191
150,251,68,191
148,253,68,191
148,256,68,191
146,256,68,191
146,256,68,191
144,256,68,191
142,256,68,191
142,256,68,191
140,256,68,191
140,256,68,191
140,256,68,191
140,256,68,191
140,256,68,191
140,256,68,191
138,256,68,191
138,256,68,191
135,256,68,191
135,256,68,191
135,256,68,191
135,258,68,191
133,258,68,191
133,256,68,191
133,258,68,191
133,258,68,191
131,258,68,191
131,258,68,191
133,256,68,191
133,258,68,191
131,258,68,191
133,258,68,191
133,258,68,191
135,258,68,191
135,258,68,191
135,260,68,191
135,260,68,191
135,260,68,191
138,258,68,191
138,258,68,191
138,258,68,191
140,258,68,191
140,258,68,191
140,258,68,191
140,258,68,191
142,258,68,191
142,258,68,191
142,258,68,191
142,258,68,191
142,258,68,191
144,258,68,191
144,258,68,191
144,258,68,191
146,258,68,191
148,258,68,191
148,260,68,191
150,258,68,191
153,258,68,191
155,258,68,191
155,258,68,191
157,258,68,191
159,258,68,191
159,258,68,191
161,260,68,191
161,260,68,191
163,258,68,191
163,258,68,191
163,258,68,191
163,258,68,191
163,258,68,191
168,258,68,191
168,258,68,191
170,258,68,191
172,258,68,191
174,258,68,191
174,258,68,191
174,258,68,191
176,258,68,191
176,258,68,191
176,260,68,191
178,260,68,191
178,258,68,191
178,260,68,191
178,260,68,191
178,260,68,191
180,260,68,191
180,260,68,191
180,258,68,191
180,258,68,191
180,260,68,191
180,260,68,191
180,260,68,191
183,260,68,191
183,258,68,191
183,260,68,191
183,258,68,191
183,258,68,191
198,253,68,191
198,253,68,191
198,253,68,191
198,253,68,191
198,253,68,191
198,253,68,191
198,256,68,191
200,256,68,191
200,256,68,191
200,256,68,191
200,256,68,191
200,256,68,191
200,256,68,191
200,256,68,191
200,256,68,191
200,256,68,191
198,256,68,191
200,256,68,191
200,256,68,191
200,256,68,191
200,256,68,191
200,256,68,191
200,256,68,191
200,256,68,191
200,256,68,191
200,256,68,191
200,256,68,191
200,256,68,191
200,256,68,191
200,256,68,191
200,256,68,191
200,256,68,191
200,256,68,191
200,256,68,191
200,256,68,191
200,256,68,191
200,256,68,191
200,256,68,191
200,256,68,191
200,256,68,191
200,256,68,191
200,256,68,191
200,256,68,191
200,256,68,191
200,256,68,191
202,256,68,191
200,256,68,191
202,256,68,191
200,256,68,191
202,256,68,191
200,256,68,191
200,256,68,191
200,256,68,191
200,256,68,191
200,256,68,191
200,256,68,191
200,256,68,191
200,256,68,191
200,256,68,191
202,256,68,191
202,256,68,191
202,256,68,191
202,256,68,191
202,256,68,191
202,256,68,191
202,256,68,191
202,253,68,191
202,253,68,191
202,253,68,191
202,256,68,191
202,256,68,191
202,256,68,191
202,256,68,191
202,256,68,191
202,256,68,191
202,256,68,191
204,253,68,191
202,256,68,191
202,256,68,191
202,256,68,191
202,256,68,191
202,256,68,191
202,256,68,191
202,256,68,191
202,258,68,191
202,256,68,191
202,256,68,191
202,256,68,191
202,256,68,191
202,256,68,191
202,256,68,191
202,253,68,191
202,253,68,191
202,253,68,191
202,253,68,191
202,253,68,191
202,256,68,191
202,253,68,191
202,256,68,191
202,253,68,191
204,256,68,191
202,253,68,191
204,256,68,191
204,256,68,191
204,253,68,191
204,253,68,191
204,253,68,191
204,253,68,191
204,256,68,191
204,256,68,191
204,256,68,191
204,256,68,191
204,253,68,191
204,256,68,191
204,256,68,191
204,256,68,191
204,256,68,191
204,253,68,191
204,256,68,191
204,256,68,191
204,256,68,191
204,256,68,191
204,256,68,191
279,245,68,191
281,247,68,191
281,245,68,191
281,245,68,191
288,247,68,191
288,247,68,191
288,245,68,191
288,245,68,191
288,245,68,191
288,245,68,191
367,334,68,191
367,336,68,191
367,332,68,191
367,336,68,191
303,245,68,191
303,245,68,191
305,245,68,191
305,245,68,191
305,245,68,191
307,245,68,191
307,245,68,191
307,245,68,191
311,247,68,191
311,245,68,191
365,334,68,191
475,234,72,202
472,226,72,202
470,228,72,202
469,224,76,213
467,219,76,213
467,223,76,213
467,221,76,213
469,223,76,213
481,221,76,213
476,221,76,213
469,223,76,213
467,221,76,213
466,216,80,224
457,210,80,224
444,210,80,224
444,212,80,224
442,212,80,224
444,210,80,224
419,210,80,224
419,210,80,224
414,210,80,224
409,205,80,224
404,207,80,224
397,207,80,224
392,207,80,224
389,207,80,224
382,207,80,224
381,207,84,236
378,208,84,236
373,205,84,236
376,205,84,236
371,205,84,236
376,205,84,236
352,208,84,236
349,208,84,236
347,208,84,236
341,208,84,236
341,205,84,236
336,210,84,236
315,200,84,236
310,200,84,236
310,202,84,236
302,202,84,236
297,200,84,236
297,208,84,236
289,208,84,236
278,205,84,236
275,205,84,236
267,205,84,236
254,205,84,236
254,208,84,236
257,208,84,236
249,213,84,236
236,208,84,236
225,210,84,236
223,210,84,236
223,208,84,236
209,208,84,236
207,208,84,236
199,208,84,236
191,208,84,236
183,208,84,236
180,210,84,236
175,213,84,236
167,213,84,236
159,219,84,236
146,213,84,236
141,213,84,236
135,213,84,236
139,210,89,249
137,202,89,249
126,216,89,249
126,205,89,249
120,205,89,249
106,210,89,249
104,208,89,249
95,208,89,249
84,208,89,249
62,208,89,249
56,208,89,249
53,210,89,249
46,205,93,263
39,195,93,263
18,198,93,263
12,198,93,263
3,198,93,263
1,198,93,263
1,198,93,263
1,198,93,263
1,201,93,263
1,201,93,263
1,201,93,263
1,201,93,263
118,189,93,263
118,189,93,263
121,189,93,263
118,189,93,263
121,192,93,263
121,192,93,263
121,189,93,263
121,192,93,263
121,192,93,263
121,189,93,263
121,189,93,263
121,192,93,263
121,192,93,263
121,192,93,263
121,192,93,263
121,192,93,263
121,192,93,263
121,192,93,263
121,192,93,263
121,192,93,263
121,192,93,263
121,192,93,263
118,189,93,263
121,186,93,263
121,192,93,263
121,189,93,263
121,192,93,263
121,192,93,263
118,192,93,263
121,192,93,263
121,192,93,263
121,192,93,263
121,192,93,263
121,192,93,263
121,189,93,263
118,195,93,263
121,192,93,263
121,195,93,263
118,192,93,263
121,192,93,263
121,192,93,263
121,192,93,263
121,192,93,263
121,192,93,263
121,192,93,263
121,192,93,263
121,192,93,263
118,192,93,263
118,192,93,263
121,192,93,263
121,192,93,263
121,192,93,263
121,192,93,263
121,192,93,263
121,192,93,263
121,192,93,263
121,192,93,263
121,192,93,263
118,192,93,263
118,192,93,263
118,192,93,263
118,192,93,263
121,192,93,263
118,189,93,263
121,192,93,263
124,192,93,263
118,192,93,263
121,192,93,263
121,192,93,263
121,192,93,263
121,192,93,263
121,192,93,263
121,192,93,263
121,192,93,263
121,189,93,263
121,195,93,263
121,192,93,263
121,195,93,263
121,192,93,263
121,195,93,263
121,192,93,263
121,192,93,263
121,192,93,263
121,192,93,263
121,192,93,263
121,192,93,263
121,192,93,263
121,192,93,263
121,192,93,263
121,192,93,263
121,195,93,263
121,192,93,263
121,192,93,263
121,192,93,263
121,192,93,263
121,195,93,263
121,192,93,263
121,192,93,263
121,192,93,263
121,192,93,263
121,192,93,263
121,192,93,263
121,192,93,263
121,192,93,263
121,192,93,263
121,195,93,263
121,195,93,263
121,189,93,263
121,192,93,263
118,189,93,263
118,192,93,263
118,189,93,263
118,192,93,263
118,192,93,263
121,192,93,263
118,192,93,263
121,192,93,263
118,192,93,263
118,192,93,263
118,192,93,263
118,192,93,263
115,192,93,263
115,189,93,263
115,189,93,263
115,189,93,263
118,192,93,263
118,192,93,263
115,189,93,263
118,192,93,263
118,192,93,263
121,192,93,263
118,189,93,263
121,192,93,263
118,189,93,263
118,192,93,263
118,192,93,263
118,192,93,263
118,192,93,263
118,192,93,263
118,192,93,263
121,192,93,263
118,189,93,263
118,189,93,263
118,192,93,263
121,192,93,263
121,192,93,263
121,192,93,263
121,192,93,263
121,192,93,263
121,192,93,263
121,192,93,263
118,192,93,263
121,192,93,263
121,192,93,263
121,192,93,263
121,189,93,263
121,189,93,263
121,192,93,263
121,192,93,263
118,192,93,263
121,192,93,263
121,192,93,263
121,192,93,263
121,192,93,263
121,192,93,263
121,192,93,263
121,192,93,263
118,189,93,263
121,192,93,263
118,192,93,263
115,192,93,263
118,192,93,263
118,192,93,263
118,192,93,263
118,189,93,263
118,189,93,263
115,192,93,263
115,192,93,263
118,192,93,263
118,192,93,263
118,192,93,263
118,189,93,263
118,192,93,263
118,192,93,263
118,192,93,263
118,192,93,263
118,192,93,263
118,192,93,263
118,192,93,263
118,192,93,263
118,192,93,263
118,192,93,263
118,192,93,263
118,189,93,263
118,192,93,263
118,189,93,263
118,192,93,263
118,189,93,263
115,192,93,263
118,192,93,263
118,192,93,263
118,192,93,263
118,192,93,263
118,192,93,263
115,192,93,263
118,192,93,263
118,192,93,263
118,192,93,263
118,189,93,263
115,192,93,263
115,189,93,263
115,189,93,263
115,189,93,263
118,189,93,263
118,192,93,263
118,192,93,263
118,189,93,263
118,192,93,263
118,192,93,263
118,189,93,263
118,192,93,263
118,192,93,263
118,192,93,263
118,192,93,263
118,189,93,263
115,189,93,263
118,189,93,263
118,189,93,263
118,192,93,263
118,192,93,263
115,189,93,263
115,189,93,263
115,189,93,263
115,189,93,263
118,189,93,263
115,189,93,263
115,189,93,263
118,189,93,263
118,189,93,263
118,192,93,263
118,192,93,263
115,189,93,263
118,192,93,263
118,192,93,263
118,192,93,263
115,192,93,263
118,189,93,263
115,192,93,263
118,192,93,263
118,189,93,263
118,189,93,263
118,189,93,263
118,192,93,263
118,192,93,263
118,192,93,263
118,192,93,263
118,192,93,263
118,192,93,263
118,192,93,263
118,192,93,263
118,192,93,263
118,192,93,263
118,189,93,263
115,189,93,263
115,189,93,263
115,189,93,263
115,189,93,263
115,189,93,263
115,189,93,263
118,192,93,263
232,297,93,263
118,192,93,263
115,189,93,263
115,192,93,263
115,192,93,263
115,192,93,263
115,192,93,263
115,192,93,263
118,192,93,263
115,192,93,263
121,192,93,263
118,192,93,263
115,192,93,263
115,192,93,263
118,189,93,263
115,192,93,263
115,192,93,263
115,192,93,263
115,192,93,263
115,189,93,263
112,195,93,263
94,192,93,263
94,192,93,263
86,195,93,263
89,195,93,263
83,195,93,263
118,302,93,263
74,195,93,263
112,192,93,263
68,192,93,263
62,195,93,263
103,311,93,263
53,195,93,263
97,311,93,263
115,192,93,263
115,192,93,263
112,192,93,263
27,198,93,263
115,192,93,263
18,198,93,263
121,186,93,263
71,311,93,263
3,195,93,263
1,195,93,263
21,192,93,263
18,195,93,263
21,198,93,263
15,198,93,263
3,189,93,263
3,189,93,263
115,192,93,263
118,192,93,263
118,192,93,263
118,192,93,263
118,192,93,263
118,192,93,263
118,192,93,263
118,192,93,263
118,192,93,263
118,189,93,263
94,189,93,263
118,189,93,263
115,189,93,263
94,192,93,263
94,192,93,263
94,192,93,263
94,192,93,263
121,192,93,263
112,195,93,263
109,195,93,263
97,192,93,263
94,192,93,263
89,195,93,263
74,195,93,263
74,195,93,263
3,195,93,263
6,192,93,263
6,195,93,263
3,195,93,263
30,195,93,263
27,198,93,263
15,195,93,263
3,195,93,263
3,192,93,263
3,192,93,263
3,195,93,263
3,195,93,263
9,198,93,263
9,198,93,263
3,198,93,263
3,192,93,263
3,198,93,263
3,195,93,263
89,192,93,263
89,192,93,263
89,192,93,263
89,192,93,263
89,192,93,263
89,192,93,263
89,189,93,263
27,249,93,263
42,311,93,263
1,198,93,263
3,198,93,263
3,198,93,263
3,198,93,263
21,198,93,263
27,195,93,263
39,195,93,263
24,195,93,263
24,195,93,263
42,198,93,263
45,198,93,263
47,198,93,263
50,195,93,263
74,198,93,263
80,195,93,263
86,195,93,263
86,192,93,263
112,192,93,263
92,192,93,263
112,195,93,263
124,204,93,263
136,201,93,263
144,204,93,263
139,189,93,263
162,192,93,263
162,192,93,263
177,189,93,263
174,192,93,263
180,192,93,263
186,192,93,263
191,192,93,263
200,186,93,263
212,186,93,263
224,183,93,263
235,186,93,263
238,183,93,263
250,183,93,263
256,189,93,263
282,180,93,263
282,183,93,263
291,183,93,263
300,180,93,263
324,180,93,263
338,174,93,263
338,177,93,263
341,177,93,263
353,183,93,263
382,180,93,263
391,183,93,263
385,183,93,263
397,180,93,263
415,180,93,263
429,177,93,263
441,183,93,263
447,180,93,263
462,177,93,263
470,180,93,263
488,177,93,263
488,174,93,263
523,171,93,263
533,156,99,277
542,155,99,277
555,152,99,277
579,152,99,277
589,155,99,277
598,155,99,277
610,158,99,277
620,158,99,277
638,155,99,277
652,155,104,292
679,147,104,292
692,143,104,292
718,140,104,292
728,137,104,292
738,140,104,292
744,143,104,292
770,143,104,292
796,127,104,292
826,130,104,292
852,130,104,292
852,130,104,292
735,137,104,292
738,137,104,292
738,137,104,292
735,137,104,292
741,137,104,292
738,137,104,292
738,137,104,292
721,137,104,292
735,133,104,292
738,137,104,292
735,137,104,292
721,140,104,292
738,137,104,292
738,137,104,292
735,133,104,292
741,137,104,292
738,137,104,292
738,133,104,292
741,137,104,292
728,137,104,292
725,140,104,292
728,140,104,292
728,133,104,292
728,133,104,292
728,137,104,292
728,140,104,292
728,137,104,292
728,137,104,292
735,137,104,292
728,140,104,292
728,140,104,292
728,140,104,292
738,120,104,292
845,7,104,292
845,7,104,292
845,7,104,292
845,7,104,292
735,137,104,292
845,10,104,292
845,7,104,292
845,7,104,292
845,7,104,292
849,10,104,292
849,10,104,292
845,7,104,292
849,10,104,292
849,10,104,292
845,10,104,292
845,14,104,292
845,7,104,292
845,7,104,292
845,7,104,292
849,7,104,292
849,14,104,292
849,7,104,292
849,7,104,292
849,7,104,292
849,7,104,292
849,7,104,292
849,10,104,292
849,14,104,292
845,14,104,292
849,7,104,292
849,7,104,292
849,7,104,292
849,14,104,292
845,7,104,292
849,10,104,292
849,10,104,292
849,10,104,292
845,7,104,292
849,10,104,292
849,10,104,292
845,7,104,292
845,7,104,292
845,7,104,292
849,10,104,292
849,10,104,292
849,7,104,292
849,7,104,292
849,7,104,292
738,133,104,292
738,133,104,292
738,133,104,292
738,133,104,292
738,133,104,292
738,133,104,292
738,137,104,292
738,137,104,292
738,133,104,292
738,133,104,292
738,140,104,292
738,133,104,292
738,140,104,292
738,140,104,292
738,140,104,292
744,133,104,292
735,140,104,292
738,140,104,292
761,137,104,292
738,137,104,292
744,133,104,292
741,140,104,292
738,133,104,292
849,10,104,292
849,10,104,292
735,137,104,292
849,10,104,292
738,133,104,292
738,133,104,292
735,137,104,292
735,137,104,292
738,140,104,292
735,137,104,292
738,133,104,292
738,133,104,292
738,133,104,292
738,133,104,292
738,133,104,292
738,133,104,292
738,133,104,292
738,140,104,292
738,140,104,292
738,140,104,292
741,140,104,292
738,140,104,292
738,140,104,292
738,140,104,292
761,137,104,292
741,140,104,292
738,140,104,292
741,140,104,292
741,140,104,292
738,140,104,292
738,140,104,292
738,140,104,292
738,140,104,292
738,140,104,292
738,140,104,292
741,140,104,292
738,140,104,292
738,140,104,292
738,140,104,292
738,140,104,292
738,140,104,292
741,140,104,292
735,140,104,292
741,140,104,292
735,137,104,292
741,140,104,292
738,140,104,292
738,140,104,292
738,140,104,292
738,137,104,292
735,137,104,292
735,140,104,292
735,133,104,292
735,140,104,292
735,137,104,292
735,140,104,292
735,140,104,292
744,140,104,292
748,140,104,292
748,140,104,292
741,140,104,292
741,140,104,292
741,140,104,292
741,140,104,292
741,140,104,292
738,140,104,292
738,130,104,292
738,140,104,292
738,140,104,292
738,140,104,292
738,140,104,292
738,140,104,292
735,137,104,292
738,137,104,292
744,140,104,292
738,137,104,292
738,137,104,292
738,140,104,292
738,140,104,292
735,140,104,292
735,140,104,292
738,140,104,292
738,137,104,292
735,137,104,292
735,140,104,292
735,137,104,292
738,137,104,292
735,137,104,292
735,140,104,292
738,137,104,292
738,140,104,292
738,140,104,292
738,137,104,292
738,137,104,292
738,130,104,292
738,137,104,292
738,137,104,292
744,137,104,292
738,130,104,292
738,133,104,292
738,137,104,292
738,137,104,292
738,140,104,292
741,133,104,292
738,140,104,292
738,140,104,292
738,140,104,292
738,140,104,292
738,140,104,292
738,140,104,292
738,140,104,292
738,140,104,292
738,140,104,292
738,140,104,292
738,140,104,292
738,140,104,292
738,140,104,292
738,140,104,292
738,140,104,292
738,140,104,292
738,140,104,292
741,130,104,292
741,140,104,292
738,140,104,292
735,137,104,292
741,130,104,292
761,140,104,292
738,130,104,292
738,130,104,292
728,130,104,292
741,140,104,292
728,137,104,292
735,137,104,292
735,137,104,292
741,130,104,292
741,130,104,292
744,133,104,292
741,133,104,292
741,133,104,292
849,10,104,292
744,133,104,292
741,130,104,292
735,140,104,292
741,130,104,292
761,140,104,292
744,130,104,292
761,140,104,292
761,140,104,292
731,137,104,292
731,137,104,292
731,137,104,292
731,140,104,292
731,137,104,292
744,130,104,292
731,137,104,292
735,137,104,292
735,140,104,292
738,140,104,292
594,210,104,292
731,130,104,292
731,130,104,292
731,130,104,292
735,130,104,292
735,130,104,292
735,130,104,292
744,127,104,292
744,130,104,292
744,133,104,292
735,137,104,292
744,133,104,292
744,130,104,292
744,130,104,292
744,130,104,292
738,137,104,292
735,140,104,292
810,216,104,292
744,137,104,292
813,213,104,292
741,137,104,292
738,133,104,292
738,130,104,292
738,137,104,292
591,210,104,292
735,130,104,292
735,130,104,292
735,130,104,292
735,130,104,292
816,232,99,277
740,152,99,277
740,152,99,277
746,152,99,277
740,152,99,277
787,152,99,277
746,152,99,277
746,152,99,277
746,152,99,277
788,142,104,292
744,133,104,292
744,130,104,292
816,225,99,277
790,149,99,277
790,149,99,277
785,145,104,292
738,133,104,292
744,133,104,292
813,216,104,292
744,133,104,292
744,130,104,292
744,133,104,292
735,120,104,292
744,130,104,292
744,130,104,292
744,130,104,292
744,133,104,292
741,120,104,292
735,120,104,292
741,137,104,292
738,133,104,292
741,140,104,292
738,137,104,292
735,133,104,292
735,137,104,292
741,137,104,292
741,137,104,292
741,133,104,292
741,137,104,292
744,133,104,292
741,137,104,292
741,133,104,292
741,137,104,292
741,133,104,292
741,137,104,292
741,137,104,292
741,137,104,292
741,133,104,292
741,137,104,292
741,127,104,292
741,133,104,292
741,127,104,292
741,127,104,292
780,133,104,292
744,130,104,292
780,133,104,292
748,133,104,292
836,133,104,292
728,127,104,292
761,137,104,292
783,137,104,292
744,130,104,292
741,127,104,292
744,127,104,292
744,127,104,292
735,127,104,292
735,127,104,292
735,133,104,292
728,133,104,292
761,137,104,292
738,137,104,292
728,120,104,292
738,137,104,292
744,130,104,292
735,130,104,292
738,137,104,292
728,123,104,292
741,137,104,292
728,133,104,292
735,133,104,292
728,133,104,292
790,137,104,292
761,137,104,292
738,123,104,292
741,137,104,292
738,127,104,292
738,127,104,292
738,123,104,292
738,127,104,292
738,127,104,292
738,123,104,292
744,137,104,292
738,137,104,292
738,120,104,292
738,137,104,292
738,137,104,292
738,133,104,292
741,127,104,292
738,137,104,292
738,137,104,292
738,137,104,292
738,133,104,292
738,137,104,292
741,127,104,292
738,133,104,292
738,117,104,292
735,133,104,292
738,117,104,292
738,117,104,292
738,133,104,292
738,137,104,292
738,123,104,292
738,123,104,292
735,133,104,292
738,137,104,292
748,137,104,292
738,127,104,292
741,133,104,292
738,123,104,292
744,133,104,292
738,133,104,292
748,130,104,292
748,137,104,292
783,133,104,292
761,137,104,292
738,133,104,292
783,133,104,292
783,133,104,292
741,127,104,292
744,137,104,292
738,137,104,292
744,137,104,292
744,137,104,292
738,137,104,292
738,133,104,292
744,137,104,292
744,137,104,292
738,137,104,292
738,133,104,292
744,137,104,292
744,137,104,292
738,127,104,292
738,133,104,292
738,127,104,292
738,130,104,292
744,133,104,292
741,130,104,292
744,133,104,292
744,137,104,292
744,133,104,292
735,127,104,292
738,137,104,292
744,133,104,292
738,130,104,292
738,133,104,292
741,133,104,292
738,133,104,292
738,127,104,292
735,123,104,292
761,137,104,292
761,137,104,292
761,133,104,292
741,133,104,292
741,137,104,292
744,133,104,292
738,127,104,292
761,137,104,292
761,137,104,292
761,137,104,292
761,137,104,292
783,133,104,292
761,137,104,292
744,137,104,292
783,133,104,292
783,133,104,292
783,133,104,292
744,137,104,292
783,133,104,292
744,137,104,292
744,130,104,292
744,137,104,292
744,133,104,292
744,133,104,292
744,137,104,292
761,137,104,292
744,133,104,292
777,133,104,292
744,133,104,292
744,133,104,292
744,133,104,292
783,130,104,292
780,133,104,292
780,133,104,292
783,133,104,292
783,130,104,292
783,133,104,292
783,130,104,292
783,130,104,292
761,137,104,292
783,130,104,292
761,137,104,292
783,130,104,292
780,133,104,292
738,130,104,292
738,130,104,292
738,130,104,292
744,127,104,292
744,133,104,292
738,133,104,292
777,133,104,292
741,130,104,292
744,130,104,292
738,130,104,292
744,133,104,292
741,133,104,292
741,133,104,292
741,130,104,292
738,130,104,292
744,130,104,292
741,133,104,292
741,133,104,292
738,127,104,292
741,133,104,292
741,133,104,292
738,127,104,292
735,127,104,292
738,127,104,292
738,133,104,292
744,130,104,292
738,127,104,292
741,133,104,292
738,127,104,292
738,127,104,292
738,127,104,292
738,127,104,292
738,127,104,292
738,127,104,292
738,127,104,292
738,127,104,292
741,130,104,292
741,130,104,292
741,133,104,292
741,137,104,292
741,127,104,292
741,133,104,292
741,137,104,292
741,133,104,292
741,133,104,292
741,133,104,292
741,133,104,292
741,133,104,292
761,133,104,292
741,133,104,292
761,137,104,292
738,127,104,292
744,133,104,292
738,133,104,292
738,127,104,292
738,127,104,292
738,127,104,292
738,123,104,292
741,127,104,292
741,127,104,292
741,130,104,292
741,130,104,292
741,130,104,292
741,130,104,292
741,130,104,292
741,133,104,292
741,130,104,292
741,130,104,292
741,130,104,292
741,130,104,292
741,130,104,292
738,130,104,292
738,130,104,292
741,133,104,292
738,133,104,292
777,133,104,292
738,123,104,292
777,133,104,292
738,133,104,292
738,123,104,292
777,133,104,292
738,123,104,292
738,123,104,292
738,123,104,292
738,130,104,292
738,123,104,292
738,123,104,292
744,130,104,292
738,130,104,292
738,130,104,292
738,130,104,292
738,123,104,292
738,127,104,292
738,123,104,292
738,123,104,292
738,123,104,292
738,130,104,292
738,130,104,292
738,130,104,292
741,133,104,292
738,133,104,292
836,133,104,292
836,133,104,292
741,137,104,292
741,137,104,292
757,133,104,292
738,130,104,292
735,130,104,292
738,133,104,292
738,133,104,292
738,133,104,292
738,130,104,292
735,133,104,292
728,127,104,292
735,133,104,292
735,127,104,292
741,137,104,292
738,133,104,292
738,133,104,292
741,137,104,292
738,130,104,292
738,137,104,292
738,137,104,292
738,133,104,292
738,137,104,292
767,137,104,292
738,133,104,292
735,133,104,292
735,133,104,292
738,137,104,292
748,137,104,292
738,133,104,292
738,133,104,292
741,137,104,292
738,133,104,292
735,133,104,292
783,133,104,292
767,133,104,292
748,137,104,292
735,133,104,292
738,137,104,292
738,133,104,292
738,133,104,292
738,133,104,292
738,137,104,292
735,127,104,292
738,133,104,292
735,127,104,292
780,133,104,292
741,137,104,292
741,137,104,292
741,133,104,292
735,127,104,292
738,127,104,292
783,133,104,292
735,133,104,292
735,137,104,292
738,127,104,292
738,133,104,292
738,133,104,292
738,127,104,292
741,133,104,292
761,137,104,292
738,127,104,292
738,133,104,292
738,133,104,292
738,127,104,292
738,127,104,292
741,127,104,292
741,127,104,292
744,133,104,292
761,137,104,292
744,127,104,292
761,137,104,292
744,127,104,292
741,133,104,292
767,137,104,292
738,130,104,292
741,130,104,292
741,117,104,292
744,130,104,292
744,127,104,292
744,127,104,292
735,127,104,292
783,133,104,292
770,133,104,292
770,133,104,292
774,133,104,292
770,133,104,292
770,130,104,292
770,133,104,292
741,123,104,292
774,133,104,292
774,133,104,292
774,133,104,292
744,127,104,292
744,123,104,292
738,123,104,292
735,123,104,292
775,123,110,308
733,116,110,308
740,123,110,308
740,123,110,308
740,123,110,308
740,123,110,308
741,116,115,324
736,96,115,324
729,96,115,324
729,96,115,324
736,96,115,324
736,93,115,324
736,93,115,324
729,93,115,324
729,93,115,324
729,96,115,324
729,96,115,324
729,96,115,324
736,96,115,324
743,100,115,324
740,96,115,324
733,93,115,324
733,93,115,324
736,93,115,324
729,93,115,324
736,93,115,324
733,93,115,324
736,93,115,324
736,96,115,324
729,96,115,324
736,93,115,324
736,96,115,324
736,96,115,324
736,96,115,324
736,93,115,324
736,96,115,324
736,96,115,324
725,96,115,324
733,93,115,324
733,96,115,324
733,96,115,324
733,96,115,324
733,96,115,324
733,93,115,324
733,93,115,324
733,93,115,324
733,96,115,324
733,93,115,324
733,93,115,324
733,96,115,324
733,93,115,324
736,100,115,324
736,93,115,324
729,96,115,324
729,96,115,324
733,100,115,324
729,93,115,324
729,96,115,324
729,93,115,324
729,100,115,324
729,93,115,324
729,104,115,324
729,100,115,324
729,93,115,324
729,93,115,324
729,100,115,324
729,100,115,324
729,93,115,324
729,100,115,324
729,93,115,324
729,93,115,324
729,93,115,324
729,93,115,324
733,96,115,324
729,96,115,324
729,93,115,324
729,96,115,324
729,93,115,324
729,93,115,324
729,93,115,324
729,100,115,324
729,93,115,324
729,93,115,324
729,100,115,324
729,93,115,324
733,96,115,324
729,93,115,324
729,93,115,324
729,93,115,324
725,96,115,324
729,96,115,324
729,96,115,324
729,96,115,324
729,96,115,324
729,96,115,324
729,104,115,324
725,100,115,324
725,96,115,324
725,100,115,324
729,96,115,324
725,100,115,324
725,100,115,324
725,100,115,324
729,108,115,324
725,100,115,324
725,100,115,324
725,100,115,324
729,96,115,324
725,100,115,324
725,100,115,324
725,100,115,324
736,100,115,324
725,100,115,324
736,100,115,324
729,104,115,324
729,104,115,324
725,108,115,324
729,108,115,324
729,111,115,324
725,111,115,324
725,119,115,324
729,108,115,324
725,111,115,324
729,108,115,324
729,108,115,324
729,108,115,324
733,115,115,324
733,115,115,324
725,111,115,324
725,119,115,324
729,108,115,324
725,111,115,324
725,119,115,324
729,119,115,324
725,119,115,324
723,111,122,342
722,98,122,342
722,117,122,342
722,98,122,342
726,98,122,342
722,98,122,342
726,98,122,342
722,98,122,342
722,98,122,342
722,98,122,342
722,98,122,342
722,98,122,342
734,102,122,342
722,98,122,342
726,98,122,342
722,98,122,342
722,94,122,342
726,98,122,342
722,94,122,342
726,98,122,342
722,94,122,342
722,94,122,342
726,90,122,342
722,90,122,342
722,90,122,342
722,90,122,342
726,98,122,342
722,86,122,342
722,90,122,342
722,90,122,342
726,98,122,342
722,94,122,342
722,94,122,342
722,94,122,342
722,94,122,342
722,90,122,342
722,90,122,342
722,90,122,342
722,90,122,342
722,90,122,342
722,90,122,342
722,94,122,342
722,94,122,342
722,94,122,342
722,94,122,342
722,94,122,342
722,86,122,342
722,94,122,342
715,86,122,342
722,86,122,342
722,94,122,342
722,94,122,342
722,94,122,342
722,94,122,342
722,94,122,342
722,94,122,342
722,90,122,342
722,86,122,342
722,86,122,342
726,90,122,342
726,90,122,342
726,90,122,342
726,90,122,342
726,90,122,342
726,90,122,342
726,90,122,342
719,90,122,342
719,90,122,342
719,90,122,342
719,90,122,342
722,90,122,342
722,90,122,342
722,90,122,342
722,90,122,342
722,90,122,342
726,98,122,342
726,90,122,342
726,90,122,342
726,90,122,342
726,90,122,342
722,90,122,342
722,90,122,342
722,90,122,342
722,90,122,342
722,90,122,342
722,90,122,342
719,90,122,342
722,90,122,342
726,98,122,342
722,94,122,342
722,94,122,342
730,98,122,342
730,94,122,342
730,90,122,342
722,90,122,342
722,90,122,342
722,90,122,342
722,90,122,342
730,94,122,342
722,90,122,342
722,90,122,342
722,90,122,342
730,90,122,342
726,98,122,342
726,94,122,342
726,98,122,342
726,94,122,342
726,94,122,342
726,94,122,342
726,94,122,342
726,94,122,342
726,94,122,342
726,94,122,342
726,94,122,342
726,94,122,342
726,94,122,342
726,90,122,342
726,94,122,342
726,94,122,342
726,94,122,342
726,94,122,342
722,94,122,342
711,90,122,342
722,94,122,342
726,94,122,342
726,94,122,342
722,94,122,342
722,94,122,342
722,94,122,342
722,94,122,342
722,94,122,342
722,94,122,342
722,94,122,342
722,90,122,342
722,94,122,342
722,94,122,342
722,94,122,342
722,90,122,342
722,90,122,342
722,90,122,342
722,94,122,342
722,94,122,342
722,94,122,342
722,94,122,342
722,94,122,342
722,94,122,342
722,94,122,342
722,94,122,342
722,94,122,342
722,94,122,342
715,90,122,342
715,94,122,342
726,94,122,342
722,94,122,342
715,86,122,342
711,90,122,342
711,90,122,342
722,94,122,342
726,94,122,342
722,86,122,342
711,94,122,342
722,98,122,342
726,94,122,342
722,98,122,342
726,98,122,342
726,94,122,342
726,98,122,342
726,98,122,342
726,98,122,342
726,106,122,342
726,94,122,342
726,94,122,342
726,94,122,342
726,98,122,342
722,94,122,342
726,90,122,342
726,94,122,342
726,94,122,342
726,98,122,342
722,98,122,342
726,106,122,342
722,94,122,342
722,94,122,342
722,94,122,342
715,98,122,342
722,98,122,342
726,94,122,342
722,94,122,342
722,94,122,342
722,98,122,342
722,94,122,342
722,98,122,342
726,94,122,342
761,172,122,342
726,94,122,342
726,98,122,342
726,98,122,342
707,94,122,342
707,94,122,342
726,98,122,342
730,94,122,342
730,94,122,342
722,94,122,342
711,94,122,342
722,94,122,342
715,94,122,342
715,90,122,342
715,94,122,342
715,94,122,342
726,94,122,342
715,90,122,342
715,90,122,342
715,94,122,342
715,94,122,342
722,94,122,342
722,94,122,342
722,94,122,342
722,94,122,342
722,94,122,342
726,94,122,342
726,94,122,342
722,94,122,342
722,94,122,342
722,94,122,342
722,94,122,342
726,94,122,342
726,94,122,342
726,94,122,342
726,94,122,342
726,94,122,342
726,94,122,342
726,94,122,342
722,90,122,342
726,94,122,342
719,94,122,342
726,94,122,342
722,90,122,342
722,90,122,342
730,90,122,342
730,90,122,342
730,94,122,342
719,90,122,342
730,94,122,342
730,94,122,342
730,94,122,342
719,94,122,342
730,94,122,342
730,94,122,342
730,94,122,342
730,94,122,342
730,94,122,342
730,94,122,342
719,94,122,342
722,90,122,342
722,90,122,342
722,90,122,342
726,102,122,342
730,90,122,342
734,94,122,342
722,90,122,342
734,94,122,342
734,94,122,342
715,90,122,342
715,86,122,342
730,90,122,342
734,90,122,342
734,94,122,342
715,86,122,342
734,94,122,342
734,94,122,342
730,94,122,342
730,90,122,342
722,90,122,342
730,90,122,342
722,90,122,342
722,90,122,342
730,94,122,342
734,94,122,342
730,94,122,342
722,90,122,342
722,90,122,342
726,90,122,342
722,90,122,342
722,90,122,342
722,90,122,342
722,90,122,342
722,90,122,342
722,90,122,342
734,90,122,342
734,90,122,342
734,90,122,342
734,90,122,342
734,90,122,342
726,94,122,342
726,94,122,342
734,94,122,342
722,90,122,342
722,90,122,342
734,94,122,342
726,102,122,342
730,94,122,342
730,94,122,342
726,102,122,342
730,94,122,342
726,94,122,342
726,90,122,342
726,94,122,342
730,86,122,342
722,90,122,342
734,94,122,342
730,94,122,342
726,94,122,342
726,90,122,342
726,109,122,342
726,94,122,342
726,94,122,342
726,94,122,342
726,94,122,342
726,94,122,342
726,94,122,342
726,94,122,342
726,94,122,342
726,94,122,342
726,102,122,342
722,90,122,342
722,90,122,342
722,94,122,342
726,94,122,342
726,90,122,342
722,94,122,342
722,94,122,342
722,94,122,342
722,94,122,342
722,94,122,342
722,90,122,342
726,94,122,342
722,94,122,342
726,94,122,342
722,94,122,342
726,102,122,342
726,90,122,342
722,90,122,342
722,90,122,342
726,94,122,342
726,94,122,342
726,98,122,342
730,94,122,342
726,90,122,342
726,90,122,342
730,94,122,342
734,94,122,342
734,94,122,342
734,94,122,342
719,94,122,342
726,90,122,342
726,90,122,342
726,90,122,342
726,90,122,342
722,90,122,342
726,90,122,342
734,94,122,342
722,90,122,342
726,90,122,342
726,90,122,342
722,90,122,342
726,90,122,342
726,90,122,342
726,90,122,342
726,90,122,342
726,90,122,342
726,90,122,342
722,90,122,342
722,90,122,342
734,94,122,342
722,90,122,342
722,90,122,342
722,90,122,342
722,90,122,342
722,90,122,342
722,90,122,342
726,94,122,342
726,94,122,342
726,90,122,342
722,90,122,342
722,90,122,342
726,90,122,342
722,90,122,342
722,90,122,342
726,90,122,342
734,94,122,342
726,94,122,342
726,94,122,342
722,90,122,342
722,90,122,342
722,90,122,342
722,90,122,342
722,94,122,342
722,94,122,342
722,94,122,342
730,94,122,342
730,94,122,342
730,94,122,342
734,94,122,342
730,94,122,342
730,94,122,342
722,90,122,342
730,94,122,342
730,94,122,342
722,90,122,342
730,94,122,342
730,94,122,342
722,90,122,342
722,90,122,342
722,90,122,342
726,94,122,342
726,94,122,342
722,90,122,342
730,94,122,342
730,90,122,342
730,90,122,342
730,94,122,342
715,90,122,342
722,90,122,342
730,94,122,342
722,94,122,342
722,90,122,342
730,94,122,342
730,94,122,342
726,94,122,342
726,94,122,342
715,90,122,342
722,90,122,342
722,90,122,342
730,90,122,342
715,90,122,342
719,90,122,342
764,176,122,342
719,90,122,342
719,90,122,342
719,90,122,342
730,94,122,342
726,94,122,342
726,94,122,342
726,94,122,342
726,94,122,342
730,94,122,342
719,90,122,342
730,94,122,342
730,94,122,342
730,94,122,342
719,90,122,342
719,90,122,342
726,90,122,342
722,102,122,342
726,98,122,342
730,90,122,342
726,90,122,342
726,94,122,342
730,94,122,342
726,90,122,342
726,94,122,342
726,90,122,342
730,94,122,342
726,90,122,342
726,90,122,342
726,94,122,342
726,94,122,342
726,94,122,342
726,90,122,342
726,94,122,342
726,94,122,342
726,94,122,342
726,94,122,342
726,94,122,342
726,94,122,342
726,90,122,342
726,94,122,342
726,94,122,342
726,94,122,342
726,94,122,342
726,94,122,342
726,90,122,342
726,94,122,342
726,94,122,342
726,94,122,342
726,94,122,342
726,94,122,342
726,94,122,342
726,94,122,342
726,94,122,342
726,94,122,342
726,94,122,342
726,94,122,342
726,94,122,342
726,94,122,342
726,94,122,342
726,94,122,342
726,94,122,342
726,94,122,342
726,94,122,342
730,94,122,342
730,94,122,342
730,94,122,342
726,94,122,342
726,94,122,342
726,94,122,342
726,94,122,342
726,94,122,342
726,94,122,342
719,90,122,342
719,90,122,342
715,94,122,342
734,94,122,342
734,94,122,342
722,94,122,342
734,94,122,342
726,98,122,342
726,98,122,342
726,94,122,342
726,94,122,342
734,94,122,342
726,94,122,342
726,94,122,342
722,90,122,342
730,94,122,342
734,94,122,342
734,94,122,342
734,94,122,342
734,94,122,342
734,94,122,342
734,94,122,342
730,94,122,342
726,94,122,342
726,94,122,342
726,94,122,342
722,94,122,342
722,90,122,342
722,90,122,342
726,94,122,342
722,90,122,342
734,94,122,342
726,90,122,342
726,94,122,342
722,90,122,342
722,90,122,342
722,90,122,342
722,90,122,342
722,90,122,342
722,90,122,342
726,90,122,342
722,90,122,342
726,94,122,342
722,90,122,342
726,94,122,342
726,94,122,342
726,94,122,342
722,90,122,342
722,90,122,342
722,90,122,342
722,90,122,342
722,90,122,342
722,90,122,342
722,90,122,342
722,90,122,342
726,90,122,342
722,90,122,342
722,90,122,342
722,90,122,342
722,90,122,342
722,90,122,342
722,90,122,342
722,90,122,342
730,90,122,342
730,94,122,342
722,90,122,342
722,90,122,342
722,90,122,342
730,90,122,342
730,90,122,342
722,90,122,342
719,90,122,342
722,90,122,342
722,90,122,342
722,90,122,342
722,90,122,342
719,90,122,342
722,90,122,342
722,90,122,342
722,90,122,342
730,90,122,342
719,90,122,342
730,90,122,342
715,90,122,342
715,90,122,342
722,90,122,342
722,90,122,342
722,90,122,342
722,90,122,342
722,90,122,342
722,90,122,342
722,90,122,342
722,90,122,342
722,90,122,342
722,90,122,342
730,94,122,342
722,90,122,342
722,90,122,342
722,90,122,342
722,90,122,342
722,90,122,342
722,90,122,342
726,98,122,342
730,94,122,342
715,90,122,342
730,98,122,342
726,94,122,342
715,90,122,342
722,90,122,342
730,94,122,342
726,94,122,342
730,94,122,342
730,94,122,342
730,94,122,342
715,90,122,342
730,94,122,342
730,94,122,342
730,94,122,342
730,94,122,342
730,94,122,342
730,94,122,342
730,94,122,342
730,94,122,342
730,94,122,342
726,94,122,342
722,90,122,342
726,94,122,342
726,94,122,342
730,94,122,342
726,94,122,342
730,94,122,342
730,94,122,342
726,94,122,342
722,90,122,342
722,90,122,342
722,90,122,342
730,94,122,342
730,94,122,342
730,94,122,342
730,98,122,342
726,98,122,342
730,94,122,342
730,94,122,342
730,94,122,342
730,94,122,342
730,94,122,342
730,94,122,342
726,94,122,342
730,94,122,342
726,94,122,342
730,90,122,342
730,90,122,342
726,94,122,342
726,94,122,342
730,94,122,342
730,94,122,342
730,94,122,342
730,94,122,342
730,94,122,342
726,94,122,342
730,94,122,342
726,94,122,342
730,94,122,342
730,94,122,342
726,94,122,342
730,94,122,342
726,94,122,342
726,90,122,342
726,90,122,342
726,94,122,342
726,94,122,342
730,94,122,342
730,94,122,342
730,94,122,342
730,94,122,342
730,94,122,342
730,94,122,342
726,94,122,342
726,94,122,342
730,94,122,342
726,94,122,342
730,94,122,342
730,94,122,342
730,94,122,342
726,94,122,342
726,94,122,342
730,94,122,342
730,94,122,342
730,94,122,342
726,94,122,342
726,94,122,342
726,94,122,342
726,94,122,342
726,94,122,342
730,90,122,342
715,90,122,342
726,90,122,342
726,90,122,342
726,90,122,342
726,94,122,342
726,90,122,342
726,94,122,342
726,90,122,342
726,90,122,342
726,90,122,342
726,90,122,342
726,90,122,342
726,90,122,342
726,90,122,342
726,90,122,342
726,94,122,342
726,90,122,342
726,90,122,342
726,94,122,342
726,94,122,342
726,94,122,342
726,94,122,342
726,90,122,342
726,94,122,342
726,94,122,342
726,94,122,342
726,94,122,342
726,94,122,342
726,94,122,342
726,94,122,342
726,94,122,342
726,94,122,342
726,94,122,342
726,94,122,342
726,94,122,342
726,94,122,342
726,94,122,342
726,94,122,342
726,94,122,342
726,94,122,342
726,94,122,342
726,94,122,342
726,94,122,342
726,94,122,342
726,94,122,342
726,94,122,342
730,94,122,342
722,94,122,342
722,94,122,342
726,94,122,342
726,94,122,342
726,94,122,342
726,94,122,342
726,94,122,342
726,94,122,342
726,94,122,342
726,94,122,342
726,94,122,342
726,94,122,342
726,94,122,342
726,94,122,342
726,94,122,342
726,94,122,342
726,94,122,342
726,94,122,342
726,94,122,342
726,94,122,342
726,94,122,342
726,86,122,342
726,94,122,342
726,94,122,342
726,94,122,342
726,94,122,342
715,90,122,342
726,94,122,342
715,90,122,342
726,94,122,342
726,94,122,342
726,94,122,342
726,94,122,342
726,94,122,342
715,90,122,342
726,94,122,342
726,94,122,342
726,94,122,342
726,94,122,342
726,94,122,342
726,94,122,342
726,94,122,342
726,90,122,342
726,90,122,342
726,94,122,342
726,94,122,342
726,94,122,342
726,94,122,342
726,94,122,342
726,94,122,342
726,94,122,342
730,94,122,342
730,94,122,342
730,94,122,342
730,94,122,342
730,94,122,342
730,94,122,342
730,94,122,342
730,94,122,342
730,94,122,342
730,94,122,342
730,94,122,342
730,94,122,342
726,94,122,342
730,94,122,342
730,94,122,342
730,94,122,342
722,90,122,342
726,94,122,342
730,94,122,342
730,94,122,342
722,90,122,342
722,90,122,342
730,94,122,342
722,90,122,342
722,90,122,342
722,90,122,342
722,90,122,342
722,90,122,342
722,90,122,342
730,94,122,342
722,90,122,342
726,90,122,342
722,90,122,342
734,94,122,342
734,94,122,342
722,90,122,342
722,90,122,342
722,90,122,342
722,90,122,342
734,94,122,342
722,90,122,342
726,90,122,342
726,90,122,342
726,102,122,342
726,90,122,342
726,90,122,342
722,90,122,342
722,90,122,342
722,90,122,342
722,90,122,342
722,90,122,342
722,94,122,342
726,102,122,342
726,90,122,342
734,94,122,342
722,90,122,342
726,90,122,342
726,90,122,342
726,90,122,342
726,90,122,342
722,90,122,342
726,90,122,342
726,90,122,342
722,90,122,342
726,90,122,342
726,94,122,342
722,94,122,342
722,94,122,342
722,94,122,342
722,90,122,342
722,90,122,342
734,94,122,342
722,94,122,342
722,90,122,342
722,94,122,342
726,90,122,342
726,90,122,342
726,90,122,342
726,90,122,342
726,90,122,342
719,90,122,342
722,90,122,342
722,90,122,342
722,90,122,342
722,90,122,342
722,90,122,342
730,94,122,342
734,94,122,342
730,94,122,342
719,90,122,342
715,90,122,342
730,94,122,342
730,94,122,342
719,102,122,342
722,94,122,342
730,94,122,342
730,94,122,342
730,94,122,342
730,94,122,342
730,94,122,342
730,94,122,342
730,94,122,342
730,94,122,342
730,94,122,342
730,94,122,342
730,94,122,342
730,94,122,342
730,94,122,342
730,94,122,342
730,94,122,342
722,90,122,342
722,90,122,342
722,90,122,342
722,90,122,342
730,94,122,342
730,94,122,342
730,94,122,342
715,90,122,342
726,94,122,342
719,90,122,342
719,90,122,342
719,90,122,342
719,90,122,342
719,90,122,342
719,90,122,342
719,90,122,342
719,90,122,342
719,90,122,342
719,90,122,342
719,90,122,342
719,90,122,342
726,94,122,342
719,90,122,342
722,90,122,342
719,90,122,342
719,90,122,342
719,90,122,342
719,90,122,342
719,90,122,342
719,90,122,342
719,90,122,342
722,90,122,342
722,90,122,342
722,90,122,342
722,90,122,342
719,90,122,342
722,90,122,342
730,90,122,342
722,90,122,342
722,90,122,342
722,90,122,342
722,90,122,342
722,90,122,342
722,90,122,342
722,90,122,342
734,94,122,342
722,90,122,342
722,90,122,342
734,94,122,342
734,94,122,342
722,90,122,342
722,90,122,342
722,94,122,342
722,94,122,342
722,90,122,342
722,94,122,342
722,90,122,342
722,94,122,342
722,94,122,342
722,94,122,342
734,94,122,342
734,98,122,342
734,98,122,342
726,90,122,342
722,98,122,342
722,98,122,342
722,94,122,342
722,94,122,342
722,90,122,342
722,94,122,342
722,90,122,342
722,94,122,342
722,90,122,342
726,90,122,342
722,90,122,342
722,94,122,342
722,90,122,342
726,90,122,342
722,90,122,342
722,90,122,342
722,90,122,342
722,90,122,342
722,90,122,342
722,90,122,342
722,90,122,342
722,90,122,342
726,102,122,342
730,94,122,342
722,90,122,342
722,90,122,342
722,94,122,342
722,90,122,342
722,94,122,342
722,94,122,342
726,94,122,342
726,94,122,342
722,94,122,342
722,94,122,342
726,90,122,342
722,94,122,342
722,94,122,342
726,90,122,342
726,90,122,342
726,90,122,342
726,90,122,342
726,90,122,342
726,90,122,342
726,90,122,342
726,90,122,342
722,94,122,342
726,94,122,342
726,94,122,342
722,90,122,342
726,94,122,342
722,94,122,342
726,90,122,342
722,90,122,342
726,90,122,342
722,94,122,342
726,90,122,342
726,94,122,342
726,94,122,342
726,94,122,342
726,90,122,342
726,90,122,342
726,90,122,342
726,90,122,342
726,90,122,342
722,90,122,342
722,90,122,342
722,90,122,342
726,90,122,342
722,90,122,342
726,90,122,342
722,90,122,342
722,90,122,342
722,90,122,342
722,90,122,342
722,90,122,342
722,90,122,342
722,90,122,342
722,90,122,342
722,90,122,342
722,94,122,342
722,90,122,342
722,94,122,342
722,90,122,342
726,94,122,342
726,94,122,342
722,94,122,342
722,90,122,342
722,90,122,342
722,94,122,342
722,94,122,342
722,94,122,342
726,94,122,342
726,94,122,342
722,90,122,342
722,90,122,342
722,94,122,342
722,90,122,342
722,90,122,342
726,90,122,342
722,90,122,342
726,94,122,342
722,94,122,342
722,90,122,342
722,90,122,342
722,90,122,342
722,90,122,342
722,90,122,342
722,90,122,342
722,90,122,342
722,90,122,342
726,90,122,342
726,90,122,342
726,90,122,342
726,90,122,342
722,90,122,342
726,90,122,342
722,90,122,342
726,90,122,342
722,90,122,342
722,90,122,342
722,90,122,342
726,90,122,342
722,90,122,342
726,90,122,342
726,90,122,342
726,90,122,342
726,86,122,342
726,90,122,342
726,86,122,342
726,90,122,342
726,86,122,342
726,86,122,342
726,86,122,342
726,86,122,342
726,86,122,342
726,86,122,342
730,86,122,342
730,86,122,342
581,156,122,342
726,82,122,342
570,230,122,342
726,86,122,342
726,86,122,342
722,90,122,342
722,86,122,342
722,86,122,342
722,86,122,342
726,86,122,342
722,86,122,342
722,86,122,342
726,86,122,342
722,86,122,342
722,86,122,342
722,86,122,342
726,86,122,342
726,86,122,342
722,86,122,342
726,86,122,342
726,86,122,342
726,86,122,342
722,86,122,342
722,86,122,342
722,86,122,342
722,86,122,342
730,90,122,342
722,86,122,342
726,86,122,342
730,86,122,342
726,82,122,342
722,86,122,342
722,86,122,342
722,86,122,342
722,86,122,342
726,90,122,342
722,102,122,342
722,90,122,342
722,90,122,342
726,86,122,342
726,86,122,342
730,86,122,342
726,86,122,342
726,86,122,342
726,86,122,342
726,86,122,342
726,86,122,342
722,82,122,342
722,86,122,342
726,86,122,342
722,86,122,342
722,86,122,342
730,86,122,342
722,82,122,342
722,86,122,342
730,86,122,342
734,86,122,342
734,86,122,342
726,90,122,342
734,86,122,342
734,86,122,342
734,86,122,342
734,86,122,342
726,86,122,342
722,86,122,342
722,86,122,342
722,90,122,342
726,90,122,342
722,86,122,342
722,90,122,342
711,86,122,342
730,90,122,342
722,86,122,342
730,86,122,342
722,90,122,342
722,90,122,342
730,86,122,342
730,86,122,342
730,86,122,342
730,86,122,342
722,86,122,342
730,86,122,342
730,86,122,342
730,86,122,342
730,86,122,342
730,86,122,342
726,86,122,342
726,90,122,342
726,90,122,342
722,90,122,342
730,86,122,342
726,90,122,342
711,102,122,342
726,94,122,342
726,90,122,342
730,86,122,342
726,90,122,342
726,90,122,342
730,86,122,342
722,90,122,342
715,90,122,342
726,90,122,342
726,94,122,342
722,94,122,342
722,94,122,342
722,94,122,342
722,90,122,342
719,94,122,342
722,94,122,342
722,94,122,342
722,94,122,342
719,94,122,342
722,94,122,342
722,94,122,342
722,94,122,342
722,94,122,342
722,90,122,342
719,90,122,342
722,90,122,342
719,90,122,342
719,94,122,342
715,90,122,342
715,90,122,342
711,90,122,342
711,90,122,342
722,94,122,342
722,94,122,342
711,90,122,342
711,94,122,342
711,94,122,342
719,102,122,342
730,90,122,342
730,90,122,342
726,94,122,342
726,90,122,342
726,90,122,342
726,90,122,342
726,90,122,342
722,102,122,342
726,90,122,342
722,90,122,342
722,90,122,342
722,90,122,342
722,90,122,342
726,90,122,342
726,90,122,342
722,98,122,342
722,98,122,342
722,90,122,342
722,90,122,342
722,98,122,342
722,102,122,342
722,90,122,342
722,98,122,342
722,98,122,342
722,98,122,342
722,94,122,342
722,94,122,342
722,94,122,342
722,90,122,342
722,98,122,342
722,94,122,342
722,98,122,342
722,98,122,342
722,94,122,342
722,94,122,342
722,90,122,342
726,90,122,342
722,102,122,342
715,94,122,342
715,90,122,342
722,98,122,342
726,90,122,342
726,90,122,342
726,98,122,342
726,98,122,342
726,98,122,342
715,94,122,342
707,90,122,342
726,98,122,342
707,90,122,342
726,94,122,342
726,94,122,342
726,94,122,342
722,94,122,342
707,90,122,342
726,94,122,342
719,90,122,342
719,94,122,342
719,90,122,342
726,94,122,342
719,94,122,342
711,90,122,342
719,94,122,342
719,94,122,342
730,168,122,342
730,94,122,342
711,90,122,342
711,90,122,342
711,90,122,342
707,90,122,342
707,86,122,342
707,90,122,342
711,86,122,342
738,172,122,342
711,86,122,342
707,86,122,342
707,86,122,342
707,86,122,342
722,94,122,342
722,94,122,342
722,94,122,342
722,94,122,342
722,94,122,342
722,90,122,342
722,94,122,342
711,86,122,342
707,86,122,342
730,90,122,342
722,90,122,342
730,94,122,342
730,94,122,342
711,90,122,342
711,90,122,342
711,90,122,342
730,102,122,342
722,98,122,342
726,102,122,342
726,90,122,342
730,90,122,342
730,90,122,342
726,94,122,342
726,94,122,342
726,94,122,342
730,98,122,342
726,94,122,342
707,90,122,342
726,94,122,342
726,94,122,342
726,94,122,342
726,94,122,342
726,94,122,342
707,90,122,342
730,90,122,342
707,90,122,342
707,90,122,342
715,94,122,342
730,90,122,342
715,90,122,342
715,98,122,342
715,90,122,342
715,94,122,342
715,90,122,342
715,90,122,342
715,90,122,342
726,90,122,342
726,102,122,342
726,106,122,342
726,102,122,342
707,90,122,342
707,90,122,342
707,90,122,342
726,94,122,342
726,106,122,342
722,106,122,342
722,90,122,342
722,90,122,342
726,90,122,342
730,94,122,342
730,94,122,342
730,94,122,342
711,90,122,342
711,90,122,342
711,90,122,342
722,94,122,342
722,90,122,342
722,94,122,342
757,168,122,342
715,90,122,342
715,90,122,342
715,90,122,342
711,90,122,342
711,86,122,342
711,86,122,342
711,90,122,342
726,94,122,342
726,90,122,342
722,90,122,342
719,90,122,342
719,90,122,342
715,90,122,342
715,90,122,342
715,90,122,342
715,90,122,342
722,90,122,342
722,90,122,342
722,90,122,342
722,90,122,342
715,90,122,342
722,90,122,342
722,90,122,342
719,90,122,342
719,90,122,342
719,90,122,342
722,90,122,342
722,90,122,342
719,90,122,342
719,90,122,342
719,90,122,342
722,90,122,342
722,90,122,342
722,90,122,342
722,90,122,342
719,90,122,342
722,90,122,342
722,90,122,342
722,90,122,342
722,90,122,342
722,90,122,342
722,90,122,342
722,90,122,342
722,90,122,342
719,90,122,342
719,90,122,342
719,90,122,342
719,90,122,342
719,90,122,342
722,90,122,342
719,90,122,342
722,90,122,342
722,90,122,342
719,90,122,342
722,90,122,342
722,90,122,342
722,90,122,342
719,90,122,342
719,90,122,342
745,168,122,342
719,90,122,342
722,90,122,342
719,90,122,342
707,86,122,342
722,94,122,342
707,86,122,342
