225,144,17,38
225,144,17,38
226,144,17,38
226,144,17,38
227,145,17,38
228,145,17,38
228,145,17,38
229,146,17,38
230,146,17,40
230,145,17,40
231,146,17,40
232,146,18,42
233,145,18,42
234,146,18,42
236,146,19,44
236,146,19,44
236,146,19,44
237,146,20,46
237,146,20,46
238,146,20,46
238,146,22,49
238,145,22,49
239,146,22,49
240,146,23,52
239,145,23,52
241,146,23,52
241,146,23,52
242,147,23,52
242,147,23,52
242,147,23,52
242,147,23,52
244,148,23,52
244,148,23,52
245,149,23,52
245,150,23,52
245,150,23,52
245,150,23,52
246,150,23,52
246,150,23,52
247,152,23,52
247,152,23,52
250,155,20,46
251,156,20,46
252,156,20,46
254,158,19,44
254,158,19,44
256,157,19,44
257,158,19,44
259,159,19,44
261,159,19,44
262,159,19,44
264,160,19,44
267,160,19,44
270,163,18,42
270,162,18,42
271,163,18,42
274,166,17,40
274,165,17,40
275,167,17,40
275,166,17,40
277,167,17,40
277,166,17,40
278,168,18,42
278,168,18,42
278,167,18,42
278,169,18,42
278,169,18,42
277,171,18,42
278,172,18,42
278,172,18,42
278,172,18,42
278,172,18,42
278,171,18,42
277,172,18,42
278,173,18,42
278,173,18,42
279,178,18,42
280,179,19,44
280,178,19,44
280,179,19,44
281,179,19,44
281,180,19,44
282,181,19,44
282,181,19,44
282,182,19,44
282,183,19,44
282,183,19,44
283,185,19,44
283,185,19,44
285,187,18,42
285,188,18,42
286,188,18,42
286,189,18,42
287,189,18,42
287,190,18,42
287,190,18,42
286,193,18,42
287,193,18,42
287,194,18,42
288,194,18,42
289,195,18,42
290,196,18,42
291,198,18,42
291,197,18,42
293,195,17,40
295,201,17,40
296,202,17,40
297,202,17,40
298,204,17,40
298,205,17,40
301,204,17,40
302,206,17,40
302,201,17,40
303,203,17,38
302,203,17,38
301,204,17,38
301,205,17,38
301,206,17,38
301,207,17,38
301,209,17,40
301,210,17,40
301,212,17,40
301,211,17,40
301,212,17,40
301,212,17,40
302,213,18,42
301,214,18,42
301,215,18,42
301,216,18,42
301,217,18,42
302,219,18,42
303,221,18,42
303,221,18,42
303,223,18,42
304,225,18,42
306,224,18,42
307,226,18,42
307,226,18,42
307,227,18,42
309,228,18,42
310,229,19,44
310,230,19,44
309,231,19,44
309,232,19,44
309,233,19,44
308,235,19,44
307,236,22,49
304,235,22,49
303,236,22,49
300,237,24,54
295,237,24,54
294,241,24,54
292,240,27,61
287,242,27,61
284,242,27,61
281,244,28,64
278,244,28,64
319,251,28,64
317,253,30,67
313,254,30,67
311,255,30,67
307,257,30,67
305,259,30,67
302,260,30,67
298,260,31,71
294,262,31,71
290,264,31,71
287,266,31,71
284,268,31,71
280,269,31,71
276,270,31,71
272,272,31,71
268,274,31,71
264,276,31,71
263,278,31,71
258,280,31,71
257,282,31,71
255,283,31,71
254,285,31,71
252,287,31,71
250,289,31,71
247,291,31,71
245,293,31,71
240,295,31,71
237,298,31,71
233,299,31,71
229,301,31,71
224,306,31,71
219,309,31,71
214,311,31,71
208,315,31,71
202,318,31,71
196,319,31,71
190,320,31,71
185,320,33,75
176,324,33,75
172,327,33,75
164,330,35,79
158,332,35,79
148,336,35,79
141,338,37,83
137,341,37,83
130,343,37,83
124,344,39,88
115,346,39,88
102,351,39,88
