437,232,58,108
441,230,58,108
443,230,58,108
446,226,58,108
450,224,58,107
454,224,55,102
458,220,55,102
461,220,55,102
467,220,55,102
470,218,55,102
473,218,55,102
477,218,55,102
482,218,55,102
491,220,55,102
497,220,55,102
506,220,55,102
516,222,55,102
525,222,55,102
540,222,55,102
547,224,55,102
554,227,55,102
559,231,55,102
563,233,55,102
568,238,55,102
571,244,55,102
571,246,55,102
571,248,55,102
571,249,55,102
571,249,55,102
571,248,55,102
571,249,55,102
571,248,55,102
571,248,55,102
571,244,55,102
571,242,55,102
573,238,55,102
573,237,55,102
573,233,55,102
571,229,55,102
571,227,55,102
571,224,55,102
571,220,55,102
573,218,55,102
573,216,55,102
573,213,55,102
571,211,55,102
571,207,55,102
571,205,55,102
566,205,55,102
565,205,55,102
565,207,55,102
528,207,55,102
527,213,55,102
518,216,55,102
511,220,55,102
504,226,55,102
496,229,55,102
487,233,55,102
470,240,55,102
465,240,55,102
456,235,55,102
448,229,55,102
441,226,55,102
429,220,55,102
424,220,55,102
418,218,55,102
415,215,55,102
411,211,55,102
411,207,55,102
411,205,55,102
413,209,55,102
413,215,55,102
417,218,55,102
425,226,55,102
432,227,55,102
437,227,55,102
442,227,55,102
448,227,55,102
454,229,55,102
458,231,55,102
460,231,55,102
460,233,55,102
461,231,55,102
461,231,55,102
460,229,55,102
460,229,55,102
460,227,55,102
458,227,55,102
460,227,55,102
460,229,55,102
460,229,55,102
461,229,55,102
461,231,55,102
460,231,55,102
458,227,55,102
456,227,55,102
456,227,55,102
454,226,55,102
451,226,55,102
449,226,55,102
446,227,55,102
446,227,55,102
446,227,55,102
446,227,55,102
448,227,55,102
448,226,55,102
451,227,55,102
453,227,55,102
456,227,55,102
460,227,55,102
461,224,58,108
461,224,58,107
463,224,58,107
463,228,58,108
465,228,58,108
465,232,58,108
461,234,58,108
459,232,57,108
455,236,58,108
445,240,58,108
443,244,58,108
437,245,58,108
432,249,58,108
428,251,58,107
417,255,58,108
412,257,58,108
405,259,58,108
397,259,58,108
388,259,58,108
376,259,58,108
370,259,58,108
365,259,58,108
361,259,58,108
359,255,58,108
352,255,58,108
349,259,58,108
347,257,58,108
347,257,58,108
347,253,58,108
347,249,58,108
352,240,58,108
361,232,58,108
370,222,58,108
383,211,58,107
414,199,58,108
443,209,58,108
459,201,57,108
457,209,58,108
472,211,58,107
499,172,58,108
570,163,58,108
588,161,58,108
595,157,58,107
606,157,58,107
624,170,58,107
633,176,58,108
635,182,58,108
639,195,58,108
640,201,58,108
631,203,58,108
626,209,58,108
619,211,58,107
611,215,58,108
604,218,58,108
602,220,58,108
597,226,58,108
593,228,58,108
593,230,61,113
587,232,61,113
585,236,61,113
585,236,61,113
574,238,61,113
574,232,61,113
576,230,61,113
577,226,61,113
576,224,61,113
576,220,61,113
572,218,61,113
570,216,61,113
564,216,61,113
560,214,61,113
556,214,61,113
555,216,61,113
555,214,61,113
553,214,61,113
547,216,61,113
547,218,61,113
545,218,61,113
543,218,61,113
543,218,61,113
543,218,61,113
545,218,61,113
549,218,61,113
553,218,61,113
558,218,61,113
566,218,61,113
572,218,61,113
587,216,61,113
583,212,61,113
587,212,61,113
589,212,61,113
593,212,61,113
595,212,61,113
595,214,61,113
595,214,61,113
595,218,61,113
591,218,61,113
587,220,61,113
585,224,61,113
581,228,61,113
581,228,61,113
568,232,61,113
568,234,61,113
568,236,61,113
570,238,61,113
572,240,61,113
579,240,61,113
579,240,61,113
576,240,61,113
528,240,61,113
524,242,61,113
518,248,61,113
512,255,61,113
509,261,61,113
505,265,61,113
501,273,61,113
497,275,61,113
497,279,61,113
495,279,61,113
497,275,61,113
495,267,61,113
495,257,61,113
493,253,61,113
495,248,61,113
491,246,61,113
491,246,61,113
491,244,61,113
488,240,61,113
488,234,61,113
490,228,61,113
497,222,61,113
499,220,61,113
503,222,61,113
509,222,61,113
514,226,61,113
520,226,61,113
526,224,61,113
526,222,61,113
527,210,64,119
528,206,64,119
522,202,64,119
514,200,64,119
504,195,64,119
494,193,64,119
478,191,64,119
462,189,64,119
441,191,64,119
427,189,67,126
414,197,67,126
404,206,67,126
391,213,67,126
385,217,67,126
383,217,67,126
382,215,71,133
383,212,71,133
390,217,71,133
408,215,71,133
417,217,71,133
430,219,71,133
443,217,71,133
450,217,71,133
450,219,71,133
450,217,71,133
450,215,71,133
448,219,71,133
446,219,71,133
443,219,71,133
443,215,71,133
443,222,71,133
441,224,71,133
443,222,71,133
448,219,71,133
452,215,71,133
455,212,71,133
459,212,71,133
464,208,71,133
466,203,71,133
468,203,71,133
468,203,71,133
468,203,71,133
470,200,71,133
470,200,71,133
470,200,71,133
468,198,71,133
468,198,71,133
466,198,71,133
466,198,71,133
466,200,71,133
466,203,71,133
466,205,71,133
470,205,71,133
472,205,71,133
475,208,71,133
481,208,71,133
486,210,71,133
489,217,67,126
491,220,67,126
493,220,67,126
497,220,67,126
497,220,67,126
482,213,67,126
484,215,67,126
482,215,67,126
484,215,67,126
484,213,67,126
484,211,67,126
527,206,67,126
526,199,71,133
524,198,71,133
522,198,71,133
589,196,71,133
593,196,71,133
591,198,71,133
589,198,71,133
589,198,71,133
584,196,71,133
584,196,71,133
584,198,71,133
582,198,71,133
582,196,71,133
584,196,71,133
584,193,71,133
589,191,71,133
591,191,71,133
593,191,71,133
596,191,71,133
598,189,71,133
600,189,71,133
604,189,71,133
609,184,71,133
611,181,71,133
613,181,71,133
618,184,71,133
620,189,71,133
625,196,71,133
625,205,71,133
627,208,71,133
625,208,71,133
625,208,71,133
625,208,71,133
622,208,71,133
622,208,71,133
622,208,71,133
611,208,71,133
609,210,71,133
607,208,71,133
610,212,67,126
607,211,67,126
607,208,67,126
607,206,67,126
607,206,67,126
607,204,67,126
607,201,67,126
603,195,67,126
603,186,67,126
595,181,67,126
588,183,67,126
586,183,67,126
580,181,67,126
578,181,67,126
569,181,67,126
567,183,67,126
567,181,67,126
567,183,67,126
567,179,67,126
571,177,67,126
576,174,67,126
580,174,67,126
584,177,67,126
584,177,67,126
576,183,67,126
569,190,67,126
567,195,67,126
559,197,67,126
597,204,67,126
593,197,67,126
595,195,67,126
599,192,67,126
576,98,67,126
576,100,67,126
576,104,67,126
574,111,67,126
574,118,67,126
571,125,67,126
569,127,67,126
571,129,67,126
563,134,67,126
561,134,67,126
555,140,64,119
552,138,64,119
536,133,64,119
531,135,61,113
518,131,61,113
507,129,61,113
500,130,58,108
490,128,58,108
477,126,58,108
472,122,58,108
470,124,58,108
470,124,58,108
475,128,58,108
486,130,58,108
492,130,58,108
501,137,58,108
510,137,57,108
526,134,58,108
535,137,58,108
539,137,58,108
541,137,58,108
541,137,58,108
541,136,58,108
537,136,58,108
532,137,55,102
522,136,55,102
513,136,55,102
506,138,55,102
492,140,55,102
485,141,55,102
484,145,52,97
480,145,52,97
480,146,52,97
474,143,52,97
475,141,52,97
480,141,52,97
480,141,52,97
485,139,52,97
488,139,52,97
492,136,52,97
496,134,52,97
500,132,52,97
498,129,52,97
501,124,52,97
505,125,52,97
504,131,49,92
500,131,49,92
500,134,49,92
493,141,46,87
487,141,47,87
478,143,46,87
471,146,44,83
462,144,44,83
446,147,44,83
446,159,42,78
429,152,42,78
434,159,42,78
431,164,40,74
422,167,40,74
403,159,40,74
406,159,40,74
404,158,40,74
404,155,40,74
412,153,40,74
417,155,40,74
434,155,40,74
434,158,38,70
440,156,38,70
466,156,38,70
482,156,38,70
499,155,38,70
515,150,38,70
529,145,38,70
560,147,38,70
568,145,38,70
575,145,38,70
575,150,38,70
573,154,38,70
571,166,38,70
565,160,38,70
560,165,38,70
556,169,38,70
551,166,38,70
541,164,38,70
537,163,38,70
531,160,38,70
526,164,38,70
522,163,38,70
513,168,38,70
507,173,38,70
500,173,38,70
494,177,38,70
488,178,38,70
482,176,40,74
481,166,40,74
482,165,40,74
482,158,40,74
487,153,40,74
497,143,40,74
502,146,40,74
508,143,40,74
516,143,40,74
521,141,40,74
534,137,40,74
544,133,40,74
545,134,40,74
546,133,40,74
560,133,40,74
574,135,40,74
579,138,40,74
582,141,40,74
590,145,40,74
596,149,40,74
605,151,40,74
609,151,40,74
610,153,40,74
606,150,40,74
618,137,40,74
635,138,40,74
590,126,40,74
577,126,40,74
593,130,40,74
577,135,40,74
566,147,40,74
551,161,40,74
590,158,40,74
576,161,40,74
565,161,40,74
557,154,40,74
554,154,40,74
505,155,40,74
511,158,40,74
483,145,40,74
463,98,40,74
473,154,40,74
475,155,40,74
480,149,40,74
481,149,40,74
497,138,40,74
498,137,40,74
503,137,40,74
506,139,40,74
511,137,40,74
519,134,40,74
526,135,40,74
527,135,40,74
530,130,40,74
532,127,40,74
537,126,40,74
535,126,40,74
536,126,40,74
537,126,40,74
539,127,40,74
545,122,40,74
547,119,40,74
552,113,40,74
561,109,38,70
566,107,38,70
578,99,38,70
585,97,38,70
590,95,38,70
591,97,38,70
599,90,38,70
603,89,38,70
601,83,38,70
604,80,38,70
606,76,38,70
605,70,38,70
607,64,38,70
605,66,38,70
606,65,38,70
603,64,38,70
599,60,38,70
599,55,38,70
599,55,38,70
597,57,38,70
597,57,38,70
597,57,38,70
597,57,38,70
598,57,38,70
598,57,38,70
598,61,38,70
600,65,38,70
603,69,38,70
606,74,38,70
606,76,38,70
610,84,38,70
611,88,38,70
612,94,38,70
612,99,38,70
613,99,38,70
615,101,38,70
617,102,38,70
626,88,38,70
629,93,38,70
632,99,38,70
638,98,38,70
643,103,38,70
650,111,36,67
649,112,36,67
650,117,36,67
647,119,36,67
645,121,36,67
644,118,36,67
634,123,36,67
632,119,36,67
628,118,36,67
626,119,36,67
623,117,36,67
616,123,36,67
614,118,36,67
611,124,36,67
611,121,36,67
610,121,36,67
610,123,36,67
611,123,36,67
610,122,36,67
611,119,36,67
614,121,36,67
617,117,36,67
617,119,36,67
619,118,36,67
620,117,36,67
621,118,36,67
621,122,36,67
620,123,36,67
620,124,36,67
618,125,36,67
614,127,36,67
607,128,36,67
603,116,36,67
600,118,36,67
597,118,36,67
596,119,36,67
594,117,36,67
594,116,36,67
594,110,36,67
597,107,36,67
598,109,36,67
603,105,36,67
606,101,36,67
614,101,36,67
615,99,36,67
597,110,36,67
621,131,36,67
636,134,36,67
655,135,36,67
655,135,36,67
684,127,36,67
689,131,36,67
703,135,36,67
714,136,36,67
715,135,36,67
737,130,36,67
737,137,36,67
748,137,36,67
752,139,36,67
752,141,36,67
761,141,36,67
759,143,36,67
764,140,36,67
764,140,36,67
737,147,36,67
732,147,36,67
755,136,36,67
752,139,36,67
737,136,36,67
726,141,36,67
716,140,36,67
726,131,36,67
724,128,36,67
720,125,36,67
717,123,36,67
717,123,36,67
705,123,36,67
703,122,36,67
702,123,36,67
701,123,36,67
698,124,36,67
696,124,36,67
696,125,36,67
696,128,36,67
695,127,38,70
693,127,38,70
698,128,38,70
718,130,36,67
698,133,36,67
699,137,36,67
699,137,36,67
668,116,36,67
668,116,36,67
668,116,36,67
667,117,36,67
667,116,36,67
663,115,36,67
660,119,36,67
658,119,36,67
659,118,36,67
658,116,36,67
654,118,36,67
679,134,38,70
650,109,38,70
674,130,38,70
643,108,38,70
638,102,38,70
632,98,38,70
657,120,40,74
629,95,40,74
625,91,40,74
625,90,40,74
653,114,40,74
651,115,40,74
623,91,40,74
649,110,40,74
616,94,40,74
615,94,40,74
613,94,40,74
610,89,40,74
605,91,40,74
571,97,40,74
598,87,40,74
593,90,40,74
611,113,40,74
610,110,40,74
588,93,40,74
590,93,40,74
588,90,40,74
595,91,40,74
598,86,40,74
605,82,40,74
621,82,40,74
588,62,40,74
574,55,40,74
575,42,40,74
572,37,40,74
595,41,40,74
596,37,40,74
599,35,40,74
628,43,40,74
630,43,40,74
601,39,40,74
574,95,40,74
570,95,40,74
564,98,40,74
557,98,40,74
555,90,40,74
554,98,40,74
551,97,40,74
550,99,40,74
546,95,40,74
549,99,40,74
548,102,38,70
547,102,38,70
547,102,38,70
547,106,38,70
547,108,38,70
547,108,38,70
550,109,38,70
550,112,38,70
557,111,38,70
561,113,36,67
562,112,36,67
565,115,36,67
569,120,34,63
574,118,34,63
574,121,34,63
576,122,34,63
579,124,34,63
579,120,34,63
580,121,34,63
578,119,34,63
577,122,34,63
577,122,32,60
571,121,32,60
570,122,32,60
563,121,32,60
562,119,32,60
560,116,32,60
554,118,32,60
552,116,32,60
547,114,32,60
546,109,32,60
543,109,32,60
574,86,32,60
548,98,32,60
532,111,32,60
534,110,32,60
532,108,32,60
525,109,32,60
529,101,32,60
528,90,32,60
513,91,32,60
513,94,32,60
512,92,32,60
511,92,32,60
513,88,32,60
507,86,32,60
502,86,32,60
504,85,32,60
499,86,32,60
483,86,32,60
477,90,32,60
474,91,32,60
470,91,32,60
468,90,32,60
464,92,32,60
461,87,32,60
459,87,32,60
458,86,32,60
457,84,32,60
458,85,32,60
460,82,32,60
464,83,32,60
467,83,32,60
472,83,32,60
485,78,32,60
491,76,32,60
497,73,32,60
502,75,32,60
506,77,32,60
509,86,32,60
509,89,32,60
510,98,32,60
510,101,32,60
509,109,32,60
537,103,32,60
529,111,32,60
532,114,32,60
507,135,32,60
513,138,32,60
532,139,32,60
545,138,32,60
571,122,32,60
582,151,32,60
603,152,32,60
646,158,32,60
670,166,32,60
690,170,32,60
709,187,32,60
737,163,32,60
739,198,32,60
742,197,32,60
744,198,32,60
741,194,32,60
747,222,30,57
754,207,30,57
740,201,30,57
718,219,29,54
715,257,29,54
687,277,29,54
684,285,27,51
680,286,27,51
675,289,27,51
672,291,27,51
674,291,27,51
678,290,27,51
680,292,27,51
684,291,27,51
692,295,27,51
686,300,27,51
684,299,27,51
688,310,27,51
668,316,26,49
668,318,26,49
665,320,26,49
660,323,25,46
661,323,25,46
652,326,25,46
648,328,25,46
645,338,25,46
636,345,25,46
635,353,23,44
631,357,23,44
629,355,23,44
627,356,23,44
624,352,23,44
649,346,23,44
654,347,22,41
652,343,22,41
655,344,22,41
657,347,22,41
664,351,22,41
666,353,22,41
669,354,22,41
670,357,22,41
657,360,22,41
635,363,21,39
625,360,21,39
614,360,21,39
626,360,21,39
610,360,21,39
594,360,21,39
570,362,21,39
555,362,21,39
528,363,21,39
500,362,21,39
513,360,21,39
502,360,21,39
492,359,21,39
488,360,21,39
472,371,21,39
474,396,20,37
462,377,20,37
439,359,20,37
439,358,20,37
465,375,20,37
481,360,20,37
488,359,20,37
497,357,20,37
506,352,20,37
512,347,20,37
534,341,20,37
542,338,20,37
554,336,20,37
561,337,20,37
572,339,20,37
562,341,20,37
575,343,20,37
585,341,20,37
594,341,20,37
620,340,20,37
634,345,20,37
641,344,20,37
642,345,20,37
644,346,20,37
649,348,20,37
645,349,20,37
652,351,20,37
644,351,20,37
645,347,20,37
639,349,20,37
630,350,20,37
628,351,20,37
620,351,20,37
612,351,20,37
608,351,20,37
602,348,20,37
599,347,20,37
598,347,20,37
594,344,20,37
591,341,20,37
586,337,20,37
586,337,20,37
579,334,20,37
578,333,20,37
563,331,20,37
570,329,20,37
565,329,20,37
561,329,20,37
559,331,19,35
554,330,19,35
549,331,19,35
544,332,18,33
538,334,18,33
535,335,18,33
539,337,17,32
540,337,17,32
535,336,17,32
538,335,17,32
538,331,17,32
547,329,17,32
549,327,17,32
550,325,17,32
550,324,17,32
549,323,17,32
546,324,17,32
549,327,17,32
549,331,17,32
550,331,17,32
547,331,17,32
538,332,17,32
529,331,17,32
523,331,17,32
518,334,16,30
511,332,16,30
507,333,16,30
497,333,16,30
493,335,16,30
491,339,16,30
489,342,16,30
489,345,16,30
489,349,16,30
487,348,16,30
488,348,16,30
488,348,16,30
478,345,16,30
484,343,16,30
481,340,16,30
479,338,16,30
478,339,16,30
477,338,16,30
477,338,16,30
476,338,16,30
478,338,16,30
476,338,16,30
479,337,16,30
467,337,16,30
480,336,16,30
470,336,16,30
488,336,16,30
474,337,16,30
452,339,16,30
467,338,16,30
467,338,16,30
470,339,16,30
489,336,16,30
496,337,16,30
496,337,16,30
496,337,16,30
501,338,16,30
492,337,16,30
482,339,16,30
498,338,16,30
486,339,16,30
499,338,16,30
498,339,16,30
498,338,16,30
498,337,16,30
497,336,16,30
496,336,16,30
496,335,16,30
496,335,16,30
496,336,16,30
493,335,16,30
478,338,16,30
478,338,16,30
478,338,16,30
493,335,16,30
477,339,16,30
498,336,16,30
477,337,16,30
498,337,16,30
499,338,16,30
500,339,16,30
500,341,16,30
500,342,16,30
502,340,16,30
502,338,16,30
504,336,16,30
506,332,16,30
507,330,16,30
506,330,16,30
507,331,16,30
520,330,16,30
520,331,16,30
519,331,16,30
514,331,16,30
515,332,16,30
513,332,16,30
512,333,16,30
510,337,16,30
492,341,16,30
470,341,16,30
471,343,16,30
481,345,16,30
481,345,16,30
482,346,16,30
482,344,16,30
493,343,16,30
510,339,16,30
516,337,16,30
518,333,16,30
519,332,16,30
518,337,16,30
506,337,16,30
491,341,16,30
511,340,16,30
518,350,16,30
512,356,16,30
516,361,16,30
516,362,16,30
513,363,16,30
513,360,16,30
512,365,16,30
509,364,16,30
513,351,16,30
503,338,16,30
500,336,16,30
489,328,16,30
478,325,16,30
469,321,16,30
464,321,16,30
447,339,16,30
435,362,16,30
414,380,16,30
402,377,16,30
408,388,16,30
410,390,16,30
409,392,16,30
410,392,16,30
413,392,16,30
413,390,16,30
394,383,16,30
412,391,16,30
412,394,16,30
420,393,16,30
422,390,16,30
427,390,16,30
434,387,16,30
433,367,16,30
444,383,16,30
433,382,16,30
434,378,16,30
439,381,16,30
452,377,16,30
471,371,16,30
478,378,16,30
476,381,16,30
476,378,16,30
472,374,16,30
469,372,16,30
462,353,16,30
457,359,16,30
453,359,16,30
450,376,16,30
447,384,16,30
441,377,16,30
438,374,16,30
434,373,16,30
430,372,16,30
432,390,16,30
429,389,16,30
425,386,16,30
423,385,16,30
420,384,16,30
417,382,16,30
417,364,16,30
417,364,16,30
417,364,16,30
417,364,16,30
417,364,16,30
417,364,16,30
417,364,16,30
417,364,16,30
401,377,16,30
401,377,16,30
401,377,16,30
385,381,16,30
401,374,16,30
392,366,16,30
404,366,16,30
393,382,16,30
376,378,16,30
396,382,16,30
380,370,16,30
380,370,16,30
386,377,16,30
393,381,16,30
390,365,16,30
388,381,16,30
368,373,16,30
370,378,16,30
370,379,16,30
386,374,16,30
383,377,16,30
378,366,16,30
393,374,16,30
403,371,16,30
404,366,16,30
399,374,16,30
406,374,16,30
403,368,16,30
402,369,16,30
403,369,16,30
402,369,16,30
410,353,16,30
408,371,16,30
402,367,16,30
423,367,16,30
423,367,16,30
436,375,16,30
420,365,16,30
438,376,16,30
422,374,16,30
406,358,16,30
423,373,16,30
435,356,16,30
442,349,16,30
454,370,16,30
455,369,16,30
457,368,16,30
457,368,16,30
453,363,16,30
453,363,16,30
451,361,16,30
448,362,16,30
447,362,16,30
443,359,16,30
442,359,16,30
442,357,16,30
442,347,16,30
442,354,16,30
444,354,16,30
447,353,16,30
448,352,16,30
448,349,16,30
449,350,16,30
450,350,16,30
452,348,16,30
451,345,16,30
454,346,16,30
454,343,16,30
457,342,16,30
457,341,16,30
457,340,16,30
458,340,16,30
459,342,16,30
459,338,16,30
458,336,16,30
459,340,16,30
459,344,16,30
455,349,16,30
449,354,16,30
442,355,16,30
433,360,16,30
425,369,16,30
413,369,16,30
404,370,16,30
398,373,16,30
390,375,16,30
386,378,16,30
387,376,16,30
366,373,16,30
368,367,16,30
352,365,16,30
371,354,16,30
391,372,16,30
384,390,16,30
396,390,16,30
401,389,16,30
405,384,16,30
405,390,16,30
397,393,16,30
385,392,16,30
364,401,16,30
352,403,16,30
336,405,16,30
314,402,16,30
293,384,16,30
280,384,16,30
259,367,16,30
246,371,16,30
228,364,16,30
208,364,16,30
190,367,16,30
209,361,16,30
189,368,16,30
200,381,16,30
195,381,16,30
191,396,16,30
190,394,16,30
175,397,16,30
193,395,17,32
195,397,17,32
195,397,17,32
191,406,17,32
174,427,17,32
170,442,17,32
169,439,17,32
