9,138,92,102
38,131,92,102
64,125,92,102
87,118,92,102
104,115,92,102
118,109,92,102
130,106,92,102
139,99,92,102
150,90,92,102
159,87,92,102
164,80,92,102
167,77,92,102
173,71,92,102
173,71,92,102
176,106,92,102
182,150,92,102
187,179,92,102
190,176,92,102
193,173,92,102
196,166,92,102
199,166,92,102
202,163,92,102
205,160,92,102
208,160,87,96
211,161,87,96
211,155,87,96
213,152,87,96
216,149,87,96
219,146,87,96
219,143,87,96
221,140,87,96
224,137,87,96
227,137,82,91
228,138,82,91
231,138,82,91
231,138,82,91
231,141,82,91
231,141,82,91
237,147,78,87
236,145,78,87
236,148,78,87
236,148,78,87
236,148,78,87
236,148,78,87
236,148,78,87
236,148,78,87
236,148,78,87
234,148,78,87
236,148,78,87
234,145,78,87
236,148,78,87
234,145,78,87
236,145,78,87
234,145,78,87
234,148,78,87
236,148,78,87
236,148,78,87
241,145,78,87
241,145,78,87
244,139,78,87
244,139,78,87
244,139,78,87
246,137,78,87
246,137,78,87
248,134,78,87
246,134,78,87
246,134,78,87
248,131,78,87
248,131,78,87
248,128,78,87
248,128,78,87
246,128,78,87
246,126,78,87
246,126,78,87
246,126,78,87
246,126,78,87
246,123,78,87
246,120,78,87
