424,43,18,26
422,44,18,26
421,44,18,27
418,44,18,27
416,44,18,27
415,45,20,28
413,44,19,28
411,45,20,28
410,45,20,28
408,45,19,28
406,46,20,28
404,46,20,28
402,47,20,28
400,47,20,28
399,48,19,28
397,49,20,28
394,49,20,28
392,50,20,28
390,50,19,28
388,50,20,28
385,52,20,28
383,52,20,28
381,52,19,28
380,53,19,28
377,53,20,28
375,53,20,28
373,55,20,28
370,55,19,28
368,55,19,28
366,56,20,28
364,56,20,28
361,57,20,28
359,58,20,28
357,58,19,28
354,59,19,28
352,59,19,28
350,60,20,28
347,61,20,28
345,62,21,30
342,61,21,30
338,62,21,30
336,63,22,32
332,63,22,32
330,63,22,32
357,62,22,32
384,64,22,32
397,65,22,32
393,65,23,33
386,65,23,33
382,66,23,33
380,67,23,33
377,67,23,33
390,67,23,33
417,70,24,35
447,68,24,35
421,39,24,35
391,29,24,35
415,24,24,35
432,18,24,35
439,21,24,35
432,18,24,35
432,17,24,35
431,18,24,35
432,18,24,35
431,17,24,35
432,17,24,35
432,17,24,35
432,18,24,35
432,17,24,35
422,26,24,35
432,17,24,35
432,16,24,35
421,26,24,35
421,26,24,35
421,29,24,35
421,28,24,35
421,26,24,35
420,27,24,35
422,28,24,35
420,27,24,35
421,29,24,35
422,28,24,35
421,28,24,35
421,28,24,35
421,27,24,35
420,27,24,35
421,26,24,35
432,17,24,35
432,15,24,35
432,16,24,35
432,16,24,35
432,16,24,35
432,16,24,35
432,16,24,35
432,15,24,35
432,16,24,35
432,16,24,35
432,16,24,35
432,16,24,35
432,17,24,35
432,15,24,35
432,16,24,35
432,16,24,35
432,16,24,35
432,16,24,35
432,16,24,35
432,17,24,35
432,16,26,37
431,15,26,37
431,15,26,37
431,15,26,37
431,15,26,37
431,14,26,37
430,15,26,37
430,15,26,37
431,15,26,37
431,15,26,37
431,15,26,37
431,15,26,37
432,15,27,39
431,14,27,39
431,15,27,39
431,15,27,39
431,14,27,39
431,14,27,39
431,14,27,39
431,13,27,39
431,15,27,39
431,14,28,41
430,13,28,41
430,14,28,41
431,14,28,41
431,13,28,41
430,14,28,41
431,14,28,41
430,13,28,41
431,13,28,41
431,13,28,41
430,14,28,41
431,14,28,41
430,13,28,41
430,13,28,41
430,13,28,41
430,13,28,41
430,14,28,41
431,14,28,41
430,13,28,41
430,13,28,41
430,14,28,41
430,13,28,41
431,13,28,41
431,15,28,41
431,14,28,41
430,14,28,41
431,14,28,41
431,14,28,41
430,13,28,41
430,14,28,41
431,14,28,41
430,14,28,41
430,13,28,41
419,24,28,41
430,13,28,41
431,14,28,41
430,13,28,41
