1,276,127,116
24,276,127,116
60,276,127,116
96,272,127,116
135,269,127,116
187,269,120,110
226,265,120,110
257,262,120,110
291,262,114,104
318,255,114,104
340,252,114,104
365,249,108,99
387,245,108,99
407,239,108,99
428,236,102,93
444,230,102,93
457,224,102,94
470,221,102,93
483,215,102,93
493,212,102,94
499,206,102,93
505,200,102,93
509,197,102,93
512,194,102,93
509,188,102,93
515,186,102,93
509,183,102,93
505,177,102,93
502,171,102,94
499,168,102,93
493,162,102,93
486,159,102,94
480,160,97,89
473,154,97,89
458,157,97,89
459,157,92,84
452,151,92,84
443,149,92,84
436,145,97,89
428,143,97,89
422,140,97,89
419,134,97,89
412,131,97,89
406,129,97,89
403,126,97,89
400,123,97,89
397,120,97,89
396,113,102,93
396,109,102,93
390,109,102,93
390,106,102,94
390,106,102,94
393,106,102,94
390,106,102,94
393,103,102,94
396,103,102,94
393,100,102,93
396,103,102,94
396,103,102,94
396,103,102,94
399,103,102,94
396,100,102,93
396,103,102,94
396,103,102,94
396,103,102,94
394,102,108,99
397,100,108,99
397,100,108,99
395,98,114,104
390,98,114,104
397,95,114,104
397,95,114,104
397,98,114,104
397,98,114,104
397,95,114,104
397,95,114,104
397,98,114,104
395,93,120,110
403,97,120,110
415,97,120,110
415,97,120,110
415,97,120,110
415,93,120,110
415,93,120,110
415,93,120,110
415,93,120,110
418,93,120,110
415,93,120,110
418,93,120,110
415,93,120,110
415,93,120,110
415,93,120,110
412,91,127,115
413,91,127,116
413,91,127,116
413,91,127,116
449,88,127,116
449,91,127,116
413,91,127,116
413,91,127,116
413,91,127,116
413,91,127,116
