854,341,91,125
848,341,91,125
842,341,91,125
837,344,91,125
828,344,91,125
822,344,91,125
820,344,91,125
814,341,91,125
808,341,91,125
800,344,91,125
794,344,91,125
791,344,91,125
785,347,91,125
780,347,91,125
771,347,91,125
765,347,91,125
760,347,91,125
754,347,91,125
748,344,91,125
740,344,91,125
734,344,91,125
729,344,91,125
726,344,91,125
720,344,91,125
711,344,91,125
703,347,91,125
697,347,91,125
692,347,91,125
689,347,91,125
683,348,86,118
678,347,86,118
672,347,86,118
667,347,86,118
662,347,86,118
653,347,86,118
648,347,86,118
640,347,86,118
635,347,86,118
629,347,86,118
621,347,86,118
618,344,86,118
613,344,86,118
608,344,86,118
602,341,86,118
600,346,81,112
600,344,81,112
600,344,81,112
600,344,81,112
600,344,81,112
597,344,81,112
594,344,81,112
589,344,81,112
582,341,81,112
576,341,81,112
569,341,81,112
564,341,81,112
559,341,81,112
553,344,81,112
546,344,81,112
538,344,81,112
530,344,81,112
525,344,81,112
520,344,81,112
515,344,81,112
507,341,81,112
502,341,81,112
497,341,81,112
495,344,81,112
495,348,77,106
491,350,77,106
491,350,77,106
489,350,77,106
489,350,77,106
489,350,77,106
492,354,73,101
489,352,73,101
489,352,73,101
487,352,73,101
487,355,73,101
487,355,73,101
487,355,73,101
487,355,73,101
487,355,73,101
487,355,73,101
484,355,73,101
484,355,73,101
484,355,73,101
482,355,73,101
482,355,73,101
482,355,73,101
482,355,73,101
482,355,73,101
482,355,73,101
482,355,73,101
480,355,73,101
480,355,73,101
480,355,73,101
480,355,73,101
480,352,73,101
480,352,73,101
480,352,73,101
480,352,73,101
480,350,73,101
480,347,73,101
480,342,73,101
489,335,73,101
498,327,73,101
514,320,73,101
524,317,73,101
540,320,73,101
551,322,73,101
565,317,73,101
565,314,73,101
567,317,73,101
567,317,73,101
565,320,73,101
567,317,73,101
567,317,73,101
567,314,73,101
567,312,73,101
567,317,73,101
567,314,73,101
567,314,73,101
565,312,73,101
567,317,73,101
570,318,69,96
569,320,69,96
569,318,69,96
569,318,69,96
569,318,69,96
569,318,69,96
569,318,69,96
569,322,69,96
569,322,69,96
574,331,66,91
573,329,66,91
573,326,66,91
576,334,62,86
575,331,62,86
575,331,62,86
575,331,62,86
577,334,62,86
583,334,62,86
591,334,62,86
607,334,62,86
622,334,62,86
648,338,62,86
670,338,62,86
691,338,62,86
705,336,62,86
719,336,62,86
737,340,62,86
757,341,59,82
768,343,59,82
785,347,59,82
798,343,59,82
809,343,59,82
818,343,59,82
831,345,59,82
843,345,59,82
854,347,59,82
867,347,59,82
880,349,59,82
895,351,59,82
899,349,59,82
899,349,59,82
899,345,59,82
899,345,59,82
899,347,59,82
899,347,59,82
899,349,59,82
899,347,59,82
899,347,59,82
874,351,59,82
874,349,59,82
829,343,59,82
846,271,59,82
859,341,59,82
863,362,59,82
868,362,62,86
872,353,62,86
878,394,62,86
883,388,66,91
884,363,66,91
892,379,66,91
836,333,66,91
841,336,66,91
814,338,66,91
814,338,66,91
818,336,66,91
818,333,66,91
818,333,66,91
818,333,66,91
820,333,66,91
822,333,66,91
830,333,66,91
836,333,66,91
843,331,66,91
855,329,66,91
863,329,66,91
872,332,62,86
878,334,62,86
886,334,62,86
886,336,62,86
886,338,62,86
890,338,62,86
870,336,62,86
874,340,62,86
872,342,62,86
870,344,62,86
878,342,62,86
880,340,62,86
880,342,62,86
882,342,62,86
886,344,62,86
880,347,62,86
864,344,62,86
849,347,62,86
841,344,62,86
841,347,62,86
821,349,62,86
815,347,62,86
811,347,62,86
809,344,62,86
799,347,62,86
796,344,62,86
790,347,62,86
778,347,62,86
774,347,62,86
768,344,62,86
767,350,59,82
764,347,59,82
755,347,59,82
753,349,59,82
729,339,59,82
665,339,59,82
706,337,59,82
764,333,59,82
824,333,59,82
826,333,59,82
809,341,59,82
762,284,59,82
760,286,59,82
760,284,59,82
755,284,59,82
753,282,59,82
751,280,59,82
759,280,59,82
757,277,59,82
790,273,59,82
850,300,59,82
878,304,59,82
893,333,59,82
846,384,59,82
882,399,59,82
829,355,59,82
777,415,59,82
782,484,56,77
782,483,56,77
780,483,56,77
794,431,56,77
856,415,56,77
860,351,56,77
876,349,56,77
840,347,56,77
778,304,56,77
778,302,56,77
775,304,56,77
776,306,56,77
775,306,56,77
713,351,56,77
730,355,56,77
737,355,56,77
732,355,56,77
732,355,56,77
734,357,56,77
732,357,56,77
741,359,56,77
729,361,56,77
775,298,56,77
745,361,56,77
745,361,56,77
778,298,56,77
746,359,56,77
755,357,56,77
743,351,56,77
745,351,56,77
745,351,56,77
745,353,56,77
752,349,56,77
752,347,56,77
764,349,56,77
769,347,56,77
771,349,56,77
768,343,56,77
707,322,56,77
721,309,59,82
727,308,59,82
731,310,59,82
740,310,59,82
753,308,59,82
766,304,59,82
779,273,59,82
783,302,59,82
792,304,59,82
812,307,62,86
831,305,62,86
839,301,62,86
856,302,66,91
868,310,66,91
876,304,66,91
887,309,69,96
879,236,69,96
888,236,69,96
888,229,69,96
888,222,69,96
814,164,69,96
794,101,69,96
794,89,69,96
766,70,69,96
763,70,69,96
812,128,69,96
818,130,69,96
818,128,69,96
818,125,69,96
823,128,69,96
840,164,69,96
816,104,69,96
844,169,69,96
847,173,69,96
838,125,69,96
851,171,69,96
851,171,69,96
853,176,69,96
853,176,69,96
853,176,69,96
853,176,69,96
862,258,69,96
862,265,69,96
862,265,69,96
866,267,69,96
860,265,69,96
862,262,69,96
862,265,69,96
862,258,69,96
862,258,69,96
862,255,69,96
860,250,69,96
860,248,69,96
860,248,69,96
860,248,69,96
862,248,69,96
864,248,69,96
862,258,69,96
862,258,69,96
864,258,69,96
862,260,69,96
825,318,69,96
827,318,69,96
829,318,69,96
829,318,69,96
829,318,69,96
827,318,69,96
855,265,69,96
871,265,69,96
875,260,69,96
873,265,69,96
875,200,69,96
868,147,69,96
868,154,69,96
868,157,69,96
868,157,69,96
871,164,69,96
871,157,69,96
871,166,69,96
871,166,69,96
873,166,69,96
868,169,69,96
873,113,69,96
823,58,69,96
827,58,69,96
823,63,69,96
825,61,69,96
815,76,73,101
883,18,73,101
828,82,73,101
848,82,73,101
885,21,73,101
853,21,73,101
858,21,73,101
853,18,73,101
848,16,73,101
883,26,73,101
812,49,73,101
800,49,73,101
808,47,77,106
831,65,77,106
802,54,77,106
802,51,77,106
800,59,77,106
800,62,77,106
800,43,77,106
804,46,77,106
802,35,77,106
802,65,77,106
800,46,77,106
800,51,77,106
800,49,77,106
800,49,77,106
800,49,77,106
800,46,77,106
800,46,77,106
802,46,77,106
804,35,77,106
800,46,77,106
802,35,77,106
802,35,77,106
802,89,77,106
804,89,77,106
804,46,77,106
807,91,77,106
870,179,77,106
802,222,77,106
756,233,77,106
834,233,77,106
877,225,77,106
865,163,77,106
868,209,77,106
877,209,77,106
868,169,77,106
875,166,77,106
819,182,77,106
770,171,77,106
744,243,77,106
688,313,77,106
688,313,77,106
639,243,77,106
671,250,73,101
673,249,73,101
696,239,73,101
680,241,73,101
699,236,73,101
708,236,73,101
692,241,73,101
713,241,73,101
717,249,73,101
740,274,73,101
740,274,73,101
740,274,73,101
685,279,73,101
685,279,73,101
643,274,73,101
643,274,73,101
643,274,73,101
662,274,73,101
655,271,73,101
655,271,73,101
694,274,73,101
703,271,73,101
696,274,73,101
696,274,73,101
706,274,73,101
784,307,73,101
825,287,73,101
825,274,73,101
784,309,73,101
789,309,73,101
789,309,73,101
828,277,73,101
825,282,73,101
775,312,73,101
821,282,73,101
823,282,73,101
827,277,77,106
768,310,77,106
826,289,77,106
785,313,77,106
790,315,77,106
792,318,77,106
792,318,77,106
792,321,77,106
790,323,77,106
790,323,77,106
790,323,77,106
