537,98,193,92
534,93,193,92
525,90,193,92
519,90,193,92
516,90,193,92
510,95,193,92
507,101,193,92
507,107,193,92
501,107,193,92
498,107,193,92
501,113,193,92
504,113,193,92
504,110,193,92
507,110,193,92
513,110,193,92
513,107,193,92
516,110,193,92
515,111,203,96
506,116,203,96
500,113,203,96
500,113,203,96
503,116,203,96
503,116,203,96
495,114,214,102
490,119,214,102
483,119,214,102
483,119,214,102
476,122,214,102
480,122,214,102
483,125,203,96
480,122,203,96
487,122,203,96
493,122,203,96
496,122,203,96
490,119,203,96
490,119,203,96
487,122,203,96
487,122,203,96
484,122,203,96
480,122,203,96
480,125,203,96
477,125,203,96
477,119,203,96
480,119,203,96
484,119,203,96
484,122,203,96
484,119,203,96
480,122,203,96
480,125,203,96
480,125,203,96
477,125,203,96
474,125,203,96
474,128,203,96
471,128,203,96
471,131,203,96
465,128,203,96
461,128,203,96
458,128,203,96
455,128,203,96
455,128,203,96
455,128,203,96
455,128,203,96
452,128,203,96
452,128,203,96
452,128,203,96
449,128,203,96
449,128,203,96
449,128,203,96
445,128,203,96
445,128,203,96
445,128,203,96
445,128,203,96
445,128,203,96
452,128,203,96
458,128,203,96
455,131,203,96
455,128,203,96
465,125,203,96
455,125,203,96
458,128,203,96
455,128,203,96
452,128,203,96
445,128,203,96
433,134,203,96
426,134,203,96
414,137,203,96
400,135,214,102
389,135,214,102
376,122,214,102
371,120,225,107
368,118,225,107
368,115,225,107
363,113,238,113
362,114,238,113
362,107,238,113
365,114,238,113
365,114,238,113
369,118,238,113
369,118,238,113
376,118,238,113
384,114,238,113
399,114,238,113
410,118,238,113
425,118,238,113
436,110,238,113
451,110,238,113
458,110,238,113
458,110,238,113
473,110,238,113
473,110,238,113
473,110,238,113
473,110,238,113
466,110,238,113
469,118,225,107
463,115,225,107
463,115,225,107
452,118,225,107
449,118,225,107
445,118,225,107
452,122,214,102
446,125,214,102
453,125,214,102
459,125,214,102
466,119,214,102
470,119,214,102
476,119,214,102
483,119,214,102
490,122,214,102
496,115,214,102
500,112,214,102
496,112,214,102
506,112,214,102
503,112,214,102
496,119,214,102
488,117,225,107
484,118,225,107
481,118,225,107
463,118,225,107
442,118,225,107
442,118,225,107
442,118,225,107
438,118,225,107
431,115,225,107
428,118,225,107
431,118,225,107
435,118,225,107
438,118,225,107
449,118,225,107
460,118,225,107
460,118,225,107
460,118,225,107
477,118,225,107
477,118,225,107
484,118,225,107
488,122,225,107
491,122,225,107
491,118,225,107
495,118,225,107
495,122,225,107
498,122,225,107
495,118,225,107
498,118,225,107
495,118,225,107
498,118,225,107
502,118,225,107
502,115,225,107
509,118,225,107
509,112,225,107
513,112,225,107
516,108,225,107
527,112,225,107
520,115,225,107
523,112,225,107
520,112,225,107
516,112,225,107
513,115,225,107
509,118,225,107
509,118,225,107
505,122,225,107
505,118,225,107
498,118,225,107
498,122,225,107
498,115,225,107
502,115,225,107
498,118,225,107
498,115,225,107
502,118,225,107
502,118,225,107
498,115,225,107
495,118,225,107
491,118,225,107
495,118,225,107
488,118,225,107
484,118,225,107
484,118,225,107
481,118,225,107
484,115,225,107
498,115,225,107
495,112,225,107
509,112,225,107
509,112,225,107
509,108,225,107
516,112,225,107
513,112,225,107
509,108,225,107
505,112,225,107
505,108,225,107
498,108,225,107
495,108,225,107
488,112,225,107
484,112,225,107
484,115,225,107
484,118,225,107
484,118,225,107
488,122,225,107
484,112,225,107
488,112,225,107
484,118,225,107
488,115,225,107
498,115,225,107
495,115,225,107
491,115,225,107
491,115,225,107
491,115,225,107
495,115,225,107
491,118,225,107
491,115,225,107
498,115,225,107
498,112,225,107
509,115,225,107
513,112,225,107
516,112,225,107
523,108,225,107
530,108,225,107
548,105,225,107
555,105,225,107
558,101,225,107
565,101,225,107
562,101,225,107
569,101,225,107
569,101,225,107
569,101,225,107
562,105,225,107
562,115,225,107
562,112,225,107
558,108,225,107
565,105,225,107
565,108,225,107
565,112,225,107
562,112,225,107
565,115,225,107
565,115,225,107
565,115,225,107
565,112,225,107
569,115,225,107
569,118,225,107
569,112,225,107
569,115,225,107
573,118,225,107
569,118,225,107
565,118,225,107
562,118,225,107
558,118,225,107
558,118,225,107
551,118,225,107
555,118,225,107
543,113,238,113
548,110,238,113
551,103,238,113
539,95,264,126
546,99,264,126
542,95,264,126
532,101,278,132
545,100,278,132
537,100,278,132
526,93,293,140
529,84,293,140
520,88,293,140
536,90,309,147
533,93,309,147
523,97,309,147
533,97,309,147
533,88,309,147
548,93,309,147
552,93,309,147
557,88,309,147
562,84,309,147
562,84,309,147
562,79,309,147
562,79,309,147
567,84,309,147
562,84,309,147
567,79,309,147
572,79,309,147
572,74,309,147
577,79,309,147
569,76,326,155
562,73,326,155
562,73,326,155
562,69,326,155
562,69,326,155
562,69,326,155
562,73,326,155
552,73,326,155
552,78,326,155
557,78,326,155
552,73,326,155
552,78,326,155
552,83,326,155
546,88,326,155
552,93,326,155
561,98,309,147
557,88,309,147
543,84,309,147
538,88,309,147
548,93,309,147
548,88,309,147
545,90,326,155
552,93,326,155
552,88,326,155
546,93,326,155
546,93,326,155
536,93,326,155
523,90,344,164
522,93,344,164
528,88,344,164
525,74,362,172
511,71,362,172
511,71,362,172
511,71,362,172
511,82,362,172
511,82,362,172
511,76,362,172
511,76,362,172
511,71,362,172
528,71,362,172
528,71,362,172
533,71,362,172
533,71,362,172
550,71,362,172
550,71,362,172
567,65,362,172
579,71,362,172
584,71,362,172
576,62,382,182
574,63,382,182
574,69,382,182
574,46,382,182
574,46,382,182
574,46,382,182
574,57,382,182
568,63,382,182
574,69,382,182
568,69,382,182
538,69,382,182
574,69,382,182
550,69,382,182
550,69,382,182
568,69,382,182
568,69,382,182
568,63,382,182
568,63,382,182
574,63,382,182
574,63,382,182
574,63,382,182
574,63,382,182
574,63,382,182
574,57,382,182
574,63,382,182
574,63,382,182
574,63,382,182
574,63,382,182
574,63,382,182
574,57,382,182
574,63,382,182
568,63,382,182
568,63,382,182
568,63,382,182
574,63,382,182
574,63,382,182
568,63,382,182
568,63,382,182
574,63,382,182
574,63,382,182
574,63,382,182
574,63,382,182
574,63,382,182
568,63,382,182
568,63,382,182
568,63,382,182
574,63,382,182
574,57,382,182
574,46,382,182
568,46,382,182
574,46,382,182
568,46,382,182
568,57,382,182
562,46,382,182
574,46,382,182
562,46,382,182
568,46,382,182
574,46,382,182
556,46,382,182
544,40,382,182
535,42,403,192
542,43,403,192
548,55,403,192
511,49,403,192
529,49,403,192
548,49,403,192
520,50,424,202
525,51,424,202
525,45,424,202
525,51,424,202
505,51,424,202
505,51,424,202
494,47,447,213
490,47,447,213
490,47,447,213
504,47,447,213
504,47,447,213
504,47,447,213
504,47,447,213
504,47,447,213
504,47,447,213
497,47,447,213
497,47,447,213
497,41,447,213
497,41,447,213
497,41,447,213
497,47,447,213
483,47,447,213
497,47,447,213
497,54,447,213
497,54,447,213
497,54,447,213
497,47,447,213
517,47,424,202
512,51,424,202
512,51,424,202
505,51,424,202
498,51,424,202
492,51,424,202
492,51,424,202
485,51,424,202
478,51,424,202
478,57,424,202
472,51,424,202
472,57,424,202
465,57,424,202
458,57,424,202
458,57,424,202
445,51,424,202
452,51,424,202
445,57,424,202
445,57,424,202
445,57,424,202
445,57,424,202
452,57,424,202
452,57,424,202
445,51,424,202
458,51,424,202
452,51,424,202
452,51,424,202
445,57,424,202
445,57,424,202
445,57,424,202
439,57,424,202
439,57,424,202
425,57,424,202
419,57,424,202
419,57,424,202
419,57,424,202
419,57,424,202
419,57,424,202
419,57,424,202
431,76,403,192
429,79,403,192
429,79,403,192
435,67,403,192
435,61,403,192
435,67,403,192
435,67,403,192
441,73,403,192
441,73,403,192
448,73,403,192
448,73,403,192
448,73,403,192
459,66,382,182
461,80,382,182
461,80,382,182
461,75,382,182
455,75,382,182
461,69,382,182
461,69,382,182
461,75,382,182
461,69,382,182
467,75,382,182
467,80,382,182
467,75,382,182
467,69,382,182
467,69,382,182
472,63,382,182
472,69,382,182
467,63,382,182
467,63,382,182
477,80,362,172
477,76,362,172
477,82,362,172
471,76,362,172
454,87,362,172
460,82,362,172
460,82,362,172
454,82,362,172
454,76,362,172
448,76,362,172
443,87,362,172
443,87,362,172
448,87,362,172
448,82,362,172
443,87,362,172
453,92,344,164
447,88,344,164
447,88,344,164
452,88,344,164
458,93,344,164
468,72,344,164
478,88,326,155
475,93,326,155
475,83,326,155
470,93,326,155
470,98,326,155
470,98,326,155
465,93,326,155
460,98,326,155
460,93,326,155
460,98,326,155
460,98,326,155
460,98,326,155
460,98,326,155
465,98,326,155
460,93,326,155
460,93,326,155
460,93,326,155
470,98,326,155
470,93,326,155
470,93,326,155
470,98,326,155
470,98,326,155
475,88,326,155
470,98,326,155
470,93,326,155
485,93,326,155
485,88,326,155
490,88,326,155
485,78,326,155
485,78,326,155
490,78,326,155
490,88,326,155
475,93,326,155
490,98,309,147
489,102,309,147
480,102,309,147
480,102,309,147
470,102,309,147
470,102,309,147
465,102,309,147
456,102,309,147
446,102,309,147
427,102,309,147
417,102,309,147
393,107,309,147
405,104,326,155
388,108,326,155
368,103,326,155
363,103,326,155
337,108,326,155
332,108,326,155
342,108,326,155
342,108,326,155
342,108,326,155
352,113,309,147
354,116,309,147
354,116,309,147
363,121,293,140
363,119,293,140
363,114,293,140
359,110,293,140
359,110,293,140
359,110,293,140
368,110,293,140
386,106,293,140
405,97,293,140
423,97,293,140
451,71,293,140
474,88,293,140
515,75,293,140
529,79,293,140
542,79,293,140
545,77,309,147
557,70,309,147
557,70,309,147
557,65,309,147
552,61,309,147
543,70,309,147
538,74,309,147
519,79,309,147
509,84,309,147
489,88,309,147
480,102,309,147
460,102,309,147
397,111,309,147
368,107,309,147
364,116,309,147
364,116,309,147
364,111,309,147
344,111,309,147
349,107,309,147
349,102,309,147
368,102,309,147
378,102,309,147
383,107,309,147
378,102,309,147
378,107,309,147
359,111,309,147
368,111,309,147
364,107,309,147
359,107,309,147
354,107,309,147
349,107,309,147
364,102,309,147
388,93,309,147
371,90,326,155
399,93,326,155
414,78,326,155
465,78,326,155
470,83,326,155
480,83,326,155
483,80,344,164
490,67,344,164
490,77,344,164
490,77,344,164
479,83,344,164
474,83,344,164
463,88,344,164
447,93,344,164
409,93,344,164
425,98,344,164
409,98,344,164
404,103,344,164
388,98,344,164
372,103,344,164
366,103,344,164
355,98,344,164
345,93,344,164
345,98,344,164
345,98,344,164
345,98,344,164
339,93,344,164
334,93,344,164
339,93,344,164
345,93,344,164
345,93,344,164
355,93,344,164
345,93,344,164
326,89,362,172
346,82,362,172
346,82,362,172
341,87,362,172
346,82,362,172
346,87,362,172
341,87,362,172
346,82,362,172
341,82,362,172
335,87,362,172
335,87,362,172
318,87,362,172
318,87,362,172
329,92,362,172
335,87,362,172
341,92,362,172
341,87,362,172
341,87,362,172
341,87,362,172
341,87,362,172
341,87,362,172
341,87,362,172
341,87,362,172
341,87,362,172
341,92,362,172
341,92,362,172
341,92,362,172
335,82,362,172
335,87,362,172
335,87,362,172
335,87,362,172
335,87,362,172
335,82,362,172
341,87,362,172
335,87,362,172
335,82,362,172
335,87,362,172
329,87,362,172
329,87,362,172
341,87,362,172
346,87,362,172
346,87,362,172
346,92,362,172
358,92,362,172
358,92,362,172
363,92,362,172
369,92,362,172
375,92,362,172
375,87,362,172
380,87,362,172
375,87,362,172
363,87,362,172
380,87,362,172
380,92,362,172
369,87,362,172
369,92,362,172
363,92,362,172
346,87,362,172
335,92,362,172
335,92,362,172
341,92,362,172
335,92,362,172
335,92,362,172
341,92,362,172
341,92,362,172
341,87,362,172
341,87,362,172
341,87,362,172
335,76,362,172
335,82,362,172
318,92,362,172
318,98,362,172
324,98,362,172
341,87,362,172
335,92,362,172
341,87,362,172
341,87,362,172
329,87,362,172
324,87,362,172
335,87,362,172
335,92,362,172
335,87,362,172
335,87,362,172
335,87,362,172
335,87,362,172
335,87,362,172
335,87,362,172
324,87,362,172
318,87,362,172
335,87,362,172
309,83,382,182
317,80,382,182
317,80,382,182
317,80,382,182
323,86,382,182
323,86,382,182
329,80,382,182
335,80,382,182
329,80,382,182
329,69,382,182
335,80,382,182
335,75,382,182
335,75,382,182
341,80,382,182
335,80,382,182
341,80,382,182
341,80,382,182
347,86,382,182
341,86,382,182
341,86,382,182
329,80,382,182
329,80,382,182
335,75,382,182
329,75,382,182
335,75,382,182
335,75,382,182
335,80,382,182
329,75,382,182
329,80,382,182
329,86,382,182
329,80,382,182
329,80,382,182
329,80,382,182
329,80,382,182
329,80,382,182
329,80,382,182
329,80,382,182
329,80,382,182
329,75,382,182
329,75,382,182
329,75,382,182
329,80,382,182
329,75,382,182
329,75,382,182
323,75,382,182
323,75,382,182
323,75,382,182
323,75,382,182
323,75,382,182
323,75,382,182
323,75,382,182
323,75,382,182
323,75,382,182
323,86,382,182
341,80,382,182
329,80,382,182
335,80,382,182
353,75,382,182
365,69,382,182
377,80,382,182
383,80,382,182
395,75,382,182
419,69,382,182
425,63,382,182
425,69,382,182
425,63,382,182
425,63,382,182
401,57,382,182
395,52,382,182
413,69,382,182
383,69,382,182
377,75,382,182
332,82,403,192
322,67,403,192
322,79,403,192
339,90,382,182
341,86,382,182
335,75,382,182
329,80,382,182
329,80,382,182
323,80,382,182
329,80,382,182
329,75,382,182
335,75,382,182
335,75,382,182
335,75,382,182
335,80,382,182
329,75,382,182
329,80,382,182
329,86,382,182
329,86,382,182
329,86,382,182
329,86,382,182
329,80,382,182
329,80,382,182
329,86,382,182
335,92,382,182
335,86,382,182
335,86,382,182
335,86,382,182
335,86,382,182
335,86,382,182
335,86,382,182
335,86,382,182
329,80,382,182
329,86,382,182
329,86,382,182
329,86,382,182
329,92,382,182
329,92,382,182
329,92,382,182
323,80,382,182
323,86,382,182
323,80,382,182
329,86,382,182
329,97,382,182
329,92,382,182
329,86,382,182
329,86,382,182
335,86,382,182
346,92,362,172
335,87,362,172
335,92,362,172
335,92,362,172
318,92,362,172
335,87,362,172
335,87,362,172
335,87,362,172
335,87,362,172
324,92,362,172
335,87,362,172
324,87,362,172
335,87,362,172
335,87,362,172
335,87,362,172
335,87,362,172
352,87,362,172
352,87,362,172
363,87,362,172
363,87,362,172
369,87,362,172
369,87,362,172
363,87,362,172
363,92,362,172
358,92,362,172
358,92,362,172
352,87,362,172
346,92,362,172
335,92,362,172
335,92,362,172
329,87,362,172
329,87,362,172
329,87,362,172
329,87,362,172
324,92,362,172
329,87,362,172
329,92,362,172
329,92,362,172
329,87,362,172
324,87,362,172
324,87,362,172
324,87,362,172
324,87,362,172
324,87,362,172
324,87,362,172
324,87,362,172
324,87,362,172
329,87,362,172
329,87,362,172
329,87,362,172
324,87,362,172
329,87,362,172
335,87,362,172
341,87,362,172
346,82,362,172
341,87,362,172
346,87,362,172
357,92,344,164
372,88,344,164
366,93,344,164
371,103,326,155
373,103,326,155
373,103,326,155
373,103,326,155
378,98,326,155
373,98,326,155
378,98,326,155
373,103,326,155
378,98,326,155
368,98,326,155
363,103,326,155
353,103,326,155
353,103,326,155
342,103,326,155
347,98,326,155
353,98,326,155
353,98,326,155
353,98,326,155
347,98,326,155
353,98,326,155
353,98,326,155
353,98,326,155
353,98,326,155
353,98,326,155
353,93,326,155
358,93,326,155
347,98,326,155
347,93,326,155
353,98,326,155
353,98,326,155
347,98,326,155
347,98,326,155
347,98,326,155
353,98,326,155
358,98,326,155
358,98,326,155
355,95,344,164
361,93,344,164
372,93,344,164
372,93,344,164
372,93,344,164
377,93,344,164
393,93,344,164
404,88,344,164
409,88,344,164
415,93,344,164
431,88,344,164
436,88,344,164
442,88,344,164
442,88,344,164
447,88,344,164
447,88,344,164
447,88,344,164
458,77,344,164
468,72,344,164
474,67,344,164
495,62,344,164
501,67,344,164
485,72,344,164
495,72,344,164
490,62,344,164
474,62,344,164
474,62,344,164
452,83,344,164
442,83,344,164
431,88,344,164
419,93,326,155
404,98,326,155
383,98,326,155
368,98,326,155
363,103,326,155
358,103,326,155
358,103,326,155
358,103,326,155
358,103,326,155
358,103,326,155
353,98,326,155
353,98,326,155
358,103,326,155
353,103,326,155
347,103,326,155
347,103,326,155
347,103,326,155
347,103,326,155
347,103,326,155
347,103,326,155
358,98,326,155
353,103,326,155
353,103,326,155
358,103,326,155
363,103,326,155
363,103,326,155
363,103,326,155
363,103,326,155
368,98,326,155
347,98,326,155
358,103,326,155
358,98,326,155
358,103,326,155
358,98,326,155
358,103,326,155
358,98,326,155
358,98,326,155
358,103,326,155
358,108,326,155
358,103,326,155
368,103,326,155
368,103,326,155
363,103,326,155
358,98,326,155
358,98,326,155
353,98,326,155
353,98,326,155
353,98,326,155
353,98,326,155
353,98,326,155
358,98,326,155
353,98,326,155
358,98,326,155
353,98,326,155
358,98,326,155
358,103,326,155
368,98,326,155
368,103,326,155
378,108,326,155
373,103,326,155
373,103,326,155
383,103,326,155
388,103,326,155
393,103,326,155
393,98,326,155
409,103,326,155
414,103,326,155
414,103,326,155
419,98,326,155
414,98,326,155
419,98,326,155
414,93,326,155
414,93,326,155
414,93,326,155
409,88,326,155
429,98,326,155
429,93,326,155
419,93,326,155
419,88,326,155
424,83,326,155
419,93,326,155
404,93,326,155
399,93,326,155
388,98,326,155
383,98,326,155
383,103,326,155
378,103,326,155
378,103,326,155
378,103,326,155
373,98,326,155
373,103,326,155
378,98,326,155
383,93,326,155
388,93,326,155
393,98,326,155
393,98,326,155
393,98,326,155
393,98,326,155
393,98,326,155
404,98,326,155
393,98,326,155
399,98,326,155
399,98,326,155
404,98,326,155
404,98,326,155
399,98,326,155
399,98,326,155
404,98,326,155
393,98,326,155
383,103,326,155
378,103,326,155
368,103,326,155
368,103,326,155
358,103,326,155
347,103,326,155
347,103,326,155
347,103,326,155
347,108,326,155
347,103,326,155
347,103,326,155
347,103,326,155
347,103,326,155
353,103,326,155
347,103,326,155
347,108,326,155
347,103,326,155
353,108,326,155
358,108,326,155
363,103,326,155
368,103,326,155
373,98,326,155
378,98,326,155
383,98,326,155
378,98,326,155
383,98,326,155
383,103,326,155
393,98,326,155
383,103,326,155
383,103,326,155
388,98,326,155
393,98,326,155
388,98,326,155
388,98,326,155
378,103,326,155
368,108,326,155
363,108,326,155
358,108,326,155
353,108,326,155
353,108,326,155
358,108,326,155
353,108,326,155
347,108,326,155
347,108,326,155
353,103,326,155
363,98,326,155
368,98,326,155
368,98,326,155
373,98,326,155
378,98,326,155
383,98,326,155
383,98,326,155
388,98,326,155
380,95,344,164
382,93,344,164
388,93,344,164
388,93,344,164
388,93,344,164
388,98,344,164
377,98,344,164
350,103,344,164
350,103,344,164
358,94,362,172
443,76,362,172
448,71,362,172
443,76,362,172
443,76,362,172
448,82,362,172
440,78,382,182
437,75,382,182
431,75,382,182
425,75,382,182
431,75,382,182
437,75,382,182
431,75,382,182
431,80,382,182
425,80,382,182
425,80,382,182
425,80,382,182
431,80,382,182
441,92,362,172
426,92,362,172
420,92,362,172
386,87,362,172
380,92,362,172
380,92,362,172
375,98,362,172
380,98,362,172
375,98,362,172
380,103,362,172
375,98,362,172
363,98,362,172
358,103,362,172
346,98,362,172
341,98,362,172
335,98,362,172
329,98,362,172
324,98,362,172
318,98,362,172
312,92,362,172
312,98,362,172
307,92,362,172
312,92,362,172
312,92,362,172
307,92,362,172
301,92,362,172
301,92,362,172
301,98,362,172
295,92,362,172
295,92,362,172
295,92,362,172
295,92,362,172
295,92,362,172
295,92,362,172
290,87,362,172
295,87,362,172
295,87,362,172
295,87,362,172
290,87,362,172
301,87,362,172
312,87,362,172
324,82,362,172
341,76,362,172
341,71,362,172
352,71,362,172
380,71,362,172
392,71,362,172
414,60,362,172
431,65,362,172
426,65,362,172
443,65,362,172
448,65,362,172
448,60,362,172
448,65,362,172
448,65,362,172
443,71,362,172
443,71,362,172
443,71,362,172
443,71,362,172
443,76,362,172
431,71,362,172
443,76,362,172
443,76,362,172
443,76,362,172
443,82,362,172
431,71,362,172
442,76,344,164
436,77,344,164
442,83,344,164
442,83,344,164
420,83,344,164
398,88,344,164
393,88,344,164
388,88,344,164
388,83,344,164
382,83,344,164
