440,223,66,137
450,223,66,137
454,223,66,137
456,223,65,137
456,223,65,137
458,225,66,138
465,225,65,138
465,225,65,138
465,225,65,138
463,225,66,138
460,225,66,138
458,227,66,138
456,227,65,138
454,227,66,138
454,227,66,138
450,229,66,138
446,229,66,138
444,229,66,138
442,231,66,138
440,233,66,138
439,231,69,145
435,232,69,145
435,232,69,145
433,232,69,145
433,232,69,145
431,230,69,145
429,230,69,145
427,230,69,145
424,230,69,145
422,230,69,145
420,230,69,145
418,230,69,145
416,228,69,145
411,228,69,145
409,228,69,145
407,228,69,145
403,228,69,145
400,228,69,145
398,228,69,145
396,228,69,145
392,228,69,145
389,225,73,153
385,223,73,153
383,223,73,153
381,223,73,153
379,226,73,153
374,226,73,153
369,226,73,153
367,226,73,153
365,226,73,153
360,226,73,153
356,228,73,153
353,228,73,153
351,228,73,153
349,228,73,153
346,228,73,153
342,228,73,153
340,228,73,153
337,228,73,153
335,228,73,153
335,228,73,153
330,228,73,153
328,230,73,153
326,230,73,153
324,230,73,153
321,230,73,153
317,230,73,153
314,230,73,153
310,230,73,153
308,230,73,153
305,230,73,153
303,230,73,153
301,230,73,153
298,233,73,153
296,233,73,153
294,233,73,153
291,235,73,153
289,235,73,153
296,238,73,153
305,242,73,153
317,242,73,153
326,242,73,153
328,242,73,153
337,240,73,153
346,233,73,153
372,226,73,153
404,221,73,153
434,216,73,153
461,223,73,153
468,216,73,153
477,214,73,153
498,132,73,153
463,238,73,153
479,238,73,153
495,235,73,153
509,235,73,153
532,235,73,153
541,235,73,153
550,235,73,153
560,235,73,153
566,235,73,153
580,235,73,153
585,235,73,153
582,235,73,153
582,230,77,161
578,230,77,161
573,230,77,161
567,227,81,170
563,227,81,170
558,227,81,170
558,227,81,170
550,227,81,170
550,227,81,170
545,224,81,170
540,224,81,170
538,227,81,170
535,227,81,170
532,227,81,170
527,227,81,170
522,227,81,170
520,227,81,170
515,227,81,170
512,227,81,170
510,227,81,170
504,227,81,170
502,227,81,170
494,227,81,170
497,227,81,170
493,223,85,179
489,222,85,179
486,222,85,179
481,222,85,179
475,222,85,179
470,219,85,179
466,218,90,189
464,219,90,189
464,213,90,189
473,213,90,189
476,213,90,189
478,213,90,189
487,216,90,189
495,216,90,189
507,222,90,189
504,219,90,189
501,219,90,189
498,219,90,189
495,222,90,189
487,219,90,189
481,219,90,189
478,219,90,189
476,219,90,189
470,216,90,189
464,216,90,189
461,219,90,189
461,216,90,189
459,219,90,189
456,216,90,189
453,219,90,189
453,219,90,189
450,219,90,189
447,219,90,189
447,219,90,189
447,219,90,189
447,219,90,189
444,219,90,189
444,219,90,189
444,219,90,189
440,212,95,199
439,212,95,199
439,212,95,199
439,212,95,199
439,212,95,199
439,212,95,199
433,212,95,199
433,212,95,199
433,212,95,199
433,212,95,199
427,219,95,199
430,219,95,199
427,219,95,199
427,219,95,199
427,219,95,199
427,219,95,199
427,219,95,199
427,219,95,199
427,219,95,199
427,219,95,199
427,219,95,199
424,219,95,199
424,216,95,199
424,216,95,199
424,216,95,199
424,216,95,199
424,216,95,199
424,212,95,199
424,212,95,199
424,212,95,199
424,212,95,199
424,212,95,199
421,212,95,199
421,216,95,199
424,212,95,199
424,212,95,199
424,212,95,199
424,212,95,199
424,212,95,199
424,212,95,199
424,212,95,199
424,212,95,199
424,212,95,199
424,212,95,199
424,212,95,199
424,212,95,199
424,212,95,199
424,212,95,199
424,212,95,199
424,212,95,199
424,212,95,199
424,212,95,199
424,212,95,199
424,212,95,199
424,212,95,199
424,212,95,199
424,212,95,199
424,212,95,199
424,212,95,199
424,212,95,199
424,212,95,199
424,212,95,199
424,212,95,199
424,212,95,199
421,212,95,199
421,212,95,199
421,212,95,199
421,212,95,199
421,216,95,199
421,212,95,199
421,212,95,199
421,216,95,199
421,212,95,199
421,212,95,199
424,212,95,199
424,212,95,199
421,212,95,199
421,212,95,199
424,212,95,199
424,212,95,199
424,212,95,199
424,212,95,199
424,212,95,199
424,212,95,199
422,208,100,210
421,207,100,210
421,207,100,210
421,207,100,210
421,207,100,210
421,207,100,210
421,207,100,210
421,211,100,210
421,211,100,210
421,211,100,210
421,211,100,210
421,211,100,210
421,211,100,210
421,211,100,210
421,211,100,210
421,211,100,210
425,211,100,210
421,211,100,210
421,211,100,210
421,211,100,210
421,211,100,210
425,211,100,210
425,211,100,210
425,211,100,210
425,211,100,210
425,211,100,210
425,211,100,210
423,206,105,221
421,205,105,221
421,205,105,221
421,205,105,221
421,208,105,221
421,205,105,221
421,208,105,221
421,208,105,221
421,208,105,221
421,208,105,221
421,208,105,221
421,208,105,221
421,205,105,221
421,205,105,221
421,208,105,221
421,208,105,221
421,208,105,221
421,208,105,221
421,208,105,221
421,208,105,221
421,208,105,221
421,208,105,221
421,208,105,221
421,208,105,221
421,208,105,221
421,208,105,221
421,208,105,221
421,208,105,221
421,208,105,221
421,208,105,221
421,208,105,221
421,208,105,221
421,208,105,221
421,205,105,221
421,205,105,221
421,205,105,221
421,205,105,221
421,205,105,221
421,205,105,221
421,205,105,221
421,205,105,221
421,205,105,221
421,205,105,221
421,205,105,221
421,205,105,221
421,205,105,221
421,208,105,221
421,205,105,221
421,205,105,221
421,205,105,221
421,205,105,221
421,205,105,221
421,205,105,221
421,205,105,221
421,205,105,221
421,201,105,221
421,201,105,221
425,208,100,210
425,204,100,210
425,204,100,210
425,204,100,210
425,204,100,210
425,207,100,210
425,207,100,210
425,207,100,210
425,207,100,210
425,207,100,210
425,207,100,210
425,207,100,210
425,207,100,210
425,207,100,210
421,207,100,210
421,207,100,210
421,207,100,210
421,207,100,210
421,207,100,210
421,207,100,210
421,207,100,210
421,207,100,210
421,207,100,210
425,211,100,210
421,207,100,210
421,207,100,210
421,207,100,210
421,207,100,210
421,207,100,210
421,207,100,210
421,204,100,210
421,207,100,210
421,207,100,210
421,207,100,210
421,207,100,210
421,204,100,210
418,204,100,210
418,204,100,210
418,204,100,210
418,201,100,210
418,204,100,210
415,204,100,210
415,201,100,210
412,204,100,210
412,204,100,210
415,201,100,210
409,191,100,210
409,188,100,210
406,184,100,210
406,184,100,210
403,184,100,210
399,181,100,210
399,184,100,210
399,184,100,210
399,188,100,210
396,188,100,210
393,194,100,210
393,194,100,210
390,198,100,210
387,194,100,210
385,196,105,221
381,194,105,221
381,194,105,221
378,194,105,221
378,198,105,221
378,198,105,221
375,198,105,221
371,198,105,221
371,198,105,221
366,193,111,233
363,194,111,233
363,194,111,233
360,194,111,233
353,194,111,233
349,194,111,233
344,189,117,246
343,189,117,246
339,189,117,246
333,183,124,259
330,183,124,259
330,183,124,259
324,177,130,273
319,176,130,273
315,176,130,273
311,176,130,273
311,176,130,273
307,171,130,273
307,171,130,273
303,171,130,273
299,167,130,273
295,167,130,273
287,167,130,273
287,167,130,273
278,167,130,273
274,167,130,273
270,167,130,273
270,176,130,273
266,176,130,273
254,171,130,273
254,176,130,273
246,171,130,273
242,171,130,273
242,171,130,273
233,176,130,273
229,176,130,273
225,180,130,273
221,180,130,273
217,180,130,273
206,174,137,288
199,172,137,288
194,172,137,288
186,167,137,288
177,167,137,288
173,167,137,288
166,160,145,303
164,157,145,303
159,157,145,303
159,157,145,303
146,157,145,303
141,157,145,303
137,152,145,303
128,152,145,303
128,152,145,303
114,152,145,303
109,152,145,303
105,152,145,303
100,152,145,303
96,152,145,303
91,157,145,303
87,157,145,303
82,152,145,303
82,152,145,303
78,157,145,303
64,152,145,303
64,152,145,303
64,161,137,288
65,163,137,288
65,163,137,288
56,163,137,288
52,163,137,288
44,163,137,288
44,171,130,273
37,176,130,273
33,180,130,273
29,176,130,273
29,176,130,273
33,180,130,273
41,180,130,273
41,180,130,273
41,184,130,273
41,180,130,273
41,180,130,273
50,184,130,273
58,188,124,259
94,187,124,259
113,187,124,259
132,187,124,259
152,191,124,259
167,191,124,259
199,199,117,246
203,197,117,246
203,197,117,246
207,208,111,233
203,208,111,233
199,205,111,233
196,208,111,233
185,208,111,233
182,208,111,233
178,205,111,233
168,201,111,233
161,208,111,233
161,208,105,221
156,208,105,221
156,215,105,221
146,246,105,221
143,215,105,221
136,246,105,221
130,219,105,221
123,219,105,221
116,219,105,221
116,215,105,221
110,215,105,221
103,222,105,221
97,219,105,221
90,232,105,221
83,232,105,221
77,232,105,221
77,222,105,221
73,222,105,221
63,219,105,221
60,219,105,221
53,219,105,221
50,219,105,221
47,226,105,221
44,236,105,221
44,239,105,221
40,239,105,221
34,236,105,221
37,236,105,221
20,222,105,221
17,219,105,221
14,219,105,221
14,219,105,221
17,222,105,221
28,238,111,233
28,234,111,233
25,216,111,233
35,212,111,233
46,212,111,233
130,205,111,233
178,205,111,233
224,201,111,233
266,205,111,233
297,208,111,233
318,208,111,233
318,208,111,233
318,208,111,233
315,212,111,233
315,208,111,233
311,208,111,233
308,208,111,233
308,208,111,233
308,212,111,233
304,216,111,233
294,208,111,233
297,208,111,233
304,208,111,233
308,208,111,233
301,208,111,233
301,208,111,233
308,205,111,233
308,208,111,233
308,208,111,233
308,205,111,233
308,208,111,233
304,205,111,233
304,208,111,233
304,208,111,233
301,208,111,233
304,208,111,233
304,208,111,233
304,212,111,233
315,212,111,233
325,212,111,233
329,212,111,233
329,212,111,233
329,212,111,233
332,212,111,233
336,212,111,233
339,212,111,233
339,216,111,233
343,216,111,233
346,216,111,233
346,216,111,233
353,216,111,233
360,219,111,233
370,219,111,233
384,219,111,233
398,219,111,233
405,219,111,233
409,219,111,233
405,219,111,233
405,219,111,233
402,219,111,233
402,226,105,221
398,226,105,221
395,229,105,221
391,229,105,221
385,232,105,221
385,232,105,221
385,229,105,221
388,229,105,221
385,229,105,221
388,229,105,221
388,229,105,221
381,236,105,221
381,236,105,221
378,232,105,221
375,236,105,221
371,236,105,221
368,232,105,221
368,232,105,221
361,232,105,221
361,226,105,221
355,226,105,221
351,232,105,221
351,226,105,221
348,226,105,221
346,221,111,233
343,223,111,233
336,223,111,233
336,216,111,233
329,216,111,233
329,216,111,233
329,223,105,221
325,219,105,221
322,222,105,221
322,222,105,221
322,222,105,221
318,222,105,221
318,222,105,221
315,222,105,221
315,222,105,221
315,222,105,221
312,226,105,221
312,222,105,221
308,222,105,221
308,222,105,221
305,222,105,221
305,222,105,221
295,222,105,221
295,222,105,221
292,222,105,221
292,222,105,221
289,222,105,221
289,222,105,221
285,222,105,221
285,222,105,221
285,226,105,221
282,226,105,221
279,222,105,221
275,219,105,221
275,219,105,221
272,219,105,221
272,219,105,221
269,222,105,221
269,222,105,221
265,226,105,221
269,226,105,221
272,226,105,221
285,226,105,221
295,229,105,221
298,232,105,221
305,232,105,221
305,226,105,221
305,226,105,221
308,229,105,221
312,229,105,221
312,229,105,221
315,229,105,221
315,229,105,221
315,229,105,221
322,229,105,221
328,229,105,221
335,229,105,221
358,229,105,221
365,229,105,221
365,229,105,221
