515,110,22,55
515,110,22,55
515,110,22,56
515,110,22,56
515,110,22,55
515,109,23,59
514,109,23,59
514,110,23,59
514,110,23,59
514,110,23,59
514,110,23,59
515,111,23,59
515,111,23,59
516,111,23,59
516,111,23,59
517,112,23,59
517,113,23,59
517,113,23,59
518,113,23,59
519,112,23,59
519,113,23,59
519,112,23,59
521,113,23,59
521,113,23,59
520,113,23,59
521,114,23,59
523,114,24,62
523,115,24,62
524,115,24,62
524,114,24,62
526,114,24,62
527,113,24,62
527,116,24,62
530,116,24,62
530,116,24,62
531,116,24,62
532,116,24,62
534,116,24,62
534,115,25,65
533,114,25,65
533,114,25,65
535,114,27,69
534,113,27,69
534,114,27,69
534,114,27,69
535,113,27,69
535,113,27,69
535,113,27,69
535,113,27,69
535,113,27,69
536,113,27,69
536,113,27,69
539,115,27,69
540,114,28,72
541,113,28,72
542,113,28,72
543,113,28,72
543,113,28,72
544,113,28,72
545,114,28,72
546,115,28,72
547,115,28,72
549,115,28,72
549,115,28,72
550,118,28,72
550,118,28,72
550,119,28,72
549,119,28,72
533,164,28,72
508,160,28,72
476,161,28,72
443,162,28,72
439,163,28,72
438,163,28,72
439,163,28,72
438,163,28,72
439,163,28,72
436,163,28,72
437,163,28,72
437,163,28,72
437,163,28,72
437,163,28,72
438,163,28,72
439,163,28,72
439,163,28,72
439,163,28,72
440,163,28,72
439,163,28,72
438,163,28,72
437,163,28,72
437,163,28,72
438,163,28,72
438,163,28,72
437,163,28,72
437,163,28,72
437,163,28,72
437,163,28,72
437,163,28,72
437,163,28,72
437,163,28,72
438,163,28,72
438,163,30,76
438,163,30,76
439,163,30,76
439,161,31,80
439,159,31,80
440,159,31,80
440,159,31,80
442,159,31,80
446,159,31,80
440,159,31,80
440,159,31,80
440,159,31,80
440,158,33,85
438,157,33,85
439,156,33,85
438,155,35,89
436,154,35,89
436,153,35,89
437,153,37,94
436,152,37,94
436,152,37,94
436,152,37,94
437,152,37,94
436,152,37,94
437,152,37,94
437,152,37,94
437,151,37,94
415,149,37,94
380,149,37,94
354,151,37,94
308,150,37,94
280,152,37,94
248,151,37,94
248,153,37,94
247,157,37,94
246,157,37,94
246,155,39,99
246,154,39,99
246,154,39,99
246,155,39,99
246,155,39,99
246,154,39,99
244,155,39,99
244,155,39,99
244,154,39,99
243,155,39,99
243,157,39,99
243,155,39,99
243,154,41,105
242,153,41,105
245,153,41,105
245,153,41,105
245,153,41,105
245,153,41,105
242,153,41,105
243,153,41,105
243,153,41,105
241,153,41,105
240,153,41,105
241,154,41,105
240,154,41,105
241,153,41,105
214,144,41,105
212,143,41,105
214,143,41,105
212,143,41,105
212,143,41,105
212,143,41,105
211,143,41,105
212,143,41,105
212,143,41,105
212,143,41,105
216,146,39,99
215,145,39,99
215,144,39,99
215,144,39,99
214,144,39,99
216,144,39,99
215,144,39,99
215,144,39,99
214,144,39,99
214,143,39,99
215,144,39,99
215,143,39,99
242,154,41,105
241,153,41,105
241,153,41,105
241,153,41,105
241,153,41,105
241,153,41,105
242,153,41,105
241,153,41,105
243,153,41,105
241,153,41,105
241,153,41,105
241,154,41,105
242,153,41,105
241,153,41,105
241,153,41,105
241,153,41,105
241,153,41,105
242,152,41,105
242,153,41,105
242,153,41,105
242,153,41,105
241,151,43,110
240,150,43,110
242,150,43,110
242,150,43,110
242,150,43,110
242,150,43,110
243,150,43,110
243,150,43,110
243,150,43,110
243,150,43,110
243,150,43,110
243,150,43,110
244,150,43,110
244,150,43,110
243,150,43,110
243,150,43,110
243,150,43,110
243,150,43,110
243,150,43,110
243,150,43,110
243,149,43,110
243,149,43,110
243,150,43,110
243,150,43,110
243,150,43,110
243,150,43,110
243,150,43,110
245,153,41,105
242,154,41,105
243,153,41,105
243,152,41,105
245,152,41,105
245,152,41,105
243,153,41,105
245,152,41,105
243,153,41,105
245,153,41,105
243,153,41,105
243,153,41,105
243,153,41,105
245,153,41,105
245,153,41,105
245,152,41,105
243,153,41,105
245,152,41,105
245,151,41,105
245,151,41,105
246,151,41,105
245,151,41,105
245,151,41,105
243,148,41,105
245,148,41,105
245,149,41,105
245,149,41,105
245,149,41,105
245,149,41,105
245,149,41,105
245,149,41,105
245,149,41,105
246,151,41,105
245,149,41,105
245,149,41,105
245,149,41,105
245,152,41,105
245,152,41,105
243,152,41,105
242,154,41,105
242,154,41,105
242,154,41,105
242,154,41,105
242,154,41,105
242,154,41,105
243,154,41,105
243,154,41,105
242,154,41,105
242,154,41,105
242,154,41,105
242,154,41,105
242,154,41,105
242,154,41,105
243,154,41,105
243,154,41,105
243,154,41,105
243,154,41,105
243,154,41,105
242,154,41,105
243,154,41,105
243,153,41,105
242,154,41,105
243,153,41,105
243,153,41,105
243,153,41,105
242,154,41,105
242,153,43,110
243,150,43,110
243,150,43,110
241,148,45,116
242,147,45,116
242,147,45,116
242,147,45,116
242,145,45,116
240,147,45,116
240,147,45,116
242,107,45,116
237,96,45,116
240,22,45,116
203,6,45,116
275,79,45,116
306,110,45,116
362,103,45,116
362,103,45,116
362,103,45,116
362,104,45,116
361,106,45,116
361,110,45,116
359,110,45,116
358,115,45,116
357,110,45,116
355,112,45,116
354,112,45,116
352,120,45,116
351,120,45,116
346,123,45,116
345,125,45,116
344,134,45,116
341,136,45,116
336,134,45,116
336,136,45,116
335,141,45,116
332,144,45,116
331,144,45,116
329,148,45,116
329,153,45,116
324,155,45,116
322,158,45,116
259,174,45,116
256,176,45,116
252,177,45,116
247,177,45,116
245,179,45,116
242,186,45,116
240,189,45,116
237,196,45,116
233,199,45,116
227,197,48,123
220,199,48,123
215,204,48,123
214,207,48,123
211,210,48,123
208,207,48,123
206,130,48,123
270,107,48,123
332,101,48,123
326,108,48,123
321,107,48,123
320,110,48,123
314,110,48,123
312,110,48,123
308,108,48,123
232,106,51,129
221,96,51,129
217,98,51,129
144,114,51,129
119,117,51,129
192,113,51,129
213,114,51,129
240,153,51,129
168,106,51,129
185,115,48,123
208,118,48,123
217,118,48,123
208,116,48,123
191,118,48,123
116,121,48,123
112,121,48,123
96,124,48,123
82,122,48,123
84,124,48,123
114,121,48,123
143,124,48,123
152,113,48,123
184,139,48,123
200,138,48,123
243,143,45,116
250,141,45,116
265,144,45,116
273,145,45,116
259,142,45,116
250,147,45,116
250,147,45,116
242,167,45,116
242,167,45,116
242,167,45,116
210,172,45,116
210,172,45,116
210,172,45,116
210,172,45,116
179,172,45,116
174,196,48,123
176,198,48,123
175,198,48,123
176,195,51,129
173,195,51,129
99,145,51,129
104,109,51,129
134,113,51,129
