447,186,26,52
443,187,26,52
439,187,26,52
436,186,26,52
433,186,26,52
428,186,26,52
422,186,26,52
417,186,26,52
413,185,26,52
409,186,26,52
405,187,26,52
400,187,26,52
397,187,26,52
393,187,26,52
388,187,26,52
382,188,26,52
378,187,26,52
375,187,26,52
371,187,26,52
367,187,26,52
363,187,26,52
358,187,26,52
354,187,26,52
349,187,26,52
345,187,26,52
340,187,26,52
336,187,26,52
331,187,26,52
328,187,26,52
326,189,24,49
321,187,24,49
316,188,24,49
310,189,24,49
305,188,24,49
301,188,24,49
298,189,24,49
294,189,24,49
290,189,24,49
286,187,24,49
282,187,24,49
278,189,24,49
274,188,24,49
270,187,24,49
266,186,24,49
264,186,24,49
260,186,24,49
257,186,24,49
253,186,24,49
249,188,24,49
244,187,24,49
241,187,24,49
238,187,24,49
235,188,24,49
232,187,26,52
228,187,26,52
226,186,26,52
222,187,26,52
217,187,26,52
213,187,26,52
210,186,26,52
208,185,26,52
203,187,26,52
200,186,27,54
194,185,27,54
191,185,27,54
187,186,28,57
183,186,28,57
180,184,28,57
177,184,28,57
174,184,28,57
171,183,28,57
168,184,28,57
165,184,28,57
162,184,28,57
158,185,28,57
153,184,28,57
150,184,28,57
148,184,28,57
145,184,28,57
142,184,28,57
140,183,28,57
137,182,28,57
135,182,28,57
132,183,28,57
127,183,28,57
124,182,28,57
123,184,27,54
120,184,27,54
119,183,27,54
117,181,27,54
114,180,27,54
112,183,27,54
109,182,27,54
108,181,27,54
106,181,27,54
103,179,27,54
102,179,27,54
100,179,27,54
98,179,27,54
96,178,27,54
94,179,27,54
92,179,27,54
90,178,27,54
87,178,27,54
85,178,27,54
83,178,27,54
82,177,27,54
82,177,26,52
100,182,26,52
130,182,26,52
152,175,24,49
145,176,24,49
145,175,24,49
148,179,23,46
147,177,23,46
147,176,23,46
149,181,19,39
178,179,19,39
202,179,19,39
230,180,18,37
232,179,18,37
231,179,18,37
232,181,18,35
232,180,17,35
230,179,17,35
231,181,17,34
227,179,17,34
226,178,17,34
226,179,16,32
224,178,16,32
223,179,16,32
223,179,16,32
221,178,16,32
220,177,16,32
219,179,15,30
215,179,15,30
213,178,15,30
210,178,15,30
208,176,15,30
206,175,15,30
204,175,16,32
201,174,16,32
199,174,16,32
196,174,16,32
194,176,16,32
191,174,16,32
189,174,16,32
187,175,16,32
186,174,16,32
184,174,17,34
182,172,17,34
181,172,17,34
178,173,17,34
176,173,17,34
174,173,17,34
173,172,17,35
171,172,17,35
170,171,18,35
169,171,17,35
168,171,18,35
167,171,17,35
166,171,17,35
164,173,17,35
162,171,17,35
161,171,17,35
160,170,17,35
159,171,17,35
159,170,17,35
158,170,18,35
156,169,17,35
155,170,19,39
153,169,19,39
151,169,19,39
150,167,22,44
148,167,22,44
148,168,22,44
147,168,23,46
145,166,23,46
143,165,23,46
133,179,24,49
133,177,24,49
134,176,24,49
135,177,26,52
135,176,26,52
137,175,26,52
137,174,27,54
137,173,27,54
138,169,27,54
139,170,28,57
139,170,28,57
141,169,28,57
142,169,28,57
141,167,28,57
141,167,28,57
142,166,30,60
142,169,30,60
146,168,30,60
146,166,30,60
146,165,30,60
149,165,30,60
150,164,30,60
151,165,30,60
152,163,30,60
151,163,32,64
151,163,32,64
152,163,32,64
152,160,33,67
153,159,33,67
154,160,33,67
155,159,35,71
155,158,35,71
156,156,35,71
158,156,37,75
157,154,37,75
158,154,37,75
159,153,37,75
160,153,37,75
160,153,37,75
160,154,37,75
160,153,37,75
167,155,37,75
167,154,37,75
168,153,37,75
171,153,37,75
172,152,37,75
173,152,37,75
174,151,37,75
174,152,37,75
177,151,37,75
178,151,37,75
179,150,37,75
180,150,37,75
181,150,37,75
182,148,37,75
182,147,37,75
184,148,37,75
185,150,37,75
184,150,37,75
184,150,37,75
186,150,37,75
188,148,37,75
215,134,37,75
213,134,37,75
213,134,37,75
212,133,37,75
212,134,37,75
211,134,37,75
208,134,37,75
224,93,37,75
224,94,37,75
220,94,37,75
224,94,37,75
220,94,37,75
272,105,37,75
273,105,37,75
276,105,37,75
276,106,37,75
276,105,37,75
276,106,37,75
273,105,37,75
