832,212,110,250
829,212,110,250
826,212,110,250
822,205,110,250
819,202,110,250
815,202,110,250
812,198,110,250
808,198,110,250
798,195,110,250
795,195,110,250
788,195,110,250
781,195,110,250
777,191,110,250
771,195,110,250
767,191,110,250
764,191,110,250
760,191,110,250
757,188,110,250
753,185,110,249
750,185,110,249
750,185,110,249
746,185,110,249
746,185,110,249
743,185,110,249
740,185,110,249
736,185,110,249
736,185,110,249
733,181,110,250
733,181,110,250
729,181,110,250
729,181,110,250
726,178,110,249
722,178,110,249
722,178,110,249
722,174,110,250
719,174,110,250
719,174,110,250
719,174,110,250
716,174,110,250
712,174,110,250
709,174,110,250
705,174,110,250
702,174,110,250
698,174,110,250
691,171,110,250
688,171,110,250
685,171,110,250
681,171,110,250
678,171,110,250
674,167,110,250
671,167,110,250
667,167,110,250
664,167,110,250
664,167,110,250
663,171,107,245
658,171,107,245
654,167,107,245
654,167,107,245
654,167,107,245
648,167,107,245
644,167,107,245
644,167,107,245
641,167,107,245
637,164,107,245
636,167,105,240
632,164,105,240
632,164,105,240
628,161,105,240
628,161,105,240
625,157,105,240
625,157,105,240
622,157,105,240
622,157,105,240
622,157,105,240
618,157,105,240
618,157,105,240
615,157,105,240
612,154,105,240
608,151,105,240
602,147,105,240
602,147,105,240
595,144,105,240
595,144,105,240
592,144,105,240
589,141,105,240
589,137,105,240
585,137,105,240
585,134,105,240
582,134,105,240
582,134,105,240
579,134,105,240
579,134,105,240
575,137,105,240
575,137,105,240
731,101,105,240
731,101,105,240
731,97,105,240
731,97,105,240
727,97,105,240
727,97,105,240
727,97,105,240
727,97,105,240
727,97,105,240
727,97,105,240
727,96,107,245
728,96,107,245
728,96,107,245
728,96,107,245
728,96,107,245
728,96,107,245
728,96,107,245
728,96,107,245
728,96,107,245
728,96,107,245
728,96,107,245
728,99,107,245
728,99,107,245
728,99,107,245
732,99,107,245
732,99,107,245
732,99,107,245
732,103,107,245
732,103,107,245
732,103,107,245
732,103,107,245
732,99,107,245
735,99,107,245
735,99,107,245
735,99,107,245
739,99,107,245
739,99,107,245
739,99,107,245
739,99,107,245
739,99,107,245
739,99,107,245
739,99,107,245
739,99,107,245
739,99,107,245
739,99,107,245
739,99,107,245
739,103,107,245
739,103,107,245
742,106,107,245
742,106,107,245
742,106,107,245
742,106,107,245
742,106,107,245
742,106,107,245
739,109,107,245
745,118,110,250
743,119,110,250
743,119,110,250
743,112,110,250
743,119,110,250
743,108,110,250
740,108,110,250
740,108,110,250
743,105,110,250
740,105,110,250
740,101,110,250
736,105,110,250
736,105,110,250
736,105,110,250
740,105,110,250
740,105,110,250
740,105,110,250
740,105,110,250
740,105,110,250
740,105,110,250
740,105,110,250
740,105,110,250
743,105,110,250
743,105,110,250
743,105,110,250
743,101,110,250
740,101,110,250
740,101,110,250
740,101,110,250
740,101,110,250
740,101,110,250
740,101,110,250
740,101,110,250
740,101,110,250
740,105,110,250
740,101,110,250
740,101,110,250
740,101,110,250
743,101,110,250
743,105,110,250
743,105,110,250
746,105,110,250
746,105,110,250
746,105,110,250
746,105,110,250
746,101,110,250
746,101,110,250
746,101,110,250
746,101,110,250
746,101,110,250
746,101,110,250
746,101,110,250
746,101,110,250
746,101,110,250
746,101,110,250
746,105,110,250
746,101,110,250
746,108,110,250
746,108,110,250
750,108,110,250
750,108,110,250
750,105,110,250
757,87,110,250
760,84,110,250
760,77,110,250
760,70,110,250
757,80,110,250
