445,29,112,113
442,25,112,113
438,18,112,113
431,15,112,113
428,15,112,113
424,15,112,113
396,15,112,113
382,18,112,113
382,22,112,113
386,39,112,113
386,43,112,113
382,43,112,113
386,46,112,113
382,46,112,113
382,46,112,113
386,43,112,113
382,46,112,113
386,43,112,113
389,39,112,113
382,29,112,113
389,25,112,113
389,25,112,113
389,32,112,113
386,39,112,113
386,39,112,113
386,43,112,113
389,50,112,113
386,46,112,113
386,50,112,113
386,50,112,113
386,53,112,113
389,53,112,113
389,53,112,113
389,50,112,113
389,50,112,113
389,50,112,113
442,39,112,113
417,32,112,113
403,29,112,113
396,32,112,113
389,36,112,113
386,39,112,113
389,46,112,113
389,53,112,113
389,64,112,113
393,64,112,113
396,71,112,113
396,71,112,113
396,71,112,113
393,71,112,113
389,71,112,113
389,64,112,113
386,64,112,113
386,61,112,113
382,61,112,113
379,61,112,113
379,61,112,113
379,61,112,113
379,64,112,113
379,64,112,113
379,64,112,113
375,68,112,113
375,75,112,113
372,75,112,113
372,75,112,113
372,75,112,113
372,78,112,113
368,78,112,113
368,78,112,113
368,78,112,113
368,82,112,113
368,82,112,113
372,85,112,113
372,89,112,113
372,89,112,113
375,89,112,113
375,89,112,113
375,89,112,113
379,89,112,113
386,89,112,113
389,89,112,113
396,92,112,113
403,92,112,113
410,92,112,113
417,92,112,113
421,92,112,113
431,96,112,113
435,92,112,113
438,96,112,113
442,92,112,113
445,96,112,113
449,96,112,113
449,92,112,113
449,92,112,113
452,92,112,113
452,92,112,113
449,92,112,113
445,89,112,113
445,89,112,113
442,89,112,113
438,89,112,113
431,89,112,113
424,85,112,113
417,82,112,113
407,78,112,113
403,78,112,113
400,78,112,113
389,75,112,113
389,75,112,113
382,75,112,113
382,75,112,113
379,75,112,113
379,75,112,113
379,64,112,113
378,67,114,115
375,65,114,115
375,65,114,115
375,65,114,115
375,65,114,115
375,73,114,115
375,69,114,115
375,76,114,115
375,76,114,115
379,76,114,115
379,76,114,115
386,76,114,115
390,76,114,115
400,73,114,115
404,73,114,115
411,73,114,115
418,69,114,115
425,69,114,115
432,65,114,115
436,62,114,115
443,65,114,115
443,62,114,115
447,62,114,115
454,62,114,115
454,62,114,115
457,62,114,115
461,62,114,115
461,62,114,115
461,62,114,115
457,62,114,115
454,58,114,115
450,58,114,115
447,58,114,115
440,55,114,115
436,55,114,115
432,55,114,115
425,51,114,115
418,51,114,115
400,44,114,115
390,40,114,115
386,40,114,115
382,40,114,115
379,37,114,115
375,33,114,115
375,33,114,115
361,29,114,115
365,29,114,115
365,29,114,115
361,29,114,115
361,29,114,115
365,29,114,115
365,29,114,115
358,26,114,115
358,26,114,115
393,130,114,115
390,127,114,115
390,127,114,115
390,127,114,115
390,130,114,115
386,130,114,115
390,134,114,115
390,137,114,115
393,141,114,115
397,141,114,115
400,145,114,115
407,137,114,115
415,127,114,115
425,123,114,115
436,116,114,115
443,112,114,115
450,109,114,115
454,105,114,115
461,101,114,115
465,98,114,115
465,98,114,115
468,94,114,115
472,94,114,115
472,94,114,115
472,94,114,115
479,101,114,115
475,98,114,115
472,94,114,115
472,94,114,115
472,94,114,115
468,94,114,115
468,98,114,115
465,98,114,115
465,105,114,115
454,98,114,115
440,91,114,115
447,101,114,115
432,101,114,115
422,98,114,115
407,101,114,115
390,101,114,115
382,101,114,115
379,109,114,115
379,105,114,115
379,98,114,115
379,94,114,115
375,91,114,115
375,91,114,115
368,83,114,115
365,76,114,115
365,76,114,115
361,73,114,115
358,73,114,115
336,76,114,115
336,80,114,115
333,83,114,115
333,83,114,115
329,87,114,115
329,87,114,115
329,91,114,115
322,91,114,115
318,94,114,115
315,94,114,115
308,94,114,115
308,94,114,115
308,91,114,115
315,87,114,115
329,76,114,115
354,69,114,115
368,65,114,115
379,58,114,115
382,62,114,115
379,55,114,115
379,51,114,115
382,55,114,115
386,51,114,115
386,51,114,115
386,55,114,115
382,55,114,115
382,58,114,115
379,55,114,115
379,51,114,115
379,51,114,115
375,47,114,115
379,51,114,115
404,155,114,115
407,155,114,115
415,155,114,115
375,91,114,115
375,80,114,115
379,73,114,115
386,69,114,115
390,69,114,115
386,51,114,115
411,69,114,115
422,69,114,115
425,65,114,115
436,73,114,115
436,58,114,115
440,58,114,115
450,55,114,115
450,51,114,115
457,51,114,115
461,55,114,115
461,58,114,115
461,58,114,115
461,58,114,115
461,58,114,115
457,58,114,115
457,58,114,115
450,40,114,115
450,40,114,115
450,40,114,115
454,47,114,115
454,51,114,115
454,55,114,115
454,55,114,115
454,55,114,115
457,55,114,115
461,55,114,115
461,51,114,115
457,51,114,115
454,55,114,115
447,55,114,115
436,51,114,115
432,58,114,115
432,62,114,115
432,69,114,115
429,73,114,115
429,73,114,115
422,76,114,115
418,76,114,115
418,73,114,115
415,76,114,115
418,80,114,115
418,87,114,115
418,87,114,115
418,87,114,115
411,83,114,115
407,87,114,115
404,91,114,115
404,94,114,115
404,91,114,115
404,87,114,115
393,83,114,115
397,80,114,115
407,83,114,115
415,76,114,115
425,73,114,115
436,80,114,115
465,87,114,115
472,76,114,115
486,76,114,115
493,80,114,115
497,83,114,115
500,76,114,115
507,83,114,115
507,83,114,115
507,80,114,115
504,76,114,115
507,83,114,115
507,80,114,115
507,83,114,115
507,76,114,115
504,76,114,115
504,76,114,115
504,76,114,115
504,73,114,115
504,76,114,115
500,69,114,115
500,65,114,115
500,62,114,115
504,62,114,115
500,62,114,115
507,58,114,115
461,26,114,115
454,26,114,115
454,26,114,115
454,26,114,115
454,26,114,115
454,26,114,115
440,29,114,115
440,29,114,115
443,29,114,115
440,33,114,115
500,65,114,115
497,65,114,115
490,69,114,115
486,69,114,115
482,69,114,115
479,69,114,115
479,69,114,115
482,73,114,115
482,73,114,115
482,76,114,115
490,80,114,115
482,76,114,115
482,80,114,115
486,76,114,115
486,83,114,115
486,87,114,115
489,90,116,117
481,78,116,117
481,81,116,117
481,81,116,117
496,89,116,117
496,92,116,117
496,92,116,117
499,96,116,117
496,92,116,117
496,92,116,117
488,89,116,117
488,85,116,117
485,85,116,117
478,89,116,117
514,118,116,117
514,122,116,117
514,118,116,117
514,122,116,117
514,122,116,117
514,118,116,117
514,118,116,117
518,122,116,117
514,122,116,117
510,118,116,117
507,114,116,117
499,111,116,117
499,111,116,117
499,111,116,117
499,111,116,117
499,111,116,117
496,111,116,117
492,111,116,117
507,122,116,117
496,111,116,117
510,122,116,117
510,122,116,117
507,122,116,117
507,122,116,117
510,122,116,117
510,122,116,117
510,122,116,117
507,122,116,117
507,122,116,117
507,122,116,117
507,122,116,117
507,122,116,117
507,122,116,117
507,122,116,117
507,122,116,117
510,122,116,117
434,107,116,117
445,107,116,117
459,92,116,117
463,78,116,117
365,19,116,117
368,19,116,117
357,19,116,117
361,19,116,117
357,19,116,117
357,19,116,117
360,21,114,115
382,29,114,115
382,29,114,115
358,19,114,115
365,19,114,115
368,22,114,115
379,29,114,115
379,29,114,115
382,26,114,115
386,29,114,115
440,116,114,115
440,116,114,115
447,116,114,115
447,116,114,115
450,116,114,115
468,127,114,115
468,123,114,115
457,116,114,115
457,116,114,115
461,116,114,115
450,101,114,115
450,94,114,115
454,94,114,115
457,94,114,115
461,94,114,115
457,94,114,115
457,94,114,115
450,94,114,115
447,98,114,115
447,98,114,115
454,112,114,115
454,116,114,115
457,123,114,115
457,127,114,115
454,127,114,115
456,129,112,113
452,128,112,113
449,131,112,113
396,39,112,113
396,43,112,113
395,41,109,110
395,42,109,110
395,46,109,110
433,111,109,110
395,46,109,110
395,49,109,110
399,49,109,110
399,49,109,110
399,46,109,110
392,46,109,110
405,59,109,110
416,77,109,110
426,87,109,110
426,91,109,110
443,111,109,110
447,115,109,110
450,118,109,110
453,118,109,110
460,118,109,110
467,122,109,110
474,139,109,110
481,142,109,110
477,122,109,110
481,125,109,110
488,139,109,110
484,139,109,110
484,132,109,110
481,122,109,110
453,63,109,110
457,59,109,110
453,56,109,110
457,59,109,110
453,59,109,110
457,52,109,110
457,59,109,110
457,49,109,110
453,59,109,110
450,59,109,110
450,59,109,110
450,63,109,110
519,122,109,110
526,122,109,110
515,122,109,110
464,122,109,110
522,129,109,110
519,128,112,113
522,128,112,113
522,128,112,113
522,128,112,113
515,128,112,113
518,128,114,115
515,123,114,115
515,127,114,115
518,127,114,115
518,127,114,115
515,127,114,115
518,130,114,115
522,127,114,115
515,127,114,115
518,127,114,115
515,123,114,115
511,127,114,115
515,127,114,115
518,130,114,115
518,130,114,115
518,130,114,115
515,127,114,115
515,127,114,115
515,127,114,115
515,123,114,115
515,123,114,115
515,127,114,115
518,130,114,115
515,134,114,115
518,134,114,115
518,134,114,115
522,130,114,115
522,134,114,115
522,134,114,115
522,134,114,115
482,123,114,115
479,112,114,115
436,44,114,115
440,44,114,115
493,116,114,115
504,119,114,115
500,116,114,115
504,116,114,115
504,116,114,115
504,116,114,115
507,116,114,115
507,112,114,115
440,26,114,115
443,33,114,115
443,37,114,115
443,55,114,115
418,33,114,115
407,29,114,115
400,33,114,115
393,33,114,115
386,33,114,115
379,33,114,115
375,33,114,115
372,37,114,115
368,37,114,115
382,37,114,115
382,33,114,115
382,26,114,115
382,19,114,115
400,83,114,115
515,127,114,115
518,127,114,115
518,127,114,115
518,127,114,115
518,127,114,115
514,126,116,117
518,129,116,117
521,133,116,117
521,136,116,117
521,136,116,117
523,139,114,115
518,130,114,115
518,130,114,115
518,127,114,115
515,123,114,115
511,123,114,115
515,127,114,115
515,127,114,115
518,134,114,115
465,112,114,115
486,116,114,115
500,112,114,115
507,105,114,115
507,98,114,115
507,94,114,115
500,80,114,115
500,80,114,115
500,76,114,115
511,87,114,115
500,76,114,115
525,112,114,115
532,141,114,115
529,101,114,115
529,98,114,115
525,91,114,115
511,80,114,115
511,80,114,115
511,80,114,115
507,83,114,115
507,87,114,115
511,91,114,115
511,94,114,115
504,94,114,115
504,91,114,115
493,91,114,115
475,87,116,117
488,103,116,117
474,103,116,117
518,122,116,117
521,129,116,117
478,74,116,117
463,96,116,117
463,107,116,117
456,107,116,117
463,111,116,117
456,103,116,117
441,89,116,117
510,122,116,117
510,122,116,117
507,122,116,117
510,125,116,117
510,125,116,117
518,133,116,117
430,81,116,117
441,81,116,117
441,81,116,117
518,133,116,117
427,67,116,117
510,122,116,117
419,74,116,117
510,125,118,119
513,132,118,119
517,135,118,119
520,139,118,119
524,139,118,119
524,139,118,119
517,128,118,119
435,90,118,119
435,87,118,119
435,87,118,119
439,90,118,119
442,87,118,119
454,87,118,119
457,83,118,119
465,90,118,119
468,90,118,119
454,75,118,119
442,72,118,119
435,68,118,119
428,64,118,119
442,83,118,119
435,83,118,119
357,38,118,119
357,34,118,119
368,38,118,119
405,34,118,119
402,30,118,119
517,124,118,119
513,120,118,119
509,117,118,119
506,113,118,119
513,128,118,119
517,132,118,119
517,135,118,119
520,139,118,119
524,139,118,119
520,132,118,119
520,124,118,119
513,120,118,119
509,117,118,119
509,117,118,119
513,128,118,119
513,128,118,119
517,135,118,119
520,135,118,119
524,139,118,119
524,139,118,119
520,132,118,119
517,124,118,119
513,120,118,119
509,116,121,122
512,123,121,122
512,127,121,122
512,127,121,122
520,130,121,122
520,134,121,122
523,138,121,122
520,134,121,122
512,123,121,122
508,119,121,122
508,115,121,122
508,119,121,122
508,119,121,122
512,127,121,122
520,134,121,122
523,138,121,122
523,138,121,122
523,134,121,122
516,123,121,122
512,119,121,122
512,119,121,122
516,127,121,122
512,123,121,122
516,127,121,122
516,130,121,122
463,100,121,122
463,96,121,122
383,81,121,122
383,85,121,122
379,88,121,122
376,96,121,122
470,119,121,122
485,127,121,122
493,130,121,122
501,127,121,122
504,127,121,122
512,142,121,122
512,146,121,122
508,130,121,122
512,138,121,122
520,150,121,122
516,150,121,122
516,142,121,122
512,134,121,122
516,127,121,122
497,111,123,124
491,102,123,124
514,153,123,124
518,153,123,124
518,153,123,124
518,149,123,124
518,145,123,124
518,141,123,124
514,133,123,124
511,129,123,124
511,129,123,124
511,125,123,124
514,137,123,124
526,141,123,124
522,156,123,124
480,137,123,124
491,117,123,124
480,121,123,124
499,102,123,124
514,117,123,124
518,133,123,124
518,141,123,124
522,137,123,124
522,137,123,124
522,141,123,124
522,137,123,124
522,137,123,124
518,117,123,124
514,117,123,124
514,110,123,124
517,104,121,122
493,54,121,122
474,62,121,122
463,50,121,122
455,46,121,122
451,39,121,122
440,31,121,122
436,31,121,122
478,123,121,122
474,119,121,122
474,119,121,122
520,104,121,122
523,104,121,122
523,108,121,122
520,108,121,122
516,108,121,122
493,115,121,122
470,123,121,122
501,119,121,122
504,119,121,122
504,119,121,122
508,115,121,122
508,115,121,122
520,115,121,122
520,111,121,122
520,108,121,122
512,130,121,122
512,130,121,122
512,138,121,122
512,134,121,122
406,92,121,122
398,65,121,122
391,43,121,122
387,35,121,122
391,35,121,122
387,31,121,122
391,27,121,122
395,27,121,122
402,31,121,122
391,27,121,122
387,27,121,122
387,35,121,122
387,54,121,122
508,50,121,122
504,46,121,122
523,31,121,122
520,31,121,122
463,119,121,122
463,127,121,122
466,127,121,122
504,134,121,122
501,130,121,122
501,130,121,122
501,130,121,122
501,130,121,122
474,130,121,122
485,130,121,122
504,138,121,122
497,138,121,122
485,127,121,122
493,134,121,122
512,134,121,122
512,134,121,122
504,134,121,122
489,115,121,122
489,115,121,122
508,134,121,122
485,96,121,122
497,108,121,122
493,108,121,122
516,130,121,122
516,127,121,122
512,115,121,122
512,96,121,122
497,88,121,122
493,85,121,122
482,85,121,122
512,123,121,122
501,88,121,122
501,104,121,122
501,108,121,122
504,115,121,122
501,115,121,122
493,115,121,122
493,115,121,122
485,111,121,122
485,111,121,122
485,115,121,122
482,123,121,122
489,130,121,122
489,130,121,122
489,127,121,122
493,134,121,122
489,134,121,122
489,134,121,122
485,134,121,122
485,130,121,122
485,130,121,122
474,115,121,122
474,111,121,122
474,108,121,122
485,130,121,122
474,111,121,122
485,123,121,122
485,119,121,122
482,115,121,122
485,119,121,122
485,119,121,122
485,119,121,122
508,134,121,122
508,138,121,122
516,142,121,122
512,138,121,122
516,150,121,122
516,150,121,122
516,153,121,122
520,150,121,122
523,150,121,122
520,150,121,122
516,146,121,122
497,115,121,122
508,119,121,122
489,119,121,122
489,119,121,122
489,127,121,122
512,142,121,122
489,130,121,122
493,134,121,122
493,127,121,122
493,127,121,122
485,123,121,122
478,119,121,122
466,119,121,122
466,123,121,122
470,127,121,122
470,134,121,122
470,138,121,122
466,138,121,122
463,142,121,122
459,142,121,122
455,138,121,122
451,142,121,122
516,130,121,122
516,127,121,122
516,130,121,122
516,130,121,122
516,130,121,122
516,130,121,122
516,127,121,122
516,130,121,122
516,127,121,122
512,123,121,122
516,130,121,122
516,127,121,122
516,130,121,122
512,130,121,122
516,130,121,122
516,130,121,122
516,130,121,122
516,130,121,122
516,130,121,122
516,127,121,122
516,127,121,122
512,127,121,122
512,127,121,122
512,127,121,122
512,127,121,122
512,127,121,122
512,127,121,122
512,127,121,122
512,127,121,122
512,127,121,122
512,130,121,122
425,146,121,122
421,142,121,122
431,144,118,119
431,143,118,119
431,143,118,119
431,147,118,119
439,139,118,119
446,143,118,119
450,139,118,119
446,124,118,119
457,124,118,119
457,124,118,119
468,124,118,119
465,124,118,119
468,120,118,119
468,124,118,119
468,117,118,119
472,117,118,119
468,117,118,119
494,135,118,119
502,139,118,119
487,124,118,119
472,117,118,119
491,120,118,119
494,128,118,119
494,124,118,119
502,135,118,119
494,135,118,119
494,135,118,119
494,139,118,119
494,139,118,119
480,132,118,119
420,124,118,119
420,124,118,119
413,117,118,119
468,90,118,119
402,113,118,119
502,135,118,119
498,135,118,119
494,135,118,119
491,135,118,119
379,45,118,119
378,48,116,117
365,48,116,117
361,48,116,117
361,56,116,117
470,140,116,117
521,147,118,119
517,150,118,119
476,147,118,119
457,158,118,119
454,169,118,119
454,188,118,119
513,139,118,119
513,147,118,119
428,169,118,119
439,162,118,119
446,154,118,119
450,135,118,119
454,117,118,119
457,98,118,119
446,102,118,119
450,101,121,122
379,65,121,122
485,85,121,122
474,73,121,122
466,77,121,122
459,50,121,122
448,62,121,122
448,65,121,122
455,81,121,122
455,100,121,122
459,119,121,122
459,119,121,122
463,130,121,122
463,138,121,122
455,146,121,122
444,153,121,122
425,165,121,122
413,176,121,122
376,62,121,122
376,65,121,122
379,65,121,122
379,65,121,122
376,62,121,122
376,65,121,122
376,62,121,122
376,65,121,122
372,73,121,122
368,69,121,122
364,65,121,122
353,54,121,122
345,69,121,122
334,73,121,122
368,85,121,122
364,85,121,122
341,31,121,122
383,77,121,122
368,31,121,122
368,31,121,122
357,43,121,122
353,65,121,122
349,77,121,122
353,92,121,122
376,77,121,122
379,77,121,122
372,96,121,122
366,98,118,119
372,72,118,119
364,87,118,119
372,75,118,119
372,75,118,119
372,83,118,119
376,83,118,119
372,87,118,119
387,87,118,119
387,83,118,119
387,83,118,119
376,87,118,119
372,83,118,119
368,83,118,119
387,90,118,119
387,94,118,119
506,143,118,119
517,147,118,119
517,143,118,119
517,143,118,119
517,143,118,119
517,132,118,119
513,124,118,119
509,120,118,119
513,128,118,119
524,139,118,119
480,135,118,119
480,139,118,119
520,147,118,119
520,147,118,119
509,143,118,119
402,117,118,119
394,135,118,119
506,128,118,119
431,143,118,119
513,139,118,119
517,143,118,119
520,147,118,119
520,147,118,119
524,147,118,119
520,143,118,119
517,132,118,119
513,128,118,119
513,132,118,119
502,132,118,119
502,135,118,119
513,135,118,119
394,83,118,119
513,147,118,119
520,147,118,119
517,150,118,119
520,139,118,119
513,124,118,119
509,132,118,119
509,132,118,119
509,135,118,119
509,139,118,119
513,139,118,119
517,143,118,119
520,143,118,119
402,72,118,119
517,132,118,119
468,135,118,119
502,128,118,119
509,128,118,119
509,128,118,119
513,135,118,119
517,143,118,119
435,150,118,119
439,162,118,119
402,75,118,119
520,139,118,119
517,139,118,119
506,128,118,119
502,124,118,119
509,135,118,119
506,135,118,119
517,147,118,119
520,147,118,119
524,150,118,119
524,147,118,119
413,98,118,119
513,143,118,119
506,132,118,119
506,128,118,119
390,90,118,119
506,139,118,119
513,143,118,119
520,147,118,119
520,147,118,119
520,147,118,119
446,158,118,119
439,150,118,119
435,139,118,119
439,139,118,119
435,139,118,119
509,139,118,119
517,132,118,119
524,143,118,119
520,139,118,119
480,128,118,119
513,124,118,119
509,120,118,119
509,132,118,119
513,139,118,119
513,143,118,119
520,143,118,119
517,143,118,119
520,147,118,119
520,150,118,119
509,135,118,119
509,132,118,119
513,132,118,119
513,139,118,119
517,147,118,119
520,147,118,119
424,109,118,119
420,102,118,119
416,94,118,119
376,57,118,119
372,60,118,119
476,128,118,119
506,135,118,119
509,139,118,119
520,143,118,119
520,150,118,119
454,154,118,119
513,154,118,119
506,150,118,119
513,124,118,119
506,128,118,119
506,124,118,119
506,132,118,119
509,139,118,119
517,150,118,119
520,154,118,119
524,154,118,119
524,150,118,119
524,154,118,119
439,154,118,119
517,128,118,119
509,128,118,119
517,132,118,119
517,135,118,119
517,139,118,119
524,147,118,119
461,169,118,119
461,169,118,119
468,173,118,119
461,162,118,119
457,154,118,119
442,147,118,119
442,147,118,119
431,139,118,119
431,143,118,119
435,150,118,119
435,150,118,119
439,150,118,119
435,147,118,119
431,147,118,119
424,143,118,119
424,135,118,119
435,143,118,119
435,139,118,119
446,158,118,119
450,162,118,119
454,165,118,119
520,154,118,119
520,150,118,119
465,255,118,119
465,252,118,119
457,248,118,119
454,248,118,119
506,135,118,119
509,139,118,119
517,146,121,122
516,153,121,122
516,157,121,122
504,169,121,122
436,153,121,122
436,146,121,122
432,142,121,122
432,142,121,122
432,142,121,122
432,146,121,122
429,150,121,122
436,157,121,122
508,153,121,122
504,153,121,122
436,161,121,122
436,165,121,122
436,169,121,122
432,169,121,122
504,184,121,122
436,169,121,122
446,102,118,119
454,105,118,119
520,158,118,119
465,90,118,119
457,79,118,119
454,72,118,119
446,68,118,119
442,68,118,119
442,68,118,119
446,79,118,119
439,162,118,119
517,162,118,119
450,162,118,119
439,158,118,119
431,143,118,119
431,132,118,119
428,128,118,119
428,128,118,119
428,128,118,119
442,139,118,119
439,139,118,119
446,143,118,119
450,150,118,119
457,150,118,119
457,150,118,119
457,150,118,119
461,147,118,119
450,143,118,119
457,143,118,119
461,154,118,119
465,158,118,119
461,165,118,119
524,158,118,119
524,158,118,119
457,57,118,119
446,49,118,119
431,42,118,119
506,132,118,119
468,240,118,119
461,240,118,119
465,240,118,119
468,240,118,119
465,139,118,119
461,139,118,119
457,132,118,119
446,132,118,119
379,38,118,119
379,38,118,119
379,42,118,119
387,42,118,119
387,38,118,119
442,128,118,119
387,42,118,119
383,38,118,119
383,45,118,119
387,49,118,119
435,154,118,119
517,147,118,119
442,132,118,119
435,135,118,119
431,128,118,119
431,128,118,119
398,30,118,119
513,135,118,119
435,109,118,119
428,34,118,119
424,34,118,119
428,30,118,119
487,132,118,119
435,120,118,119
442,109,121,122
436,111,121,122
448,111,121,122
451,115,121,122
455,127,121,122
366,159,118,119
461,132,118,119
450,34,118,119
446,30,118,119
446,30,118,119
498,128,118,119
450,34,118,119
472,124,118,119
476,124,118,119
487,120,118,119
487,120,118,119
491,120,118,119
487,120,118,119
491,120,118,119
498,124,118,119
505,124,121,122
505,124,121,122
512,100,121,122
516,104,121,122
512,100,121,122
504,85,121,122
493,111,121,122
497,104,121,122
508,108,121,122
516,100,121,122
516,100,121,122
516,100,121,122
512,50,121,122
512,46,121,122
501,39,121,122
482,27,121,122
508,119,121,122
504,119,121,122
501,123,121,122
523,234,121,122
402,142,121,122
508,111,121,122
516,134,121,122
520,138,121,122
516,130,121,122
516,130,121,122
508,127,121,122
508,130,121,122
489,96,121,122
489,96,121,122
489,96,121,122
504,111,121,122
478,31,121,122
474,31,121,122
470,27,121,122
455,20,121,122
482,77,121,122
504,127,121,122
489,119,121,122
489,119,121,122
448,104,121,122
485,127,121,122
482,108,121,122
482,111,121,122
478,123,121,122
387,123,123,124
453,117,123,124
449,117,123,124
449,121,123,124
437,125,123,124
410,24,123,124
410,28,123,124
410,28,123,124
402,24,123,124
399,24,123,124
433,133,123,124
387,20,123,124
387,20,123,124
387,20,123,124
433,117,123,124
387,20,123,124
387,24,123,124
511,141,123,124
514,145,123,124
395,28,123,124
387,16,123,124
383,12,123,124
383,8,123,124
379,12,123,124
387,20,123,124
399,20,123,124
402,24,123,124
410,28,123,124
410,24,123,124
410,24,123,124
398,12,126,127
509,128,126,127
387,8,126,127
395,12,126,127
403,16,126,127
414,16,128,129
423,17,128,129
423,21,128,129
423,17,128,129
415,13,128,129
407,13,128,129
407,17,128,129
399,13,128,129
399,13,128,129
399,13,128,129
401,15,126,127
406,24,126,127
395,12,126,127
391,16,126,127
391,12,126,127
391,16,126,127
395,16,126,127
395,12,126,127
399,16,126,127
399,16,126,127
399,16,126,127
403,20,126,127
446,124,126,127
403,16,126,127
403,12,126,127
405,19,123,124
402,16,123,124
402,16,123,124
518,141,123,124
518,137,123,124
518,137,123,124
518,137,123,124
437,114,123,124
437,110,123,124
402,20,123,124
402,20,126,127
403,20,126,127
403,20,126,127
399,20,126,127
399,20,126,127
395,16,126,127
395,16,126,127
391,20,126,127
391,20,126,127
395,20,126,127
391,16,126,127
395,20,126,127
395,16,126,127
395,16,126,127
391,16,126,127
399,16,126,127
403,16,126,127
403,16,126,127
406,12,126,127
406,12,126,127
414,16,126,127
414,16,126,127
418,16,126,127
446,92,126,127
418,12,126,127
410,8,126,127
406,8,126,127
406,8,126,127
414,12,126,127
422,12,126,127
426,16,126,127
430,16,126,127
462,96,126,127
466,104,126,127
454,96,126,127
452,98,123,124
437,98,123,124
433,98,123,124
383,8,123,124
379,12,123,124
379,12,123,124
379,12,123,124
368,16,123,124
364,16,123,124
348,8,123,124
337,16,123,124
306,8,123,124
302,8,123,124
306,8,123,124
306,12,123,124
310,12,123,124
314,12,123,124
306,4,123,124
298,4,123,124
290,1,123,124
286,1,123,124
283,1,123,124
290,16,123,124
294,16,123,124
294,16,123,124
279,20,123,124
283,16,123,124
283,12,123,124
368,47,123,124
286,16,123,124
371,51,123,124
360,121,123,124
368,133,123,124
375,133,123,124
375,133,123,124
379,137,123,124
395,102,123,124
399,98,123,124
406,90,123,124
406,82,123,124
418,86,123,124
418,82,123,124
422,86,123,124
422,78,123,124
441,86,123,124
437,86,123,124
426,78,123,124
441,86,123,124
445,94,123,124
445,94,123,124
441,98,123,124
437,86,123,124
433,82,123,124
426,82,123,124
422,82,123,124
418,82,123,124
418,90,123,124
414,86,123,124
414,90,123,124
410,86,123,124
401,85,121,122
376,77,121,122
360,77,121,122
357,92,121,122
357,85,121,122
357,85,121,122
376,58,121,122
364,77,121,122
368,77,121,122
368,77,121,122
364,69,121,122
357,77,121,122
345,69,121,122
349,43,121,122
349,43,121,122
349,54,121,122
349,54,121,122
360,58,121,122
364,58,121,122
360,54,121,122
360,54,121,122
357,50,121,122
349,46,121,122
349,50,121,122
353,50,121,122
360,50,121,122
368,62,121,122
357,46,121,122
360,43,121,122
368,54,121,122
368,54,121,122
368,54,121,122
379,46,121,122
383,50,121,122
383,58,121,122
379,58,121,122
383,58,121,122
387,54,121,122
391,58,121,122
395,58,121,122
398,65,121,122
398,65,121,122
398,65,121,122
402,58,121,122
398,62,121,122
391,50,121,122
398,54,121,122
395,62,121,122
395,65,121,122
398,69,121,122
402,73,121,122
508,138,121,122
489,130,121,122
501,111,121,122
504,104,121,122
481,111,123,124
480,149,123,124
511,133,123,124
514,133,123,124
514,129,123,124
514,129,123,124
511,133,123,124
514,129,123,124
507,129,123,124
511,133,123,124
507,125,123,124
607,1,123,124
514,125,123,124
511,125,123,124
511,129,123,124
518,133,123,124
514,137,123,124
511,137,123,124
522,137,123,124
518,133,123,124
507,137,123,124
507,137,123,124
503,133,123,124
507,129,123,124
514,133,123,124
518,137,123,124
514,133,123,124
441,117,123,124
522,137,123,124
437,78,123,124
441,71,123,124
445,63,123,124
464,75,123,124
460,94,123,124
468,114,123,124
368,47,123,124
375,51,123,124
379,43,123,124
379,43,123,124
379,43,123,124
370,11,121,122
357,39,121,122
353,35,121,122
349,69,121,122
349,62,121,122
353,69,121,122
360,77,121,122
360,43,121,122
349,39,121,122
338,62,121,122
341,58,121,122
326,31,121,122
319,31,121,122
319,31,121,122
319,31,121,122
372,142,121,122
368,153,121,122
372,150,121,122
281,43,121,122
319,65,121,122
349,123,121,122
315,69,121,122
300,50,121,122
304,50,121,122
304,50,121,122
357,85,121,122
360,85,121,122
357,85,121,122
235,115,121,122
353,65,121,122
372,169,121,122
353,62,121,122
251,138,121,122
273,43,121,122
288,127,121,122
300,123,123,124
279,39,123,124
283,36,123,124
283,36,123,124
279,43,123,124
314,43,123,124
306,43,123,124
310,39,123,124
317,43,123,124
375,82,123,124
385,81,121,122
391,88,121,122
338,27,121,122
338,12,121,122
376,73,121,122
353,73,121,122
357,81,121,122
357,88,121,122
357,92,121,122
364,92,121,122
366,87,118,119
379,109,118,119
346,27,118,119
342,27,118,119
324,34,118,119
316,30,118,119
324,79,118,119
320,60,118,119
320,57,118,119
342,64,118,119
307,44,116,117
303,41,116,117
317,158,116,117
317,158,116,117
314,151,116,117
321,37,116,117
317,37,116,117
310,140,116,117
314,155,116,117
346,56,116,117
361,52,116,117
386,48,116,117
390,52,116,117
394,48,116,117
397,48,116,117
510,133,116,117
412,52,116,117
510,144,116,117
423,59,116,117
518,158,116,117
459,63,116,117
474,67,116,117
459,34,116,117
459,34,116,117
448,48,116,117
448,41,116,117
448,45,116,117
467,59,116,117
467,59,116,117
463,63,116,117
467,59,116,117
470,52,116,117
459,45,116,117
445,34,116,117
441,41,116,117
437,48,116,117
510,133,116,117
441,34,116,117
441,67,116,117
441,67,116,117
434,67,116,117
416,59,116,117
518,144,116,117
514,129,116,117
507,136,116,117
510,133,116,117
510,136,116,117
518,144,116,117
521,144,116,117
405,70,116,117
397,67,116,117
386,70,116,117
372,173,116,117
376,173,116,117
390,56,116,117
390,59,116,117
401,78,116,117
408,78,116,117
521,151,116,117
521,147,116,117
521,147,116,117
518,144,116,117
412,78,116,117
423,74,116,117
452,67,116,117
383,1,116,117
397,1,116,117
419,4,116,117
478,96,116,117
474,85,116,117
474,81,116,117
474,81,116,117
474,81,116,117
463,85,116,117
470,100,116,117
485,100,116,117
488,96,116,117
485,92,116,117
401,45,116,117
496,92,116,117
470,81,116,117
478,78,116,117
478,81,116,117
478,70,116,117
478,67,116,117
412,4,116,117
485,96,116,117
459,96,116,117
456,92,116,117
514,133,116,117
510,133,116,117
507,133,116,117
514,140,116,117
514,147,116,117
518,147,116,117
521,147,116,117
518,147,116,117
518,144,116,117
514,133,116,117
518,129,116,117
510,133,116,117
514,136,116,117
514,136,116,117
514,136,116,117
514,133,116,117
514,129,116,117
397,103,116,117
350,26,116,117
372,26,116,117
376,34,116,117
386,26,116,117
390,30,116,117
441,114,116,117
445,107,116,117
445,111,116,117
445,107,116,117
452,107,116,117
408,26,116,117
423,23,116,117
434,23,116,117
434,19,118,119
472,113,118,119
472,105,118,119
472,113,118,119
461,102,118,119
457,105,118,119
457,109,118,119
457,109,118,119
409,23,118,119
405,27,118,119
405,30,118,119
439,102,118,119
446,117,118,119
509,132,118,119
506,132,118,119
509,135,118,119
402,128,118,119
353,38,118,119
350,42,118,119
346,42,118,119
338,38,118,119
335,34,118,119
331,34,118,119
327,34,118,119
338,38,118,119
353,45,118,119
350,49,118,119
357,49,118,119
357,45,118,119
357,42,118,119
353,42,118,119
353,42,118,119
353,45,118,119
364,49,118,119
379,45,118,119
394,53,118,119
390,60,118,119
405,64,118,119
402,60,118,119
398,60,118,119
390,60,118,119
402,42,118,119
468,124,118,119
457,128,118,119
513,139,118,119
517,143,121,122
466,138,121,122
466,142,121,122
463,138,121,122
402,50,121,122
391,46,121,122
383,46,121,122
383,46,121,122
376,50,121,122
379,54,121,122
383,58,121,122
376,65,121,122
376,58,121,122
372,58,121,122
364,65,121,122
360,58,121,122
360,54,121,122
357,54,121,122
353,50,121,122
357,54,121,122
360,65,121,122
364,73,121,122
364,73,121,122
360,69,121,122
360,69,121,122
368,54,121,122
364,50,121,122
376,54,121,122
497,134,121,122
516,150,121,122
516,150,121,122
410,85,121,122
470,161,121,122
474,153,121,122
474,142,121,122
476,144,118,119
472,143,118,119
509,128,118,119
465,83,118,119
502,154,118,119
502,147,118,119
506,158,118,119
506,147,118,119
487,150,118,119
487,150,118,119
483,147,118,119
483,150,118,119
468,162,118,119
468,165,118,119
487,158,118,119
489,153,116,117
485,151,116,117
478,158,116,117
481,136,116,117
470,125,116,117
408,78,116,117
401,85,116,117
514,136,116,117
525,147,116,117
529,151,116,117
525,151,116,117
521,144,116,117
525,144,116,117
518,136,116,117
507,133,116,117
507,133,116,117
507,140,116,117
510,144,116,117
521,151,116,117
521,151,116,117
521,147,116,117
510,151,116,117
463,144,116,117
434,96,116,117
510,133,116,117
514,140,116,117
499,147,116,117
503,151,116,117
507,155,116,117
510,155,116,117
525,144,118,119
465,120,118,119
454,139,118,119
476,158,118,119
476,158,118,119
472,143,118,119
520,147,118,119
491,109,118,119
491,98,118,119
491,98,118,119
487,94,118,119
476,83,118,119
472,94,118,119
506,135,118,119
472,147,118,119
472,143,118,119
476,147,118,119
483,150,118,119
520,147,118,119
520,147,118,119
494,150,118,119
487,147,118,119
494,147,118,119
483,143,118,119
506,135,118,119
502,146,121,122
512,146,121,122
527,268,121,122
523,150,121,122
402,88,121,122
395,88,121,122
512,130,121,122
508,130,121,122
508,130,121,122
508,130,121,122
512,146,121,122
512,153,121,122
520,150,121,122
520,150,121,122
432,77,121,122
432,77,121,122
432,73,121,122
425,65,121,122
508,134,121,122
504,134,121,122
508,138,121,122
508,142,121,122
444,85,121,122
444,81,121,122
444,77,121,122
440,77,121,122
501,146,121,122
504,142,121,122
504,142,121,122
508,130,121,122
440,146,121,122
482,150,121,122
516,146,121,122
520,153,121,122
478,153,121,122
391,50,121,122
383,46,121,122
376,43,121,122
364,54,121,122
360,54,121,122
353,58,123,124
352,67,123,124
360,55,123,124
364,55,123,124
364,51,123,124
371,51,123,124
371,51,123,124
364,47,123,124
356,47,123,124
360,55,123,124
360,55,123,124
368,55,123,124
379,55,123,124
391,59,123,124
395,55,123,124
395,51,123,124
391,47,123,124
387,47,123,124
383,51,123,124
387,47,123,124
391,47,126,127
395,48,126,127
387,56,126,127
395,56,126,127
418,48,126,127
418,56,126,127
410,48,126,127
403,48,126,127
399,44,126,127
387,48,126,127
462,136,126,127
383,48,126,127
387,56,126,127
391,52,126,127
387,56,126,127
379,52,126,127
363,48,126,127
359,48,126,127
339,40,126,127
332,40,126,127
339,44,126,127
336,40,126,127
343,48,126,127
343,48,126,127
343,44,126,127
363,44,126,127
339,40,126,127
336,40,126,127
336,40,126,127
332,36,126,127
339,40,126,127
339,44,126,127
355,40,126,127
363,40,126,127
359,44,126,127
379,36,126,127
375,40,126,127
379,36,126,127
375,32,126,127
375,28,126,127
379,28,126,127
391,28,126,127
399,32,126,127
406,32,126,127
414,32,126,127
418,32,126,127
414,20,126,127
399,24,126,127
395,16,126,127
391,20,126,127
387,20,126,127
387,20,126,127
383,24,126,127
379,24,126,127
367,20,126,127
359,20,126,127
355,24,126,127
347,20,126,127
347,20,126,127
328,20,126,127
332,20,126,127
324,20,126,127
324,20,126,127
324,16,126,127
379,108,126,127
316,20,126,127
320,16,126,127
320,16,126,127
320,16,126,127
403,112,126,127
326,15,123,124
329,16,123,124
337,16,123,124
341,12,123,124
356,20,123,124
364,16,126,127
430,100,126,127
355,20,126,127
371,1,126,127
430,96,126,127
434,96,126,127
438,96,126,127
438,96,126,127
434,96,126,127
434,96,126,127
434,92,126,127
438,92,126,127
434,92,126,127
434,96,126,127
426,88,126,127
434,96,126,127
414,88,126,127
418,92,126,127
513,136,126,127
509,136,126,127
513,140,126,127
513,140,126,127
517,136,126,127
576,140,126,127
513,132,126,127
578,142,123,124
576,129,123,124
511,137,123,124
514,137,123,124
514,137,123,124
514,137,123,124
514,137,123,124
511,137,123,124
514,141,123,124
511,141,123,124
511,141,123,124
511,141,123,124
511,141,123,124
514,133,123,124
514,141,123,124
391,75,123,124
511,137,123,124
514,141,123,124
511,141,123,124
514,141,123,124
514,141,123,124
514,141,123,124
511,141,123,124
511,141,123,124
514,141,123,124
426,59,123,124
426,59,123,124
426,55,123,124
433,59,123,124
433,59,123,124
433,59,123,124
429,59,123,124
429,59,123,124
426,55,123,124
422,55,123,124
391,63,123,124
514,145,123,124
511,149,123,124
511,141,123,124
491,145,123,124
514,141,123,124
468,176,123,124
511,141,123,124
511,141,123,124
511,141,123,124
511,141,123,124
511,141,123,124
514,141,123,124
514,137,123,124
514,141,123,124
514,141,123,124
518,137,123,124
518,137,123,124
518,141,123,124
518,141,123,124
514,141,123,124
518,141,123,124
514,137,123,124
514,133,123,124
514,133,123,124
514,137,123,124
514,137,123,124
514,141,123,124
391,78,123,124
375,51,123,124
383,67,126,127
391,32,126,127
399,36,126,127
513,136,126,127
406,32,126,127
418,28,126,127
418,24,126,127
418,24,126,127
434,28,126,127
410,32,126,127
414,32,126,127
410,32,126,127
509,136,126,127
513,140,126,127
513,136,126,127
509,136,126,127
513,136,126,127
517,136,126,127
509,136,126,127
383,44,126,127
379,40,126,127
371,44,126,127
367,48,126,127
363,48,126,127
359,56,126,127
355,56,126,127
410,116,126,127
513,136,126,127
446,120,126,127
454,132,126,127
485,144,126,127
497,148,126,127
517,136,126,127
513,136,126,127
513,136,126,127
513,136,126,127
513,136,126,127
513,136,126,127
513,136,126,127
513,136,126,127
513,136,126,127
513,136,126,127
513,132,126,127
513,136,126,127
513,136,126,127
517,132,126,127
513,136,126,127
513,132,126,127
513,132,126,127
513,132,126,127
513,132,126,127
513,132,126,127
517,132,126,127
513,136,126,127
513,136,126,127
513,135,128,129
511,130,128,129
511,130,128,129
511,130,128,129
507,134,128,129
378,49,128,129
386,29,128,129
370,21,128,129
403,33,128,129
415,33,128,129
427,33,128,129
435,33,128,129
443,37,128,129
447,37,128,129
427,41,128,129
431,45,128,129
431,45,128,129
443,57,128,129
443,57,128,129
439,53,128,129
443,57,128,129
435,57,128,129
423,57,128,129
419,57,128,129
419,57,128,129
511,134,128,129
399,57,128,129
511,134,128,129
511,134,128,129
386,57,128,129
513,137,126,127
513,136,126,127
513,136,126,127
513,148,126,127
513,136,126,127
513,140,126,127
513,136,126,127
517,136,126,127
513,136,126,127
513,136,126,127
513,136,126,127
513,136,126,127
513,136,126,127
513,136,126,127
513,132,126,127
513,132,126,127
387,68,126,127
375,68,126,127
383,68,126,127
383,64,126,127
387,60,126,127
387,64,126,127
513,136,126,127
395,60,126,127
399,60,126,127
513,132,126,127
403,60,126,127
403,60,126,127
513,132,126,127
513,132,126,127
513,132,126,127
513,132,126,127
513,132,126,127
513,136,126,127
509,136,126,127
513,135,128,129
511,130,128,129
511,130,128,129
511,130,128,129
511,130,128,129
513,133,126,127
513,132,126,127
513,136,126,127
509,132,126,127
513,132,126,127
509,132,126,127
509,132,126,127
517,128,126,127
517,132,126,127
509,132,126,127
513,132,126,127
513,132,126,127
513,132,126,127
513,132,126,127
513,132,126,127
513,132,126,127
513,132,126,127
517,132,126,127
513,128,126,127
513,132,126,127
513,132,126,127
513,136,126,127
513,132,126,127
513,132,126,127
513,132,126,127
513,132,126,127
387,20,126,127
446,116,126,127
454,116,126,127
513,132,126,127
513,132,126,127
513,132,126,127
509,132,126,127
509,132,126,127
509,128,126,127
505,136,126,127
406,124,126,127
399,124,126,127
395,124,126,127
513,136,126,127
517,136,126,127
391,116,126,127
509,136,126,127
477,164,126,127
383,92,126,127
383,72,126,127
391,36,126,127
387,64,126,127
422,156,126,127
513,132,126,127
513,132,126,127
387,40,126,127
383,40,126,127
379,40,126,127
375,36,126,127
371,44,126,127
359,44,126,127
359,44,126,127
347,40,126,127
343,40,126,127
332,44,126,127
336,48,126,127
332,48,126,127
332,48,126,127
332,48,126,127
339,44,126,127
343,44,126,127
347,48,126,127
339,44,126,127
339,52,126,127
324,44,126,127
367,44,126,127
371,44,126,127
375,40,126,127
375,40,126,127
387,44,126,127
509,136,126,127
513,136,126,127
513,136,126,127
513,136,126,127
509,136,126,127
513,132,126,127
513,132,126,127
513,132,126,127
509,132,126,127
513,132,126,127
509,132,126,127
438,140,126,127
509,136,126,127
509,136,126,127
509,136,126,127
513,132,126,127
513,132,126,127
387,56,126,127
379,52,126,127
381,54,123,124
375,55,123,124
371,55,123,124
368,55,123,124
364,59,123,124
368,55,123,124
364,55,123,124
364,55,123,124
364,59,123,124
360,59,123,124
352,75,123,124
352,75,123,124
364,55,123,124
368,59,123,124
371,67,123,124
371,63,123,124
375,63,123,124
379,59,123,124
379,63,123,124
379,63,123,124
383,63,123,124
383,63,123,124
379,75,123,124
395,82,123,124
511,137,123,124
511,137,123,124
511,137,123,124
514,137,123,124
514,129,123,124
518,141,123,124
518,141,123,124
511,137,123,124
511,137,123,124
511,137,123,124
511,137,123,124
511,137,123,124
511,137,123,124
511,133,123,124
511,133,123,124
511,137,123,124
511,137,123,124
514,137,123,124
511,137,123,124
511,137,123,124
511,137,123,124
511,137,123,124
511,137,123,124
511,137,123,124
511,137,123,124
511,137,123,124
511,137,123,124
511,137,123,124
511,137,123,124
511,137,123,124
511,137,123,124
511,137,123,124
511,137,123,124
511,137,123,124
511,137,123,124
511,137,123,124
511,137,123,124
511,137,123,124
511,137,123,124
514,137,123,124
511,137,123,124
510,137,126,127
509,136,126,127
509,136,126,127
509,136,126,127
509,136,126,127
509,136,126,127
509,136,126,127
509,136,126,127
513,136,126,127
509,136,126,127
509,140,126,127
505,140,126,127
509,136,126,127
509,140,126,127
513,136,126,127
513,132,126,127
513,132,126,127
470,140,126,127
509,132,126,127
513,132,126,127
513,136,126,127
477,144,126,127
481,140,126,127
477,140,126,127
509,136,126,127
513,136,126,127
430,136,126,127
430,136,126,127
426,136,126,127
426,136,126,127
509,132,126,127
513,132,126,127
387,64,126,127
466,144,126,127
466,140,126,127
466,144,126,127
513,136,126,127
513,132,126,127
422,160,126,127
422,160,126,127
426,160,126,127
430,136,126,127
434,136,126,127
434,132,126,127
438,132,126,127
509,139,128,129
511,134,128,129
511,138,128,129
459,151,128,129
459,142,128,129
459,142,128,129
459,147,128,129
471,142,128,129
471,142,128,129
467,134,128,129
507,130,128,129
507,130,128,129
507,134,128,129
479,134,128,129
475,134,128,129
475,134,128,129
475,134,128,129
511,130,128,129
382,45,128,129
382,45,128,129
511,130,128,129
511,126,128,129
382,45,128,129
370,45,128,129
370,45,128,129
366,53,128,129
370,53,128,129
370,53,128,129
370,49,128,129
370,49,128,129
366,61,128,129
374,57,128,129
415,151,128,129
427,138,128,129
427,138,128,129
426,138,131,132
427,137,131,132
435,145,131,132
419,149,131,132
411,42,131,132
509,125,131,132
406,50,131,132
452,137,131,132
452,129,131,132
452,129,131,132
452,129,131,132
452,129,131,132
452,137,131,132
452,137,131,132
509,129,131,132
509,128,133,135
398,43,133,135
385,43,133,135
385,34,133,135
381,34,133,135
377,34,133,135
369,38,133,135
364,34,133,135
360,38,133,135
364,34,133,135
364,34,133,135
364,34,133,135
348,34,133,135
339,34,133,135
339,43,133,135
360,38,133,135
360,38,133,135
360,30,133,135
364,30,133,135
360,34,133,135
363,37,131,132
365,38,131,132
370,38,131,132
370,38,131,132
365,38,131,132
411,112,131,132
509,129,131,132
509,129,131,132
386,21,131,132
386,17,131,132
390,17,131,132
394,13,131,132
443,104,131,132
447,100,131,132
447,100,131,132
447,100,131,132
447,100,131,132
447,100,131,132
447,100,131,132
386,29,131,132
452,96,131,132
386,25,131,132
439,83,131,132
439,83,131,132
439,92,131,132
431,79,131,132
431,96,131,132
423,96,131,132
427,96,131,132
423,92,131,132
390,67,131,132
386,63,131,132
509,120,131,132
505,129,131,132
509,120,131,132
509,120,131,132
509,120,131,132
509,125,131,132
509,120,131,132
382,50,131,132
380,52,128,129
378,49,128,129
374,57,128,129
382,49,128,129
511,122,128,129
511,118,128,129
399,82,128,129
415,86,128,129
415,86,128,129
427,90,128,129
427,86,128,129
322,171,128,129
419,74,128,129
427,78,128,129
431,78,128,129
435,78,128,129
431,78,128,129
427,74,128,129
423,74,128,129
423,78,128,129
423,74,128,129
423,78,128,129
423,74,128,129
423,74,128,129
507,126,128,129
511,126,128,129
511,118,128,129
507,126,128,129
395,65,128,129
507,126,128,129
507,126,128,129
507,126,128,129
507,126,128,129
507,126,128,129
507,126,128,129
507,126,128,129
507,126,128,129
507,126,128,129
511,118,128,129
511,118,128,129
511,122,128,129
511,122,128,129
390,57,128,129
399,69,128,129
399,69,128,129
399,53,128,129
407,69,128,129
411,57,128,129
415,49,128,129
415,49,128,129
419,45,128,129
411,41,128,129
415,41,128,129
415,41,128,129
415,41,128,129
419,41,128,129
423,45,128,129
423,41,128,129
431,45,128,129
431,45,128,129
431,45,128,129
431,45,128,129
431,45,128,129
431,41,128,129
427,45,128,129
431,45,128,129
431,49,128,129
419,37,128,129
399,33,128,129
395,29,128,129
401,31,126,127
399,36,126,127
395,28,126,127
383,32,126,127
391,32,126,127
389,46,123,124
371,36,123,124
371,32,123,124
375,32,123,124
360,36,123,124
387,59,123,124
379,32,123,124
383,28,123,124
379,28,123,124
399,32,123,124
395,28,123,124
399,20,123,124
402,16,123,124
410,12,123,124
410,12,123,124
422,16,123,124
426,16,123,124
433,4,123,124
437,12,123,124
441,4,123,124
449,4,123,124
449,1,123,124
456,4,123,124
460,1,123,124
460,4,123,124
453,12,123,124
468,4,123,124
460,1,123,124
460,1,123,124
460,4,123,124
453,8,123,124
456,4,123,124
453,8,123,124
453,8,123,124
449,4,123,124
449,8,123,124
395,90,123,124
399,86,123,124
395,90,123,124
406,78,123,124
410,63,123,124
406,63,123,124
402,63,123,124
402,55,123,124
399,55,123,124
395,43,123,124
395,47,123,124
402,51,123,124
387,39,123,124
391,39,123,124
387,39,123,124
375,39,123,124
360,39,123,124
410,1,123,124
514,125,123,124
395,1,123,124
514,125,123,124
534,199,123,124
507,125,123,124
511,125,123,124
511,121,123,124
511,125,123,124
511,125,123,124
514,125,123,124
511,117,123,124
514,121,123,124
511,121,123,124
511,121,123,124
511,121,123,124
511,121,123,124
511,121,123,124
511,121,123,124
514,121,123,124
511,121,123,124
514,121,123,124
510,121,126,127
608,1,126,127
608,1,126,127
619,1,126,127
611,1,126,127
622,3,123,124
611,1,123,124
611,1,123,124
611,1,123,124
615,1,123,124
615,1,123,124
615,1,123,124
503,32,123,124
491,36,123,124
491,32,123,124
487,36,123,124
484,36,123,124
476,36,123,124
476,39,123,124
522,164,123,124
514,153,123,124
507,133,123,124
445,90,123,124
437,94,123,124
429,43,123,124
522,164,126,127
422,40,126,127
375,144,126,127
395,24,126,127
513,116,126,127
509,116,126,127
513,120,126,127
513,120,126,127
513,120,126,127
395,28,126,127
513,120,126,127
513,120,126,127
387,32,126,127
367,32,126,127
387,24,126,127
513,124,126,127
387,24,126,127
387,28,126,127
383,24,126,127
383,24,126,127
379,24,126,127
383,24,126,127
379,20,126,127
383,24,126,127
470,96,126,127
470,104,126,127
489,88,126,127
493,92,126,127
509,124,126,127
395,20,126,127
414,24,126,127
422,28,126,127
430,28,126,127
442,28,126,127
442,28,126,127
446,28,126,127
450,28,126,127
454,32,126,127
454,28,126,127
462,28,126,127
462,28,126,127
458,28,126,127
462,32,126,127
470,32,126,127
462,28,126,127
466,28,126,127
473,28,126,127
470,28,126,127
481,32,126,127
454,28,126,127
458,28,126,127
485,32,126,127
485,32,126,127
473,28,126,127
462,32,126,127
466,28,126,127
462,28,126,127
462,40,126,127
462,40,126,127
462,32,126,127
458,32,126,127
458,36,126,127
446,32,126,127
438,28,126,127
438,36,126,127
434,40,126,127
418,28,126,127
422,36,126,127
422,36,126,127
418,40,126,127
410,40,126,127
403,36,126,127
414,48,126,127
406,48,126,127
501,132,126,127
481,131,128,129
511,122,128,129
507,118,128,129
411,61,128,129
407,49,128,129
403,49,128,129
399,49,128,129
403,53,128,129
407,49,128,129
419,49,128,129
423,57,128,129
427,53,128,129
427,53,128,129
435,49,128,129
447,49,128,129
459,49,128,129
459,49,128,129
467,49,128,129
471,49,128,129
471,37,128,129
475,37,128,129
479,33,128,129
487,33,128,129
483,37,128,129
491,37,128,129
495,37,128,129
495,33,128,129
491,37,128,129
491,33,128,129
495,33,128,129
495,37,128,129
495,37,128,129
499,41,128,129
495,41,128,129
495,45,128,129
499,49,128,129
499,53,128,129
491,65,128,129
487,61,128,129
487,65,128,129
455,74,128,129
459,74,128,129
467,69,128,129
467,69,128,129
455,82,128,129
459,61,128,129
459,61,128,129
455,65,128,129
451,65,128,129
447,74,128,129
443,65,128,129
439,65,128,129
439,65,128,129
431,65,128,129
431,61,128,129
435,65,128,129
427,61,128,129
503,126,128,129
415,65,128,129
507,126,128,129
511,154,131,132
402,63,131,132
398,63,131,132
398,63,131,132
394,63,131,132
394,63,131,132
501,125,131,132
386,46,131,132
505,125,131,132
505,125,131,132
386,46,131,132
386,46,131,132
406,67,131,132
411,75,131,132
419,71,131,132
423,71,131,132
427,75,131,132
435,79,131,132
435,75,131,132
443,75,131,132
447,75,131,132
452,83,131,132
452,79,131,132
456,79,131,132
456,79,131,132
460,79,131,132
464,79,131,132
460,79,131,132
464,79,131,132
460,79,131,132
464,79,131,132
460,83,131,132
460,79,131,132
452,79,131,132
452,83,131,132
443,87,131,132
439,87,131,132
435,83,131,132
427,79,131,132
423,71,131,132
419,83,131,132
415,87,131,132
406,87,131,132
476,125,131,132
472,125,131,132
472,124,133,135
515,136,133,135
515,127,133,135
507,136,133,135
473,127,133,135
456,127,133,135
507,131,133,135
502,131,133,135
410,43,133,135
398,38,133,135
394,38,133,135
385,38,133,135
390,38,133,135
385,38,133,135
377,30,133,135
373,38,133,135
369,34,133,135
369,30,133,135
364,34,133,135
352,34,133,135
352,26,133,135
486,136,133,135
352,34,133,135
348,34,133,135
348,34,133,135
343,38,133,135
343,38,133,135
352,34,133,135
348,34,133,135
352,34,133,135
352,38,133,135
356,38,133,135
360,34,133,135
360,34,133,135
369,34,133,135
373,38,133,135
373,34,133,135
369,26,133,135
377,34,133,135
377,34,133,135
427,114,133,135
431,114,133,135
431,93,133,135
444,110,133,135
431,93,133,135
436,93,133,135
440,93,133,135
444,114,133,135
448,114,133,135
452,114,133,135
502,123,133,135
440,123,133,135
507,123,133,135
502,127,133,135
502,123,133,135
431,127,133,135
427,127,133,135
502,123,133,135
502,123,133,135
502,127,133,135
502,123,133,135
502,123,133,135
419,136,133,135
423,136,133,135
502,127,133,135
502,123,133,135
502,123,133,135
423,114,133,135
431,114,133,135
423,119,133,135
502,123,136,137
431,117,136,137
470,130,136,137
457,138,136,137
444,134,136,137
451,132,133,135
452,136,133,135
456,127,133,135
456,127,133,135
452,131,133,135
456,123,133,135
461,119,133,135
452,119,133,135
423,93,133,135
427,93,133,135
431,93,133,135
436,106,133,135
507,123,133,135
507,123,133,135
507,123,133,135
507,123,133,135
507,123,133,135
502,127,133,135
507,127,133,135
507,127,133,135
502,114,136,137
504,100,136,137
495,87,136,137
495,65,136,137
495,44,136,137
504,130,136,137
500,121,136,137
504,125,136,137
504,125,136,137
504,130,136,137
504,125,136,137
504,121,136,137
504,121,136,137
504,121,136,137
504,121,136,137
504,121,136,137
504,121,136,137
500,121,136,137
504,121,136,137
504,121,136,137
504,125,136,137
504,125,136,137
504,121,136,137
504,121,136,137
504,121,136,137
504,121,136,137
500,117,136,137
500,121,136,137
504,121,136,137
504,121,136,137
499,121,139,140
501,119,139,140
497,119,139,140
505,123,139,140
501,115,139,140
492,114,142,143
502,126,142,143
498,112,142,143
502,126,142,143
498,121,142,143
498,112,142,143
498,112,142,143
498,112,142,143
498,112,142,143
498,112,142,143
502,121,142,143
502,121,142,143
502,117,142,143
413,112,142,143
409,108,142,143
498,117,142,143
498,117,142,143
498,117,142,143
493,121,142,143
493,121,142,143
493,121,142,143
493,117,142,143
493,121,142,143
498,126,142,143
467,130,142,143
475,130,142,143
462,126,142,143
498,121,142,143
493,121,142,143
498,117,142,143
498,117,142,143
498,126,142,143
498,117,142,143
498,117,142,143
498,121,142,143
498,117,142,143
498,117,142,143
498,121,142,143
498,121,142,143
498,117,142,143
498,117,142,143
498,121,142,143
498,117,142,143
498,121,142,143
498,117,142,143
498,117,142,143
498,117,142,143
498,117,142,143
493,121,142,143
493,121,142,143
497,117,144,146
354,23,144,146
354,23,144,146
358,23,144,146
358,23,144,146
363,23,144,146
363,23,144,146
367,28,144,146
489,124,144,146
489,119,144,146
449,110,144,146
372,19,144,146
499,124,144,146
413,128,144,146
413,124,144,146
413,124,144,146
408,119,144,146
408,119,144,146
408,115,144,146
408,119,144,146
408,115,144,146
413,115,144,146
499,119,144,146
499,119,144,146
499,119,144,146
499,119,144,146
499,119,144,146
494,119,144,146
494,119,144,146
494,119,144,146
499,119,144,146
494,119,144,146
499,124,144,146
385,110,144,146
494,119,144,146
494,119,144,146
499,119,144,146
358,28,144,146
358,28,144,146
381,115,144,146
376,96,144,146
345,23,144,146
467,119,144,146
489,128,144,146
367,83,144,146
367,96,144,146
476,128,144,146
489,124,144,146
494,119,144,146
494,119,144,146
372,106,144,146
372,110,144,146
372,110,144,146
372,110,144,146
372,110,144,146
372,124,144,146
372,124,144,146
340,10,144,146
340,5,144,146
354,5,144,146
381,106,144,146
358,19,144,146
358,19,144,146
363,19,144,146
394,106,144,146
394,106,144,146
413,106,144,146
413,106,144,146
