402,322,92,42
413,289,92,42
426,263,92,42
434,239,91,42
429,226,91,42
426,203,92,42
422,199,91,42
422,192,91,42
426,188,92,42
429,184,91,42
427,184,92,42
430,188,92,42
436,192,92,42
440,200,91,42
439,204,92,42
438,212,92,42
439,220,92,42
438,225,92,42
436,228,92,42
432,230,92,42
411,237,92,42
400,245,92,42
390,255,92,42
377,267,92,42
370,275,90,41
353,287,90,41
342,302,90,41
337,313,90,41
334,326,90,41
329,340,90,41
322,356,90,41
319,365,90,41
314,371,90,41
311,374,90,41
312,375,90,41
311,371,90,41
312,369,90,41
315,363,90,41
337,354,90,41
344,347,88,40
357,331,88,40
366,312,88,40
369,310,88,40
373,297,88,40
378,297,88,40
384,286,88,40
390,278,88,40
391,272,88,40
391,265,88,40
389,254,88,40
370,239,88,40
362,243,88,40
374,281,88,40
376,292,88,40
378,303,88,40
380,311,88,40
381,322,88,40
382,330,88,40
380,345,88,40
380,349,88,40
376,355,88,40
373,355,88,40
369,346,88,40
359,322,88,40
344,306,88,40
321,286,88,40
326,274,88,40
343,265,88,40
366,298,88,40
375,296,88,40
390,298,88,40
398,299,88,40
402,301,88,40
405,303,88,40
406,305,88,40
407,306,88,40
406,308,88,40
407,308,88,40
406,308,88,40
406,310,88,40
405,312,88,40
403,313,88,40
400,313,88,40
384,306,88,40
440,311,88,40
468,296,88,40
471,293,88,40
477,288,88,40
483,287,88,40
486,288,88,40
486,291,88,40
483,293,88,40
483,294,88,40
482,294,88,40
482,294,88,40
470,293,88,40
471,296,88,40
476,255,88,40
439,269,88,40
416,298,88,40
357,278,88,40
351,293,88,40
351,296,88,40
369,291,88,40
375,337,86,39
381,348,86,39
401,349,86,39
415,349,86,39
436,343,86,39
446,344,86,39
462,308,86,39
468,307,86,39
469,307,86,39
469,308,86,39
469,310,86,39
468,308,86,39
466,307,86,39
463,310,86,39
462,310,86,39
459,311,86,39
454,338,86,39
451,341,86,39
448,341,86,39
447,343,86,39
446,343,86,39
446,342,86,39
446,337,86,39
446,337,86,39
448,337,86,39
448,339,86,39
448,339,86,39
444,342,86,39
438,329,86,39
436,318,86,39
438,303,88,40
448,286,88,40
460,279,88,40
466,277,88,40
472,272,88,40
472,272,88,40
471,272,88,40
471,272,88,40
470,272,88,40
468,270,88,40
466,272,88,40
464,272,88,40
444,282,88,40
417,291,88,40
389,282,88,40
338,259,88,40
358,260,88,40
359,262,88,40
360,257,88,40
369,254,88,40
375,272,88,40
375,272,88,40
376,270,88,40
376,270,88,40
379,272,88,40
379,272,88,40
379,268,88,40
376,269,88,40
376,265,88,40
376,265,88,40
392,268,88,40
390,268,88,40
384,259,88,40
385,264,88,40
385,264,88,40
384,264,88,40
384,264,88,40
385,263,88,40
385,263,88,40
385,263,88,40
384,263,88,40
382,265,88,40
381,272,88,40
368,253,88,40
344,260,88,40
325,270,88,40
312,289,88,40
355,296,88,40
382,302,88,40
396,301,88,40
409,299,88,40
414,303,88,40
423,313,88,40
423,320,88,40
422,322,88,40
421,325,88,40
421,325,88,40
407,320,88,40
408,317,88,40
408,316,88,40
405,315,88,40
402,313,88,40
343,360,88,40
339,361,88,40
339,363,88,40
340,364,86,39
340,363,86,39
341,369,86,39
340,363,86,39
339,385,86,39
336,395,86,39
356,414,86,39
355,391,86,39
353,386,86,39
358,379,86,39
359,378,86,39
361,373,86,39
361,368,86,39
361,365,86,39
359,359,86,39
360,359,85,38
356,372,84,38
353,387,84,38
346,382,84,38
345,378,84,38
342,374,84,38
340,373,84,38
339,368,85,38
338,367,85,38
340,367,84,38
342,368,84,38
342,369,84,38
356,396,84,38
349,387,84,38
345,378,84,38
342,372,84,38
