368,260,226,193
385,248,226,192
402,236,226,193
402,224,226,193
405,214,221,189
405,202,221,189
405,190,221,189
405,178,221,189
405,160,221,189
405,154,221,189
405,148,221,189
405,142,221,189
405,142,221,189
405,142,221,189
405,142,221,189
405,142,221,189
405,142,221,189
405,142,221,189
405,142,221,189
405,142,221,189
405,142,221,189
405,142,221,189
405,142,221,189
405,142,221,189
405,142,221,189
399,142,221,189
405,142,221,189
405,142,221,189
405,142,221,189
405,142,221,189
399,142,221,189
405,142,221,189
399,142,221,189
399,137,221,189
399,142,221,189
399,142,221,189
399,137,221,189
388,137,221,189
388,131,221,189
388,137,221,189
388,137,221,189
383,131,221,189
394,137,221,189
388,131,221,189
388,131,221,189
383,137,221,189
383,137,221,189
383,137,221,189
383,137,221,189
383,131,221,189
383,137,221,189
383,137,221,189
372,137,221,189
372,137,221,189
377,137,221,189
372,137,221,189
372,137,221,189
372,137,221,189
372,137,221,189
372,137,221,189
372,137,221,189
372,137,221,189
366,137,221,189
372,137,221,189
366,137,221,189
372,137,221,189
372,137,221,189
366,137,221,189
366,137,221,189
365,136,226,193
334,133,226,193
323,133,225,193
317,133,226,193
323,133,225,193
321,132,230,196
317,130,230,196
317,130,230,196
312,130,230,196
317,130,230,196
310,129,235,200
318,132,235,200
318,126,235,200
312,126,235,200
318,132,235,200
318,132,235,200
312,132,235,200
318,132,235,200
318,132,235,200
312,132,235,200
321,135,230,196
323,130,230,196
317,130,230,196
323,130,230,196
317,130,230,196
317,130,230,196
323,130,230,196
323,130,230,196
329,136,230,196
323,130,230,196
323,130,230,196
317,130,230,196
317,130,230,196
317,130,230,196
317,130,230,196
323,130,230,196
317,130,230,196
317,130,230,196
329,130,230,196
323,130,230,196
323,130,230,196
329,130,230,196
323,130,230,196
323,130,230,196
323,130,230,196
312,130,230,196
323,130,230,196
312,130,230,196
317,130,230,196
317,130,230,196
317,130,230,196
317,130,230,196
323,130,230,196
317,130,230,196
317,130,230,196
317,130,230,196
312,136,230,196
329,130,230,196
329,130,230,196
329,130,230,196
329,130,230,196
329,130,230,196
323,130,230,196
329,130,230,196
317,136,230,196
329,136,230,196
329,136,230,196
317,136,230,196
329,136,230,196
329,136,230,196
329,136,230,196
329,136,230,196
329,136,230,196
329,136,230,196
329,136,230,196
329,136,230,196
329,130,230,196
329,130,230,196
346,136,230,196
346,136,230,196
328,129,235,200
336,132,235,200
336,132,235,200
336,132,235,200
336,132,235,200
341,132,235,200
336,132,235,200
336,132,235,200
341,132,235,200
336,132,235,200
341,132,235,200
336,139,235,200
341,132,235,200
341,139,235,200
347,132,235,200
346,138,239,204
336,135,239,204
342,135,239,204
342,135,239,204
336,135,239,204
342,135,239,204
336,135,239,204
342,135,239,204
342,135,239,204
342,135,239,204
342,135,239,204
342,135,239,204
342,135,239,204
348,135,239,204
348,135,239,204
342,135,239,204
348,135,239,204
354,135,239,204
342,141,239,204
342,141,239,204
342,141,239,204
348,141,239,204
348,135,239,204
342,141,239,204
348,141,239,204
348,141,239,204
354,141,239,204
336,148,239,204
336,141,239,204
336,141,239,204
336,141,239,204
342,141,239,204
336,141,239,204
336,141,239,204
342,141,239,204
336,141,239,204
336,141,239,204
342,141,239,204
336,141,239,204
342,135,239,204
336,141,239,204
330,141,239,204
348,135,239,204
330,135,239,204
336,135,239,204
324,135,239,204
330,135,239,204
330,135,239,204
330,135,239,204
330,135,239,204
330,135,239,204
330,141,239,204
330,135,239,204
342,135,239,204
336,135,239,204
330,135,239,204
330,135,239,204
348,135,239,204
348,135,239,204
342,135,239,204
336,129,239,204
342,135,239,204
342,135,239,204
336,135,239,204
342,135,239,204
336,135,239,204
348,135,239,204
336,135,239,204
336,135,239,204
348,135,239,204
342,135,239,204
342,135,239,204
342,135,239,204
336,135,239,204
336,135,239,204
330,135,239,204
336,135,239,204
342,135,239,204
336,135,239,204
342,135,239,204
336,135,239,204
336,135,239,204
342,135,239,204
336,135,239,204
342,135,239,204
342,135,239,204
336,141,239,204
336,141,239,204
336,141,239,204
336,141,239,204
336,141,239,204
336,141,239,204
336,141,239,204
330,141,239,204
336,141,239,204
336,141,239,204
330,141,239,204
336,141,239,204
336,141,239,204
336,141,239,204
336,141,239,204
336,141,239,204
336,141,239,204
336,141,239,204
330,148,239,204
335,140,244,208
337,138,244,208
331,144,244,208
337,138,244,208
337,138,244,208
337,138,244,208
337,138,244,208
337,138,244,208
337,138,244,208
337,138,244,208
337,138,244,208
337,138,244,208
337,138,244,208
337,138,244,208
337,138,244,208
334,141,239,204
336,141,239,204
336,141,239,204
336,141,239,204
330,135,239,204
330,135,239,204
336,135,239,204
336,135,239,204
336,135,239,204
330,141,239,204
336,129,239,204
336,141,239,204
336,135,239,204
336,141,239,204
336,129,239,204
336,129,239,204
336,135,239,204
330,141,239,204
336,135,239,204
330,141,239,204
336,135,239,204
336,135,239,204
336,135,239,204
336,141,239,204
336,141,239,204
336,135,239,204
336,135,239,204
330,135,239,204
336,135,239,204
336,141,239,204
330,135,239,204
336,135,239,204
330,135,239,204
330,135,239,204
336,135,239,204
330,141,239,204
330,135,239,204
330,135,239,204
330,129,239,204
330,129,239,204
330,135,239,204
324,135,239,204
324,129,239,204
324,135,239,204
324,135,239,204
324,135,239,204
324,135,239,204
318,129,239,204
318,135,239,204
318,135,239,204
324,135,239,204
318,129,239,204
318,135,239,204
318,135,239,204
318,135,239,204
317,127,244,208
319,131,244,208
319,131,244,208
325,131,244,208
319,125,244,208
319,131,244,208
319,131,244,208
319,131,244,208
325,131,244,208
312,131,244,208
312,125,244,208
312,131,244,208
312,125,244,208
312,125,244,208
312,125,244,208
312,125,244,208
312,125,244,208
312,125,244,208
319,131,244,208
319,131,244,208
319,131,244,208
312,125,244,208
319,131,244,208
319,131,244,208
319,131,244,208
319,131,244,208
319,125,244,208
312,125,244,208
319,125,244,208
312,125,244,208
312,125,244,208
312,131,244,208
312,131,244,208
319,138,244,208
319,125,244,208
319,125,244,208
319,131,244,208
312,125,244,208
325,138,244,208
337,131,244,208
337,125,244,208
337,131,244,208
337,131,244,208
337,131,244,208
337,131,244,208
337,131,244,208
331,125,244,208
331,131,244,208
331,131,244,208
331,131,244,208
331,138,244,208
331,131,244,208
331,131,244,208
331,131,244,208
319,131,244,208
325,131,244,208
331,125,244,208
331,131,244,208
337,125,244,208
331,131,244,208
331,131,244,208
331,131,244,208
331,131,244,208
331,125,244,208
331,125,244,208
337,125,244,208
337,131,244,208
331,131,244,208
325,131,244,208
331,131,244,208
335,130,249,213
325,127,249,213
325,127,249,213
325,127,249,213
325,134,249,213
325,134,249,213
331,134,249,213
325,134,249,213
331,134,249,213
331,127,249,213
336,133,254,217
325,130,254,217
325,136,254,217
325,136,254,217
319,136,254,217
317,128,259,221
319,125,259,221
331,125,259,221
331,118,259,221
331,125,259,221
329,128,254,217
325,130,254,217
331,136,254,217
325,130,254,217
319,130,254,217
319,136,254,217
325,130,254,217
325,136,254,217
325,136,254,217
325,136,254,217
335,139,249,213
331,134,249,213
319,140,249,213
325,134,249,213
325,127,249,213
319,127,249,213
325,127,249,213
325,127,249,213
331,134,249,213
331,134,249,213
331,134,249,213
331,134,249,213
331,134,249,213
337,134,249,213
331,134,249,213
331,134,249,213
344,134,249,213
331,134,249,213
331,134,249,213
337,134,249,213
344,134,249,213
344,134,249,213
337,134,249,213
337,134,249,213
344,134,249,213
350,134,249,213
362,127,249,213
331,140,249,213
331,134,249,213
362,127,249,213
331,134,249,213
331,140,249,213
331,140,249,213
331,140,249,213
331,140,249,213
331,127,249,213
331,134,249,213
331,140,249,213
344,127,249,213
325,134,249,213
331,134,249,213
331,127,249,213
325,134,249,213
337,134,249,213
331,134,249,213
331,134,249,213
331,134,249,213
331,127,249,213
331,127,249,213
325,134,249,213
335,137,244,208
331,138,244,208
331,138,244,208
331,138,244,208
337,138,244,208
342,130,249,213
325,134,249,213
325,134,249,213
331,134,249,213
331,134,249,213
331,134,249,213
331,134,249,213
