392,202,110,316
392,198,110,316
392,198,110,316
392,198,110,316
392,198,110,316
392,198,110,316
392,198,110,316
392,198,110,316
392,198,110,316
392,198,110,316
392,198,110,316
392,198,110,316
392,198,110,316
392,198,110,316
396,198,110,316
396,198,110,316
396,198,110,316
396,198,110,316
396,198,110,316
396,198,110,316
396,198,110,316
396,194,110,316
399,194,110,316
399,194,110,316
399,194,110,316
403,191,110,316
403,191,110,316
406,191,110,316
406,191,110,316
406,191,110,316
406,191,110,316
410,191,109,316
410,191,109,316
410,191,109,316
410,187,109,316
410,187,109,316
413,187,110,316
413,187,110,316
416,187,110,316
416,187,110,316
420,184,110,316
420,184,110,316
420,184,110,316
420,187,110,316
420,187,110,316
413,194,110,316
413,194,110,316
413,194,110,316
413,194,110,316
413,194,110,316
413,194,110,316
413,198,110,316
410,198,109,316
410,202,109,316
410,202,109,316
406,202,110,316
406,202,110,316
406,202,110,316
403,202,110,316
403,198,110,316
403,202,110,316
399,202,110,316
399,202,110,316
399,198,110,316
399,202,110,316
399,202,110,316
396,202,110,316
399,202,110,316
399,202,110,316
399,202,110,316
399,202,110,316
399,202,110,316
403,202,110,316
403,202,110,316
403,202,110,316
403,202,110,316
403,198,110,316
403,198,110,316
406,202,110,316
406,202,110,316
406,202,110,316
406,202,110,316
406,202,110,316
406,202,110,316
434,184,110,316
434,187,110,316
434,187,110,316
434,187,110,316
434,187,110,316
434,191,110,316
434,191,110,316
434,187,110,316
437,187,109,316
441,191,110,316
444,191,110,316
444,187,110,316
451,187,109,316
451,187,109,316
451,187,109,316
454,187,110,316
454,187,110,316
454,187,110,316
454,191,110,316
458,191,110,316
458,187,110,316
461,191,110,316
461,191,110,316
465,187,109,316
465,191,109,316
465,191,109,316
468,184,110,316
468,184,110,316
468,184,110,316
468,184,110,316
468,184,110,316
468,184,110,316
468,187,110,316
468,184,110,316
465,187,109,316
461,191,110,316
458,194,110,316
458,194,110,316
454,191,110,316
454,191,110,316
451,194,109,316
447,194,110,316
447,191,110,316
444,191,110,316
441,194,110,316
440,192,112,322
432,187,112,322
428,187,112,322
425,187,112,322
421,191,112,322
418,191,112,322
418,195,112,322
414,195,112,322
411,198,112,322
407,198,112,322
411,202,112,322
411,202,112,322
411,198,112,322
414,198,112,322
414,198,112,322
414,191,112,322
418,191,112,322
418,191,112,322
418,187,112,322
418,187,112,322
418,184,112,322
421,191,112,322
421,191,112,322
425,191,112,322
425,195,112,322
428,195,112,322
432,198,112,322
432,198,112,322
432,198,112,322
435,202,112,322
432,206,112,322
432,209,112,322
435,213,112,322
425,195,112,322
421,195,112,322
425,198,112,322
421,198,112,322
418,198,112,322
407,198,112,322
407,195,112,322
404,195,112,322
397,191,112,322
393,191,112,322
386,191,112,322
379,191,112,322
376,191,112,322
372,191,112,322
369,195,112,322
365,195,112,322
365,195,112,322
362,195,112,322
358,191,112,322
355,195,112,322
351,195,112,322
351,195,112,322
355,195,112,322
355,195,112,322
355,191,112,322
355,191,112,322
355,191,112,322
355,191,112,322
355,191,112,322
351,191,112,322
355,191,112,322
355,195,112,322
355,195,112,322
355,195,112,322
355,195,112,322
355,195,112,322
355,195,112,322
355,191,112,322
355,191,112,322
358,191,112,322
358,191,112,322
358,187,112,322
358,187,112,322
362,191,112,322
362,187,112,322
362,184,112,322
365,184,112,322
365,184,112,322
365,191,112,322
365,198,112,322
369,198,112,322
369,202,112,322
372,202,112,322
383,202,112,322
390,206,112,322
386,202,112,322
386,202,112,322
386,198,112,322
390,202,112,322
390,202,112,322
390,195,112,322
390,195,112,322
390,198,112,322
390,195,112,322
390,198,112,322
390,202,112,322
390,202,112,322
390,202,112,322
393,206,112,322
393,206,112,322
393,209,112,322
393,206,112,322
393,206,112,322
393,206,112,322
393,206,112,322
393,206,112,322
393,206,112,322
393,202,112,322
393,202,112,322
393,202,112,322
393,202,112,322
393,198,112,322
393,198,112,322
397,202,112,322
397,202,112,322
397,202,112,322
397,202,112,322
397,202,112,322
397,202,112,322
397,202,112,322
397,202,112,322
397,202,112,322
397,198,112,322
397,198,112,322
397,198,112,322
397,198,112,322
397,198,112,322
397,195,112,322
397,195,112,322
397,198,112,322
397,198,112,322
397,198,112,322
397,198,112,322
397,198,112,322
397,198,112,322
397,198,112,322
397,198,112,322
397,198,112,322
397,198,112,322
397,202,112,322
397,202,112,322
400,202,112,322
400,202,112,322
400,202,112,322
400,202,112,322
400,202,112,322
400,202,112,322
400,202,112,322
400,202,112,322
400,202,112,322
400,202,112,322
400,202,112,322
400,202,112,322
400,202,112,322
400,202,112,322
400,202,112,322
400,202,112,322
400,202,112,322
400,202,112,322
400,198,112,322
400,198,112,322
400,202,112,322
400,202,112,322
397,202,112,322
397,202,112,322
400,206,112,322
404,206,112,322
404,209,112,322
411,209,112,322
411,209,112,322
418,206,112,322
435,202,112,322
428,209,112,322
414,217,112,322
414,217,112,322
414,224,112,322
414,228,112,322
413,239,110,316
413,241,110,316
413,248,110,316
410,255,109,316
413,255,110,316
410,255,109,316
410,255,109,316
410,255,109,316
410,255,109,316
410,255,109,316
410,255,109,316
410,255,109,316
410,255,109,316
406,255,110,316
406,255,110,316
406,255,110,316
406,255,110,316
403,255,110,316
396,255,110,316
396,255,110,316
396,255,110,316
392,255,110,316
386,255,110,316
386,255,110,316
386,255,110,316
388,260,107,309
385,265,107,309
385,265,107,309
381,265,107,309
385,265,107,309
385,265,107,309
381,265,107,309
381,265,107,309
381,265,107,309
381,265,107,309
381,265,107,309
381,265,107,309
381,265,107,309
378,265,107,309
378,265,107,309
375,265,107,309
375,265,107,309
368,265,107,309
368,265,107,309
368,265,107,309
368,265,107,309
368,265,107,309
371,265,107,309
368,265,107,309
371,265,107,309
371,265,107,309
371,265,107,309
371,265,107,309
378,265,107,309
378,265,107,309
378,265,107,309
378,265,107,309
378,265,107,309
378,265,107,309
378,265,107,309
378,265,107,309
378,265,107,309
378,265,107,309
378,265,107,309
378,265,107,309
378,265,107,309
378,265,107,309
378,265,107,309
378,265,107,309
378,265,107,309
378,265,107,309
378,265,107,309
378,265,107,309
378,265,107,309
378,265,107,309
378,265,107,309
375,261,107,309
378,261,107,309
378,265,107,309
378,261,107,309
378,261,107,309
378,261,107,309
378,261,107,309
378,261,107,309
378,261,107,309
378,261,107,309
378,261,107,309
375,261,107,309
378,261,107,309
378,261,107,309
378,261,107,309
378,265,107,309
378,261,107,309
378,261,107,309
375,265,107,309
375,265,107,309
375,265,107,309
378,265,107,309
375,261,107,309
378,265,107,309
378,265,107,309
378,265,107,309
378,261,107,309
378,258,107,309
378,258,107,309
378,261,107,309
378,258,107,309
378,265,107,309
375,265,107,309
371,265,107,309
375,265,107,309
371,265,107,309
368,265,107,309
368,265,107,309
368,265,107,309
364,265,107,309
364,261,107,309
361,265,107,309
361,265,107,309
361,265,107,309
361,265,107,309
361,265,107,309
361,265,107,309
361,265,107,309
361,265,107,309
361,265,107,309
361,261,107,309
361,261,107,309
361,261,107,309
361,265,107,309
361,265,107,309
361,265,107,309
361,265,107,309
361,265,107,309
364,265,107,309
364,265,107,309
364,265,107,309
368,261,107,309
368,261,107,309
368,261,107,309
368,258,107,309
368,258,107,309
368,254,107,309
368,254,107,309
368,261,107,309
368,261,107,309
368,265,107,309
368,265,107,309
368,265,107,309
368,265,107,309
368,265,107,309
368,265,107,309
368,265,107,309
368,265,107,309
368,258,107,309
370,262,105,303
367,270,105,303
367,270,105,303
367,270,105,303
367,270,105,303
371,270,105,303
367,270,105,303
367,270,105,303
367,270,105,303
367,270,105,303
367,270,105,303
371,270,105,303
367,270,105,303
367,270,105,303
367,270,105,303
367,270,105,303
367,270,105,303
367,270,105,303
371,270,105,303
371,270,105,303
371,270,105,303
371,270,105,303
367,270,105,303
367,270,105,303
367,270,105,303
371,270,105,303
367,270,105,303
371,270,105,303
371,270,105,303
371,270,105,303
371,270,105,303
371,270,105,303
371,270,105,303
371,270,105,303
371,270,105,303
373,274,103,297
370,275,103,297
373,275,103,297
370,275,103,297
370,275,103,297
373,275,103,297
373,275,103,297
373,275,103,297
373,275,103,297
373,275,103,297
373,275,103,297
373,275,103,297
373,275,103,297
373,275,103,297
373,275,103,297
379,275,103,297
379,271,103,297
376,271,103,297
376,275,103,297
373,275,103,297
373,275,103,297
373,275,103,297
370,275,103,297
373,275,103,297
370,275,103,297
367,275,103,297
370,275,103,297
370,275,103,297
370,275,103,297
376,275,103,297
386,271,103,297
386,264,103,297
389,258,103,297
392,244,103,297
399,231,103,297
399,227,103,297
402,224,103,297
396,234,103,297
399,231,103,297
405,220,103,297
405,210,103,297
402,214,103,297
405,210,103,297
422,200,103,297
425,204,103,297
425,207,103,297
425,210,103,297
425,220,103,297
422,224,103,297
418,227,103,297
418,234,103,297
418,234,103,297
418,234,103,297
422,237,103,297
422,234,103,297
418,225,105,303
417,225,105,303
414,225,105,303
414,225,105,303
414,225,105,303
414,225,105,303
414,228,105,303
410,228,105,303
410,228,105,303
414,228,105,303
414,228,105,303
414,228,105,303
410,228,105,303
410,228,105,303
404,225,105,303
407,228,105,303
414,225,105,303
414,221,105,303
410,221,105,303
410,221,105,303
410,218,105,303
407,214,105,303
407,211,105,303
407,211,105,303
407,211,105,303
407,211,105,303
407,211,105,303
407,211,105,303
407,211,105,303
407,211,105,303
410,209,107,309
408,208,107,309
425,205,107,309
429,205,107,309
432,201,107,309
439,201,107,309
442,205,107,309
442,205,107,309
439,201,107,309
442,201,107,309
439,205,107,309
439,205,107,309
439,205,107,309
439,208,107,309
439,212,107,309
439,208,107,309
439,212,107,309
439,212,107,309
439,212,107,309
442,212,107,309
442,212,107,309
445,212,107,309
445,208,107,309
445,208,107,309
449,205,107,309
449,208,107,309
449,205,107,309
452,205,107,309
452,201,107,309
459,201,107,309
462,205,107,309
462,205,107,309
466,205,107,309
466,208,107,309
469,208,107,309
472,208,107,309
472,212,107,309
469,212,107,309
469,205,107,309
469,205,107,309
466,208,107,309
466,208,107,309
469,205,107,309
466,205,107,309
466,208,107,309
466,212,107,309
466,212,107,309
466,212,107,309
469,215,107,309
469,212,107,309
469,212,107,309
469,212,107,309
466,212,107,309
466,212,107,309
466,212,107,309
466,212,107,309
466,212,107,309
466,212,107,309
466,208,107,309
466,208,107,309
466,208,107,309
466,208,107,309
466,208,107,309
466,208,107,309
466,208,107,309
466,208,107,309
466,208,107,309
466,208,107,309
466,208,107,309
469,208,107,309
469,208,107,309
469,208,107,309
469,208,107,309
469,208,107,309
469,208,107,309
472,201,107,309
469,208,107,309
469,208,107,309
466,212,107,309
466,205,107,309
469,201,107,309
472,194,107,309
469,198,107,309
469,198,107,309
472,201,107,309
472,198,107,309
472,198,107,309
472,198,107,309
472,198,107,309
466,198,107,309
466,198,107,309
459,205,107,309
459,205,107,309
459,205,107,309
459,205,107,309
455,205,107,309
455,205,107,309
455,208,107,309
455,208,107,309
455,208,107,309
452,208,107,309
449,208,107,309
449,208,107,309
449,208,107,309
445,208,107,309
445,208,107,309
442,201,107,309
439,201,107,309
439,201,107,309
439,201,107,309
435,201,107,309
432,201,107,309
429,201,107,309
429,201,107,309
429,201,107,309
429,205,107,309
429,205,107,309
429,205,107,309
425,212,107,309
425,208,107,309
429,205,107,309
425,201,107,309
429,208,107,309
429,201,107,309
432,208,107,309
429,205,107,309
429,205,107,309
425,208,107,309
425,212,107,309
425,212,107,309
425,212,107,309
425,212,107,309
425,212,107,309
425,212,107,309
422,212,107,309
422,212,107,309
418,215,107,309
418,219,107,309
418,215,107,309
415,215,107,309
415,212,107,309
415,215,107,309
415,212,107,309
415,215,107,309
415,215,107,309
418,213,109,316
420,209,110,316
423,212,109,316
423,205,109,315
423,205,109,315
427,202,110,316
427,205,110,315
427,202,110,316
423,202,109,316
423,202,109,316
427,202,110,316
399,209,110,316
403,209,110,316
406,209,110,316
410,209,109,316
409,203,112,322
411,202,112,322
411,206,112,322
411,206,112,322
414,206,112,322
414,206,112,322
414,206,112,322
414,206,112,322
414,206,112,322
414,206,112,322
414,203,114,328
419,202,114,328
423,202,114,328
423,202,114,328
423,202,114,328
419,202,114,328
423,202,114,328
423,202,114,328
423,202,114,328
423,202,114,328
423,202,114,328
423,202,114,328
423,202,114,328
423,202,114,328
426,206,114,328
426,206,114,328
426,206,114,328
426,202,114,328
426,202,114,328
426,202,114,328
426,202,114,328
426,202,114,328
426,202,114,328
426,206,114,328
426,206,114,328
423,202,114,328
423,202,114,328
423,202,114,328
423,202,114,328
423,202,114,328
423,202,114,328
423,202,114,328
423,202,114,328
423,202,114,328
423,202,114,328
423,202,114,328
423,202,114,328
426,202,114,328
430,202,114,328
430,202,114,328
430,204,116,335
431,202,116,335
431,202,116,335
431,202,116,335
431,202,116,335
431,202,116,335
431,202,116,335
427,202,116,335
427,202,116,335
427,202,116,335
427,202,116,335
427,202,116,335
427,202,116,335
424,202,116,335
427,202,116,335
427,202,116,335
427,202,116,335
427,202,116,335
427,202,116,335
427,202,116,335
427,202,116,335
427,202,116,335
427,202,116,335
427,202,116,335
427,199,116,335
427,199,116,335
435,202,116,335
435,202,116,335
435,199,116,335
435,202,116,335
435,202,116,335
435,202,116,335
435,199,116,335
435,202,116,335
438,202,116,335
438,202,116,335
438,202,116,335
391,202,116,335
391,202,116,335
391,202,116,335
394,202,116,335
394,199,116,335
394,202,116,335
394,202,116,335
394,199,116,335
394,199,116,335
394,199,116,335
394,199,116,335
398,199,116,335
398,199,116,335
398,199,116,335
402,199,116,335
402,195,116,335
402,195,116,335
402,195,116,335
402,195,116,335
402,195,116,335
402,191,116,335
402,191,116,335
398,191,116,335
398,191,116,335
398,195,116,335
398,195,116,335
394,195,116,335
394,199,116,335
391,199,116,335
387,199,116,335
387,199,116,335
387,199,116,335
387,199,116,335
384,199,116,335
384,199,116,335
384,199,116,335
384,199,116,335
384,199,116,335
380,199,116,335
380,199,116,335
376,199,116,335
376,199,116,335
376,199,116,335
376,199,116,335
376,202,116,335
376,199,116,335
376,199,116,335
376,202,116,335
376,199,116,335
376,199,116,335
376,199,116,335
376,199,116,335
376,199,116,335
376,199,116,335
376,199,116,335
376,199,116,335
376,199,116,335
376,199,116,335
380,199,116,335
384,199,116,335
384,199,116,335
384,199,116,335
387,202,116,335
387,199,116,335
391,199,116,335
394,199,116,335
398,199,116,335
398,199,116,335
398,199,116,335
402,199,116,335
405,199,116,335
405,199,116,335
405,199,116,335
409,199,116,335
409,199,116,335
409,195,116,335
409,195,116,335
413,195,116,335
409,191,116,335
413,191,116,335
416,191,116,335
424,191,116,335
427,191,116,335
431,187,116,335
435,187,116,335
456,183,116,335
460,187,116,335
471,187,116,335
471,183,116,335
471,180,116,335
471,180,116,335
486,183,116,335
489,183,116,335
493,183,116,335
493,183,116,335
493,183,116,335
493,183,116,335
493,183,116,335
493,183,116,335
493,183,116,335
493,183,116,335
493,183,116,335
493,183,116,335
489,183,116,335
489,183,116,335
489,183,116,335
493,187,116,335
497,187,116,335
493,183,116,335
489,183,116,335
493,183,116,335
493,183,116,335
493,183,116,335
493,183,116,335
493,180,116,335
497,176,116,335
500,183,116,335
500,183,116,335
504,176,116,335
504,176,116,335
497,172,116,335
500,176,116,335
500,176,116,335
500,176,116,335
500,176,116,335
497,176,116,335
500,180,116,335
500,180,116,335
500,180,116,335
500,183,116,335
500,180,116,335
500,180,116,335
500,172,116,335
500,172,116,335
500,172,116,335
500,172,116,335
504,176,116,335
504,172,116,335
504,172,116,335
515,176,116,335
515,176,116,335
515,168,116,335
519,168,116,335
522,168,116,335
522,168,116,335
544,176,116,335
551,176,116,335
551,180,116,335
551,176,116,335
555,176,116,335
559,180,116,335
559,180,116,335
555,176,116,335
559,176,116,335
559,176,116,335
559,176,116,335
559,176,116,335
559,168,116,335
559,168,116,335
562,168,116,335
566,176,116,335
566,176,116,335
559,168,116,335
562,176,116,335
559,168,116,335
562,176,116,335
562,176,116,335
559,176,116,335
559,176,116,335
562,176,116,335
562,176,116,335
559,176,116,335
559,176,116,335
559,176,116,335
562,176,116,335
566,176,116,335
570,176,116,335
570,176,116,335
573,176,116,335
570,176,116,335
573,176,116,335
573,176,116,335
573,176,116,335
573,176,116,335
573,176,116,335
573,176,116,335
573,176,116,335
573,176,116,335
573,180,116,335
573,176,116,335
573,176,116,335
577,176,116,335
577,176,116,335
573,161,116,335
570,168,116,335
570,157,116,335
570,168,116,335
570,168,116,335
566,157,116,335
548,161,116,335
548,164,116,335
548,164,116,335
551,168,116,335
562,183,116,335
562,183,116,335
573,183,116,335
577,187,116,335
573,187,116,335
573,187,116,335
573,187,116,335
573,187,116,335
573,187,116,335
573,187,116,335
573,187,116,335
573,183,116,335
570,187,116,335
591,168,116,335
595,161,116,335
595,157,116,335
599,161,116,335
599,157,116,335
595,157,116,335
591,157,116,335
588,161,116,335
588,164,116,335
591,164,116,335
588,164,116,335
588,164,116,335
577,164,116,335
573,164,116,335
584,168,116,335
584,168,116,335
591,168,116,335
595,164,116,335
602,164,116,335
602,164,116,335
610,161,116,335
610,161,116,335
559,168,116,335
559,168,116,335
562,168,116,335
562,168,116,335
562,164,116,335
562,168,116,335
566,168,116,335
566,168,116,335
566,164,116,335
566,164,116,335
566,164,116,335
570,161,116,335
573,157,116,335
570,157,116,335
570,157,116,335
577,153,116,335
577,153,116,335
646,164,116,335
646,164,116,335
643,164,116,335
643,168,116,335
639,168,116,335
639,168,116,335
635,168,116,335
632,168,116,335
632,168,116,335
632,172,116,335
628,168,116,335
628,168,116,335
628,168,116,335
628,168,116,335
628,164,116,335
621,161,116,335
621,161,116,335
610,161,116,335
624,157,116,335
624,153,116,335
624,157,116,335
624,157,116,335
624,153,116,335
628,153,116,335
632,157,116,335
632,153,116,335
635,153,116,335
635,153,116,335
639,153,116,335
639,153,116,335
639,153,116,335
639,153,116,335
639,153,116,335
639,153,116,335
635,153,116,335
635,153,116,335
635,153,116,335
635,153,116,335
632,153,116,335
632,153,116,335
632,149,116,335
632,153,116,335
635,149,116,335
635,149,116,335
635,153,116,335
635,153,116,335
635,153,116,335
635,153,116,335
632,153,116,335
632,153,116,335
632,153,116,335
632,153,116,335
632,153,116,335
632,153,116,335
632,153,116,335
628,153,116,335
628,153,116,335
628,153,116,335
628,153,116,335
628,153,116,335
624,153,116,335
621,153,116,335
621,153,116,335
617,153,116,335
613,149,116,335
610,153,116,335
602,153,116,335
591,149,116,335
588,153,116,335
584,153,116,335
613,145,116,335
613,145,116,335
613,145,116,335
613,145,116,335
613,145,116,335
610,149,116,335
610,145,116,335
610,145,116,335
610,145,116,335
610,145,116,335
606,149,116,335
573,161,116,335
577,161,116,335
577,161,116,335
573,157,116,335
573,153,116,335
566,149,116,335
573,145,116,335
573,149,116,335
570,145,116,335
566,145,116,335
562,145,116,335
551,149,116,335
548,145,116,335
540,153,116,335
537,153,116,335
529,153,116,335
526,153,116,335
519,153,116,335
515,153,116,335
515,161,116,335
526,164,116,335
526,164,116,335
529,172,116,335
519,168,116,335
511,168,116,335
515,168,116,335
515,164,116,335
515,164,116,335
519,164,116,335
522,168,116,335
522,164,116,335
526,168,116,335
526,168,116,335
529,168,116,335
533,164,116,335
529,164,116,335
526,164,116,335
526,168,116,335
522,161,116,335
519,168,116,335
515,168,116,335
515,168,116,335
511,164,116,335
508,168,116,335
511,168,116,335
504,161,116,335
508,161,116,335
508,164,116,335
497,168,116,335
500,168,116,335
504,164,116,335
508,168,116,335
511,168,116,335
515,168,116,335
519,164,116,335
515,164,116,335
