808,334,103,97
808,334,103,97
808,334,103,97
808,334,103,97
808,334,103,97
808,334,103,97
808,334,103,97
808,334,103,97
808,334,103,97
808,334,103,97
808,334,103,97
808,334,103,97
808,334,103,97
808,334,103,97
808,334,103,97
808,334,103,97
808,334,103,97
808,334,103,97
808,334,103,97
808,334,103,97
808,334,103,97
808,334,103,97
808,334,103,97
808,334,103,97
808,334,103,97
808,334,103,97
808,334,103,97
808,334,103,97
808,334,103,97
808,334,103,97
808,334,103,97
808,334,103,97
808,334,103,97
808,334,103,97
808,334,103,97
808,334,103,97
812,334,103,97
812,334,103,97
812,334,103,97
812,334,103,97
808,334,103,97
808,334,103,97
808,334,103,97
808,334,103,97
808,334,103,97
812,334,103,97
812,334,103,97
812,334,103,97
812,334,103,97
812,334,103,97
812,334,103,97
812,334,103,97
812,334,103,97
815,334,103,97
815,334,103,97
812,334,103,97
815,337,103,97
815,337,103,97
812,334,103,97
808,337,103,97
808,337,103,97
802,337,103,97
796,337,103,97
789,337,103,97
789,337,103,97
776,337,103,97
818,334,103,97
818,334,103,97
818,334,103,97
818,334,103,97
815,334,103,97
815,334,103,97
815,334,103,97
812,334,103,97
812,334,103,97
808,334,103,97
808,334,103,97
818,334,103,97
808,331,103,97
808,331,103,97
805,331,103,97
808,331,103,97
808,331,103,97
808,331,103,97
808,331,103,97
808,331,103,97
808,331,103,97
805,328,103,97
808,328,103,97
808,328,103,97
808,328,103,97
812,328,103,97
812,331,103,97
815,334,103,97
812,334,103,97
812,334,103,97
815,334,103,97
812,334,103,97
812,334,103,97
812,334,103,97
812,334,103,97
812,334,103,97
812,334,103,97
812,334,103,97
812,334,103,97
815,334,103,97
812,334,103,97
812,334,103,97
812,334,103,97
812,334,103,97
812,334,103,97
812,334,103,97
812,334,103,97
815,334,103,97
812,334,103,97
812,334,103,97
815,334,103,97
812,334,103,97
808,334,103,97
808,334,103,97
815,334,103,97
808,334,103,97
808,334,103,97
812,334,103,97
805,334,103,97
812,334,103,97
815,334,103,97
805,334,103,97
812,334,103,97
812,334,103,97
808,334,103,97
808,334,103,97
808,334,103,97
805,334,103,97
805,334,103,97
808,334,103,97
812,334,103,97
812,334,103,97
815,334,103,97
812,334,103,97
812,334,103,97
805,334,103,97
808,334,103,97
808,334,103,97
815,334,103,97
815,334,103,97
815,334,103,97
818,334,103,97
815,334,103,97
815,334,103,97
815,334,103,97
815,334,103,97
815,334,103,97
815,334,103,97
815,334,103,97
815,334,103,97
815,334,103,97
815,334,103,97
815,334,103,97
815,334,103,97
815,334,103,97
815,334,103,97
815,334,103,97
815,334,103,97
815,334,103,97
815,334,103,97
815,334,103,97
821,334,103,97
815,334,103,97
815,334,103,97
815,334,103,97
815,334,103,97
815,334,103,97
815,334,103,97
808,334,103,97
818,334,103,97
818,334,103,97
821,334,103,97
818,334,103,97
818,334,103,97
818,334,103,97
815,331,103,97
815,334,103,97
808,334,103,97
818,334,103,97
821,334,103,97
821,334,103,97
818,334,103,97
818,334,103,97
812,334,103,97
812,337,103,97
818,343,103,97
821,343,103,97
828,349,103,97
825,346,103,97
818,349,103,97
821,346,103,97
825,346,103,97
821,343,103,97
821,343,103,97
815,340,103,97
821,340,103,97
821,337,103,97
818,334,103,97
821,334,103,97
815,337,103,97
818,337,103,97
821,337,103,97
821,337,103,97
821,340,103,97
821,340,103,97
818,340,103,97
818,340,103,97
818,340,103,97
818,343,103,97
821,343,103,97
818,343,103,97
821,343,103,97
815,331,103,97
815,334,103,97
812,334,103,97
808,334,103,97
812,334,103,97
808,334,103,97
808,334,103,97
808,334,103,97
815,334,103,97
812,334,103,97
815,334,103,97
815,334,103,97
812,334,103,97
812,334,103,97
812,334,103,97
815,334,103,97
815,334,103,97
818,334,103,97
815,334,103,97
815,334,103,97
815,334,103,97
815,334,103,97
818,334,103,97
815,334,103,97
815,334,103,97
818,334,103,97
818,334,103,97
818,334,103,97
815,334,103,97
818,334,103,97
815,334,103,97
815,334,103,97
815,334,103,97
815,334,103,97
815,334,103,97
815,334,103,97
815,334,103,97
812,334,103,97
812,334,103,97
812,334,103,97
812,334,103,97
812,334,103,97
812,334,103,97
812,334,103,97
812,334,103,97
812,334,103,97
812,334,103,97
808,334,103,97
805,334,103,97
805,334,103,97
805,334,103,97
808,334,103,97
808,328,103,97
808,328,103,97
808,331,103,97
805,328,103,97
808,328,103,97
805,328,103,97
808,328,103,97
808,328,103,97
805,325,103,97
807,327,100,95
802,324,100,95
802,324,100,95
802,324,100,95
802,324,100,95
799,321,100,95
799,321,100,95
802,321,100,95
802,321,100,95
805,324,100,95
808,327,100,95
805,327,100,95
808,333,100,95
808,333,100,95
805,333,100,95
802,327,100,95
802,324,100,95
805,327,100,95
812,327,100,95
812,330,100,95
815,330,100,95
815,330,100,95
818,333,100,95
818,333,100,95
815,333,100,95
812,333,100,95
818,333,100,95
815,333,100,95
821,336,100,95
821,336,100,95
821,336,100,95
818,333,100,95
818,333,100,95
815,333,100,95
815,333,100,95
812,330,100,95
812,327,100,95
815,330,100,95
815,333,100,95
815,333,100,95
815,333,100,95
815,336,100,95
821,336,100,95
818,336,100,95
824,336,100,95
821,336,100,95
821,336,100,95
821,336,100,95
821,336,100,95
815,336,100,95
812,333,100,95
812,333,100,95
802,333,100,95
802,333,100,95
796,333,100,95
799,330,100,95
796,327,100,95
805,330,100,95
805,330,100,95
808,333,100,95
812,333,100,95
812,333,100,95
808,333,100,95
812,333,100,95
812,333,100,95
812,336,100,95
812,336,100,95
812,336,100,95
812,339,100,95
805,336,100,95
812,333,100,95
812,339,100,95
815,348,100,95
805,336,100,95
802,333,100,95
796,336,100,95
796,333,100,95
799,330,100,95
812,333,100,95
818,333,100,95
818,336,100,95
815,336,100,95
818,339,100,95
818,336,100,95
812,336,100,95
812,336,100,95
815,336,100,95
812,336,100,95
808,333,100,95
812,333,100,95
812,333,100,95
812,333,100,95
808,333,100,95
812,333,100,95
808,333,100,95
805,333,100,95
808,333,100,95
805,333,100,95
808,333,100,95
802,333,100,95
802,339,100,95
805,342,100,95
805,339,100,95
802,336,100,95
799,336,100,95
799,324,100,95
802,336,100,95
802,336,100,95
802,336,100,95
793,336,100,95
802,336,100,95
802,336,100,95
802,336,100,95
802,336,100,95
802,336,100,95
802,336,100,95
805,336,100,95
808,336,100,95
808,336,100,95
802,336,100,95
812,336,100,95
802,333,100,95
808,333,100,95
808,336,100,95
808,336,100,95
808,336,100,95
812,336,100,95
802,336,100,95
808,336,100,95
805,336,100,95
793,330,100,95
799,330,100,95
796,327,100,95
796,324,100,95
796,321,100,95
793,330,100,95
796,330,100,95
793,330,100,95
793,330,100,95
793,330,100,95
793,330,100,95
796,330,100,95
796,333,100,95
808,333,100,95
796,333,100,95
799,333,100,95
796,333,100,95
796,333,100,95
796,333,100,95
796,330,100,95
793,330,100,95
796,330,100,95
796,330,100,95
793,330,100,95
793,330,100,95
793,330,100,95
793,330,100,95
793,330,100,95
793,330,100,95
799,330,100,95
808,330,100,95
808,333,100,95
808,333,100,95
808,333,100,95
812,333,100,95
808,333,100,95
812,333,100,95
812,333,100,95
793,333,100,95
793,333,100,95
793,333,100,95
793,333,100,95
796,327,100,95
793,321,100,95
802,318,100,95
808,318,100,95
808,318,100,95
824,333,100,95
821,333,100,95
812,333,100,95
827,336,100,95
821,336,100,95
834,336,100,95
812,330,100,95
812,330,100,95
808,333,100,95
812,333,100,95
824,333,100,95
812,333,100,95
812,333,100,95
808,333,100,95
808,333,100,95
812,333,100,95
808,333,100,95
808,333,100,95
808,333,100,95
812,333,100,95
808,333,100,95
808,333,100,95
808,333,100,95
808,333,100,95
808,333,100,95
808,333,100,95
808,333,100,95
808,333,100,95
808,333,100,95
805,333,100,95
808,333,100,95
808,333,100,95
808,333,100,95
812,333,100,95
824,336,100,95
824,336,100,95
830,336,100,95
815,333,100,95
815,333,100,95
812,333,100,95
812,333,100,95
812,333,100,95
815,333,100,95
812,333,100,95
815,333,100,95
815,333,100,95
815,333,100,95
812,336,100,95
815,333,100,95
815,336,100,95
815,336,100,95
815,336,100,95
815,336,100,95
812,333,100,95
815,336,100,95
812,336,100,95
818,336,100,95
815,333,100,95
815,333,100,95
815,333,100,95
815,336,100,95
815,336,100,95
818,336,100,95
818,336,100,95
821,336,100,95
827,336,100,95
808,333,100,95
815,336,100,95
818,336,100,95
818,336,100,95
815,336,100,95
812,333,100,95
815,333,100,95
818,336,100,95
815,336,100,95
815,336,100,95
812,336,100,95
815,336,100,95
812,333,100,95
818,336,100,95
812,336,100,95
812,333,100,95
812,333,100,95
812,333,100,95
812,333,100,95
812,333,100,95
815,333,100,95
812,333,100,95
812,336,100,95
815,336,100,95
812,333,100,95
812,333,100,95
818,333,100,95
818,333,100,95
818,333,100,95
815,333,100,95
812,333,100,95
812,333,100,95
812,333,100,95
812,333,100,95
812,333,100,95
815,333,100,95
808,333,100,95
808,333,100,95
808,333,100,95
808,333,100,95
812,333,100,95
812,333,100,95
812,333,100,95
812,333,100,95
812,333,100,95
812,333,100,95
812,333,100,95
812,333,100,95
812,333,100,95
812,333,100,95
824,333,100,95
824,333,100,95
829,335,99,93
814,333,99,93
817,333,99,93
814,333,99,93
814,333,99,93
817,333,99,93
811,333,99,93
808,333,99,93
811,333,99,93
811,333,99,93
814,333,99,93
817,333,99,93
814,333,99,93
808,333,99,93
808,333,99,93
811,333,99,93
808,333,99,93
811,333,99,93
808,333,99,93
811,333,99,93
808,333,99,93
808,333,99,93
808,333,99,93
805,333,99,93
808,333,99,93
808,333,99,93
808,333,99,93
802,333,99,93
805,333,99,93
808,333,99,93
808,333,99,93
802,333,99,93
805,333,99,93
805,333,99,93
802,333,99,93
802,333,99,93
805,333,99,93
802,333,99,93
802,333,99,93
802,333,99,93
802,333,99,93
808,333,99,93
802,333,99,93
802,333,99,93
802,333,99,93
802,333,99,93
802,333,99,93
802,333,99,93
808,333,99,93
802,333,99,93
802,333,99,93
808,333,99,93
799,330,99,93
799,330,99,93
799,330,99,93
808,333,99,93
799,330,99,93
799,330,99,93
799,330,99,93
799,330,99,93
799,330,99,93
799,330,99,93
802,333,99,93
799,330,99,93
799,330,99,93
799,330,99,93
799,330,99,93
799,327,99,93
799,327,99,93
796,327,99,93
796,324,99,93
799,327,99,93
799,327,99,93
799,327,99,93
802,327,99,93
799,327,99,93
799,327,99,93
796,327,99,93
799,327,99,93
796,327,99,93
796,324,99,93
796,324,99,93
796,324,99,93
799,324,99,93
799,324,99,93
796,324,99,93
799,324,99,93
796,324,99,93
799,324,99,93
796,324,99,93
796,324,99,93
799,321,99,93
799,324,99,93
799,321,99,93
799,321,99,93
799,321,99,93
799,321,99,93
799,321,99,93
799,321,99,93
799,321,99,93
799,321,99,93
799,321,99,93
799,321,99,93
799,321,99,93
799,321,99,93
799,321,99,93
799,321,99,93
796,324,99,93
799,324,99,93
799,324,99,93
796,327,99,93
808,324,99,93
811,327,99,93
811,327,99,93
811,327,99,93
805,330,99,93
799,330,99,93
799,333,99,93
802,333,99,93
808,333,99,93
805,333,99,93
805,333,99,93
805,333,99,93
805,333,99,93
802,333,99,93
805,333,99,93
805,333,99,93
811,333,99,93
805,333,99,93
808,333,99,93
805,333,99,93
799,333,99,93
799,333,99,93
805,333,99,93
811,333,99,93
802,333,99,93
802,333,99,93
802,333,99,93
814,333,99,93
799,333,99,93
805,333,99,93
814,333,99,93
799,333,99,93
802,333,99,93
799,333,99,93
802,333,99,93
805,333,99,93
805,333,99,93
808,333,99,93
805,333,99,93
811,333,99,93
808,333,99,93
811,333,99,93
808,333,99,93
811,333,99,93
814,333,99,93
814,333,99,93
814,333,99,93
817,333,99,93
817,333,99,93
814,333,99,93
820,333,99,93
820,333,99,93
820,333,99,93
820,333,99,93
823,333,99,93
820,333,99,93
820,333,99,93
817,333,99,93
817,336,99,93
796,321,99,93
799,324,99,93
805,327,99,93
811,333,99,93
823,336,99,93
805,327,99,93
811,330,99,93
811,327,99,93
814,330,99,93
811,330,99,93
808,330,99,93
805,330,99,93
802,330,99,93
805,330,99,93
808,330,99,93
811,330,99,93
811,330,99,93
811,330,99,93
811,330,99,93
811,330,99,93
805,330,99,93
811,327,99,93
811,327,99,93
811,327,99,93
811,327,99,93
811,327,99,93
811,327,99,93
811,327,99,93
811,327,99,93
811,327,99,93
814,327,99,93
811,327,99,93
814,327,99,93
814,324,99,93
814,324,99,93
814,324,99,93
814,324,99,93
823,324,99,93
820,324,99,93
817,324,99,93
817,324,99,93
817,324,99,93
817,324,99,93
814,324,99,93
811,324,99,93
814,324,99,93
814,324,99,93
814,324,99,93
814,324,99,93
814,324,99,93
814,324,99,93
817,324,99,93
814,324,99,93
817,324,99,93
817,324,99,93
817,324,99,93
817,324,99,93
802,327,99,93
811,324,99,93
802,327,99,93
811,324,99,93
814,324,99,93
814,324,99,93
814,324,99,93
814,324,99,93
808,324,99,93
814,324,99,93
814,327,99,93
814,324,99,93
814,324,99,93
808,324,99,93
817,324,99,93
814,324,99,93
814,324,99,93
814,324,99,93
814,324,99,93
811,327,99,93
814,327,99,93
811,327,99,93
817,330,99,93
811,333,99,93
814,333,99,93
811,333,99,93
814,333,99,93
814,333,99,93
814,336,99,93
817,336,99,93
811,336,99,93
814,338,99,93
814,341,99,93
814,344,99,93
814,344,99,93
814,344,99,93
817,347,99,93
817,347,99,93
817,347,99,93
820,350,99,93
817,347,99,93
817,347,99,93
817,344,99,93
814,341,99,93
814,338,99,93
808,336,99,93
811,333,99,93
808,333,99,93
805,333,99,93
817,336,99,93
799,336,99,93
808,336,99,93
799,338,99,93
799,338,99,93
799,338,99,93
796,338,99,93
802,338,99,93
799,341,99,93
802,341,99,93
802,341,99,93
814,341,99,93
805,341,99,93
805,341,99,93
805,341,99,93
808,341,99,93
805,341,99,93
805,341,99,93
808,341,99,93
808,338,99,93
808,338,99,93
811,341,99,93
811,341,99,93
811,341,99,93
811,341,99,93
814,341,99,93
814,341,99,93
814,341,99,93
811,338,99,93
811,338,99,93
814,338,99,93
814,338,99,93
814,338,99,93
817,341,99,93
814,338,99,93
817,341,99,93
814,341,99,93
814,341,99,93
814,341,99,93
817,341,99,93
811,341,99,93
811,341,99,93
811,338,99,93
808,341,99,93
808,341,99,93
817,341,99,93
808,341,99,93
814,341,99,93
811,341,99,93
808,341,99,93
808,344,99,93
808,344,99,93
808,344,99,93
808,344,99,93
805,344,99,93
805,344,99,93
805,344,99,93
805,344,99,93
808,344,99,93
805,344,99,93
814,336,99,93
814,336,99,93
814,336,99,93
811,336,99,93
817,336,99,93
814,336,99,93
817,338,99,93
820,336,99,93
820,336,99,93
823,338,99,93
820,336,99,93
823,338,99,93
820,338,99,93
823,338,99,93
820,338,99,93
817,336,99,93
823,338,99,93
817,338,99,93
817,338,99,93
817,338,99,93
814,338,99,93
814,338,99,93
814,338,99,93
817,341,99,93
820,341,99,93
814,338,99,93
817,336,99,93
817,338,99,93
817,338,99,93
817,338,99,93
814,336,99,93
814,336,99,93
817,336,99,93
817,336,99,93
817,336,99,93
808,333,99,93
811,333,99,93
814,333,99,93
817,333,99,93
814,333,99,93
814,333,99,93
814,333,99,93
814,333,99,93
817,333,99,93
814,333,99,93
814,333,99,93
814,333,99,93
811,330,99,93
817,333,99,93
814,330,99,93
814,330,99,93
811,330,99,93
799,330,99,93
814,330,99,93
811,330,99,93
808,333,99,93
811,330,99,93
811,330,99,93
808,333,99,93
808,333,99,93
811,333,99,93
808,333,99,93
808,333,99,93
805,333,99,93
808,333,99,93
802,336,99,93
805,336,99,93
805,336,99,93
808,336,99,93
808,336,99,93
805,336,99,93
805,336,99,93
808,338,99,93
808,338,99,93
805,338,99,93
805,341,99,93
805,344,99,93
808,347,99,93
811,350,99,93
805,350,99,93
808,347,99,93
808,344,99,93
808,341,99,93
811,338,99,93
805,336,99,93
811,333,99,93
811,333,99,93
811,333,99,93
811,333,99,93
811,333,99,93
808,333,99,93
811,333,99,93
811,333,99,93
811,333,99,93
814,333,99,93
799,333,99,93
814,333,99,93
814,333,99,93
814,333,99,93
814,333,99,93
814,333,99,93
814,333,99,93
814,333,99,93
814,333,99,93
814,333,99,93
811,333,99,93
811,333,99,93
811,333,99,93
805,333,99,93
805,333,99,93
811,333,99,93
808,333,99,93
808,333,99,93
808,333,99,93
808,333,99,93
808,333,99,93
808,333,99,93
808,333,99,93
805,333,99,93
805,333,99,93
805,333,99,93
805,333,99,93
805,333,99,93
799,333,99,93
802,333,99,93
802,333,99,93
805,336,99,93
805,336,99,93
805,336,99,93
805,336,99,93
805,336,99,93
805,336,99,93
805,336,99,93
796,336,99,93
808,336,99,93
808,336,99,93
811,336,99,93
808,336,99,93
811,336,99,93
817,336,99,93
817,336,99,93
805,336,99,93
814,336,99,93
814,338,99,93
805,338,99,93
808,338,99,93
811,341,99,93
808,341,99,93
811,344,99,93
814,347,99,93
808,336,99,93
820,333,99,93
817,333,99,93
814,333,99,93
811,333,99,93
817,333,99,93
811,333,99,93
817,330,99,93
814,330,99,93
820,330,99,93
820,333,99,93
820,333,99,93
820,333,99,93
817,333,99,93
817,333,99,93
814,333,99,93
814,333,99,93
814,333,99,93
814,330,99,93
814,330,99,93
814,330,99,93
814,330,99,93
814,330,99,93
814,330,99,93
814,330,99,93
817,330,99,93
817,330,99,93
817,333,99,93
820,330,99,93
817,333,99,93
817,333,99,93
820,333,99,93
820,333,99,93
823,333,99,93
823,333,99,93
823,333,99,93
823,333,99,93
823,333,99,93
823,333,99,93
823,333,99,93
820,333,99,93
823,333,99,93
827,333,99,93
823,333,99,93
827,336,99,93
823,336,99,93
827,338,99,93
827,338,99,93
827,338,99,93
827,338,99,93
827,338,99,93
827,338,99,93
827,336,99,93
827,336,99,93
823,336,99,93
823,336,99,93
823,336,99,93
823,336,99,93
823,336,99,93
820,336,99,93
823,336,99,93
820,336,99,93
823,336,99,93
827,338,99,93
823,336,99,93
823,336,99,93
823,338,99,93
820,336,99,93
820,336,99,93
820,336,99,93
823,336,99,93
827,336,99,93
827,336,99,93
827,336,99,93
827,336,99,93
830,336,99,93
830,336,99,93
827,336,99,93
827,336,99,93
830,336,99,93
820,336,99,93
830,338,99,93
827,336,99,93
820,336,99,93
820,336,99,93
823,336,99,93
827,333,99,93
827,333,99,93
827,333,99,93
827,333,99,93
827,333,99,93
827,333,99,93
827,333,99,93
827,333,99,93
827,333,99,93
823,333,99,93
820,333,99,93
820,333,99,93
827,333,99,93
827,333,99,93
827,333,99,93
827,333,99,93
820,333,99,93
823,333,99,93
823,333,99,93
823,333,99,93
820,333,99,93
823,333,99,93
823,333,99,93
823,333,99,93
823,333,99,93
820,333,99,93
820,333,99,93
820,333,99,93
823,333,99,93
823,333,99,93
823,333,99,93
823,333,99,93
823,333,99,93
823,333,99,93
823,333,99,93
823,333,99,93
823,333,99,93
823,333,99,93
823,333,99,93
823,333,99,93
827,333,99,93
827,333,99,93
827,333,99,93
827,333,99,93
827,333,99,93
827,333,99,93
827,333,99,93
827,333,99,93
827,333,99,93
827,333,99,93
820,333,99,93
823,333,99,93
827,333,99,93
823,333,99,93
823,333,99,93
823,333,99,93
823,333,99,93
820,333,99,93
823,333,99,93
820,333,99,93
820,333,99,93
823,333,99,93
820,333,99,93
823,333,99,93
827,333,99,93
823,333,99,93
823,333,99,93
823,333,99,93
830,333,99,93
830,333,99,93
823,333,99,93
823,333,99,93
823,333,99,93
827,333,99,93
827,333,99,93
823,333,99,93
820,333,99,93
827,333,99,93
823,333,99,93
830,333,99,93
820,333,99,93
823,333,99,93
823,333,99,93
823,333,99,93
827,333,99,93
820,333,99,93
823,333,99,93
823,333,99,93
832,335,97,91
832,332,97,91
835,335,97,91
835,332,97,91
835,332,97,91
832,332,97,91
829,335,97,91
826,332,97,91
835,335,97,91
832,335,97,91
835,335,97,91
826,332,97,91
832,335,97,91
826,332,97,91
826,335,97,91
819,332,97,91
822,332,97,91
822,332,97,91
819,332,97,91
841,346,97,91
841,346,97,91
841,346,97,91
838,346,97,91
841,349,97,91
844,346,97,91
841,346,97,91
838,346,97,91
841,346,97,91
835,346,97,91
844,346,97,91
844,349,97,91
844,349,97,91
844,349,97,91
841,349,97,91
850,349,97,91
843,351,95,89
842,348,95,89
842,351,95,89
842,351,95,89
842,351,95,89
842,351,95,89
842,351,95,89
842,351,95,89
842,351,95,89
848,351,95,89
845,348,95,89
839,345,95,89
839,339,95,89
839,339,95,89
839,342,95,89
839,342,95,89
839,345,95,89
839,342,95,89
839,345,95,89
839,345,95,89
845,345,95,89
842,345,95,89
842,345,95,89
842,345,95,89
839,345,95,89
839,345,95,89
833,345,95,89
836,345,95,89
839,345,95,89
833,345,95,89
827,345,95,89
827,345,95,89
830,345,95,89
830,345,95,89
833,348,95,89
833,345,95,89
833,348,95,89
833,345,95,89
839,348,95,89
827,334,95,89
833,345,95,89
833,345,95,89
836,345,95,89
833,345,95,89
833,345,95,89
833,342,95,89
836,342,95,89
833,342,95,89
833,342,95,89
830,339,95,89
833,342,95,89
830,339,95,89
830,339,95,89
833,339,95,89
833,339,95,89
833,339,95,89
833,339,95,89
836,337,95,89
836,339,95,89
833,339,95,89
833,339,95,89
836,339,95,89
833,339,95,89
833,339,95,89
833,339,95,89
830,339,95,89
830,339,95,89
833,339,95,89
830,339,95,89
833,339,95,89
830,339,95,89
833,339,95,89
833,339,95,89
833,339,95,89
836,342,95,89
833,342,95,89
833,342,95,89
836,342,95,89
836,342,95,89
836,342,95,89
836,342,95,89
842,342,95,89
839,342,95,89
842,342,95,89
842,345,95,89
842,345,95,89
842,345,95,89
842,345,95,89
842,345,95,89
842,345,95,89
842,345,95,89
836,345,95,89
836,345,95,89
836,345,95,89
836,345,95,89
836,342,95,89
830,342,95,89
836,342,95,89
833,342,95,89
836,339,95,89
833,339,95,89
836,339,95,89
836,337,95,89
836,337,95,89
836,337,95,89
836,337,95,89
833,337,95,89
836,337,95,89
836,337,95,89
836,337,95,89
836,337,95,89
836,339,95,89
836,339,95,89
836,339,95,89
836,339,95,89
839,339,95,89
839,339,95,89
839,342,95,89
842,342,95,89
839,339,95,89
842,339,95,89
842,339,95,89
839,339,95,89
839,337,95,89
842,337,95,89
839,337,95,89
842,337,95,89
833,334,95,89
827,337,95,89
833,337,95,89
839,339,95,89
833,339,95,89
842,342,95,89
845,342,95,89
851,345,95,89
848,348,95,89
848,345,95,89
842,345,95,89
839,342,95,89
836,339,95,89
836,337,95,89
833,337,95,89
839,337,95,89
842,337,95,89
842,337,95,89
839,337,95,89
842,339,95,89
836,339,95,89
839,339,95,89
836,339,95,89
839,342,95,89
839,342,95,89
836,342,95,89
845,342,95,89
839,342,95,89
842,345,95,89
848,345,95,89
845,345,95,89
842,345,95,89
842,348,95,89
842,348,95,89
842,348,95,89
845,348,95,89
848,348,95,89
848,348,95,89
848,345,95,89
842,342,95,89
848,339,95,89
839,337,95,89
