392,192,52,78
391,194,52,78
387,194,52,78
386,194,52,78
384,194,53,79
382,193,53,79
378,196,53,79
377,196,53,79
375,196,53,79
375,196,53,79
373,196,53,79
370,198,53,79
368,198,53,79
367,198,53,79
365,198,53,79
363,199,53,79
363,199,53,79
362,201,53,79
360,199,53,79
359,199,53,79
357,201,53,79
354,203,53,79
352,203,53,79
349,203,53,79
347,203,52,77
343,204,52,78
342,205,52,78
339,205,52,78
335,205,52,78
334,205,52,78
329,209,52,78
326,209,52,78
322,207,52,78
319,207,52,78
317,209,52,78
314,210,52,78
313,210,52,78
309,209,52,78
306,210,52,78
303,212,52,78
300,212,52,78
296,212,52,78
293,212,52,78
291,213,52,78
288,213,52,78
287,213,52,78
285,213,52,78
282,215,52,78
280,215,52,78
280,218,50,76
275,219,50,76
271,219,50,76
268,219,50,76
267,220,50,76
263,224,50,76
262,222,50,76
260,222,50,76
259,224,50,76
255,224,50,76
252,225,50,76
249,225,50,76
247,225,50,76
246,227,50,76
217,238,50,76
214,238,50,76
211,239,50,76
206,239,50,76
236,233,50,76
193,243,50,76
230,235,50,76
225,233,50,76
222,233,50,76
220,236,50,76
217,238,50,76
213,238,52,78
209,236,52,78
204,238,52,78
197,239,52,78
194,241,52,78
187,239,52,78
184,239,52,78
179,241,52,78
176,243,52,78
171,243,52,78
166,244,52,78
161,244,52,78
158,243,52,78
152,244,52,78
147,244,52,78
142,243,52,78
137,241,52,78
131,241,52,78
127,243,52,78
124,243,52,78
121,243,52,78
114,243,52,78
111,243,52,78
101,246,52,78
96,248,52,78
98,246,52,78
126,244,52,78
157,243,52,78
186,244,52,78
212,246,52,78
241,244,52,78
269,243,52,78
300,243,52,78
324,248,52,78
350,248,52,78
379,246,52,78
378,243,52,78
371,249,52,78
365,249,52,78
360,248,52,78
350,253,53,79
340,249,53,79
335,249,53,79
327,249,53,79
322,249,53,79
312,247,53,79
305,247,53,79
267,223,53,79
269,224,53,79
269,223,53,79
269,224,53,79
269,223,53,79
269,223,53,79
269,223,53,79
269,221,53,79
269,223,54,81
268,222,54,81
268,222,54,81
269,222,54,81
269,224,54,81
269,220,54,81
269,220,54,81
268,175,54,81
268,168,54,81
268,168,54,81
269,170,54,81
268,170,54,81
268,168,54,81
268,168,54,81
268,168,54,81
269,170,53,79
287,171,53,79
325,163,53,79
355,163,53,79
373,166,53,79
407,166,53,79
441,170,53,79
398,178,53,79
431,180,53,79
415,184,53,79
410,186,53,79
347,193,53,79
335,198,53,79
335,194,53,79
312,206,53,79
309,211,53,79
312,196,53,79
312,196,53,79
287,211,53,79
281,214,53,79
271,216,53,79
267,216,53,79
259,216,53,79
252,218,53,79
244,224,53,79
233,228,53,79
224,224,53,79
219,224,53,79
208,228,53,79
199,231,53,79
189,228,53,79
183,228,53,79
175,228,53,79
165,228,53,79
156,226,53,79
146,226,53,79
141,224,53,79
135,229,53,79
125,233,53,79
156,229,53,79
186,229,53,79
221,231,53,79
247,229,53,79
246,224,53,79
239,228,53,79
228,226,53,79
223,231,53,79
214,229,53,79
206,226,53,79
198,228,53,79
189,229,53,79
206,193,53,79
206,193,53,79
163,213,53,79
