73,310,110,110
90,310,110,110
114,306,110,110
131,306,110,110
145,303,110,110
162,303,110,110
176,300,110,110
73,306,110,110
73,306,110,110
73,306,110,110
73,306,110,110
66,310,110,110
66,310,110,110
69,310,110,110
69,310,110,110
66,310,110,110
66,310,110,110
69,306,110,110
66,306,110,110
66,306,110,110
59,306,110,110
59,306,110,110
62,303,110,110
62,303,110,110
59,306,110,110
56,306,110,110
52,306,110,110
14,303,110,110
11,255,110,110
1,258,110,110
11,183,110,110
7,162,110,110
7,162,110,110
11,162,110,110
7,162,110,110
7,162,110,110
7,162,110,110
7,162,110,110
4,162,110,110
7,162,110,110
4,166,110,110
4,162,110,110
4,166,110,110
4,162,110,110
4,162,110,110
4,162,110,110
4,162,110,110
4,162,110,110
1,162,110,110
6,164,107,107
7,162,107,107
7,166,107,107
7,166,107,107
4,166,107,107
7,162,110,110
7,162,110,110
4,162,110,110
7,162,110,110
4,162,110,110
4,162,110,110
4,162,110,110
4,162,110,110
7,162,110,110
4,162,110,110
4,165,112,112
4,162,112,112
4,162,112,112
4,162,112,112
4,162,112,112
4,162,112,112
4,162,112,112
4,162,112,112
4,162,112,112
4,162,112,112
4,162,112,112
4,162,112,112
4,162,112,112
4,162,112,112
4,162,112,112
22,162,112,112
4,176,112,112
36,176,112,112
67,176,112,112
113,176,112,112
137,172,112,112
137,169,112,112
137,172,112,112
137,172,112,112
137,169,112,112
137,172,112,112
137,172,112,112
137,169,112,112
137,169,112,112
137,169,112,112
137,169,112,112
137,172,112,112
137,169,112,112
137,172,112,112
137,172,112,112
137,172,112,112
137,172,112,112
137,172,112,112
137,172,112,112
137,169,112,112
137,169,112,112
137,169,112,112
137,169,112,112
137,169,112,112
137,169,112,112
137,169,112,112
137,169,112,112
137,169,112,112
137,169,112,112
137,169,112,112
137,169,112,112
137,169,112,112
137,169,112,112
71,253,112,112
60,249,112,112
71,249,112,112
71,249,112,112
64,249,112,112
64,249,112,112
67,249,112,112
64,249,112,112
64,249,112,112
67,249,112,112
67,249,112,112
67,253,112,112
67,249,112,112
64,249,112,112
67,249,112,112
64,249,112,112
64,249,112,112
64,249,112,112
64,249,112,112
67,249,112,112
60,249,112,112
53,249,112,112
64,249,112,112
71,249,112,112
67,249,112,112
67,249,112,112
57,249,112,112
53,253,112,112
57,253,112,112
57,249,112,112
60,249,112,112
57,253,112,112
71,249,112,112
67,249,112,112
53,253,112,112
53,249,112,112
57,249,112,112
53,249,112,112
53,249,112,112
53,249,112,112
46,253,112,112
43,253,112,112
43,249,112,112
32,256,112,112
32,256,112,112
32,253,112,112
32,256,112,112
29,260,112,112
32,253,112,112
32,256,112,112
29,260,112,112
29,260,112,112
25,260,112,112
29,260,112,112
29,260,112,112
32,256,112,112
29,256,112,112
28,260,114,114
26,258,114,114
29,258,114,114
