491,228,29,87
491,227,29,88
491,226,29,88
490,226,30,88
491,228,29,86
489,228,29,86
487,227,29,86
485,226,29,86
483,227,29,86
482,227,29,86
482,227,29,86
480,227,29,86
479,227,29,86
478,226,29,86
477,226,29,86
474,226,29,86
471,226,29,86
467,226,29,86
464,225,29,86
461,225,29,86
458,225,29,86
455,224,29,86
451,225,29,86
446,225,29,86
444,222,29,86
440,222,29,86
437,223,29,86
433,222,29,86
429,223,29,86
424,222,29,86
421,222,29,86
418,222,29,86
415,222,29,86
411,222,29,86
405,222,29,86
402,220,29,86
398,220,29,86
395,220,29,86
391,220,29,86
387,221,29,86
383,220,29,86
378,221,29,86
376,220,29,86
372,220,29,86
371,220,29,86
369,220,29,86
369,220,29,86
368,220,29,86
368,220,29,86
367,220,29,86
365,220,29,86
364,220,29,86
363,220,29,86
361,220,29,86
360,220,29,86
360,220,29,86
359,220,29,86
359,220,29,86
359,220,29,86
360,220,29,86
360,220,29,86
360,220,29,86
360,220,29,86
360,220,29,86
362,220,30,88
361,219,30,88
360,219,30,88
359,219,30,88
358,219,30,88
358,220,30,87
358,220,30,87
359,220,30,87
358,220,30,87
358,219,30,88
357,219,30,88
357,219,30,88
356,219,30,88
357,219,30,88
357,219,30,88
357,219,30,88
357,219,30,88
357,219,30,88
357,219,30,88
357,220,30,87
357,220,30,87
357,220,30,87
358,220,30,87
357,220,30,87
357,221,30,88
357,220,30,87
357,220,30,87
356,221,30,88
356,220,30,87
356,221,30,88
357,220,30,87
356,221,30,88
356,220,30,87
356,220,30,87
355,221,30,88
355,220,30,87
356,220,30,87
355,220,30,87
355,220,30,87
356,220,30,87
355,221,30,88
355,221,30,88
355,221,30,88
355,220,30,87
355,220,30,87
355,221,30,88
355,221,30,88
355,221,30,88
355,221,30,88
355,221,30,88
356,220,30,87
355,221,30,88
357,221,30,88
356,221,30,88
356,221,30,88
355,221,30,88
355,221,30,88
356,221,30,88
355,221,30,88
356,221,30,88
356,221,30,88
356,221,30,88
357,221,30,88
355,221,30,88
355,221,30,88
357,221,30,88
356,221,30,88
357,220,30,87
356,221,30,88
356,221,30,88
356,221,30,88
356,221,30,88
356,221,30,88
356,221,30,88
356,221,30,88
356,221,30,88
355,221,30,88
356,221,30,88
356,221,30,88
356,221,30,88
357,221,30,88
356,221,30,88
355,221,30,88
356,221,30,88
355,221,30,88
356,221,30,88
355,221,30,88
356,221,30,88
356,221,30,88
356,221,30,88
355,221,30,88
356,221,30,88
355,221,30,88
356,221,30,88
356,221,30,88
356,221,30,88
356,221,30,88
356,221,30,88
356,221,30,88
356,221,30,88
355,221,30,88
355,221,30,88
355,221,30,88
356,221,30,88
356,221,30,88
355,221,30,88
356,221,30,88
356,221,30,88
356,221,30,88
356,221,30,88
356,221,30,88
356,221,30,88
356,221,30,88
356,221,30,88
355,221,30,88
355,221,30,88
355,221,30,88
356,221,30,88
356,221,30,88
355,221,30,88
356,221,30,88
355,221,30,88
356,221,30,88
356,221,30,88
356,221,30,88
356,221,30,88
356,221,30,88
356,221,30,88
356,221,30,88
356,221,30,88
356,221,30,88
356,221,30,88
356,221,30,88
356,221,30,88
356,221,30,88
356,221,30,88
356,221,30,88
355,221,30,88
356,221,30,88
356,221,30,88
356,221,30,88
356,221,30,88
355,221,30,88
356,221,30,88
356,221,30,88
355,221,30,88
357,221,30,88
356,221,30,88
355,221,30,88
355,221,30,88
356,221,30,88
356,221,30,88
356,221,30,88
356,221,30,88
355,221,30,88
357,221,30,88
356,221,30,88
356,221,30,88
355,221,30,88
356,221,30,88
355,221,30,88
356,220,30,87
356,221,30,88
356,221,30,88
356,221,30,88
356,221,30,88
355,221,30,88
356,221,30,88
356,221,30,88
356,220,30,87
357,221,30,88
356,221,30,88
356,221,30,88
356,221,30,88
356,221,30,88
356,221,30,88
356,221,30,88
356,221,30,88
356,221,30,88
356,221,30,88
356,221,30,88
356,221,30,88
355,221,30,88
356,221,30,88
355,221,30,88
356,221,30,88
356,221,30,88
356,221,30,88
355,221,30,88
356,221,30,88
356,221,30,88
356,221,30,88
356,221,30,88
355,221,30,88
356,221,30,88
356,221,30,88
356,221,30,88
356,221,30,88
356,221,30,88
356,221,30,88
356,221,30,88
356,221,30,88
356,221,30,88
357,221,30,88
356,221,30,88
356,221,30,88
356,221,30,88
356,221,30,88
356,221,30,88
356,221,30,88
355,221,30,88
355,221,30,88
356,221,30,88
356,221,30,88
356,221,30,88
356,221,30,88
356,221,30,88
356,221,30,88
356,221,30,88
356,221,30,88
356,221,30,88
357,221,30,88
356,221,30,88
356,220,30,87
356,221,30,88
356,221,30,88
356,221,30,88
356,221,30,88
357,221,30,88
356,221,30,88
356,221,30,88
356,221,30,88
356,220,30,87
356,221,30,88
356,221,30,88
356,221,30,88
356,221,30,88
355,221,30,88
356,221,30,88
356,221,30,88
356,220,30,87
355,221,30,88
355,221,30,88
356,221,30,88
356,221,30,88
356,221,30,88
355,221,30,88
356,221,30,88
356,221,30,88
356,220,30,87
356,221,30,88
356,220,30,87
356,220,30,87
356,221,30,88
356,220,30,87
356,221,30,88
356,220,30,87
357,220,30,87
356,220,30,87
356,220,30,87
356,221,30,88
356,220,30,87
356,220,30,87
356,220,30,87
356,220,30,87
357,220,30,89
355,218,30,89
354,218,30,89
355,218,30,89
355,218,30,89
355,218,30,89
355,218,30,89
354,218,30,89
356,218,30,89
355,218,30,89
355,218,30,89
355,219,30,89
356,218,30,89
355,218,30,89
355,218,30,89
356,218,30,89
355,218,30,89
355,218,30,89
354,219,30,89
354,219,30,89
355,219,30,89
356,219,30,89
354,218,30,89
355,218,30,89
355,218,30,89
356,218,30,89
356,218,30,89
356,218,30,89
356,219,30,89
355,219,30,89
356,219,30,89
356,218,30,89
356,218,30,89
355,219,30,89
356,218,30,89
355,219,30,89
356,219,30,89
355,219,30,89
355,219,30,89
356,219,30,89
356,219,30,89
355,219,30,89
356,219,30,89
356,219,30,89
356,219,30,89
358,221,30,88
357,221,30,88
357,221,30,88
356,221,30,88
357,221,30,88
356,221,30,88
356,221,30,88
357,221,30,88
356,220,30,87
356,221,30,88
357,221,30,88
356,221,30,88
357,221,30,88
357,221,30,88
356,221,30,88
357,221,30,88
357,221,30,88
356,221,30,88
357,221,30,88
357,221,30,88
356,221,30,88
357,221,30,88
357,221,30,88
356,221,30,88
357,221,30,88
357,221,30,88
356,221,30,88
356,221,30,88
357,221,30,88
356,221,30,88
356,221,30,88
356,221,30,88
356,221,30,88
356,221,30,88
356,221,30,88
356,221,30,88
357,221,30,88
357,221,30,88
357,221,30,88
357,221,30,88
357,221,30,88
357,221,30,88
357,221,30,88
357,221,30,88
356,221,30,88
356,221,30,88
356,221,30,88
357,221,30,88
356,221,30,88
356,221,30,88
356,221,30,88
357,221,30,88
357,221,30,88
356,221,30,88
356,221,30,88
356,221,30,88
356,221,30,88
356,221,30,88
356,221,30,88
357,221,30,88
357,221,30,89
356,219,30,89
355,219,30,89
356,220,30,89
355,219,30,89
356,220,30,89
356,219,30,89
355,220,30,89
356,219,30,89
356,219,30,89
356,220,30,89
356,219,30,89
355,219,30,89
356,220,30,89
356,220,30,89
358,221,30,88
356,221,30,88
356,221,30,88
356,221,30,88
356,221,30,88
356,221,30,88
356,221,30,88
356,221,30,88
356,222,30,87
357,221,30,88
357,221,30,88
357,221,30,88
357,221,30,88
357,221,30,88
357,221,30,88
357,221,30,88
357,221,30,88
357,221,30,88
357,221,30,88
357,221,30,88
357,221,30,88
357,221,30,88
357,221,30,88
356,221,30,88
357,221,30,88
357,221,30,88
357,221,30,88
357,221,30,88
357,221,30,88
358,221,30,88
356,221,30,88
356,221,30,88
356,221,30,88
357,221,30,88
357,221,30,88
356,221,30,88
356,221,30,88
356,221,30,88
356,221,30,88
357,221,30,88
357,221,30,88
357,221,30,88
357,221,30,88
357,221,30,88
357,221,30,88
357,221,30,88
356,221,30,88
357,221,30,88
357,221,30,88
357,221,30,88
356,221,30,88
357,221,30,88
357,221,30,88
358,221,30,88
357,221,30,88
357,221,30,88
356,221,30,88
357,221,30,88
357,221,30,88
357,221,30,88
357,221,30,88
357,221,30,88
357,221,30,88
357,221,30,88
357,221,30,88
357,221,30,88
357,221,30,88
356,221,30,88
356,221,30,88
356,221,30,88
356,221,30,88
356,221,30,88
357,221,30,88
357,221,30,88
357,221,30,88
357,221,30,88
357,221,30,88
356,221,30,88
357,221,30,88
357,221,30,88
357,221,30,88
357,221,30,88
357,221,30,88
357,221,30,88
357,221,30,88
357,221,30,88
357,221,30,88
357,221,30,88
356,221,30,88
357,221,30,88
357,221,30,88
358,221,30,88
357,221,30,88
356,221,30,88
357,221,30,88
356,221,30,88
357,221,30,88
356,221,30,88
357,221,30,88
358,221,30,88
356,221,30,88
357,221,30,88
357,221,30,88
356,221,30,88
357,221,30,88
356,221,30,88
357,221,30,88
356,221,30,88
357,221,30,88
357,221,30,88
357,221,30,88
357,221,30,88
357,221,30,88
357,221,30,88
357,221,30,88
357,221,30,88
356,221,30,88
357,221,30,88
358,221,30,88
357,221,30,88
357,221,30,88
357,221,30,88
357,220,30,87
358,221,30,88
357,221,30,88
355,218,30,88
356,220,30,87
355,217,30,87
356,220,30,87
356,221,30,88
356,221,30,88
356,221,30,88
355,219,30,88
356,221,30,88
355,219,30,88
355,219,30,88
355,221,30,88
355,221,30,88
354,221,30,88
354,220,30,87
354,221,30,88
354,221,30,88
353,221,30,88
353,223,30,88
354,221,30,88
353,222,30,87
354,221,30,88
356,221,30,88
355,221,30,88
355,221,30,88
355,221,30,88
355,221,30,88
356,221,30,88
356,221,30,88
355,221,30,88
356,222,30,89
355,219,30,89
355,220,30,89
355,219,30,89
355,219,30,89
358,222,30,88
356,221,30,88
356,221,30,88
356,221,30,88
356,221,30,88
356,221,30,88
356,221,30,88
356,221,30,88
356,220,30,87
356,220,30,87
357,221,30,89
356,219,30,89
356,219,30,89
356,219,30,89
355,219,30,89
356,219,30,89
356,218,30,89
356,217,30,89
355,219,30,89
355,218,30,89
356,219,30,89
356,219,30,89
356,218,30,89
356,219,30,89
356,219,30,89
356,218,30,89
356,218,30,89
356,217,30,89
355,219,30,89
356,219,30,89
356,217,30,89
355,219,30,89
356,219,30,89
356,219,30,89
355,219,30,89
356,218,30,89
356,218,30,89
356,219,30,89
356,219,30,89
356,219,30,89
358,221,30,88
357,220,30,87
357,221,30,88
357,221,30,88
357,221,30,88
357,221,30,88
357,218,30,88
358,221,30,88
357,221,30,88
357,218,30,88
357,220,30,87
356,220,30,87
357,220,30,87
357,221,30,88
357,220,30,87
357,221,30,88
357,220,30,87
357,220,30,87
357,219,30,88
357,220,30,87
359,221,29,86
357,221,29,86
357,220,29,86
357,221,29,86
357,221,29,86
358,221,30,88
357,221,30,88
358,220,30,87
358,220,30,87
357,221,30,88
358,221,30,88
357,221,30,88
358,220,30,87
357,221,30,88
358,220,30,87
359,221,29,86
357,220,29,86
358,220,29,86
358,220,29,86
357,222,29,86
358,221,29,86
357,222,29,86
357,222,29,86
357,221,29,86
357,222,29,86
358,222,29,86
357,222,29,86
358,220,29,86
358,222,29,86
357,220,29,86
358,222,29,86
357,222,29,86
358,222,29,86
358,222,29,86
357,222,29,86
357,222,29,86
358,222,29,86
357,222,29,86
357,222,29,86
358,222,29,86
357,222,29,86
357,222,29,86
358,222,29,86
358,222,29,86
358,222,29,86
358,220,29,86
357,221,29,86
358,222,29,86
358,222,29,86
358,222,29,86
357,222,29,86
357,222,29,86
357,222,29,86
357,222,29,86
357,222,29,86
357,222,29,86
358,220,29,86
358,220,29,86
357,222,29,86
358,222,29,86
358,222,29,86
358,222,29,86
358,222,29,86
358,222,29,86
358,219,29,86
358,220,29,86
357,222,29,86
358,222,29,86
358,222,29,86
358,222,29,86
357,222,29,86
358,222,29,86
358,221,29,86
358,219,29,86
358,220,29,86
358,220,29,86
358,221,29,86
358,221,29,86
358,221,29,86
358,221,29,86
358,221,29,86
358,221,29,86
358,221,29,86
358,221,29,86
358,221,29,86
358,220,29,86
358,219,29,86
358,220,29,86
358,221,29,86
358,221,29,86
358,220,29,86
358,219,29,86
358,221,29,86
358,219,29,86
358,221,29,86
358,220,29,86
358,221,29,86
358,221,29,86
358,222,29,86
358,220,29,86
358,220,29,86
358,222,29,86
358,220,29,86
358,220,29,86
359,220,29,86
359,220,29,86
358,220,29,86
358,222,29,86
358,222,29,86
358,222,29,86
359,220,29,86
359,220,29,86
358,222,29,86
358,221,29,86
358,221,29,86
358,220,29,86
358,221,29,86
358,221,29,86
358,221,29,86
358,222,29,86
358,222,29,86
359,221,29,86
359,222,29,86
358,222,29,86
358,222,29,86
359,222,29,86
359,221,29,86
358,222,29,86
358,222,29,86
358,222,29,86
359,222,29,86
359,221,29,86
359,221,29,86
358,222,29,86
358,222,29,86
358,222,29,86
358,222,29,86
359,222,29,86
358,222,29,86
358,222,29,86
359,222,29,86
358,222,29,86
358,222,29,86
358,222,29,86
358,222,29,86
358,222,29,86
358,222,29,86
359,222,29,86
358,222,29,86
358,222,29,86
359,223,30,88
359,221,30,88
358,221,30,88
358,221,30,88
358,221,30,88
358,221,30,88
359,221,30,88
359,221,30,88
358,221,30,88
359,221,30,88
359,221,30,88
359,222,30,87
368,221,30,88
385,221,30,88
400,221,30,88
418,220,30,87
435,220,30,87
453,220,30,87
469,219,30,88
486,219,30,88
504,219,30,88
520,219,30,88
533,219,30,88
550,219,30,88
566,218,30,88
586,221,29,86
602,219,29,86
601,256,29,86
601,256,29,86
601,256,29,86
601,256,29,86
601,256,29,86
601,256,29,86
601,256,29,86
559,216,29,86
576,217,29,86
591,217,29,86
595,216,29,86
592,216,29,86
594,216,29,86
592,215,29,86
591,215,29,86
594,215,29,86
591,217,29,86
591,215,29,86
592,215,29,86
591,214,29,86
591,216,29,86
591,215,29,86
591,216,29,86
591,216,29,86
591,215,29,86
591,216,29,86
591,216,29,86
591,216,29,86
591,215,29,86
591,217,29,86
591,216,29,86
591,216,29,86
591,216,29,86
591,218,29,86
591,216,29,86
591,216,29,86
591,216,29,86
592,217,29,86
591,217,29,86
591,216,29,86
591,217,29,86
591,217,29,86
591,216,29,86
591,216,29,86
591,216,29,86
592,217,29,86
591,216,29,86
591,216,29,86
591,216,29,86
592,216,29,86
591,216,29,86
592,216,29,86
592,216,29,86
592,216,29,86
593,216,29,86
593,216,29,86
593,216,29,86
592,218,29,86
593,215,29,86
594,215,29,86
593,218,29,86
594,215,29,86
594,215,29,86
594,216,29,86
594,216,29,86
595,215,29,86
593,214,29,86
593,216,29,86
594,216,29,86
594,216,29,86
595,215,29,86
592,216,29,86
595,215,29,86
596,215,30,88
595,216,30,88
594,216,30,88
596,217,30,87
595,216,30,88
596,216,30,88
595,215,30,88
595,216,30,88
593,216,30,88
593,216,30,88
595,215,30,88
592,216,30,88
594,216,30,88
592,216,30,88
592,216,30,88
591,216,30,88
592,216,30,88
592,215,30,88
594,215,30,88
594,216,30,88
594,216,30,88
593,214,30,87
592,215,30,88
594,215,30,88
592,215,30,88
593,215,30,88
592,214,30,87
595,215,30,88
592,216,30,88
592,215,30,88
592,216,30,88
592,215,30,88
592,215,30,88
592,215,30,88
594,215,30,88
595,218,29,86
594,216,29,86
594,215,29,86
592,215,29,86
593,216,29,86
595,215,30,88
593,216,30,88
592,216,30,88
594,215,30,88
594,215,30,88
593,215,30,88
592,214,30,87
594,215,30,88
592,216,30,88
592,214,30,87
593,214,30,87
592,216,30,88
592,216,30,88
592,214,30,87
594,213,30,88
592,217,30,87
594,216,30,88
591,216,30,88
594,214,30,87
592,215,30,88
594,214,30,87
591,214,30,87
592,215,30,88
591,216,30,88
592,215,30,88
594,214,30,87
591,214,30,87
594,216,30,88
595,216,30,88
592,215,30,88
593,214,30,87
594,216,30,88
592,214,30,87
593,215,30,88
593,214,30,87
592,215,30,88
592,214,30,87
591,216,30,88
594,212,30,88
592,214,30,87
593,215,30,88
591,215,30,88
594,213,30,88
594,214,30,87
593,214,30,87
594,214,30,87
593,213,30,88
594,214,30,87
594,215,30,88
592,214,30,87
595,215,30,88
594,213,30,88
592,214,30,87
593,212,30,88
594,213,30,88
592,213,30,89
592,211,30,89
592,211,30,89
591,214,30,89
592,212,30,89
593,213,31,91
592,212,31,91
592,210,31,91
592,211,31,91
592,211,31,91
593,211,31,93
591,212,31,93
591,211,31,93
591,211,31,93
589,210,31,93
590,211,31,93
592,210,31,93
593,208,31,93
592,208,31,93
592,209,31,93
592,207,32,95
592,207,32,95
591,207,32,95
592,208,32,95
591,207,32,95
592,208,32,95
592,208,32,95
592,208,32,95
593,208,32,95
592,208,32,95
592,209,32,95
592,209,32,95
592,209,32,95
592,209,32,95
592,208,32,95
593,208,33,97
593,207,33,97
592,206,33,97
593,207,33,97
593,206,33,97
592,206,33,97
593,206,33,97
592,206,33,97
592,206,33,97
593,206,33,97
592,206,33,97
592,207,33,97
592,206,33,97
592,206,33,97
592,207,33,97
592,207,33,97
592,206,33,97
590,206,33,97
592,207,33,97
592,206,33,97
591,207,33,99
591,205,33,99
591,207,33,99
591,205,33,99
590,206,33,99
590,206,33,99
590,206,33,99
591,206,33,99
590,206,33,99
590,205,33,99
591,206,33,99
590,205,33,99
590,206,33,99
590,206,33,99
590,206,33,99
590,206,33,99
590,206,33,99
590,206,33,99
590,206,33,99
590,205,33,99
590,206,33,99
590,206,33,99
590,206,33,99
590,205,33,99
590,206,33,99
590,206,33,99
538,215,33,99
541,214,33,99
541,217,33,99
529,217,33,99
512,218,33,99
500,218,33,99
488,220,33,99
478,219,33,99
465,220,33,99
452,218,33,99
443,218,33,99
429,220,33,99
416,220,33,99
401,219,33,99
386,218,33,99
372,218,33,99
356,219,33,99
343,219,33,99
331,219,33,99
317,218,33,99
305,217,33,99
290,218,33,99
286,228,33,99
287,229,33,99
287,230,33,99
287,230,33,99
287,230,33,99
288,231,33,99
288,232,33,99
290,232,33,99
291,232,33,99
291,232,33,99
292,232,33,99
292,233,33,99
293,234,33,99
295,233,33,99
296,232,33,99
298,233,33,99
301,235,33,99
304,236,33,99
308,236,33,99
314,235,33,99
319,235,33,99
323,235,33,99
326,234,33,99
330,235,33,99
335,238,33,99
338,237,33,99
342,239,33,99
343,239,34,101
342,237,34,101
399,287,34,101
399,289,34,101
399,290,34,101
399,289,34,101
400,290,34,101
399,288,34,101
399,288,34,101
399,289,34,101
367,243,34,101
399,288,34,101
399,288,34,101
399,288,34,101
399,288,34,101
399,288,34,101
400,288,34,101
399,289,34,101
399,289,34,101
399,289,34,101
399,288,34,101
399,288,34,101
399,289,34,101
399,288,34,101
399,287,34,101
399,289,34,101
399,288,34,101
399,288,34,101
399,289,34,101
399,288,34,101
399,288,34,101
399,287,34,101
399,287,34,101
399,288,34,101
399,290,34,101
399,288,34,101
399,288,34,101
399,288,34,101
399,289,34,101
398,290,34,101
399,288,34,101
399,289,34,101
399,289,34,101
398,289,34,101
399,288,34,101
399,288,34,101
399,287,34,101
399,289,34,101
399,288,34,101
399,289,34,101
399,287,34,101
399,289,34,101
399,289,34,101
400,289,34,101
399,286,34,101
399,289,34,101
399,289,34,101
399,287,34,101
399,287,34,101
399,286,34,101
399,288,34,101
399,286,34,101
399,288,34,101
399,288,34,101
399,289,34,101
398,289,34,101
399,289,34,101
399,289,34,101
396,287,34,101
399,288,34,101
399,288,34,101
399,288,34,101
398,288,34,101
399,289,34,101
399,289,34,101
399,287,34,101
398,287,34,101
399,289,34,101
399,289,34,101
400,287,34,101
399,287,34,101
399,287,34,101
417,289,34,101
436,289,34,101
446,287,34,101
428,288,34,101
445,290,34,101
461,289,34,101
479,288,34,101
496,286,34,101
514,285,34,101
532,281,34,101
549,283,34,101
577,284,34,101
590,278,34,101
587,277,34,101
596,277,34,101
596,289,34,101
596,284,34,101
596,322,34,101
596,324,34,101
596,311,34,101
596,286,34,101
596,309,34,101
596,336,34,101
596,280,34,101
596,315,34,101
596,320,34,101
596,315,34,101
541,300,34,101
555,300,34,101
568,301,34,101
578,309,34,101
576,307,34,101
572,305,34,101
567,312,35,103
564,311,35,103
557,310,35,103
555,312,35,103
551,314,35,103
548,317,35,103
545,316,35,103
540,322,35,103
535,321,35,103
534,324,35,103
534,323,35,103
533,323,35,103
516,324,35,103
510,321,35,103
508,323,35,103
506,323,35,103
506,323,35,103
461,317,35,103
462,317,35,103
462,316,35,103
462,321,35,103
462,322,35,103
462,317,35,103
462,317,35,103
462,316,35,103
462,317,35,103
462,317,35,103
462,316,35,103
461,317,35,103
461,322,35,103
462,317,35,105
461,318,35,105
462,316,35,105
469,319,35,105
487,319,35,105
505,318,35,105
520,319,35,105
538,325,35,105
548,319,35,105
564,317,35,105
582,317,35,105
594,315,35,105
594,316,35,105
594,315,35,105
594,313,35,105
594,313,35,105
594,313,35,105
594,313,35,105
594,314,35,105
594,312,35,105
594,313,35,105
594,312,35,105
594,313,35,105
594,313,35,105
592,314,35,105
593,315,35,105
593,315,35,105
593,315,35,105
592,315,35,105
594,316,35,105
591,314,35,105
594,315,35,105
594,315,35,105
592,313,35,105
594,292,35,105
594,318,35,105
594,316,35,105
594,263,35,105
594,315,35,105
594,315,35,105
594,262,35,105
594,291,35,105
594,263,35,105
594,265,35,105
594,291,35,105
594,290,35,105
594,291,35,105
594,294,35,105
593,291,35,105
593,292,35,105
593,291,35,105
593,292,35,105
593,292,35,105
588,314,35,105
592,289,35,105
592,290,35,105
592,290,35,105
592,289,35,105
589,313,35,105
592,256,35,105
592,289,35,105
592,289,35,105
592,286,35,105
592,288,35,105
592,288,35,105
592,289,35,105
592,289,35,105
592,289,35,105
591,289,35,105
591,289,35,105
591,289,35,105
585,314,35,105
589,320,35,105
594,289,35,105
594,286,35,105
593,257,35,105
590,285,35,105
590,265,35,105
589,265,35,105
585,314,35,105
585,316,35,105
561,315,35,105
543,313,35,105
527,316,35,105
508,316,35,105
491,315,35,105
474,315,35,105
468,317,35,105
469,315,35,105
469,315,35,105
469,317,35,105
470,319,35,105
470,316,35,105
470,316,35,105
469,314,35,105
469,314,35,105
469,315,35,105
470,315,35,105
470,317,35,105
470,315,35,105
470,315,35,105
470,316,35,105
470,314,35,105
469,314,35,105
470,317,35,105
470,316,35,105
470,320,35,105
470,317,35,105
471,317,35,105
470,317,35,105
470,317,35,105
470,316,35,105
478,352,35,105
479,355,35,105
483,358,35,105
483,358,35,105
482,344,35,105
482,347,35,105
482,347,35,105
482,346,35,105
482,358,35,105
483,346,35,105
483,346,35,105
483,346,35,105
483,352,35,105
483,347,35,105
483,347,35,105
483,347,35,105
483,344,35,105
483,347,35,105
483,346,35,105
483,347,35,105
483,348,35,105
483,346,35,105
485,348,35,105
483,348,35,105
483,348,35,105
483,349,35,105
483,349,35,105
483,349,35,105
483,366,35,105
483,366,35,105
483,367,35,105
483,365,35,105
483,367,35,105
485,377,35,103
484,375,35,103
483,370,35,103
483,369,35,103
484,376,35,103
484,375,35,103
432,337,35,103
462,339,35,103
417,332,35,103
420,332,35,103
432,344,35,103
483,367,35,103
461,336,35,103
479,340,35,103
504,348,35,103
485,293,35,103
463,235,35,103
461,224,35,103
464,230,35,103
462,259,35,103
508,257,35,103
459,229,35,103
459,227,35,103
456,231,35,103
455,229,35,103
453,230,35,103
453,260,35,103
453,251,35,103
454,245,35,103
453,222,35,103
452,227,35,103
445,231,35,103
442,241,35,103
500,225,35,103
506,257,35,103
471,316,35,105
470,318,35,105
470,319,35,105
470,318,35,105
469,319,35,105
469,316,35,105
470,318,35,105
469,318,35,105
469,318,35,105
469,318,35,105
469,318,35,105
470,320,35,105
470,319,35,105
469,319,35,105
469,319,35,105
469,319,35,105
469,319,35,105
469,319,35,105
469,320,35,105
469,319,35,105
469,319,35,105
469,319,35,105
469,319,35,105
469,319,35,105
469,319,35,105
470,321,35,105
470,320,35,105
470,320,35,105
469,320,35,105
469,320,35,105
470,320,35,105
470,320,35,105
470,320,35,105
470,320,35,105
470,320,35,105
471,321,35,105
471,320,35,105
471,321,35,105
472,321,35,105
472,321,35,105
472,320,35,105
472,320,35,105
472,320,35,105
473,320,35,105
472,320,35,105
473,320,35,105
474,320,35,105
473,320,35,105
474,319,35,105
474,319,35,105
474,319,35,105
474,319,35,105
474,318,35,105
474,319,35,105
474,319,35,105
474,319,35,105
474,319,35,105
474,319,35,105
474,319,35,105
474,319,35,105
474,319,35,105
474,319,35,105
474,319,35,105
474,319,35,105
476,318,35,105
474,318,35,105
474,319,35,105
474,320,35,105
474,320,35,105
474,319,35,105
474,321,35,105
474,319,35,105
474,318,35,105
474,320,35,105
474,323,35,105
474,319,35,105
474,319,35,105
474,318,35,105
474,321,35,105
474,319,35,105
474,318,35,105
474,318,35,105
474,320,35,105
474,318,35,105
474,318,35,105
474,321,35,105
474,323,35,105
474,319,35,105
474,324,35,105
474,323,35,105
474,318,35,105
474,324,35,105
474,325,35,105
474,325,35,105
474,323,35,105
474,324,35,105
474,324,35,105
474,326,35,105
473,318,35,105
473,329,35,105
474,318,35,105
474,317,35,105
474,321,35,105
473,320,35,105
473,321,35,105
473,325,35,105
473,317,35,105
473,319,35,105
473,317,35,105
473,319,35,105
474,318,35,105
473,320,35,105
474,318,35,105
476,325,35,105
476,323,35,105
476,320,35,105
476,326,35,105
476,324,35,105
477,320,35,105
476,320,35,105
476,325,35,105
476,323,35,105
476,319,35,105
477,318,35,105
476,324,35,105
476,323,35,105
476,319,35,105
476,323,35,105
477,318,35,105
476,320,35,105
476,318,35,105
476,323,35,105
476,318,35,105
476,318,35,105
476,318,35,105
476,323,35,105
476,323,35,105
476,319,35,105
476,321,35,105
477,318,35,105
476,320,35,105
476,319,35,105
477,317,35,105
477,319,35,105
476,320,35,105
477,321,35,105
476,319,35,105
476,319,35,105
477,317,35,105
476,319,35,105
477,319,35,105
477,316,35,105
477,321,35,105
477,317,35,105
477,318,35,105
477,318,35,105
477,318,35,105
477,319,35,105
477,319,35,105
477,318,35,105
477,318,35,105
477,318,35,105
477,319,35,105
477,317,35,105
477,318,35,105
477,319,35,105
477,318,35,105
477,318,35,105
477,320,35,105
477,318,35,105
477,318,35,105
477,318,35,105
477,318,35,105
477,318,35,105
477,318,35,105
477,318,35,105
477,318,35,105
477,318,35,105
477,318,35,105
477,320,35,105
477,318,35,105
477,321,35,105
477,318,35,105
477,321,35,105
477,318,35,105
477,320,35,105
477,320,35,105
477,318,35,105
477,318,35,105
477,319,35,105
477,318,35,105
477,320,35,105
477,320,35,105
477,319,35,105
478,318,35,105
477,317,35,105
478,316,35,105
478,318,35,105
478,318,35,105
478,318,35,105
478,318,35,105
478,314,35,105
478,314,35,105
485,320,35,105
500,320,35,105
514,314,35,105
530,315,35,105
547,315,35,105
567,315,35,105
588,262,35,105
548,266,35,105
557,267,35,105
580,267,35,105
590,269,35,105
565,270,35,105
594,272,35,105
589,273,35,105
594,270,35,105
541,260,35,105
525,256,35,105
477,254,35,105
492,266,35,105
544,267,35,105
544,263,35,105
545,258,35,105
560,261,35,105
580,261,35,105
594,257,35,105
594,265,35,105
588,257,35,105
594,301,35,105
594,240,35,105
594,200,35,105
564,209,35,105
564,209,35,105
594,261,35,105
594,259,35,105
564,209,35,105
564,209,35,105
564,209,35,105
564,209,35,105
564,209,35,105
591,199,35,105
594,200,35,105
594,260,35,105
594,260,35,105
594,259,35,105
594,259,35,105
594,258,35,105
594,258,35,105
594,259,35,105
594,200,35,105
594,260,35,105
594,265,35,105
594,261,35,105
594,259,35,105
594,259,35,105
594,261,35,105
594,260,35,105
594,201,35,105
594,201,35,105
565,208,35,105
594,261,35,105
594,260,35,105
583,202,35,105
594,259,35,105
594,261,35,105
594,261,35,105
564,209,35,105
594,259,35,105
594,261,35,105
594,259,35,105
594,258,35,105
594,260,35,105
594,259,35,105
594,257,35,105
594,258,35,105
564,209,35,105
594,261,35,105
564,210,35,105
594,260,35,105
581,202,35,105
594,261,35,105
565,209,35,105
594,262,35,105
594,260,35,105
565,208,35,105
581,193,35,105
581,193,35,105
565,208,35,105
594,260,35,105
566,208,35,105
565,208,35,105
565,208,35,105
566,186,35,105
565,209,35,105
594,260,35,105
594,260,35,105
565,209,35,105
564,208,35,105
594,259,35,105
594,259,35,105
594,199,35,105
594,200,35,105
594,200,35,105
594,199,35,105
594,259,35,105
594,259,35,105
594,259,35,105
594,259,35,105
594,259,35,105
590,250,35,105
594,259,35,105
594,259,35,105
594,245,35,105
594,259,35,105
594,255,35,105
594,259,35,105
594,259,35,105
594,262,35,105
594,257,35,105
594,259,35,105
594,259,35,105
594,261,35,105
594,259,35,105
594,259,35,105
594,259,35,105
579,238,35,105
589,200,35,105
594,201,35,105
594,201,35,105
593,199,35,105
594,200,35,105
558,186,35,105
584,245,35,105
594,254,35,105
579,240,35,105
554,267,35,105
580,238,35,105
581,239,35,105
584,243,35,105
583,229,35,105
576,243,35,105
581,232,35,105
579,240,35,105
581,240,35,105
584,233,35,105
567,208,35,105
584,208,35,105
565,209,35,105
581,232,35,105
581,232,35,105
541,233,35,105
578,243,35,105
586,247,35,105
573,245,35,105
584,236,35,105
592,199,35,105
582,209,35,105
581,208,35,105
594,242,35,105
594,261,35,105
579,243,35,105
581,205,35,105
581,208,35,105
582,209,35,105
582,209,35,105
584,209,35,105
582,209,35,105
582,209,35,105
581,191,35,105
584,199,35,105
582,206,35,105
594,199,35,105
590,249,35,105
584,203,35,105
581,174,35,105
590,176,35,105
582,209,35,105
594,175,35,105
588,199,36,107
589,196,36,107
589,198,36,107
583,197,36,107
594,198,36,107
594,260,36,107
594,259,36,107
594,198,36,107
594,258,36,107
583,208,36,107
590,198,37,109
583,201,37,109
593,198,37,109
593,198,37,109
593,198,37,109
583,207,37,109
588,197,37,109
593,198,37,109
593,254,37,109
583,197,37,109
581,257,37,109
593,259,37,109
593,259,37,109
593,258,37,109
593,254,37,109
593,259,37,109
593,263,37,109
585,200,37,109
593,259,37,109
593,259,37,109
593,262,37,109
585,252,37,109
583,200,37,109
593,257,37,109
593,256,37,109
583,200,37,109
593,263,37,109
593,259,37,109
593,263,37,109
593,259,37,109
583,200,37,109
593,194,37,109
538,187,37,109
589,194,37,109
589,193,37,109
593,198,37,109
589,198,37,109
591,193,37,109
590,197,37,109
593,194,37,109
589,195,37,109
590,194,37,109
590,194,37,109
590,195,37,109
593,194,37,109
591,192,37,109
593,198,37,109
593,198,37,109
593,169,37,109
593,192,37,109
593,192,37,109
593,192,37,109
593,192,37,109
593,192,37,109
591,193,37,109
593,193,37,109
593,193,37,109
593,193,37,109
590,195,37,109
589,194,37,109
590,192,37,109
593,192,37,109
590,193,37,109
593,192,37,109
593,193,37,109
590,194,37,109
590,193,37,109
589,193,37,109
590,193,37,109
590,193,37,109
589,193,37,109
593,193,37,109
588,194,37,109
590,193,37,109
590,193,37,109
593,193,37,109
590,192,37,109
591,191,37,109
590,193,37,109
590,192,37,109
593,192,37,109
593,192,37,109
593,192,37,109
589,193,37,109
593,192,37,109
593,192,37,109
593,192,37,109
593,192,37,109
593,192,37,109
593,192,37,109
591,192,37,109
591,191,37,109
591,191,37,109
590,192,37,109
593,194,37,109
593,193,37,109
587,193,37,109
590,192,37,109
587,193,37,109
587,193,37,109
590,191,37,109
590,192,37,109
590,192,37,109
591,192,37,109
593,189,37,109
593,193,37,109
593,190,37,109
593,167,37,109
593,166,37,109
588,192,37,109
589,192,37,109
590,192,37,109
591,192,37,109
591,192,37,109
593,193,37,109
593,191,37,109
589,192,37,109
589,193,37,109
590,191,37,109
589,193,37,109
591,192,38,111
593,190,38,111
593,190,38,111
580,193,38,111
564,192,38,111
546,190,38,111
532,191,38,111
593,240,38,111
578,271,38,111
555,273,38,111
553,269,38,111
538,267,38,111
513,263,38,111
515,264,38,111
480,266,38,111
488,270,38,111
449,255,38,111
439,259,38,111
418,261,38,111
406,261,38,111
389,262,38,111
371,255,38,111
358,257,38,111
343,259,38,111
329,274,38,111
320,268,38,111
320,257,38,111
291,260,38,111
280,257,38,111
272,261,38,111
248,243,38,111
248,255,38,111
251,306,38,111
231,307,38,111
232,303,38,111
236,307,38,111
236,306,38,111
236,306,38,111
234,305,38,111
231,305,38,111
231,305,38,111
235,305,38,111
235,304,38,111
238,306,38,111
243,303,38,111
242,307,38,111
248,290,38,111
242,309,38,111
245,309,38,111
245,309,38,111
223,292,38,111
231,303,38,111
222,306,38,111
225,303,38,111
231,304,38,111
238,307,38,111
238,309,38,111
238,309,38,111
238,309,38,111
231,306,38,111
231,303,38,111
237,309,38,111
237,307,38,111
235,306,38,111
234,306,38,111
228,305,38,111
234,305,38,111
226,304,38,111
226,304,38,111
232,305,38,111
225,302,38,111
225,303,38,111
224,304,38,111
224,306,38,111
220,303,38,111
225,304,38,111
226,304,38,111
234,306,38,111
220,304,38,111
220,304,38,111
220,304,38,111
220,305,38,111
225,304,38,111
224,303,38,111
219,305,38,111
222,305,38,111
223,300,38,111
225,303,38,111
225,303,38,111
224,300,38,111
224,300,38,111
222,303,38,111
219,305,38,111
235,306,38,111
222,303,38,111
223,303,38,111
224,304,38,111
235,306,38,111
220,307,38,111
220,307,38,111
220,305,38,111
219,304,38,111
220,304,38,111
220,306,38,111
220,303,38,111
220,305,38,111
228,304,38,111
220,305,38,111
220,305,38,111
216,290,38,111
216,290,38,111
216,290,38,111
218,305,38,111
220,307,38,111
220,309,38,111
221,310,37,109
221,311,37,109
221,311,37,109
221,308,37,109
220,307,37,109
220,307,37,109
204,305,37,109
204,305,37,109
217,311,37,109
220,309,37,109
220,309,37,109
221,311,37,109
235,306,37,109
239,308,37,109
242,288,37,109
252,308,37,109
204,300,37,109
264,308,37,109
235,307,37,109
218,311,37,109
211,271,37,109
210,272,37,109
213,269,37,109
217,308,37,109
221,309,37,109
220,307,37,109
220,311,37,109
220,311,37,109
220,311,37,109
218,311,37,109
251,307,37,109
251,307,37,109
258,308,37,109
251,308,37,109
252,308,37,109
220,311,37,109
252,308,37,109
252,308,37,109
251,308,37,109
218,307,37,109
217,311,37,109
252,308,37,109
236,307,37,109
231,308,37,109
249,308,37,109
253,309,37,109
257,309,37,109
252,308,37,109
260,308,37,109
259,308,37,109
259,309,37,109
258,308,37,109
257,308,37,109
253,308,37,109
253,308,37,109
251,308,37,109
251,308,37,109
235,309,37,109
232,309,37,109
231,308,37,109
223,311,37,109
251,306,37,109
220,311,37,109
250,306,37,109
250,306,37,109
248,357,37,109
220,309,37,109
250,306,37,109
235,308,37,109
225,307,37,109
250,363,37,109
250,363,37,109
228,307,37,109
209,301,37,109
252,306,37,109
228,308,37,109
228,308,37,109
252,306,37,109
236,306,37,109
235,307,37,109
251,307,37,109
252,307,37,109
252,307,37,109
235,307,37,109
235,309,37,109
235,308,37,109
235,308,37,109
228,308,37,109
252,308,37,109
258,308,37,109
258,308,37,109
249,357,37,109
234,307,37,109
246,357,37,109
234,307,37,109
252,306,37,109
309,260,37,109
251,308,37,109
252,307,37,109
251,305,37,109
252,306,37,109
251,307,37,109
234,307,37,109
252,307,37,109
251,306,37,109
258,307,37,109
258,307,37,109
251,307,37,109
252,306,37,109
252,307,37,109
225,306,37,109
253,307,37,109
220,308,37,109
252,308,37,109
252,305,37,109
220,305,37,109
218,308,37,109
217,267,37,109
259,307,37,109
259,306,37,109
258,307,37,109
220,307,37,109
211,271,37,109
213,273,37,109
250,307,37,109
251,307,37,109
213,273,37,109
252,308,37,109
251,305,37,109
259,308,37,109
250,306,37,109
251,308,37,109
220,308,37,109
251,305,37,109
208,267,37,109
251,306,37,109
252,301,37,109
216,290,37,109
188,236,37,109
204,272,37,109
208,256,37,109
203,246,37,109
196,235,37,109
188,226,37,109
196,209,37,109
173,161,37,109
187,190,37,109
188,177,37,109
172,132,37,109
186,159,37,109
186,151,37,109
172,102,37,109
179,128,37,109
179,76,37,109
187,107,37,109
172,55,37,109
180,84,37,109
187,75,37,109
172,19,37,109
184,48,37,109
184,38,37,109
179,28,37,109
184,18,37,109
187,16,37,109
186,18,37,109
191,19,37,109
180,20,37,109
187,16,37,109
187,18,37,109
181,19,37,109
243,13,37,109
188,20,37,109
166,14,37,109
204,13,37,109
195,14,37,109
194,59,37,109
156,62,37,109
140,63,37,109
147,60,37,109
147,60,37,109
147,60,37,109
101,61,37,109
83,61,37,109
83,61,37,109
28,26,37,109
28,26,37,109
28,26,37,109
52,57,37,109
33,59,37,109
20,60,37,109
20,60,37,109
20,60,37,109
76,60,37,109
76,60,37,109
56,36,37,109
56,36,37,109
56,36,37,109
56,36,37,109
56,36,37,109
56,36,37,109
56,36,37,109
56,36,37,109
56,36,37,109
56,36,37,109
56,36,37,109
56,36,37,109
56,36,37,109
56,36,37,109
56,36,37,109
56,36,37,109
56,36,37,109
56,36,37,109
56,36,37,109
56,36,37,109
56,36,37,109
56,36,37,109
56,36,37,109
56,36,37,109
56,36,37,109
56,36,37,109
56,36,37,109
56,36,37,109
56,36,37,109
56,36,37,109
56,36,37,109
56,36,37,109
56,36,37,109
56,57,37,109
56,59,37,109
58,64,37,109
58,64,37,109
58,64,37,109
60,65,37,109
65,65,37,109
66,64,37,109
67,64,37,109
68,65,37,109
86,64,37,109
104,64,37,109
122,59,37,109
140,62,37,109
156,61,37,109
170,59,37,109
186,59,37,109
200,56,37,109
220,54,37,109
235,3,37,109
252,3,37,109
269,3,37,109
273,32,37,109
285,28,37,109
299,30,37,109
298,30,37,109
300,26,37,109
297,27,37,109
294,27,37,109
297,36,37,109
298,29,37,109
300,30,37,109
298,30,37,109
297,29,37,109
298,36,37,109
300,31,37,109
297,27,37,109
300,29,37,109
313,53,37,109
300,28,37,109
298,27,37,109
298,26,37,109
298,27,37,109
300,27,37,109
298,27,37,109
300,27,37,109
297,28,37,109
297,24,37,109
299,25,36,107
300,24,36,107
300,26,36,107
298,25,36,107
299,30,36,107
299,26,37,109
297,27,37,109
298,27,37,109
297,27,37,109
297,28,37,109
297,27,37,109
300,27,37,109
298,28,37,109
297,27,37,109
298,28,37,109
298,26,37,109
298,26,37,109
297,28,37,109
298,28,37,109
297,28,37,109
299,27,37,109
300,27,37,109
297,30,37,109
297,30,37,109
297,28,37,109
298,27,37,109
297,30,37,109
298,30,37,109
298,28,37,109
298,27,37,109
298,27,37,109
298,29,37,109
297,28,37,109
298,50,37,109
297,29,37,109
298,30,38,111
297,30,38,111
297,47,38,111
297,46,38,111
297,31,38,111
297,48,38,111
297,27,38,111
297,31,38,111
297,31,38,111
297,48,38,111
293,48,38,111
298,49,38,111
297,47,38,111
297,47,38,111
297,46,38,111
297,47,38,111
292,48,38,111
297,47,38,111
292,48,38,111
297,47,38,111
297,46,38,111
297,47,38,111
297,46,38,111
292,48,38,111
293,47,38,111
293,47,38,111
292,46,38,111
292,47,38,111
292,47,38,111
293,46,38,111
297,47,38,111
293,47,38,111
293,46,38,111
293,46,38,111
292,46,38,111
295,46,38,111
293,45,38,111
297,26,38,111
297,46,38,111
295,32,38,111
293,44,38,111
292,41,38,111
292,47,38,111
297,46,38,111
292,46,38,111
257,110,38,111
250,96,38,111
261,99,38,111
267,94,38,111
275,100,38,111
282,105,38,111
285,97,38,111
295,33,38,111
299,27,38,111
297,27,38,111
295,25,38,111
295,26,38,111
297,31,38,111
295,32,38,111
295,24,38,111
298,28,37,109
294,27,37,109
295,32,37,109
297,27,37,109
298,23,37,109
