125,185,36,59
130,181,36,59
133,178,36,59
136,174,36,59
136,172,36,59
136,171,36,59
138,169,36,59
140,169,36,59
142,170,36,59
146,171,36,59
148,172,36,59
152,173,36,59
154,174,36,59
155,175,36,59
157,175,36,59
159,176,36,59
163,176,36,59
164,176,36,59
165,176,36,59
165,175,36,59
165,175,36,59
168,175,36,59
173,175,36,59
177,178,36,59
181,181,36,59
186,182,36,59
195,183,36,59
199,183,36,59
201,182,36,59
204,180,36,59
208,178,36,59
212,176,36,59
213,178,36,59
217,179,36,59
221,180,36,59
224,181,36,59
231,182,36,59
236,182,36,59
241,182,36,59
245,182,36,59
249,183,36,59
253,184,36,59
255,185,36,59
259,185,36,59
263,186,36,59
266,186,36,59
265,186,36,59
265,185,36,59
260,188,36,59
260,189,36,59
241,162,36,59
239,163,36,59
239,164,36,59
238,165,36,59
237,165,36,59
236,166,36,59
233,165,36,59
231,164,36,59
228,163,36,59
226,163,36,60
224,162,36,60
223,160,36,60
221,160,36,60
220,161,36,60
217,162,36,60
216,164,36,60
215,165,36,60
214,167,36,60
210,165,36,60
209,166,36,60
202,168,36,60
198,168,36,60
193,165,36,60
182,165,36,60
168,162,36,60
151,162,36,60
120,161,36,60
123,163,36,60
118,163,36,60
107,158,36,60
100,158,36,60
91,158,36,60
83,160,36,60
74,160,36,60
59,160,36,60
43,158,36,60
28,157,36,60
14,157,36,60
11,156,36,60
1,157,36,60
1,156,36,60
1,168,36,60
49,203,36,60
67,204,36,60
64,205,36,60
64,204,36,60
28,201,36,60
18,198,36,60
13,195,36,60
4,193,36,60
1,192,36,60
1,191,36,60
1,191,36,60
1,193,36,60
1,195,37,61
1,197,37,61
1,201,37,61
47,237,37,61
60,248,37,61
50,249,37,61
46,254,37,61
43,255,37,61
40,257,37,61
37,259,37,61
31,262,37,61
24,266,37,61
8,268,37,61
1,268,37,61
1,268,37,61
1,268,37,61
1,266,37,61
1,261,37,61
1,259,37,61
1,259,37,61
1,257,37,61
1,257,37,61
1,256,37,61
1,255,37,61
1,254,37,61
1,254,37,61
1,253,37,61
1,253,37,61
1,253,37,61
1,252,37,61
1,252,37,61
1,250,37,61
1,252,37,61
1,252,37,61
1,254,37,61
1,255,37,61
1,258,37,61
1,255,37,61
1,255,37,61
1,256,37,61
1,257,37,61
1,254,37,61
1,254,37,61
1,253,37,61
1,254,37,61
1,253,37,61
1,254,37,61
1,254,37,61
1,258,37,61
1,259,37,61
1,261,37,61
1,262,37,61
1,264,37,61
1,265,37,61
1,266,37,61
1,266,37,61
1,266,37,61
1,265,37,61
1,262,37,61
1,262,37,61
1,264,37,61
1,264,37,61
1,266,37,61
1,266,37,61
1,267,37,61
2,268,36,60
1,267,36,60
1,267,36,60
1,267,36,60
1,267,36,60
1,266,36,60
1,265,36,60
1,265,36,60
1,264,36,60
1,266,36,60
1,265,36,60
1,265,36,60
1,264,36,60
1,264,36,60
1,264,36,60
1,262,36,60
1,263,36,60
1,218,36,60
1,210,36,60
1,239,36,60
17,210,36,60
27,205,36,60
31,201,36,60
42,208,36,60
44,209,36,60
50,194,36,60
56,194,36,60
53,196,36,60
52,190,36,60
54,192,36,60
53,208,37,61
66,203,37,61
74,195,37,61
84,193,37,61
105,189,37,61
99,196,37,61
114,195,37,61
122,199,37,61
116,205,37,61
123,213,37,61
132,207,37,61
143,208,37,61
156,210,37,61
169,209,37,61
178,212,37,61
191,211,37,61
202,210,37,61
211,213,37,61
218,212,37,61
226,212,37,61
239,216,38,62
245,214,38,62
255,216,38,62
263,217,38,62
272,222,38,62
281,229,38,62
289,226,38,62
298,226,38,62
307,227,38,62
281,226,38,62
283,226,38,62
291,226,38,62
294,226,38,62
312,230,38,62
312,229,38,62
318,232,38,62
316,231,38,62
322,231,38,62
337,229,38,62
340,231,38,62
343,231,38,62
356,231,38,62
363,232,38,62
377,234,38,62
379,233,38,62
383,234,38,62
390,234,38,62
397,236,38,62
398,244,38,62
408,241,38,62
409,241,38,62
409,240,38,62
406,240,38,62
406,239,38,62
404,240,38,62
406,239,38,62
410,238,38,62
414,238,38,62
418,239,38,62
421,239,38,62
421,244,38,62
422,248,38,62
423,250,38,62
423,253,38,62
422,255,38,62
421,258,38,63
415,259,38,63
413,258,38,63
419,258,38,63
419,259,38,63
424,262,38,63
428,264,38,63
432,266,38,63
439,266,38,63
439,265,38,63
440,266,38,63
440,266,38,63
445,265,38,63
447,265,38,63
456,265,38,63
459,268,39,65
466,269,39,65
470,269,39,65
466,287,39,65
469,287,39,65
471,289,39,65
487,272,39,65
490,273,39,65
504,276,39,65
506,276,39,65
507,275,39,65
515,275,39,65
520,274,39,65
527,272,39,65
527,270,39,65
533,270,39,65
537,269,39,65
540,272,39,65
546,274,39,65
550,273,39,65
552,272,39,65
557,269,39,65
558,268,39,65
559,267,39,65
564,266,39,65
571,266,39,65
573,267,39,65
576,267,39,65
579,267,39,65
584,267,39,65
593,267,39,65
595,267,39,65
599,266,39,65
602,265,39,65
604,263,39,65
612,263,39,65
612,263,39,65
613,265,39,65
615,265,39,65
622,265,39,65
625,265,39,65
628,265,39,65
630,265,39,65
633,263,39,65
638,266,39,65
641,266,39,65
644,267,39,65
645,266,39,65
650,266,39,65
656,266,39,65
659,266,39,65
661,266,39,65
664,266,39,65
668,266,39,65
669,266,39,65
671,266,39,65
672,267,39,65
674,266,39,65
676,266,39,65
682,265,39,65
684,263,39,65
686,263,39,65
687,263,39,65
689,263,39,65
694,263,39,65
696,265,39,65
697,265,39,65
700,262,39,65
702,262,39,65
705,262,39,65
707,261,39,65
710,261,39,65
712,261,39,65
712,261,39,65
748,227,39,65
737,184,39,65
733,156,39,65
733,156,39,65
733,156,39,65
733,156,39,65
733,156,39,65
733,156,39,65
733,156,39,65
733,156,39,65
733,155,39,65
733,155,39,65
733,155,39,65
733,155,39,65
732,155,39,65
732,155,39,65
732,156,39,65
732,155,39,65
732,156,39,65
732,156,39,65
733,156,39,65
730,158,39,65
733,158,39,65
732,159,39,65
732,158,39,65
731,158,39,65
731,158,39,65
731,158,39,65
731,158,39,65
731,158,39,65
731,158,39,65
731,159,38,63
736,153,38,63
731,158,38,63
730,159,38,63
731,158,38,63
731,158,38,63
732,186,38,63
730,159,38,63
730,159,38,63
731,159,38,63
730,159,38,63
731,159,38,63
731,159,38,63
731,158,38,63
730,159,38,63
747,121,38,62
735,153,38,62
736,154,38,62
735,153,38,62
735,155,38,62
735,155,38,62
735,154,38,62
735,154,38,62
734,153,38,62
735,153,38,62
735,153,38,62
735,153,38,62
735,153,38,62
735,153,38,62
736,154,38,62
736,154,38,62
736,153,38,62
736,154,38,62
735,153,38,62
735,153,38,62
736,154,38,62
735,153,38,62
735,153,38,62
735,153,38,62
735,153,38,62
735,154,38,62
734,153,38,62
732,155,38,62
735,155,38,62
734,153,38,62
735,154,38,62
735,154,38,62
734,154,38,62
734,154,38,62
735,153,38,62
728,159,38,62
735,159,38,62
735,158,38,62
735,159,38,62
735,157,38,62
736,158,37,61
736,156,37,61
736,158,37,61
731,159,37,61
734,158,37,61
733,157,38,62
731,158,38,62
731,158,38,62
731,158,38,62
730,159,38,62
730,159,38,62
730,159,38,62
729,159,38,62
730,159,38,62
730,160,38,62
728,162,38,62
728,163,38,62
728,163,38,62
726,163,38,62
