921,278,36,58
917,280,36,58
912,280,36,58
912,281,36,58
908,281,36,58
905,281,36,58
902,280,36,58
897,281,36,58
894,280,36,58
892,281,36,59
886,280,36,59
884,282,36,59
877,280,36,59
870,279,36,59
867,279,36,59
863,279,36,59
859,279,36,59
853,280,36,59
850,280,36,59
846,280,36,59
844,280,36,59
839,279,36,59
832,279,36,59
829,278,36,59
824,278,36,59
820,278,36,59
816,278,36,59
809,279,36,59
806,279,36,59
803,279,36,59
799,278,36,59
796,278,36,59
787,279,36,59
783,279,36,59
780,279,36,59
775,279,36,59
772,279,36,59
764,280,36,59
760,279,36,59
757,279,36,59
754,279,36,59
750,279,36,59
743,279,36,59
739,280,36,59
735,282,36,59
731,280,36,59
727,280,36,59
712,318,36,59
712,318,36,59
712,318,36,59
712,318,36,59
712,318,36,59
712,318,36,59
712,318,36,59
712,318,36,59
712,318,36,59
712,318,36,59
712,318,36,59
712,318,36,59
712,318,36,59
712,318,36,59
712,318,36,59
712,318,36,59
712,318,36,59
712,318,36,59
712,318,36,59
712,318,36,59
712,318,36,59
712,318,36,59
712,318,36,59
711,320,36,59
712,318,36,59
712,320,36,59
712,318,36,59
713,321,36,58
713,320,36,58
713,320,36,58
713,320,36,58
713,320,36,58
714,321,35,56
713,320,35,56
713,320,35,56
713,320,35,56
713,320,35,56
713,320,35,56
713,320,35,56
713,320,35,56
713,320,35,56
713,320,35,56
714,323,34,55
713,321,34,55
713,321,34,55
713,321,34,55
713,322,34,55
713,322,34,55
713,322,34,55
713,322,34,55
713,322,34,55
713,322,34,55
713,322,34,55
713,322,34,55
713,322,34,55
713,322,34,55
713,322,34,55
713,322,34,55
713,322,34,55
713,322,34,55
713,322,34,55
713,322,34,55
713,322,34,55
713,322,34,55
713,321,34,55
713,321,34,55
713,321,34,55
713,321,34,55
713,321,34,55
713,321,34,55
713,321,34,55
712,321,34,55
713,321,35,56
713,320,35,56
713,320,35,56
713,320,35,56
713,320,35,56
712,320,35,56
712,320,35,56
712,320,35,56
712,320,35,56
712,320,35,56
712,320,35,56
712,320,35,56
712,320,35,56
712,320,35,56
712,320,35,56
712,320,35,56
712,320,35,56
712,320,35,56
712,320,35,56
712,320,35,56
712,320,35,56
712,320,35,56
712,320,35,56
712,320,35,56
712,320,35,56
712,320,35,56
712,320,35,56
712,320,35,56
712,320,35,56
712,320,35,56
712,320,35,56
712,320,35,56
712,320,35,56
712,320,35,56
712,320,35,56
712,320,35,56
712,320,35,56
712,320,35,56
712,320,35,56
712,320,35,56
712,320,35,56
712,320,35,56
712,320,35,56
712,320,35,56
712,320,35,56
712,320,35,56
712,320,35,56
712,320,35,56
712,320,35,56
713,320,35,56
712,320,35,56
713,320,35,56
713,320,35,56
714,320,35,56
712,320,35,56
712,320,35,56
713,320,35,56
713,320,35,56
713,320,35,56
713,320,35,56
713,320,35,56
713,320,35,56
714,320,35,56
714,320,35,56
714,320,35,56
714,320,35,56
712,320,35,56
712,320,35,56
713,320,35,56
714,320,35,56
713,320,35,56
