463,83,92,118
463,80,92,118
463,80,92,118
463,80,92,118
463,80,92,118
463,80,92,118
463,80,92,118
463,80,92,118
463,80,92,118
461,80,92,118
458,80,92,118
455,80,92,118
452,80,92,118
446,80,92,118
443,80,92,118
440,80,92,118
435,80,92,118
432,83,92,118
432,83,92,118
429,86,93,120
426,85,93,120
423,82,93,120
420,82,93,120
417,82,93,120
411,82,93,120
408,79,93,120
405,79,93,120
402,82,93,120
399,85,93,120
402,85,93,120
402,85,93,120
405,85,93,120
405,85,93,120
408,85,93,120
411,85,93,120
411,88,93,120
414,88,93,120
420,88,93,120
423,88,93,120
426,88,93,120
432,88,93,120
437,88,93,120
437,88,93,120
443,88,93,120
443,85,93,120
429,88,93,120
414,85,93,120
402,85,93,120
391,85,93,120
376,85,93,120
361,82,93,120
344,82,93,120
332,82,93,120
320,82,93,120
305,82,93,120
291,82,93,120
276,82,93,120
259,82,93,120
241,79,93,120
226,79,93,120
212,79,93,120
197,79,93,120
188,79,93,120
176,76,93,120
165,73,93,120
153,70,93,120
141,70,93,120
127,67,93,120
115,70,93,120
103,64,93,120
88,67,93,120
74,64,93,120
59,64,93,120
44,64,93,120
30,64,93,120
15,61,93,120
6,61,93,120
9,64,93,120
9,64,93,120
12,61,93,120
12,61,93,120
12,61,93,120
15,61,93,120
15,61,93,120
18,61,93,120
21,61,93,120
24,58,93,120
27,58,93,120
36,49,93,120
39,52,93,120
44,49,93,120
53,49,93,120
59,46,93,120
62,43,93,120
71,40,93,120
71,37,93,120
77,37,93,120
80,34,93,120
83,34,93,120
86,31,93,120
88,31,93,120
88,31,93,120
91,37,93,120
94,46,93,120
97,61,93,120
100,67,93,120
106,73,93,120
109,94,93,120
115,94,93,120
118,106,93,120
124,121,93,120
130,130,93,120
132,133,93,120
141,148,93,120
147,157,93,120
153,166,93,120
156,178,93,120
165,190,93,120
168,196,93,120
174,208,93,120
176,214,93,120
182,223,93,120
188,232,93,120
194,235,93,120
197,235,93,120
203,235,93,120
209,232,93,120
215,232,93,120
218,232,93,120
220,232,93,120
223,229,93,120
226,229,93,120
229,229,93,120
232,229,93,120
235,226,93,120
235,229,93,120
238,226,93,120
241,223,93,120
241,226,93,120
243,222,97,125
217,229,97,125
220,229,97,125
226,226,97,125
220,226,97,125
220,226,99,127
228,224,99,127
221,224,99,127
221,227,99,127
218,227,99,127
221,227,99,127
218,227,99,127
221,227,99,127
221,227,99,127
221,227,99,127
221,227,99,127
218,227,99,127
218,224,99,127
218,227,99,127
218,227,99,127
221,227,99,127
221,227,99,127
218,227,99,127
218,227,99,127
218,227,99,127
218,227,99,127
218,227,99,127
218,227,99,127
221,227,99,127
221,227,99,127
218,227,101,130
216,225,101,130
216,225,101,130
220,225,101,130
216,225,101,130
216,225,103,132
217,223,103,132
217,223,103,132
217,223,103,132
217,223,103,132
217,223,105,135
215,221,105,135
215,221,105,135
215,221,105,135
215,221,105,135
215,220,107,138
216,222,107,138
216,222,107,138
216,222,107,138
216,222,107,138
215,224,105,135
215,221,105,135
215,221,105,135
215,221,105,135
215,221,105,135
215,220,107,138
216,222,107,138
216,222,107,138
216,222,107,138
216,218,107,138
216,222,107,138
216,222,107,138
216,222,107,138
216,222,107,138
216,222,107,138
216,222,107,138
216,222,107,138
216,222,107,138
216,222,107,138
213,222,107,138
213,222,107,138
213,218,107,138
216,222,107,138
216,222,107,138
216,222,107,138
216,218,107,138
216,222,107,138
216,222,107,138
216,222,107,138
216,218,107,138
216,218,107,138
216,218,107,138
223,215,107,138
216,218,107,138
216,218,107,138
213,218,107,138
213,218,107,138
216,218,107,138
216,218,107,138
216,218,107,138
216,218,107,138
213,218,107,138
213,218,107,138
216,218,107,138
216,222,107,138
213,218,107,138
216,218,107,138
216,218,107,138
216,218,107,138
216,218,107,138
216,218,109,141
141,233,109,141
141,233,109,141
148,233,109,141
155,230,109,141
159,230,109,141
162,226,109,141
169,226,109,141
172,226,109,141
176,226,109,141
179,226,109,141
183,223,109,141
189,219,109,141
189,219,109,141
196,219,109,141
200,219,109,141
203,219,109,141
210,219,109,141
210,216,109,141
214,219,109,141
214,219,109,141
217,219,109,141
224,216,109,141
224,216,109,141
217,219,109,141
224,216,109,141
224,216,109,141
224,219,109,141
224,216,109,141
214,219,109,141
213,219,112,143
211,216,112,143
211,216,112,143
211,216,112,143
211,216,112,143
211,216,112,143
214,216,112,143
214,213,112,143
214,216,112,143
214,216,112,143
214,216,114,146
211,213,114,146
211,217,114,146
215,213,114,146
211,213,114,146
211,213,116,149
212,214,116,149
212,214,116,149
212,214,116,149
212,214,116,149
212,214,116,149
216,214,116,149
223,210,116,149
212,214,116,149
216,214,116,149
216,210,116,149
212,210,116,149
212,210,116,149
212,214,116,149
212,214,116,149
221,212,114,146
211,213,114,146
215,213,114,146
215,213,114,146
215,213,114,146
211,213,114,146
211,213,114,146
211,217,114,146
211,213,114,146
211,217,114,146
211,216,116,149
208,214,116,149
197,218,116,149
212,214,116,149
216,210,116,149
216,214,116,149
212,214,116,149
216,210,116,149
212,210,116,149
212,214,116,149
223,206,116,149
219,214,116,149
238,214,116,149
259,210,116,149
274,210,116,149
285,214,116,149
303,210,116,149
318,210,116,149
394,105,116,149
398,23,116,149
484,14,114,146
358,4,114,146
358,1,114,146
362,1,114,146
358,1,114,146
358,12,114,146
358,1,114,146
354,12,114,146
358,1,114,146
354,1,114,146
354,8,114,146
354,4,114,146
354,1,114,146
354,4,114,146
351,1,114,146
351,4,114,146
354,1,114,146
354,8,114,146
347,12,114,146
347,12,114,146
351,8,114,146
351,1,114,146
351,8,114,146
351,1,114,146
347,4,114,146
344,1,114,146
344,1,114,146
347,1,114,146
340,1,114,146
344,8,114,146
344,8,114,146
344,1,114,146
340,1,114,146
340,4,114,146
344,1,114,146
340,1,114,146
344,8,114,146
340,4,114,146
340,1,114,146
337,1,114,146
337,1,114,146
337,1,114,146
344,1,114,146
340,1,114,146
337,1,114,146
329,1,114,146
329,1,114,146
326,8,114,146
337,37,114,146
329,8,114,146
326,8,114,146
329,4,114,146
329,8,114,146
322,1,114,146
326,1,114,146
329,8,114,146
322,1,114,146
322,1,114,146
322,1,114,146
322,1,114,146
319,1,114,146
319,4,114,146
319,1,114,146
319,1,114,146
319,1,114,146
319,1,114,146
315,1,114,146
319,1,114,146
315,1,114,146
315,1,114,146
319,1,114,146
315,8,114,146
315,1,114,146
315,1,114,146
312,1,114,146
312,1,114,146
312,1,114,146
315,1,114,146
315,1,114,146
312,1,114,146
312,1,114,146
308,1,114,146
308,1,114,146
304,1,114,146
308,1,114,146
312,15,114,146
312,15,114,146
304,1,114,146
308,1,114,146
304,15,114,146
301,1,114,146
304,4,114,146
304,1,114,146
301,1,114,146
301,1,114,146
301,1,114,146
297,1,114,146
297,1,114,146
297,1,114,146
294,1,114,146
294,1,114,146
294,1,114,146
294,1,114,146
294,1,114,146
294,1,114,146
294,1,114,146
294,1,114,146
294,1,114,146
290,1,114,146
290,1,114,146
286,1,114,146
290,1,114,146
286,1,114,146
283,1,114,146
286,1,114,146
286,1,114,146
283,1,114,146
283,1,114,146
283,1,114,146
283,1,114,146
283,1,114,146
283,1,114,146
283,1,114,146
283,1,114,146
283,1,114,146
283,1,114,146
279,1,114,146
279,1,114,146
279,1,114,146
279,1,114,146
279,1,114,146
276,1,114,146
276,1,114,146
276,1,114,146
276,1,114,146
276,1,114,146
276,1,114,146
272,1,114,146
272,1,114,146
272,1,114,146
272,1,114,146
272,1,114,146
272,1,114,146
272,1,114,146
272,1,114,146
269,1,114,146
269,1,114,146
269,1,114,146
269,1,114,146
269,1,114,146
265,1,114,146
265,1,114,146
265,1,114,146
265,1,114,146
265,1,114,146
265,1,114,146
265,1,114,146
265,1,114,146
265,1,114,146
261,1,114,146
261,1,114,146
261,1,114,146
258,1,114,146
258,1,114,146
254,1,114,146
254,1,114,146
254,1,114,146
254,1,114,146
254,1,114,146
251,1,114,146
254,1,114,146
254,1,114,146
251,1,114,146
251,1,114,146
251,1,114,146
251,1,114,146
251,1,114,146
251,1,114,146
251,1,114,146
247,1,114,146
247,1,114,146
247,1,114,146
247,1,114,146
247,1,114,146
244,1,114,146
244,1,114,146
244,1,114,146
244,1,114,146
244,1,114,146
244,1,114,146
240,1,114,146
240,12,114,146
236,15,114,146
236,26,114,146
244,30,114,146
254,1,114,146
269,1,114,146
233,1,114,146
240,1,114,146
233,1,114,146
236,1,114,146
233,1,114,146
247,1,114,146
236,1,114,146
236,1,114,146
244,1,114,146
244,1,114,146
229,1,114,146
233,1,114,146
226,1,114,146
244,1,114,146
233,1,114,146
226,1,114,146
226,1,114,146
226,1,114,146
222,1,114,146
222,1,114,146
222,1,114,146
222,1,114,146
222,1,114,146
222,1,114,146
219,1,114,146
219,1,114,146
222,1,114,146
219,1,114,146
219,1,114,146
219,1,114,146
219,1,114,146
219,1,114,146
219,1,114,146
215,1,114,146
215,1,114,146
222,1,114,146
215,1,114,146
215,1,114,146
215,1,114,146
211,1,114,146
215,1,114,146
211,1,114,146
211,1,114,146
211,1,114,146
215,1,114,146
219,1,114,146
208,1,114,146
211,1,114,146
211,1,114,146
215,1,114,146
208,1,114,146
219,1,114,146
215,1,114,146
211,1,114,146
215,1,114,146
211,1,114,146
204,1,114,146
211,1,114,146
215,1,114,146
215,1,114,146
211,1,114,146
215,1,114,146
211,1,114,146
211,1,114,146
208,1,114,146
208,1,114,146
211,1,114,146
208,1,114,146
211,1,114,146
215,1,114,146
211,1,114,146
211,1,114,146
211,1,114,146
211,1,114,146
211,1,114,146
215,1,114,146
211,1,114,146
211,1,114,146
211,1,114,146
211,1,114,146
211,1,114,146
211,1,114,146
211,1,114,146
211,1,114,146
215,1,114,146
211,1,114,146
219,1,114,146
211,1,114,146
215,1,114,146
211,1,114,146
233,1,114,146
247,1,114,146
261,1,114,146
158,125,114,146
176,122,114,146
186,122,114,146
211,125,114,146
226,129,114,146
183,246,114,146
201,250,114,146
272,122,114,146
394,1,114,146
422,1,114,146
447,1,114,146
469,1,114,146
483,1,114,146
501,1,114,146
512,1,114,146
419,84,116,149
438,116,116,149
456,113,116,149
456,109,116,149
456,79,116,149
453,79,116,149
453,83,116,149
456,87,116,149
456,83,116,149
453,79,116,149
453,87,116,149
456,83,116,149
456,83,116,149
453,79,116,149
453,79,116,149
453,83,116,149
453,83,116,149
453,83,116,149
453,83,116,149
453,79,116,149
452,79,119,152
454,84,119,152
454,100,119,152
451,81,119,152
454,81,119,152
450,80,121,155
452,82,121,155
452,82,121,155
452,82,121,155
452,82,121,155
452,82,121,155
452,82,121,155
452,82,121,155
452,78,121,155
452,82,121,155
452,102,121,155
452,78,121,155
452,102,121,155
452,78,121,155
452,82,121,155
452,82,121,155
452,98,121,155
456,94,121,155
460,86,121,155
478,82,121,155
497,102,121,155
463,226,121,155
482,230,121,155
497,230,121,155
505,234,121,155
478,241,123,158
492,243,123,158
504,243,123,158
504,247,123,158
480,247,123,158
496,246,126,161
494,243,126,161
502,239,126,161
502,239,126,161
494,243,126,161
494,243,126,161
502,243,126,161
502,231,126,161
502,231,126,161
502,231,126,161
502,231,126,161
502,231,126,161
502,231,126,161
502,231,126,161
502,231,126,161
504,242,123,158
504,231,123,158
504,231,123,158
496,243,123,158
504,231,123,158
504,239,123,158
504,231,123,158
504,231,123,158
496,243,123,158
496,239,123,158
504,231,123,158
504,231,123,158
504,239,123,158
504,239,123,158
500,235,123,158
504,231,123,158
504,231,123,158
504,231,123,158
504,239,123,158
504,231,123,158
504,231,123,158
504,231,123,158
496,235,123,158
504,239,123,158
504,231,123,158
504,231,123,158
504,235,123,158
504,239,123,158
504,239,123,158
504,231,123,158
504,231,123,158
504,231,123,158
496,235,123,158
504,231,123,158
504,235,123,158
504,231,123,158
504,231,123,158
504,231,123,158
504,231,123,158
504,231,123,158
504,231,123,158
504,235,123,158
504,231,123,158
504,231,123,158
504,239,123,158
504,239,123,158
504,235,123,158
500,239,123,158
445,247,123,158
364,223,123,158
384,219,123,158
399,223,123,158
422,223,123,158
438,223,123,158
457,223,123,158
473,223,123,158
496,219,123,158
372,88,123,158
368,1,123,158
399,72,123,158
383,75,126,161
387,69,126,161
391,1,126,161
391,1,126,161
395,1,126,161
399,1,126,161
387,1,126,161
391,1,126,161
399,1,126,161
399,1,126,161
391,1,126,161
383,1,126,161
391,1,126,161
375,33,126,161
391,1,126,161
387,1,126,161
383,1,126,161
391,1,126,161
391,1,126,161
387,1,126,161
375,1,126,161
391,1,126,161
391,1,126,161
383,1,126,161
383,1,126,161
387,1,126,161
375,1,126,161
383,1,126,161
379,1,126,161
375,1,126,161
387,1,126,161
387,1,126,161
383,1,126,161
375,1,126,161
372,1,126,161
387,1,126,161
383,1,126,161
368,1,126,161
375,1,126,161
368,1,126,161
368,1,126,161
372,1,126,161
375,1,126,161
368,1,126,161
360,1,126,161
364,1,126,161
375,1,126,161
383,1,126,161
368,1,126,161
375,1,126,161
375,1,126,161
372,1,126,161
360,1,126,161
368,1,126,161
372,1,126,161
368,1,126,161
360,1,126,161
360,1,126,161
368,1,126,161
360,1,126,161
368,1,126,161
368,1,126,161
360,1,126,161
364,1,126,161
360,1,126,161
354,3,123,158
360,1,123,158
360,1,123,158
368,1,123,158
353,1,123,158
360,1,123,158
368,1,123,158
356,1,123,158
360,1,123,158
353,1,123,158
356,1,123,158
349,1,123,158
353,1,123,158
353,1,123,158
356,1,123,158
349,1,123,158
353,1,123,158
345,1,123,158
349,1,123,158
349,1,123,158
353,1,123,158
353,1,123,158
353,1,123,158
360,1,123,158
349,1,123,158
349,1,123,158
345,1,123,158
353,1,123,158
341,1,123,158
353,1,123,158
349,1,123,158
345,1,123,158
337,1,123,158
341,1,123,158
341,1,123,158
341,1,123,158
341,1,123,158
341,1,123,158
341,1,123,158
345,1,123,158
341,1,123,158
341,1,123,158
341,1,123,158
345,1,123,158
345,1,123,158
326,1,123,158
341,1,123,158
337,1,123,158
341,1,123,158
341,1,123,158
341,1,123,158
329,1,123,158
337,1,123,158
341,1,123,158
322,1,123,158
341,1,123,158
337,1,123,158
333,1,123,158
329,1,123,158
326,1,123,158
326,1,123,158
329,1,123,158
329,1,123,158
329,1,123,158
326,1,123,158
326,1,123,158
329,1,123,158
329,1,123,158
326,1,123,158
326,1,123,158
328,3,121,155
346,1,121,155
346,1,121,155
334,1,121,155
342,1,121,155
342,1,121,155
323,1,121,155
323,1,121,155
319,1,121,155
327,1,121,155
352,3,119,152
343,1,119,152
328,1,119,152
320,1,119,152
335,1,119,152
328,1,119,152
332,1,119,152
346,1,119,152
320,1,119,152
328,1,119,152
326,3,116,149
351,1,116,149
318,1,116,149
318,1,116,149
314,1,116,149
347,1,116,149
314,1,116,149
318,1,116,149
329,1,116,149
318,1,116,149
318,1,116,149
310,1,116,149
325,1,116,149
314,1,116,149
318,1,116,149
325,1,116,149
318,1,116,149
325,1,116,149
336,1,116,149
325,1,116,149
372,1,116,149
387,1,116,149
416,98,116,149
416,57,116,149
416,1,116,149
427,1,116,149
427,1,116,149
431,1,116,149
420,1,116,149
409,1,116,149
416,1,116,149
416,1,116,149
413,1,116,149
427,1,116,149
423,1,116,149
426,3,114,146
379,1,114,146
422,1,114,146
408,1,114,146
412,1,114,146
387,1,114,146
401,12,114,146
397,1,114,146
419,78,114,146
422,1,114,146
394,1,114,146
387,23,114,146
387,12,114,146
379,1,114,146
379,1,114,146
369,8,114,146
372,1,114,146
379,1,114,146
379,1,114,146
369,41,114,146
371,3,112,143
400,69,112,143
390,54,112,143
375,1,112,143
375,1,112,143
379,1,112,143
375,1,112,143
375,1,112,143
372,1,112,143
375,1,112,143
381,3,109,141
399,1,109,141
389,1,109,141
385,1,109,141
378,1,109,141
403,43,109,141
378,1,109,141
368,1,109,141
389,1,109,141
389,1,109,141
378,1,109,141
382,1,109,141
378,1,109,141
389,1,109,141
378,1,109,141
389,1,109,141
378,1,109,141
372,1,109,141
399,1,109,141
392,1,109,141
396,1,109,141
385,1,109,141
378,1,109,141
378,1,109,141
389,1,109,141
378,1,109,141
403,39,109,141
403,1,109,141
378,1,109,141
378,1,109,141
385,1,109,141
399,1,109,141
399,1,109,141
372,1,109,141
389,1,109,141
399,1,109,141
351,1,109,141
382,1,109,141
378,1,109,141
385,1,109,141
389,1,109,141
382,1,109,141
385,1,109,141
406,46,109,141
389,1,109,141
403,50,109,141
396,1,109,141
399,71,109,141
378,1,109,141
385,1,109,141
409,46,109,141
399,1,109,141
389,1,109,141
396,1,109,141
389,1,109,141
385,1,109,141
399,1,109,141
403,1,109,141
403,1,109,141
413,1,109,141
406,43,109,141
423,1,109,141
399,53,109,141
392,53,109,141
420,50,109,141
423,53,109,141
392,1,109,141
413,46,109,141
416,46,109,141
423,1,109,141
427,1,109,141
406,1,109,141
413,1,109,141
420,1,109,141
420,1,109,141
429,3,107,138
432,1,107,138
459,1,107,138
391,1,107,138
411,1,107,138
415,1,107,138
398,1,107,138
411,1,107,138
425,1,107,138
435,1,107,138
445,1,107,138
425,1,107,138
428,1,107,138
425,1,107,138
432,1,107,138
432,1,107,138
432,1,107,138
425,1,107,138
449,1,107,138
449,1,107,138
445,1,107,138
445,1,107,138
442,1,107,138
449,1,107,138
425,1,107,138
428,1,107,138
449,1,107,138
442,1,107,138
445,1,107,138
449,1,107,138
445,1,107,138
449,1,107,138
445,1,107,138
445,1,107,138
445,1,107,138
449,1,107,138
445,1,107,138
445,1,107,138
445,1,107,138
445,1,107,138
445,1,107,138
445,1,107,138
445,1,107,138
445,1,107,138
445,1,107,138
445,1,107,138
445,1,107,138
452,1,107,138
452,1,107,138
455,1,107,138
452,1,107,138
449,1,107,138
455,1,107,138
455,1,107,138
455,1,107,138
455,1,107,138
452,1,107,138
462,1,107,138
455,1,107,138
459,1,107,138
455,1,107,138
455,1,107,138
459,1,107,138
459,1,107,138
472,1,107,138
481,3,105,135
499,1,105,135
516,1,105,135
509,1,105,135
522,1,105,135
522,1,105,135
522,1,105,135
522,1,105,135
519,1,105,135
522,1,105,135
522,1,105,135
512,1,105,135
423,1,105,135
489,1,105,135
460,1,105,135
506,1,105,135
493,1,105,135
522,1,105,135
519,1,105,135
410,1,105,135
417,1,105,135
384,1,105,135
430,1,105,135
433,1,105,135
443,1,105,135
479,1,105,135
496,1,105,135
483,1,105,135
522,1,105,135
522,1,105,135
420,1,105,135
436,1,105,135
466,1,105,135
473,1,105,135
466,1,105,135
469,1,105,135
469,1,105,135
466,1,105,135
463,1,105,135
463,1,105,135
466,1,105,135
466,1,105,135
466,1,105,135
469,1,105,135
466,1,105,135
469,1,105,135
466,1,105,135
466,1,105,135
469,1,105,135
466,1,105,135
469,1,105,135
466,1,105,135
473,1,105,135
476,1,105,135
466,1,105,135
473,1,105,135
466,1,105,135
469,1,105,135
466,1,105,135
469,1,105,135
476,1,105,135
466,1,105,135
473,1,105,135
469,1,105,135
466,1,105,135
469,1,105,135
473,1,105,135
466,1,105,135
466,1,105,135
473,1,105,135
466,1,105,135
469,1,105,135
519,1,105,135
473,1,105,135
479,1,105,135
469,1,105,135
486,1,105,135
499,1,105,135
522,1,105,135
509,1,105,135
522,1,105,135
516,68,105,135
522,78,105,135
522,68,105,135
522,82,105,135
522,116,105,135
519,75,105,135
522,126,105,135
522,126,105,135
512,126,105,135
502,99,105,135
519,1,105,135
512,1,105,135
397,1,105,135
384,1,105,135
417,1,105,135
489,1,105,135
506,1,105,135
427,1,105,135
522,1,105,135
410,1,105,135
413,1,105,135
327,1,105,135
354,1,105,135
430,65,105,135
419,186,103,132
444,256,103,132
457,190,103,132
457,260,103,132
470,256,103,132
506,193,103,132
512,197,103,132
509,260,103,132
509,260,103,132
506,203,103,132
519,200,103,132
525,200,103,132
512,313,103,132
499,266,103,132
515,263,103,132
525,260,103,132
515,203,103,132
425,220,103,132
415,203,103,132
405,266,103,132
421,270,103,132
444,270,103,132
463,270,103,132
476,263,103,132
499,266,103,132
493,270,103,132
525,273,103,132
506,270,103,132
522,270,103,132
515,270,103,132
519,263,103,132
473,263,103,132
525,260,103,132
512,263,103,132
499,263,103,132
525,266,103,132
480,270,103,132
460,270,103,132
473,270,103,132
496,270,103,132
506,263,103,132
522,263,103,132
522,276,103,132
489,273,103,132
405,250,103,132
412,246,103,132
412,250,103,132
421,250,103,132
434,246,103,132
428,250,103,132
434,253,103,132
434,240,103,132
509,273,103,132
493,280,103,132
499,273,103,132
493,283,103,132
496,273,103,132
489,283,103,132
496,273,103,132
425,260,103,132
425,260,103,132
421,263,103,132
476,286,103,132
496,273,103,132
499,273,103,132
428,263,103,132
473,283,103,132
493,273,103,132
470,283,103,132
496,273,103,132
493,283,103,132
493,283,103,132
415,263,103,132
496,283,103,132
415,263,103,132
493,283,103,132
415,263,103,132
418,263,103,132
415,263,103,132
415,263,103,132
483,283,103,132
489,283,103,132
480,276,103,132
428,263,103,132
415,263,103,132
415,263,103,132
412,263,103,132
493,283,103,132
473,286,103,132
415,263,103,132
418,263,103,132
480,283,103,132
405,263,103,132
405,263,103,132
418,263,103,132
405,263,103,132
415,263,103,132
418,260,103,132
402,263,103,132
292,246,103,132
289,250,103,132
295,250,103,132
282,246,103,132
260,253,103,132
253,253,103,132
289,250,103,132
285,250,103,132
298,246,103,132
269,246,103,132
285,246,103,132
256,253,103,132
282,250,103,132
285,246,103,132
279,246,103,132
292,250,103,132
294,252,101,130
286,255,101,130
286,248,101,130
289,248,101,130
293,248,101,130
293,245,101,130
283,248,101,130
293,248,101,130
305,248,101,130
277,248,101,130
270,248,101,130
283,248,101,130
293,248,101,130
397,264,101,130
289,248,101,130
280,248,101,130
293,248,101,130
258,258,101,130
270,258,101,130
267,248,101,130
293,255,101,130
293,248,101,130
270,255,101,130
254,248,101,130
277,258,101,130
283,245,101,130
293,248,101,130
397,264,101,130
429,284,101,130
470,284,101,130
420,284,101,130
397,264,101,130
432,333,101,130
400,264,101,130
400,264,101,130
432,284,101,130
473,277,101,130
508,284,101,130
407,264,101,130
496,274,101,130
473,284,101,130
404,264,101,130
467,284,101,130
486,284,101,130
483,277,101,130
493,333,101,130
467,287,101,130
493,284,101,130
483,281,101,130
496,277,101,130
473,277,101,130
493,281,101,130
489,284,101,130
493,284,101,130
489,284,101,130
493,284,101,130
496,284,101,130
502,281,101,130
489,284,101,130
493,284,101,130
473,284,101,130
499,284,101,130
489,287,101,130
496,284,101,130
508,277,101,130
521,280,103,132
525,283,103,132
525,283,103,132
512,280,103,132
412,256,103,132
379,253,103,132
412,216,103,132
379,253,103,132
412,213,103,132
370,253,103,132
412,216,103,132
415,216,103,132
399,250,103,132
370,253,103,132
373,253,103,132
370,253,103,132
370,253,103,132
370,253,103,132
373,253,103,132
392,250,103,132
392,250,103,132
370,253,103,132
396,250,103,132
370,246,103,132
379,253,103,132
370,253,103,132
402,216,103,132
515,286,103,132
418,220,103,132
373,253,103,132
412,216,105,135
423,217,105,135
390,248,105,135
420,217,105,135
417,214,105,135
374,248,105,135
364,251,105,135
397,217,105,135
364,251,105,135
364,251,105,135
423,217,105,135
370,248,105,135
364,251,105,135
420,217,105,135
390,251,105,135
364,251,105,135
364,251,105,135
423,217,105,135
367,251,105,135
377,248,105,135
420,217,105,135
374,255,105,135
370,248,105,135
364,251,105,135
367,248,105,135
417,217,105,135
430,217,105,135
370,248,105,135
370,248,105,135
427,217,105,135
364,251,105,135
374,251,105,135
420,217,105,135
430,217,105,135
377,251,105,135
360,248,105,135
420,214,105,135
387,255,105,135
387,255,105,135
380,258,105,135
370,251,105,135
387,258,105,135
453,221,105,135
370,251,105,135
370,251,105,135
367,251,105,135
420,214,105,135
367,251,105,135
370,251,105,135
377,251,105,135
377,251,105,135
397,251,105,135
384,251,105,135
370,251,105,135
370,251,105,135
380,251,105,135
374,251,105,135
367,251,105,135
374,251,105,135
370,251,105,135
397,251,105,135
380,248,105,135
374,251,105,135
370,251,105,135
390,258,105,135
387,251,105,135
377,248,105,135
377,251,105,135
390,251,105,135
387,258,105,135
390,258,105,135
384,251,105,135
380,251,105,135
380,248,105,135
390,258,105,135
420,217,105,135
384,251,105,135
370,251,105,135
377,251,105,135
403,251,105,135
370,251,105,135
374,251,105,135
390,251,105,135
387,251,105,135
380,248,105,135
390,251,105,135
390,251,105,135
377,251,105,135
377,251,105,135
390,251,105,135
377,251,105,135
380,251,105,135
384,251,105,135
387,251,105,135
390,248,105,135
390,251,105,135
387,251,105,135
427,217,105,135
377,251,105,135
377,251,105,135
374,251,105,135
380,251,105,135
377,251,105,135
380,251,105,135
377,251,105,135
473,217,105,135
469,217,105,135
380,251,105,135
390,251,105,135
390,258,105,135
443,221,105,135
463,214,105,135
390,251,105,135
390,251,105,135
390,251,105,135
370,248,107,138
374,249,107,138
445,215,107,138
452,215,107,138
378,249,107,138
378,249,107,138
442,215,107,138
435,215,107,138
374,249,107,138
374,249,107,138
418,211,107,138
381,249,107,138
418,211,107,138
462,218,107,138
374,249,107,138
448,214,109,141
372,251,109,141
378,251,109,141
372,247,109,141
375,251,109,141
372,247,109,141
378,251,109,141
368,247,109,141
378,247,109,141
361,247,109,141
372,247,109,141
368,254,109,141
378,247,109,141
368,251,109,141
361,247,109,141
378,251,109,141
368,251,109,141
372,247,109,141
368,251,109,141
368,251,109,141
372,251,109,141
372,251,109,141
372,247,109,141
368,247,109,141
368,247,109,141
378,251,109,141
361,247,109,141
375,251,109,141
372,251,109,141
375,251,109,141
361,247,109,141
375,251,109,141
368,251,109,141
361,247,109,141
375,251,109,141
372,251,109,141
392,131,109,141
509,36,109,141
512,29,109,141
509,1,109,141
512,29,109,141
509,11,109,141
506,22,109,141
509,32,109,141
509,1,109,141
511,31,107,138
509,1,107,138
506,1,107,138
513,1,107,138
509,1,107,138
509,28,107,138
502,1,107,138
506,1,107,138
506,1,107,138
502,1,107,138
506,35,107,138
502,1,107,138
502,14,107,138
506,1,107,138
502,28,107,138
502,32,107,138
502,32,107,138
499,1,107,138
499,21,107,138
502,1,107,138
499,14,107,138
496,1,107,138
496,1,107,138
496,1,107,138
499,1,107,138
486,1,107,138
492,1,107,138
489,1,107,138
486,1,107,138
489,1,107,138
489,25,107,138
489,1,107,138
489,1,107,138
489,1,107,138
486,1,107,138
486,1,107,138
486,1,107,138
486,14,107,138
486,1,107,138
486,1,107,138
489,1,107,138
486,1,107,138
486,1,107,138
486,1,107,138
475,18,107,138
486,1,107,138
486,1,107,138
479,21,107,138
482,1,107,138
479,25,107,138
486,1,107,138
479,1,107,138
472,32,107,138
475,35,107,138
465,35,107,138
472,24,109,141
471,36,109,141
475,18,109,141
475,1,109,141
475,32,109,141
475,18,109,141
468,18,109,141
471,1,109,141
471,18,109,141
471,25,109,141
468,29,109,141
468,36,109,141
471,25,109,141
464,39,109,141
461,1,109,141
457,36,109,141
461,39,109,141
461,39,109,141
457,39,109,141
461,1,109,141
461,39,109,141
461,39,109,141
461,8,109,141
461,1,109,141
461,1,109,141
461,1,109,141
461,1,109,141
457,1,109,141
457,1,109,141
457,1,109,141
457,1,109,141
461,1,109,141
454,36,109,141
457,1,109,141
454,32,109,141
454,1,109,141
461,1,109,141
454,1,109,141
451,43,109,141
454,1,109,141
447,32,109,141
447,43,109,141
451,32,109,141
451,32,109,141
451,32,109,141
451,32,109,141
451,39,109,141
451,1,109,141
447,39,109,141
444,32,109,141
440,32,109,141
444,43,109,141
444,39,109,141
440,32,109,141
440,22,109,141
440,18,109,141
437,57,109,141
440,22,109,141
437,39,109,141
440,32,109,141
437,57,109,141
437,32,109,141
437,36,109,141
437,29,109,141
433,57,109,141
433,50,109,141
437,1,109,141
433,29,109,141
427,32,109,141
433,32,109,141
437,32,109,141
437,1,109,141
437,1,109,141
430,29,109,141
427,32,109,141
433,22,109,141
423,57,109,141
427,32,109,141
437,25,109,141
427,39,109,141
423,64,109,141
420,43,109,141
423,57,109,141
437,1,109,141
427,32,109,141
420,43,109,141
420,53,109,141
420,43,109,141
416,39,109,141
437,25,109,141
430,1,109,141
420,46,109,141
416,57,109,141
416,50,109,141
420,43,109,141
420,43,109,141
420,43,109,141
420,43,109,141
420,43,109,141
413,43,109,141
416,43,109,141
420,46,109,141
416,46,109,141
416,60,109,141
413,39,109,141
409,43,109,141
413,43,109,141
409,43,109,141
430,1,109,141
416,46,109,141
413,50,109,141
409,39,109,141
409,43,109,141
427,1,109,141
409,43,109,141
409,43,109,141
409,43,109,141
420,32,109,141
413,32,109,141
409,43,109,141
420,32,109,141
403,60,109,141
427,4,109,141
409,39,109,141
409,32,109,141
427,1,109,141
430,8,109,141
396,57,109,141
396,64,109,141
406,29,109,141
396,64,109,141
396,60,109,141
409,25,109,141
396,60,109,141
396,60,109,141
416,46,109,141
409,43,109,141
396,60,109,141
406,25,109,141
427,1,109,141
409,15,109,141
409,39,109,141
409,36,109,141
409,39,109,141
396,25,109,141
392,60,109,141
423,1,109,141
396,46,109,141
409,29,109,141
416,18,109,141
396,50,109,141
403,25,109,141
399,25,109,141
396,39,109,141
385,67,109,141
396,46,109,141
382,75,109,141
396,25,109,141
389,57,109,141
396,46,109,141
396,22,109,141
392,57,109,141
409,39,109,141
392,46,109,141
389,57,109,141
396,32,109,141
382,60,109,141
385,60,109,141
385,60,109,141
389,39,109,141
385,64,109,141
