577,107,53,43
574,107,53,43
570,108,53,43
568,109,53,43
564,109,53,43
561,111,53,43
558,111,53,43
556,112,53,43
552,113,53,43
550,113,53,43
545,116,53,43
542,117,53,43
538,117,53,43
534,119,53,43
532,120,53,43
528,121,53,43
521,123,53,43
519,124,53,43
517,124,53,43
513,125,53,43
508,127,53,43
504,127,53,43
500,128,53,43
497,130,53,43
491,132,53,43
487,134,53,43
484,134,53,43
480,135,53,43
475,138,53,43
475,138,53,43
471,140,53,43
468,140,53,43
467,142,53,43
464,143,53,43
459,143,53,43
450,143,53,43
446,146,53,43
444,146,53,43
439,147,53,43
435,151,53,43
432,154,53,43
428,158,53,43
426,159,53,43
422,162,53,43
418,164,54,43
414,165,54,43
411,169,54,43
407,170,54,43
405,170,54,43
402,175,54,43
399,177,54,43
395,179,54,43
392,181,54,43
391,183,54,43
390,186,54,43
386,190,54,43
384,192,54,43
383,195,54,43
382,198,54,43
381,201,55,44
380,205,55,44
378,207,55,44
380,210,55,44
380,216,55,44
381,217,55,44
384,221,55,44
389,226,55,44
392,231,55,44
392,235,55,44
397,242,56,45
401,246,56,45
407,250,56,45
404,253,56,45
415,260,56,45
421,263,56,45
432,270,56,45
432,274,56,45
408,283,56,45
414,290,56,45
425,301,55,44
433,308,55,44
447,315,55,44
461,328,55,44
473,336,55,44
498,353,55,44
516,364,55,44
