388,116,62,66
388,116,62,66
388,116,62,66
388,116,62,66
390,116,63,67
392,114,63,67
392,112,63,67
392,112,63,67
394,112,63,67
394,110,63,67
396,108,63,67
396,108,63,67
396,106,63,67
396,106,63,67
402,104,63,67
408,104,63,67
408,104,63,67
408,104,63,67
406,101,63,67
404,104,63,67
404,106,63,67
402,106,63,67
402,106,63,67
402,108,63,67
398,112,64,68
398,112,64,68
398,112,64,68
390,121,64,68
390,121,64,68
384,125,64,68
381,125,64,68
381,125,64,68
381,125,64,68
390,121,64,68
394,121,64,68
396,121,64,68
396,121,64,68
396,121,64,68
398,121,64,68
404,116,64,68
406,116,64,68
410,114,64,68
410,114,64,68
408,112,64,68
404,114,64,68
402,114,64,68
404,114,64,68
408,116,64,68
412,119,64,68
423,124,63,67
425,125,63,67
421,123,63,67
425,125,63,67
425,125,63,67
425,125,63,67
425,125,63,67
425,125,63,67
425,125,63,67
425,125,63,67
425,125,63,67
425,125,63,67
425,125,63,67
425,125,63,67
425,125,63,67
425,125,63,67
425,125,63,67
425,127,63,67
425,127,63,67
425,127,63,67
425,127,63,67
423,127,63,67
425,127,63,67
419,125,63,67
419,123,63,67
410,123,64,68
394,114,64,68
394,114,64,68
388,110,64,68
384,112,64,68
381,107,63,67
380,108,63,67
380,108,63,67
376,108,63,67
378,108,63,67
378,106,63,67
378,108,63,67
378,108,63,67
380,108,63,67
382,108,63,67
384,109,62,65
382,108,62,66
382,108,62,66
380,108,62,66
380,108,62,66
380,108,62,66
380,108,62,66
380,108,62,66
382,108,62,66
382,108,62,66
388,110,63,67
392,112,63,67
396,112,63,67
394,110,63,67
390,104,63,67
390,104,64,68
392,106,64,68
392,106,64,68
392,106,64,68
390,108,64,68
390,110,65,70
391,108,65,70
391,108,65,70
389,108,65,70
389,108,65,70
389,110,67,71
391,108,67,71
388,108,67,71
388,108,67,71
388,105,67,71
393,105,67,71
388,105,67,71
388,105,67,71
388,103,67,71
388,103,67,71
388,103,67,71
388,101,67,71
388,101,67,71
388,101,67,71
388,101,67,71
388,101,67,71
388,101,67,71
388,101,67,71
388,101,67,71
388,101,67,71
387,99,68,72
388,98,68,72
388,101,68,72
388,101,68,72
386,101,68,72
386,101,68,72
386,101,68,72
386,101,68,72
383,101,68,72
383,101,68,72
386,101,69,74
382,100,69,74
382,105,69,74
382,105,69,74
380,103,69,74
380,103,69,74
380,105,69,74
380,103,69,74
380,103,69,74
378,103,69,74
378,103,69,74
378,103,69,74
376,105,69,74
376,105,69,74
376,105,69,74
376,105,69,74
376,103,69,74
376,105,69,74
376,105,69,74
376,105,69,74
376,105,71,75
374,105,71,75
374,105,71,75
374,105,71,75
374,105,71,75
374,105,71,75
372,102,71,75
372,102,71,75
372,102,71,75
370,102,71,75
372,102,71,75
370,102,71,75
372,100,71,75
370,100,71,75
370,98,71,75
372,98,71,75
379,98,71,75
386,98,71,75
392,95,71,75
401,98,71,75
403,104,69,74
395,105,69,74
395,105,69,74
393,105,69,74
391,107,69,74
391,107,69,74
389,107,69,74
389,107,69,74
389,107,69,74
389,107,69,74
389,107,69,74
389,107,69,74
387,107,69,74
387,107,69,74
387,107,69,74
388,109,68,72
388,108,68,72
392,108,68,72
392,105,68,72
392,108,68,72
396,109,67,71
401,110,67,71
399,110,67,71
403,110,67,71
401,110,67,71
403,110,67,71
401,110,67,71
403,110,67,71
403,110,67,71
403,110,67,71
401,110,68,72
403,105,68,72
401,105,68,72
401,105,68,72
403,105,68,72
401,99,69,74
398,96,69,74
402,105,69,74
400,105,69,74
400,105,69,74
400,105,69,74
400,105,69,74
395,105,69,74
395,105,69,74
398,107,69,74
395,110,69,74
395,110,69,74
395,110,69,74
395,110,69,74
393,107,69,74
394,108,71,75
392,109,71,75
394,109,71,75
394,109,71,75
394,109,71,75
397,109,71,75
397,109,71,75
397,109,71,75
397,109,71,75
397,112,71,75
399,112,71,75
399,112,71,75
399,112,71,75
399,112,71,75
399,112,71,75
399,112,71,75
399,109,71,75
399,109,71,75
399,109,71,75
399,109,71,75
401,109,71,75
399,109,71,75
401,109,71,75
401,109,71,75
401,109,71,75
401,109,71,75
399,109,71,75
399,107,71,75
399,109,71,75
399,109,71,75
399,109,71,75
401,109,71,75
403,109,71,75
408,107,71,75
412,105,71,75
414,107,71,75
417,107,71,75
419,107,71,75
426,105,71,75
428,105,71,75
432,105,71,75
434,105,71,75
434,102,71,75
434,105,71,75
437,105,71,75
437,105,71,75
439,105,71,75
437,105,71,75
439,105,71,75
439,105,71,75
439,105,71,75
441,105,71,75
441,107,71,75
441,107,71,75
441,107,71,75
441,107,71,75
441,107,71,75
443,107,71,75
443,107,71,75
443,107,71,75
443,107,71,75
443,107,71,75
443,102,71,75
441,107,71,75
441,105,71,75
441,105,71,75
439,105,71,75
441,102,71,75
441,105,71,75
441,105,71,75
441,105,71,75
439,105,71,75
439,107,71,75
439,105,71,75
439,105,71,75
441,104,69,74
439,105,69,74
439,105,69,74
439,105,69,74
439,105,69,74
439,103,69,74
439,103,69,74
437,103,69,74
435,103,69,74
435,103,69,74
433,103,69,74
430,103,69,74
430,103,69,74
428,103,69,74
428,103,69,74
426,103,69,74
426,103,69,74
426,103,69,74
424,105,69,74
424,103,69,74
424,103,69,74
419,103,69,74
417,103,69,74
419,105,69,74
417,103,69,74
417,105,69,74
417,103,69,74
417,105,69,74
417,105,69,74
417,105,69,74
417,103,69,74
417,103,69,74
415,103,69,74
415,103,69,74
415,103,69,74
415,103,69,74
415,105,69,74
415,103,69,74
415,103,69,74
415,103,69,74
415,103,69,74
415,103,69,74
413,103,69,74
415,100,69,74
415,100,69,74
352,114,69,74
350,114,69,74
350,114,69,74
350,114,69,74
347,114,69,74
345,110,69,74
345,112,69,74
345,110,69,74
345,110,69,74
345,110,69,74
349,111,68,72
351,110,68,72
353,110,68,72
353,110,68,72
360,110,68,72
371,108,69,74
369,110,69,74
369,107,69,74
369,107,69,74
369,110,69,74
369,110,69,74
365,110,69,74
367,110,69,74
367,110,69,74
367,110,69,74
367,110,71,75
365,109,71,75
368,109,71,75
368,109,71,75
370,109,71,75
372,109,71,75
372,107,71,75
370,109,71,75
372,109,71,75
370,109,71,75
372,109,71,75
372,109,71,75
370,112,71,75
370,112,71,75
372,109,71,75
372,112,71,75
372,112,71,75
370,112,71,75
372,112,71,75
372,112,71,75
374,109,71,75
372,112,71,75
372,112,71,75
370,112,71,75
370,112,71,75
372,112,71,75
370,112,71,75
372,112,71,75
372,112,71,75
370,112,71,75
372,112,71,75
372,114,71,75
374,114,71,75
374,114,71,75
374,112,71,75
374,112,71,75
374,112,71,75
377,109,71,75
377,109,71,75
377,109,71,75
377,105,71,75
377,107,71,75
379,107,71,75
381,107,71,75
379,109,71,75
381,107,71,75
381,107,71,75
381,105,71,75
381,102,71,75
379,98,71,75
383,98,71,75
377,91,71,75
374,88,71,75
370,88,71,75
370,88,71,75
372,88,72,77
371,90,72,77
373,92,72,77
375,95,72,77
377,100,72,77
380,104,72,77
382,107,72,77
382,107,72,77
382,109,72,77
380,109,72,77
380,104,72,77
377,107,72,77
377,104,72,77
373,100,72,77
373,100,72,77
375,100,72,77
384,97,72,77
382,97,72,77
380,97,72,77
382,100,72,77
382,102,72,77
373,112,72,77
380,112,72,77
368,114,72,77
361,112,72,77
355,112,72,77
346,104,72,77
336,102,72,77
334,95,72,77
330,92,72,77
327,90,72,77
323,88,72,77
321,90,72,77
321,90,72,77
321,92,72,77
318,92,72,77
321,95,72,77
321,95,72,77
325,95,72,77
325,95,72,77
327,95,72,77
327,97,72,77
330,97,72,77
330,97,72,77
330,97,72,77
330,97,72,77
332,97,72,77
327,97,72,77
325,97,72,77
325,97,72,77
327,97,72,77
327,97,72,77
325,97,72,77
325,97,72,77
325,100,72,77
327,97,72,77
325,97,72,77
325,97,72,77
325,97,72,77
391,107,72,77
391,107,72,77
391,107,72,77
391,107,72,77
391,107,72,77
391,107,72,77
391,107,72,77
391,107,72,77
391,107,72,77
391,107,72,77
391,107,72,77
391,107,74,78
392,106,74,78
392,106,74,78
392,106,74,78
392,106,74,78
392,106,74,78
392,106,74,78
392,106,74,78
392,106,74,78
392,106,74,78
392,106,74,78
392,106,74,78
392,106,74,78
392,106,74,78
392,106,74,78
392,106,74,78
392,106,74,78
392,106,74,78
392,106,74,78
392,106,74,78
394,109,74,78
394,109,74,78
392,106,74,78
392,106,74,78
352,102,74,78
391,108,72,77
391,109,72,77
391,109,72,77
396,121,72,77
402,121,72,77
416,131,72,77
425,136,72,77
427,136,72,77
427,136,72,77
445,126,72,77
445,126,72,77
434,131,72,77
430,131,72,77
430,129,72,77
418,126,72,77
420,126,72,77
396,126,72,77
396,124,72,77
393,126,72,77
391,129,72,77
396,131,72,77
391,133,72,77
384,133,72,77
368,133,72,77
364,148,72,77
336,142,71,75
332,140,71,75
305,128,71,75
299,126,71,75
285,124,71,75
283,121,71,75
281,119,71,75
281,119,71,75
281,119,71,75
281,119,71,75
281,119,71,75
281,119,71,75
281,119,71,75
281,119,71,75
297,119,71,75
299,119,71,75
301,119,71,75
301,119,71,75
301,119,71,75
301,119,71,75
301,119,71,75
301,119,71,75
301,119,71,75
301,119,71,75
301,119,71,75
301,119,71,75
301,119,71,75
301,119,71,75
301,119,71,75
301,119,71,75
301,119,71,75
301,119,71,75
301,119,71,75
301,119,71,75
301,119,71,75
301,119,71,75
301,119,71,75
301,119,71,75
301,119,71,75
301,119,71,75
301,119,71,75
301,119,71,75
301,119,71,75
301,119,71,75
301,119,71,75
301,119,71,75
301,119,71,75
301,119,71,75
301,119,71,75
301,119,71,75
301,119,71,75
301,119,71,75
301,119,71,75
301,119,71,75
301,119,71,75
301,119,71,75
301,119,71,75
301,119,71,75
301,119,71,75
301,119,71,75
370,138,71,75
372,136,71,75
379,136,71,75
383,133,71,75
392,126,71,75
401,119,71,75
403,86,71,75
414,81,71,75
417,81,71,75
432,86,71,75
432,88,71,75
434,91,71,75
437,95,71,75
426,95,71,75
426,95,71,75
426,96,72,77
425,95,72,77
425,95,72,77
425,95,72,77
432,92,72,77
434,92,72,77
423,85,72,77
434,88,72,77
432,85,72,77
430,83,72,77
427,80,72,77
416,80,72,77
425,78,72,77
423,78,72,77
411,75,72,77
405,73,72,77
405,73,72,77
405,73,72,77
405,71,72,77
405,73,72,77
409,73,72,77
409,71,72,77
409,75,72,77
405,71,72,77
407,71,72,77
409,71,72,77
409,75,72,77
402,73,72,77
400,73,72,77
405,73,72,77
400,73,72,77
396,71,72,77
393,71,72,77
391,71,72,77
391,71,72,77
387,71,74,78
385,67,74,78
394,67,74,78
408,72,74,78
406,74,74,78
403,74,74,78
396,79,74,78
396,77,74,78
406,82,74,78
401,79,74,78
401,74,74,78
403,82,74,78
401,79,74,78
403,82,74,78
408,82,74,78
396,77,74,78
394,77,74,78
376,77,74,78
362,77,74,78
339,87,74,78
332,87,74,78
325,89,74,78
325,94,74,78
322,94,74,78
320,97,74,78
325,99,74,78
322,97,74,78
327,97,74,78
329,97,74,78
332,97,74,78
336,94,74,78
341,89,74,78
348,89,74,78
364,94,74,78
371,94,74,78
377,103,72,77
377,114,72,77
384,126,72,77
373,136,72,77
371,136,72,77
337,136,74,78
336,136,74,78
369,136,74,78
376,131,74,78
376,131,74,78
385,119,74,78
385,119,74,78
417,102,74,78
413,97,74,78
424,102,74,78
424,94,74,78
422,109,74,78
429,99,74,78
431,102,74,78
434,111,74,78
445,116,74,78
431,111,74,78
434,114,74,78
431,114,74,78
434,119,74,78
429,119,74,78
450,124,74,78
431,116,74,78
427,116,74,78
401,139,74,78
403,140,72,77
402,138,72,77
402,138,72,77
436,121,72,77
439,121,72,77
439,119,72,77
439,119,72,77
443,121,72,77
441,119,72,77
443,119,72,77
446,122,74,78
443,114,74,78
445,121,74,78
392,134,74,78
387,114,74,78
394,131,74,78
378,109,74,78
369,109,74,78
359,102,74,78
355,99,74,78
352,99,74,78
352,102,74,78
355,97,74,78
352,99,74,78
352,97,74,78
355,92,74,78
355,89,74,78
369,87,74,78
376,82,74,78
380,82,74,78
385,79,74,78
390,84,74,78
394,89,74,78
399,97,74,78
401,106,74,78
399,99,74,78
424,89,74,78
417,92,74,78
420,89,74,78
415,92,74,78
396,104,74,78
396,102,74,78
394,104,74,78
390,99,74,78
359,87,74,78
322,82,74,78
313,92,74,78
306,89,74,78
295,92,74,78
292,89,74,78
292,89,74,78
295,97,74,78
295,97,74,78
295,97,74,78
299,97,74,78
302,94,74,78
304,94,74,78
304,92,74,78
304,89,74,78
322,92,74,78
329,89,74,78
329,94,74,78
332,94,74,78
336,102,74,78
348,92,74,78
369,82,74,78
359,94,74,78
350,97,74,78
327,111,74,78
315,109,74,78
308,103,72,77
302,107,72,77
307,104,72,77
307,107,72,77
312,109,72,77
355,122,74,78
366,126,74,78
366,126,74,78
399,131,74,78
399,131,74,78
399,131,74,78
399,131,74,78
364,94,74,78
366,84,74,78
352,82,74,78
350,82,74,78
350,82,74,78
350,82,74,78
352,84,74,78
352,89,74,78
352,93,72,77
350,92,72,77
348,92,72,77
352,88,72,77
350,88,72,77
352,85,72,77
350,88,72,77
382,71,72,77
393,78,72,77
402,75,72,77
402,82,71,75
383,128,71,75
392,133,71,75
370,136,71,75
374,136,71,75
370,140,71,75
368,136,71,75
365,136,71,75
363,136,71,75
365,136,71,75
365,133,71,75
365,136,71,75
423,121,71,75
423,121,71,75
432,121,71,75
433,122,72,77
432,121,72,77
436,121,72,77
436,121,72,77
436,121,72,77
439,121,72,77
439,121,72,77
439,124,72,77
439,124,72,77
432,121,72,77
432,119,72,77
425,119,72,77
425,112,72,77
414,104,72,77
400,92,72,77
397,92,71,75
390,88,71,75
372,86,71,75
341,86,71,75
323,91,71,75
330,93,71,75
308,95,71,75
303,105,71,75
294,105,71,75
301,112,71,75
303,112,71,75
303,114,71,75
303,114,71,75
301,112,71,75
317,105,71,75
317,102,71,75
321,102,71,75
392,131,71,75
399,133,71,75
399,133,71,75
398,135,69,74
398,135,69,74
400,135,69,74
398,135,69,74
393,105,69,74
393,128,69,74
389,133,69,74
398,133,69,74
400,110,69,74
395,135,69,74
398,135,69,74
395,131,69,74
395,131,69,74
406,114,69,74
402,114,69,74
406,110,69,74
400,114,69,74
400,114,69,74
385,114,69,74
378,117,69,74
371,126,69,74
356,119,69,74
350,121,69,74
299,128,69,74
295,128,69,74
289,133,69,74
286,133,69,74
284,133,69,74
280,133,69,74
280,131,69,74
284,131,69,74
289,128,69,74
291,128,69,74
299,124,69,74
302,121,69,74
313,114,69,74
323,112,69,74
343,98,69,74
356,93,69,74
361,86,69,74
367,96,69,74
376,96,69,74
387,98,69,74
395,96,69,74
402,105,69,74
406,107,68,72
403,108,68,72
396,130,68,72
396,130,68,72
396,133,68,72
396,133,68,72
396,133,68,72
396,135,68,72
396,133,68,72
396,133,68,72
394,135,68,72
394,135,68,72
396,135,68,72
396,135,68,72
394,133,68,72
397,133,69,74
374,110,69,74
341,105,69,74
308,112,69,74
326,121,69,74
326,117,69,74
326,117,69,74
319,117,69,74
315,121,69,74
310,112,69,74
311,112,71,75
311,112,71,75
311,112,71,75
314,121,71,75
314,112,71,75
281,128,71,75
281,128,71,75
281,128,71,75
317,121,71,75
317,121,71,75
317,121,71,75
281,131,71,75
317,119,71,75
312,114,71,75
314,121,71,75
312,114,71,75
314,112,71,75
317,112,71,75
388,128,71,75
399,133,71,75
403,137,69,74
363,77,69,74
376,89,69,74
378,112,69,74
385,121,69,74
387,135,69,74
378,128,69,74
378,133,69,74
376,128,69,74
374,128,69,74
374,128,69,74
374,128,69,74
371,124,69,74
376,128,69,74
369,121,69,74
374,124,69,74
374,128,69,74
376,133,69,74
389,135,69,74
452,131,69,74
439,132,68,72
441,133,68,72
398,108,68,72
401,105,68,72
401,105,68,72
402,109,67,71
466,148,67,71
401,105,67,71
407,139,67,71
407,139,67,71
409,141,65,70
408,138,65,70
408,138,65,70
408,138,65,70
408,138,65,70
406,138,65,70
406,138,65,70
406,138,65,70
403,138,65,70
403,138,65,70
403,138,65,70
403,138,65,70
403,138,65,70
403,138,65,70
371,132,65,70
371,132,65,70
371,134,65,70
371,134,65,70
369,132,65,70
369,134,65,70
369,132,65,70
369,132,65,70
369,132,65,70
369,132,65,70
369,134,65,70
369,134,67,71
399,137,67,71
368,132,67,71
399,137,67,71
466,130,67,71
464,130,67,71
464,130,67,71
462,130,67,71
462,128,67,71
458,123,67,71
456,123,67,71
447,126,67,71
443,126,67,71
443,121,67,71
439,119,67,71
439,117,67,71
439,117,67,71
428,121,67,71
439,117,67,71
439,117,67,71
439,117,67,71
441,117,67,71
435,119,67,71
433,119,67,71
445,117,67,71
441,117,68,72
430,121,68,72
441,119,68,72
443,126,68,72
437,128,68,72
437,121,68,72
430,121,68,72
420,137,68,72
441,130,68,72
424,137,68,72
430,135,68,72
430,135,68,72
430,135,68,72
433,137,68,72
420,137,68,72
414,135,69,74
406,128,69,74
398,86,69,74
400,135,69,74
398,79,69,74
406,138,69,74
406,138,69,74
406,138,69,74
406,138,69,74
409,138,69,74
410,139,68,72
409,139,68,72
409,139,68,72
409,139,68,72
409,139,68,72
409,139,68,72
411,139,68,72
411,139,68,72
411,139,68,72
411,139,68,72
411,139,68,72
409,137,68,72
411,139,68,72
411,139,68,72
409,139,68,72
409,139,68,72
409,139,68,72
409,139,68,72
341,98,68,72
330,114,68,72
340,118,67,71
349,123,67,71
342,121,67,71
347,121,67,71
344,123,67,71
351,123,67,71
349,126,67,71
351,123,67,71
349,123,67,71
349,126,67,71
380,134,67,71
378,134,67,71
355,128,67,71
353,128,67,71
353,128,67,71
409,141,65,70
408,141,65,70
379,125,65,70
393,119,65,70
383,132,65,70
393,130,65,70
397,132,65,70
399,134,65,70
399,123,65,70
393,123,65,70
393,123,65,70
393,127,65,70
391,114,65,70
391,119,65,70
406,141,65,70
401,105,64,68
400,106,64,68
400,108,64,68
400,108,64,68
398,108,64,68
382,138,65,70
391,112,65,70
379,141,65,70
379,141,65,70
385,117,65,70
387,117,65,70
389,119,65,70
389,121,65,70
389,121,65,70
389,119,65,70
378,129,64,68
377,127,64,68
404,140,64,68
392,112,64,68
367,110,64,68
369,101,64,68
375,101,64,68
371,106,64,68
343,93,64,68
406,142,64,68
407,144,63,67
408,144,63,67
408,144,63,67
408,144,63,67
408,144,63,67
393,109,62,65
407,145,62,66
411,141,62,66
402,124,62,66
390,116,62,66
390,135,63,67
400,125,63,67
