449,380,70,69
453,380,69,69
462,380,69,69
473,382,70,69
486,382,70,69
510,386,70,69
521,386,70,69
536,386,70,69
543,384,70,69
558,384,70,69
493,326,70,69
501,326,70,69
508,326,70,69
515,326,70,69
517,324,70,69
519,324,70,69
519,326,70,69
517,326,70,69
515,328,70,69
515,330,70,69
506,333,69,69
501,335,70,69
491,333,70,69
480,337,69,69
473,337,70,69
442,348,70,69
434,350,70,69
423,361,70,69
416,369,70,69
407,378,70,69
388,386,70,69
381,382,70,69
372,384,70,69
370,384,70,69
370,382,70,69
372,378,70,69
379,376,70,69
386,369,70,69
394,365,70,69
403,363,70,69
416,354,70,69
418,348,70,69
412,341,70,69
401,341,70,69
388,339,70,69
375,302,70,69
348,356,70,69
366,320,70,69
375,328,70,69
383,335,70,69
392,348,70,69
390,352,70,69
388,356,70,69
383,361,70,69
379,361,70,69
381,361,70,69
403,348,70,69
414,346,70,69
480,415,69,69
479,416,68,67
459,406,68,67
451,404,68,67
447,398,68,67
447,392,68,67
451,389,68,67
462,379,68,67
472,375,68,67
477,370,68,67
479,368,68,67
483,366,68,67
494,362,68,67
502,360,68,67
515,354,68,67
554,400,68,67
568,397,67,66
575,394,67,66
591,388,67,66
608,384,67,66
608,382,67,66
608,378,67,66
608,371,67,66
606,363,67,66
604,359,67,66
602,365,67,66
604,374,67,66
598,367,67,66
591,367,67,66
579,365,67,66
575,367,67,66
583,367,67,66
577,369,67,66
585,371,67,66
583,376,67,66
585,380,67,66
581,384,67,66
581,386,67,66
579,386,67,66
581,388,67,66
577,386,67,66
579,388,67,66
577,382,67,66
579,378,67,66
577,378,67,66
579,374,67,66
585,374,67,66
587,376,67,66
591,376,67,66
593,378,67,66
593,376,67,66
599,379,65,65
602,380,65,65
609,378,65,65
613,378,65,65
615,376,65,65
617,376,65,65
617,374,65,65
623,374,65,65
619,370,65,65
621,370,65,65
625,371,67,66
627,369,67,66
633,369,67,66
635,367,67,66
635,371,67,66
640,374,67,66
640,376,67,66
644,376,67,66
646,378,67,66
644,378,67,66
648,376,67,66
648,374,67,66
650,371,67,66
650,367,67,66
650,367,67,66
650,363,67,66
648,367,67,66
646,369,67,66
644,369,67,66
640,365,67,66
641,367,65,65
640,370,65,65
637,370,65,65
637,372,65,65
637,374,65,65
635,376,65,65
640,376,65,65
637,378,65,65
633,378,65,65
625,376,65,65
613,378,65,65
607,378,65,65
594,378,65,65
588,380,65,65
586,380,65,65
594,378,65,65
596,376,65,65
596,374,65,65
586,370,65,65
590,372,65,65
584,370,65,65
586,370,65,65
584,366,65,65
571,362,65,65
567,366,65,65
550,372,64,63
536,375,64,63
536,373,64,63
546,377,64,63
576,401,64,63
593,405,64,63
595,405,64,63
593,407,64,63
578,413,64,63
578,415,64,63
566,417,64,63
566,417,64,63
542,417,64,63
526,413,64,63
512,409,64,63
504,405,64,63
498,403,64,63
496,399,64,63
504,391,64,63
516,387,64,63
528,385,64,63
526,383,64,63
534,383,64,63
532,381,64,63
534,379,64,63
540,377,64,63
544,375,64,63
552,373,64,63
558,371,64,63
568,371,64,63
572,371,64,63
578,367,64,63
585,367,64,63
585,367,64,63
583,367,64,63
592,367,63,62
593,366,63,62
591,364,63,62
593,362,63,62
597,362,63,62
595,362,63,62
599,360,63,62
599,362,63,62
601,362,63,62
601,364,63,62
604,365,62,61
601,368,62,61
599,372,62,61
599,372,62,61
601,372,62,61
591,377,60,60
589,376,60,60
589,376,60,60
591,378,60,60
587,374,60,60
585,376,60,60
587,376,60,60
585,378,60,60
589,378,60,60
587,376,60,60
572,379,59,58
576,378,59,58
574,376,59,58
579,374,59,58
576,370,59,58
576,370,59,58
583,369,59,58
579,365,59,58
577,359,59,58
577,359,59,58
566,361,59,58
557,363,59,58
534,370,59,58
521,369,59,58
521,385,59,58
510,383,59,58
493,383,59,58
478,380,59,58
456,378,59,58
443,378,59,58
428,378,59,58
419,378,59,58
409,378,59,58
411,380,59,58
415,381,59,58
415,387,59,58
421,387,59,58
434,387,59,58
439,387,59,58
452,385,59,58
460,385,59,58
475,383,59,58
488,383,59,58
512,383,59,58
527,385,59,58
545,387,58,57
545,387,58,57
545,387,58,57
545,387,58,57
545,387,58,57
545,387,58,57
545,387,58,57
487,419,58,57
498,372,58,57
509,399,58,57
520,417,58,57
522,394,58,57
526,415,58,57
520,399,58,57
515,414,58,57
508,414,58,57
491,365,58,57
482,372,58,57
471,397,58,57
460,397,58,57
447,419,58,57
429,383,58,57
416,401,58,57
401,421,58,57
383,406,58,57
364,401,57,56
349,395,57,56
336,414,57,56
315,421,57,56
300,374,57,56
298,432,56,55
289,434,56,55
280,429,56,55
273,412,56,55
268,420,56,55
264,420,56,55
259,427,56,55
256,429,56,55
250,429,56,55
243,425,56,55
234,427,56,55
222,420,56,55
212,434,56,55
196,431,56,55
176,420,56,55
157,418,56,55
138,417,56,55
124,448,56,55
108,417,56,55
97,413,56,55
90,401,56,55
85,417,56,55
83,413,56,55
94,439,56,55
87,412,56,55
88,413,55,54
87,414,55,54
87,414,55,54
102,424,55,54
126,431,55,54
143,429,54,53
148,417,54,53
163,427,54,53
180,427,54,53
197,439,54,53
214,459,54,53
230,429,54,53
247,431,54,53
263,416,54,53
271,431,54,53
278,434,54,53
281,432,54,53
280,426,54,53
269,387,54,53
266,421,54,53
263,422,54,53
263,422,54,53
269,399,54,53
274,431,54,53
278,421,54,53
279,435,53,52
279,434,53,52
274,401,53,52
271,425,53,52
262,393,53,52
252,394,53,52
239,403,53,52
226,411,53,52
213,419,53,52
206,416,53,52
196,404,53,52
193,420,53,52
190,422,53,52
190,424,53,52
188,412,53,52
194,432,53,52
194,427,53,52
188,417,53,52
191,425,53,52
191,435,53,52
190,434,53,52
185,414,53,52
183,412,53,52
183,429,53,52
181,414,53,52
181,430,53,52
181,432,53,52
180,434,53,52
178,437,53,52
176,438,53,52
173,430,53,52
170,434,53,52
168,438,53,52
165,438,53,52
163,437,53,52
161,438,53,52
161,438,53,52
161,438,53,52
160,429,53,52
161,430,53,52
166,440,52,51
163,425,52,51
171,444,52,51
171,431,52,51
174,436,52,51
176,443,50,50
174,443,50,50
173,425,50,50
171,432,50,50
173,437,50,50
174,439,49,49
175,439,49,49
179,442,50,49
179,438,50,49
180,439,49,49
179,436,50,49
171,421,49,49
180,446,49,49
180,446,49,49
183,439,49,49
175,438,49,49
183,439,49,49
186,436,49,49
186,441,49,49
179,424,50,49
177,424,49,49
191,447,49,49
188,436,49,49
188,438,49,49
183,429,49,49
182,433,49,49
183,435,49,49
183,435,49,49
183,435,49,49
182,436,49,49
190,426,49,49
191,439,49,49
191,438,49,49
191,438,49,49
185,429,49,49
193,436,50,49
188,433,49,49
199,453,49,49
200,447,49,49
191,419,49,49
200,435,49,49
204,436,49,49
204,433,49,49
204,438,49,49
202,433,49,49
204,435,49,49
204,436,49,49
205,436,49,49
205,436,49,49
205,436,49,49
205,433,49,49
205,430,49,49
205,432,49,49
200,416,49,49
204,419,49,49
205,433,49,49
208,435,49,49
210,435,49,49
210,429,49,49
213,432,49,49
215,431,50,50
216,426,50,50
217,437,50,50
217,434,50,50
220,437,50,50
222,434,50,50
224,443,50,50
224,448,50,50
224,447,50,50
224,431,50,50
223,434,49,49
224,433,49,49
222,424,49,49
225,444,49,49
227,446,49,49
227,446,49,49
227,429,49,49
229,433,49,49
227,424,49,49
232,430,49,49
236,435,49,49
241,433,49,49
243,419,49,49
252,430,49,49
255,421,49,49
257,424,49,49
258,433,49,49
255,426,49,49
260,422,49,49
260,422,49,49
263,424,50,49
265,416,49,49
266,421,49,49
268,418,49,49
268,419,49,49
268,421,49,49
266,418,49,49
265,418,49,49
265,418,49,49
263,418,50,49
261,419,49,49
261,419,49,49
261,419,49,49
260,412,49,49
258,422,49,49
257,409,49,49
257,418,49,49
257,421,49,49
255,426,49,49
255,418,49,49
252,412,49,49
258,422,49,49
260,426,49,49
255,421,49,49
260,421,49,49
258,418,49,49
258,424,49,49
252,412,49,49
257,421,49,49
257,421,49,49
257,421,49,49
255,421,49,49
255,421,49,49
255,416,49,49
257,426,49,49
257,418,49,49
254,412,49,49
250,409,49,49
252,419,49,49
249,409,50,49
255,421,49,49
260,424,49,49
261,426,49,49
265,419,49,49
271,424,49,49
274,429,49,49
274,419,49,49
272,415,49,49
271,415,49,49
271,413,49,49
274,429,49,49
277,421,50,49
282,424,49,49
288,429,49,49
291,433,50,49
299,430,49,49
304,422,49,49
308,427,49,49
310,416,49,49
324,452,49,49
330,455,49,49
338,455,49,49
343,458,49,49
347,467,49,49
340,429,50,49
357,469,49,49
360,446,49,49
366,438,49,49
369,438,49,49
369,439,49,49
361,449,49,49
346,404,49,49
338,395,49,49
330,387,49,49
324,384,49,49
319,398,49,49
313,399,49,49
305,376,50,49
308,426,49,49
310,424,49,49
310,424,49,49
315,432,49,49
319,433,49,49
318,406,49,49
335,452,49,49
343,452,49,49
341,436,49,49
338,435,49,49
336,429,49,49
332,415,49,49
330,404,49,49
333,415,49,49
338,436,49,49
344,447,49,49
343,422,49,49
344,421,49,49
347,421,49,49
