253,262,41,100
253,262,41,100
252,262,41,100
252,262,41,100
249,262,41,100
248,261,40,100
245,261,41,100
244,261,41,100
244,261,41,100
245,262,40,98
244,260,40,98
244,259,40,98
247,259,40,98
247,259,40,98
247,259,40,98
248,260,40,98
247,259,40,98
247,259,40,98
245,259,40,98
244,258,40,98
244,258,40,98
244,258,40,98
243,255,40,98
243,255,40,98
243,255,40,98
240,255,40,98
242,255,40,98
242,255,40,98
242,255,40,98
242,255,40,98
242,255,40,98
240,257,40,98
242,255,40,98
242,255,40,98
242,257,40,98
242,255,40,98
242,257,40,98
242,255,40,98
242,257,40,98
242,258,40,98
242,259,40,98
242,255,40,98
240,257,40,98
239,255,40,98
238,257,40,98
238,257,40,98
238,257,40,98
239,257,40,98
239,255,40,98
240,255,40,98
242,254,40,98
240,253,40,98
242,253,40,98
242,253,40,98
242,253,40,100
238,252,40,100
239,252,41,100
236,252,41,100
238,252,40,100
235,252,41,100
235,252,41,100
235,251,41,100
235,252,41,100
235,252,41,100
235,252,41,100
235,252,41,100
235,252,41,100
235,252,41,100
236,252,41,100
234,251,41,100
235,251,41,100
234,251,41,100
234,251,41,100
234,251,41,100
234,251,41,100
234,251,41,100
235,251,41,100
235,251,41,100
234,251,41,100
235,251,41,100
234,251,41,100
234,251,41,100
234,249,41,100
234,251,41,100
234,249,41,100
234,251,41,100
234,251,41,100
234,249,41,100
234,248,41,100
234,251,41,100
234,249,41,100
232,248,41,100
234,249,41,100
232,249,41,100
234,248,41,100
234,248,41,100
232,249,41,100
234,248,41,100
234,248,41,100
234,248,41,100
234,248,41,100
234,248,41,100
234,248,41,100
234,248,41,100
235,248,41,100
232,248,41,100
232,248,41,100
234,248,41,100
234,248,41,100
234,248,41,100
232,248,41,100
234,248,41,100
232,246,41,100
232,248,41,100
234,248,41,100
234,248,41,100
235,248,41,100
235,248,41,100
235,248,41,100
234,249,41,100
235,251,41,100
235,248,41,100
236,248,41,100
238,248,40,100
239,248,41,100
239,248,41,100
240,248,40,100
240,248,40,100
241,247,41,100
241,247,41,100
240,248,40,100
238,246,40,100
239,244,41,100
236,243,41,100
238,242,40,100
238,243,40,100
238,243,40,100
238,243,40,100
238,239,40,100
234,238,41,102
236,236,41,102
234,231,41,101
233,231,41,101
234,231,41,101
234,231,41,101
233,231,41,101
233,231,41,101
233,231,41,101
232,231,41,101
232,231,42,104
232,231,42,104
234,229,42,104
232,231,42,104
232,231,42,104
234,229,42,104
234,231,42,104
234,231,42,104
234,231,42,104
234,231,42,104
234,231,42,104
234,231,42,104
234,231,42,104
234,231,42,104
234,231,42,104
234,231,42,104
234,231,42,104
234,231,42,104
235,231,42,104
234,231,42,104
234,231,42,104
234,231,42,104
234,231,42,104
234,231,42,104
234,231,42,104
234,231,42,104
232,231,42,104
232,231,42,104
232,231,42,104
232,231,42,104
232,231,42,104
234,231,42,104
232,231,42,104
234,231,42,104
234,229,42,104
234,228,43,106
233,229,43,106
233,229,43,106
232,227,43,106
234,230,43,106
234,231,43,106
234,233,43,106
237,234,43,106
247,235,43,106
240,233,43,106
245,234,43,106
245,237,43,106
247,235,43,106
247,235,43,106
247,235,43,106
243,234,44,108
245,231,44,108
245,229,44,108
245,231,44,108
245,231,44,108
245,231,44,108
245,231,44,108
245,232,44,108
245,231,44,108
245,231,44,108
245,232,44,108
245,232,44,108
245,232,44,108
245,231,44,108
245,231,44,108
243,232,44,108
245,231,44,108
245,231,44,108
245,231,44,108
245,231,44,108
245,231,44,108
245,231,44,108
245,231,44,108
245,232,44,108
245,232,44,108
245,232,44,108
245,231,44,108
246,231,44,108
246,231,44,108
247,231,44,108
247,231,44,108
247,231,44,108
246,231,44,108
246,229,44,108
246,229,44,108
246,228,44,108
249,228,44,108
242,228,44,108
243,229,44,108
246,229,44,108
247,228,44,108
249,228,44,108
249,228,44,108
249,229,44,108
249,229,44,108
250,228,44,108
250,229,44,108
250,229,44,108
250,229,44,108
250,229,44,108
250,229,44,108
250,229,44,108
250,229,44,108
250,229,44,108
250,229,44,108
252,229,44,108
250,229,44,108
250,229,44,108
252,229,44,108
250,229,44,108
250,229,44,108
252,229,44,108
252,229,44,108
250,229,44,108
250,229,44,108
250,229,44,108
250,229,44,108
250,229,44,108
250,229,44,108
250,229,44,108
250,229,44,108
250,229,44,108
250,229,44,108
249,229,44,108
250,229,44,108
250,229,44,108
250,229,44,108
249,229,44,108
250,228,44,108
249,229,44,108
249,229,44,108
249,228,44,108
249,229,44,108
249,229,44,108
249,229,44,108
250,229,44,108
250,228,44,108
250,229,44,108
250,228,44,108
250,228,44,108
250,229,44,108
250,229,44,108
250,229,44,108
252,229,44,108
252,229,44,108
250,229,44,108
250,229,44,108
249,229,44,108
249,229,44,108
249,229,44,108
247,231,44,108
247,231,44,108
247,231,44,108
247,231,44,108
247,231,44,108
246,229,44,108
246,231,44,108
247,229,44,108
247,231,44,108
246,229,44,108
