576,389,24,25
575,389,24,25
574,389,24,25
572,389,24,25
571,390,24,25
568,390,24,25
567,391,24,25
566,391,24,25
564,392,24,25
563,392,24,25
562,392,24,25
560,392,24,25
559,392,24,25
557,392,24,25
555,392,24,25
554,392,24,25
552,392,24,25
551,393,24,25
548,393,24,25
547,394,24,26
544,394,24,26
541,395,24,26
539,395,24,26
555,369,24,26
550,370,24,26
544,371,24,26
540,372,24,26
537,372,24,26
534,372,24,26
533,374,25,26
531,372,25,26
529,374,25,26
527,374,25,26
523,374,25,26
521,374,25,26
519,374,25,26
518,374,25,26
516,374,25,26
513,374,25,26
511,374,25,26
510,374,25,26
507,374,25,26
505,374,25,26
495,398,25,26
494,398,25,26
493,399,25,26
492,399,25,26
490,400,25,26
488,400,25,26
487,400,25,26
485,400,25,26
483,401,25,26
480,401,25,26
476,401,25,26
472,402,25,26
468,402,25,26
465,403,25,26
461,403,25,26
460,403,25,26
458,403,25,26
449,403,25,26
446,404,25,26
443,405,25,26
441,405,25,26
441,405,25,26
440,406,25,26
440,406,25,26
439,406,25,26
438,406,25,26
437,406,25,26
437,406,25,26
436,406,25,26
435,406,25,26
433,407,25,26
431,407,25,26
430,408,25,26
429,408,25,26
427,408,25,26
426,409,25,26
422,410,25,26
421,410,25,26
419,408,25,26
416,409,25,26
414,409,25,26
411,409,25,26
409,410,25,26
406,411,25,26
405,411,25,26
403,411,25,26
401,411,25,26
399,411,25,26
398,411,25,26
398,411,25,26
398,411,25,26
392,437,25,26
394,439,25,26
396,440,25,26
396,439,25,26
398,438,25,26
377,420,25,27
372,421,25,27
369,421,25,27
368,422,25,27
367,422,25,27
365,422,25,27
363,422,25,27
363,422,25,27
361,423,25,27
360,424,25,27
359,425,26,27
357,424,26,27
354,425,26,27
353,424,26,27
351,425,26,27
348,424,26,27
346,424,26,27
344,424,26,27
342,423,26,27
342,424,26,27
342,425,25,27
339,424,25,27
338,425,25,27
338,424,25,27
337,425,25,27
337,425,25,27
336,426,25,27
336,426,25,27
335,427,25,27
334,427,25,27
334,428,25,27
333,428,25,27
334,428,25,27
333,428,25,27
334,428,25,27
333,428,25,27
333,428,25,27
333,428,25,27
333,429,25,27
333,430,25,27
333,431,26,27
332,430,26,27
330,431,26,27
328,432,26,27
328,433,26,27
326,434,26,27
324,434,26,27
323,434,26,27
320,435,26,27
318,435,26,27
314,437,26,27
312,437,26,27
309,437,26,27
306,436,26,27
304,436,26,27
302,436,26,27
300,436,26,27
299,436,26,27
298,436,26,27
297,437,26,27
295,437,26,27
295,437,26,27
294,438,26,27
294,438,26,27
294,439,26,27
294,440,27,28
295,440,27,28
300,441,27,28
305,440,27,28
307,438,27,28
313,438,27,28
314,436,27,28
316,436,27,28
317,436,27,28
316,435,27,28
313,435,27,28
312,436,27,28
312,436,27,28
311,437,27,28
310,438,27,28
308,438,27,28
307,438,27,28
306,438,27,28
305,438,27,28
303,439,27,28
300,438,27,28
298,438,27,28
296,438,27,28
294,438,27,28
293,438,27,28
291,438,27,28
289,439,27,28
288,438,27,28
287,439,27,28
287,439,27,28
285,440,27,28
284,440,27,28
284,440,27,28
283,441,27,28
282,441,27,28
282,441,27,28
282,442,27,28
282,443,27,28
282,443,27,28
283,442,27,28
284,442,27,28
283,443,27,28
283,443,27,28
284,443,27,28
284,444,27,28
283,444,27,28
282,445,27,28
282,445,27,28
281,446,27,28
280,446,27,28
280,447,28,29
278,446,28,29
276,447,28,29
276,448,28,29
274,449,28,29
271,448,28,29
269,449,28,29
268,449,28,29
265,450,28,29
263,450,28,29
260,450,28,29
258,451,28,29
256,451,28,29
255,451,28,29
253,451,28,29
252,452,28,29
251,454,28,29
250,454,28,29
249,455,28,29
248,455,28,29
247,454,28,29
246,455,28,29
245,455,28,29
245,455,28,29
245,456,28,29
244,456,28,29
244,457,28,29
244,458,28,29
244,457,28,29
245,457,28,29
244,458,28,29
244,458,28,29
245,458,28,29
244,459,28,29
244,459,28,29
243,461,28,29
241,461,28,29
238,463,28,29
235,466,28,29
234,467,28,29
231,468,28,29
228,468,28,29
225,468,28,29
225,469,28,29
225,468,28,29
225,468,28,29
225,468,28,29
225,468,28,29
227,468,28,29
229,468,28,29
232,467,28,29
233,467,28,29
234,467,28,29
234,468,28,29
237,467,28,29
242,470,28,29
249,470,28,29
252,469,28,29
258,465,28,29
262,462,28,29
267,456,28,29
276,443,28,29
280,437,28,29
286,431,28,29
291,423,28,29
298,414,28,29
303,405,28,29
288,433,28,29
291,427,28,29
294,423,28,29
296,423,28,29
306,420,28,29
333,390,28,29
341,393,28,29
342,400,28,29
345,402,28,29
321,431,28,29
329,434,28,29
336,437,28,29
338,442,28,29
336,451,28,29
327,469,28,29
329,475,28,29
334,482,28,29
346,482,28,29
349,485,28,29
366,485,28,29
374,483,28,29
384,486,28,29
388,487,28,29
392,487,28,29
392,487,28,29
393,486,28,29
397,487,28,29
402,487,28,29
406,487,28,29
410,488,28,29
410,488,28,29
408,488,28,29
409,488,28,29
409,489,28,29
409,490,28,29
407,490,28,29
405,490,28,29
403,491,28,29
402,492,27,28
404,492,27,28
413,494,27,28
419,495,27,28
424,496,27,28
426,496,28,29
425,495,28,29
422,495,28,29
421,495,28,29
418,494,28,29
418,494,28,29
418,494,28,29
419,493,28,29
420,492,28,29
420,490,28,29
420,486,28,29
420,476,28,29
419,468,28,29
420,457,28,29
421,444,28,29
427,434,28,29
432,424,28,29
434,422,28,29
435,419,28,29
437,420,28,29
439,422,28,29
443,427,28,29
445,432,28,29
449,438,28,29
450,442,28,29
450,444,28,29
452,449,28,29
453,451,28,29
452,451,28,29
452,451,28,29
452,451,28,29
451,453,28,29
450,455,28,29
449,460,28,29
449,466,28,29
450,469,28,29
452,471,28,29
453,469,28,29
451,468,28,29
450,473,28,29
448,475,28,29
441,481,28,29
440,481,28,29
439,484,28,29
437,483,28,29
436,486,28,29
435,487,28,29
433,488,28,29
430,494,28,29
429,496,28,29
429,497,28,29
429,499,28,29
429,500,28,29
428,501,28,29
428,503,28,29
428,502,28,29
428,503,28,29
428,504,28,29
427,505,28,29
428,505,28,29
428,506,28,29
427,507,28,29
427,510,28,29
426,512,28,29
424,513,28,29
424,516,28,29
423,521,28,29
422,522,28,29
418,522,28,29
416,522,28,29
414,524,29,30
411,522,29,30
408,522,29,30
405,524,29,30
403,523,29,30
399,523,29,30
396,523,29,30
395,523,29,30
395,523,29,30
392,524,29,30
391,523,29,30
390,524,29,30
389,524,29,30
388,524,29,30
387,525,29,30
387,525,29,30
387,525,29,30
386,526,29,30
386,528,29,30
386,529,29,30
387,529,29,30
387,530,29,30
387,529,29,30
387,530,29,30
387,531,29,30
386,531,29,30
387,532,29,30
387,533,29,30
387,534,29,30
386,534,29,30
386,535,29,30
385,535,29,30
415,504,29,30
413,502,29,30
414,495,29,30
412,496,29,31
411,495,29,31
411,496,29,31
408,494,29,31
407,496,29,31
405,494,29,31
403,492,29,31
401,488,29,31
400,487,29,31
397,483,29,31
396,478,29,31
394,474,29,31
390,467,29,31
388,462,29,31
386,459,29,31
378,457,29,31
377,447,29,31
401,417,29,31
400,408,29,31
397,397,29,31
396,384,29,31
373,390,29,31
389,360,29,31
387,355,29,31
386,353,29,31
385,352,29,31
383,350,29,31
377,353,29,31
375,357,29,31
375,351,29,31
360,361,29,31
360,367,29,31
361,362,29,31
365,356,29,31
360,359,29,31
362,358,29,30
362,348,29,30
363,322,29,30
361,331,29,30
360,329,29,30
358,332,29,30
359,339,29,30
357,348,29,30
356,357,29,30
349,379,29,30
349,376,29,30
347,378,29,30
349,370,29,30
351,370,29,30
349,372,29,30
353,350,29,30
352,354,29,30
335,384,29,30
335,392,29,30
331,397,29,30
329,404,29,31
326,408,29,31
321,410,29,31
321,412,29,31
319,409,29,31
314,403,29,31
315,400,29,31
312,392,29,31
309,385,29,31
308,379,29,31
310,377,29,30
309,374,29,30
306,380,29,30
307,377,29,30
305,384,29,30
305,390,29,30
305,390,29,30
306,394,29,30
306,395,29,30
303,393,29,30
303,391,29,30
302,383,29,30
301,377,29,30
302,375,29,30
302,376,29,30
301,378,29,30
301,383,29,30
299,387,29,30
297,392,29,30
297,393,29,30
303,395,29,30
302,394,29,30
301,399,29,30
274,427,29,30
297,406,29,30
297,409,29,30
292,413,29,30
283,416,29,30
287,420,29,30
274,420,29,30
274,419,29,30
274,420,29,30
273,420,29,30
269,417,29,30
268,414,29,30
266,408,29,30
265,405,29,30
267,410,29,30
266,409,29,30
264,412,29,30
263,413,28,29
260,412,28,29
253,406,28,29
251,402,28,29
251,400,28,29
251,399,28,29
249,398,28,29
251,398,28,29
251,401,28,29
247,407,28,29
245,410,28,29
240,414,28,29
250,410,28,29
249,412,28,29
243,412,28,29
241,412,28,29
241,410,28,29
240,410,28,29
239,408,28,29
235,408,28,29
237,410,28,29
234,412,28,29
228,414,28,29
226,417,28,29
226,421,28,29
223,423,28,29
226,426,28,29
223,426,28,29
209,424,28,29
210,422,28,29
208,419,28,29
216,423,28,29
215,420,28,29
195,424,28,29
211,417,28,29
212,417,28,29
207,415,28,29
208,416,28,29
203,418,28,29
202,422,28,29
202,422,28,29
194,423,28,29
201,431,28,29
190,427,28,29
188,429,28,29
185,429,28,29
186,428,28,29
185,427,28,29
184,428,28,29
186,428,28,29
186,428,28,29
179,451,28,29
178,451,28,29
176,455,28,29
193,430,28,29
192,431,28,29
190,431,28,29
190,431,28,29
188,431,28,29
186,431,28,29
188,425,28,29
183,428,28,29
190,429,28,29
179,427,28,29
182,427,28,29
181,434,27,28
178,431,27,28
178,439,27,28
152,445,27,28
146,453,27,28
148,443,27,28
154,437,27,28
147,437,27,28
146,435,27,28
145,434,27,28
146,433,27,28
147,434,27,28
140,439,27,28
140,439,27,28
140,439,27,28
140,439,27,28
139,439,27,28
137,439,27,28
136,441,27,28
136,441,27,28
136,440,27,28
137,439,27,28
137,439,27,28
131,449,27,28
131,449,27,28
131,449,27,28
131,444,27,28
131,444,27,28
130,448,27,28
131,445,27,28
131,446,28,29
129,447,28,29
128,449,28,29
125,451,28,29
121,457,28,29
121,460,27,28
119,452,27,28
118,449,27,28
111,452,27,28
111,447,27,28
108,447,28,29
106,446,28,29
102,446,28,29
112,455,28,29
96,447,28,29
92,448,28,29
90,449,28,29
88,450,28,29
84,450,28,29
81,452,28,29
80,451,28,29
78,452,28,29
77,451,28,29
76,450,28,29
74,450,28,29
74,449,28,29
75,449,28,29
73,450,28,29
72,452,28,29
87,464,28,29
88,465,28,29
88,466,28,29
88,466,28,29
88,466,28,29
88,466,28,29
87,467,28,29
87,467,28,29
88,468,28,29
68,454,28,29
72,458,28,29
68,459,28,29
63,455,28,29
62,454,28,29
60,454,28,29
59,455,28,29
57,464,28,29
63,474,28,29
43,462,28,29
16,435,28,29
9,434,28,29
4,434,28,29
25,460,28,29
22,470,28,29
13,472,28,29
11,473,28,29
10,476,28,29
4,480,28,29
1,486,28,29
1,495,28,29
1,496,28,29
1,521,28,29
