212,164,26,45
212,164,26,45
212,165,26,45
213,166,26,45
213,167,26,45
213,166,26,45
213,166,26,45
213,166,26,45
213,167,26,45
213,166,26,45
213,167,26,45
213,168,26,45
213,168,26,45
213,167,26,45
213,168,26,45
213,168,26,45
213,168,26,45
213,168,26,45
213,168,26,45
213,168,26,45
213,168,26,45
213,167,26,45
213,168,26,45
213,168,26,45
213,168,26,45
214,169,26,45
213,168,26,45
213,168,26,45
213,169,26,45
213,169,26,45
213,169,26,45
213,168,26,45
213,167,26,45
213,168,26,45
213,168,26,45
213,168,26,45
213,168,26,45
213,168,26,45
213,168,26,45
213,168,26,45
213,168,26,45
213,168,26,45
213,168,26,45
213,168,26,45
213,168,26,45
213,169,26,45
213,168,26,45
213,168,26,45
213,168,26,45
214,169,27,46
214,168,27,46
214,167,27,46
214,169,27,46
214,169,27,46
214,168,27,47
213,168,27,47
213,168,27,47
213,168,27,47
213,168,27,47
213,168,27,47
213,168,27,47
213,168,27,47
213,168,27,47
213,168,27,47
213,168,27,47
213,169,27,47
213,169,27,47
213,169,27,47
213,168,27,47
213,168,27,47
213,169,27,47
213,168,27,47
213,168,27,47
213,168,27,47
213,168,27,47
213,168,27,47
213,168,27,47
213,169,27,47
213,168,27,47
213,168,27,47
213,168,27,47
213,168,27,47
213,168,27,47
213,168,27,47
213,168,27,47
213,168,27,47
213,168,27,47
213,168,27,47
213,168,27,47
213,167,27,47
213,167,27,47
213,168,27,47
213,167,27,47
213,168,27,47
213,167,27,47
213,167,27,47
213,168,27,47
213,167,27,47
213,168,27,47
213,168,27,47
213,167,27,47
213,168,27,47
213,168,27,47
213,168,27,47
213,168,27,47
213,167,27,47
213,168,27,47
213,167,27,47
213,168,27,47
213,168,27,47
213,168,27,47
213,168,27,47
213,168,27,47
213,168,27,47
213,167,27,47
213,167,27,47
213,168,27,47
213,168,27,47
213,167,27,47
213,168,27,47
213,168,27,47
213,167,27,47
213,168,27,47
213,168,27,47
213,168,27,47
213,168,27,47
213,168,27,47
213,168,27,47
213,168,27,47
213,167,27,47
213,168,27,47
213,168,27,47
213,167,27,47
213,167,27,47
213,168,27,47
213,168,27,47
213,168,27,47
213,167,27,47
213,168,27,47
213,168,27,47
213,168,27,47
213,168,27,47
213,168,27,47
213,168,27,47
213,168,27,47
213,168,27,47
213,168,27,47
213,168,27,47
213,167,27,47
213,167,27,47
213,168,27,47
213,168,27,47
213,168,27,47
213,168,27,47
213,168,27,47
213,168,27,47
213,167,27,47
213,167,27,47
213,167,27,47
213,167,27,47
213,168,27,47
213,167,27,47
213,166,27,47
213,168,27,47
213,167,27,47
213,168,27,47
213,167,27,47
213,167,27,47
213,168,27,47
213,167,27,47
213,168,27,47
213,168,27,47
213,167,27,47
213,168,27,47
213,168,27,47
213,167,27,47
213,168,27,47
213,168,27,47
213,168,27,47
213,168,27,47
213,168,27,47
213,168,27,47
213,168,27,47
213,167,27,47
213,168,27,47
213,167,27,47
214,168,27,47
214,168,27,47
213,168,27,47
214,168,27,47
214,167,27,47
214,167,27,47
214,168,27,47
214,168,27,47
214,168,27,47
214,168,27,47
214,168,27,47
214,168,27,47
214,170,27,47
214,169,27,47
214,170,27,47
214,168,27,47
213,166,27,47
215,169,27,47
216,172,27,47
216,171,27,47
216,173,27,47
216,173,27,47
216,173,27,47
215,174,27,47
215,175,27,47
215,177,27,47
215,177,27,47
214,174,27,47
216,177,27,46
216,174,27,46
216,174,27,46
216,174,27,46
216,173,27,46
217,173,27,46
216,172,27,46
216,170,27,46
216,170,27,46
216,170,27,46
217,172,26,45
217,171,26,45
217,170,26,45
217,171,26,45
217,170,26,45
217,171,26,45
216,169,26,45
217,169,26,45
217,169,26,45
216,169,26,45
217,169,26,45
217,169,26,45
217,169,26,45
217,169,26,45
217,169,26,45
217,169,26,45
217,169,26,45
217,170,26,45
216,169,26,45
216,169,26,45
216,169,26,45
216,169,26,45
217,169,26,45
217,169,26,45
217,169,26,45
217,169,26,45
217,169,26,45
217,169,26,45
217,170,26,45
218,169,26,45
217,169,26,45
217,169,26,45
217,169,26,45
217,169,26,45
216,169,26,45
216,169,26,45
216,169,26,45
217,170,26,45
216,169,26,45
216,169,26,45
217,170,26,45
217,171,26,45
218,171,26,45
218,172,26,45
218,172,26,45
218,173,26,45
219,173,26,45
219,173,26,45
219,173,26,45
220,173,26,45
220,174,26,45
220,175,26,45
221,175,26,45
221,175,26,45
222,177,26,45
222,177,26,45
222,176,26,45
223,177,26,45
223,176,26,45
223,175,26,45
223,175,26,45
222,175,26,45
222,175,26,45
222,175,26,45
222,176,26,45
222,176,26,45
221,176,26,45
221,176,26,45
220,176,26,45
220,176,26,45
221,176,26,45
220,176,26,45
221,177,26,45
221,176,26,45
221,176,26,45
221,177,26,45
227,177,26,45
240,176,26,45
267,165,26,45
301,163,26,45
334,163,26,45
366,159,26,45
401,156,26,45
402,158,26,45
403,158,26,45
402,158,26,45
403,158,26,45
403,157,26,45
404,157,26,45
403,158,26,45
404,157,26,45
404,157,26,45
404,157,26,45
403,157,26,45
404,158,26,45
403,157,26,45
403,157,26,45
404,157,26,45
403,157,26,45
403,157,26,45
408,123,26,45
403,88,26,45
402,67,26,45
402,66,26,45
402,66,26,45
402,68,26,45
402,67,26,45
402,67,26,45
402,66,26,45
402,66,26,45
402,67,26,45
402,67,26,45
402,66,26,45
402,66,26,45
402,65,26,45
402,65,26,45
402,65,26,45
402,65,26,45
402,65,26,45
402,65,26,45
402,66,26,45
402,66,26,45
402,65,26,45
402,65,26,45
402,66,26,45
402,67,27,46
400,66,27,46
423,67,27,46
450,66,27,46
486,65,27,46
520,62,27,46
550,62,27,46
585,62,27,46
593,63,27,46
591,62,27,46
591,62,27,46
592,62,27,46
591,62,27,46
591,61,27,46
592,62,27,46
591,62,27,46
592,62,27,46
592,62,27,46
592,62,27,46
591,62,27,46
592,62,27,46
591,62,27,46
598,46,27,46
591,19,27,46
598,1,27,46
563,1,27,46
531,13,27,46
536,14,27,46
536,13,27,46
534,14,27,46
533,14,27,46
563,12,27,46
597,13,27,46
595,37,27,46
572,65,27,46
594,72,27,46
572,90,27,46
599,92,27,46
591,92,27,46
589,92,27,46
593,91,27,46
594,89,27,46
587,93,27,46
603,89,27,46
603,87,27,46
603,89,27,46
603,87,27,46
603,87,27,46
603,88,27,46
603,87,27,46
586,63,27,46
574,29,27,46
587,1,27,46
603,32,27,46
568,40,27,46
536,45,27,46
536,45,27,46
535,45,27,46
536,43,27,46
537,42,27,46
535,45,27,46
535,44,27,46
535,44,27,46
538,42,27,46
538,43,27,46
535,43,27,46
535,45,27,46
563,36,27,46
582,43,27,46
553,69,27,46
583,69,27,46
603,70,27,46
587,76,27,46
585,67,27,46
603,72,27,46
572,54,27,46
573,54,27,46
570,54,27,46
561,55,27,46
585,45,27,46
570,54,27,46
536,84,27,46
558,57,27,46
585,41,27,46
570,52,27,46
566,74,27,46
577,48,27,46
603,46,27,46
603,59,27,46
