53,201,64,136
55,203,64,136
55,203,64,136
57,203,64,136
59,203,64,136
59,203,64,136
61,205,64,136
63,203,64,136
65,203,64,136
65,203,64,136
65,203,64,136
69,203,64,136
71,203,64,136
71,205,64,136
71,205,64,136
71,205,64,136
69,205,64,136
69,205,64,136
67,205,64,136
67,205,64,136
69,206,64,136
75,205,64,136
79,205,64,136
81,206,64,136
85,206,64,136
87,206,64,136
89,208,64,135
87,208,64,135
81,210,64,136
81,212,64,136
81,212,64,136
85,212,64,136
87,212,64,136
87,212,64,136
87,210,64,136
87,210,64,136
87,210,64,136
89,212,64,136
89,210,64,136
91,210,64,136
93,208,64,135
127,206,64,136
131,206,64,136
137,206,64,136
143,206,64,136
147,208,64,135
159,206,64,136
163,205,64,136
165,203,64,136
169,203,64,136
171,203,64,136
179,201,64,136
181,201,64,136
183,203,64,136
185,203,64,136
189,206,64,136
193,206,64,136
193,206,64,136
193,205,64,136
191,206,64,136
187,206,64,136
181,208,64,135
179,210,64,136
179,210,64,136
179,210,64,136
179,210,64,136
179,208,64,135
179,210,64,136
177,208,64,135
175,208,64,135
171,206,64,136
165,208,64,135
165,208,64,135
165,208,64,135
165,208,64,135
169,210,64,136
173,208,64,135
173,208,64,135
175,208,64,135
175,208,64,135
173,208,64,135
171,210,64,136
171,208,64,135
171,208,64,135
173,208,64,135
177,210,64,136
181,210,64,136
183,210,64,136
183,210,64,136
183,210,64,136
181,210,64,136
177,210,64,136
175,210,64,136
171,212,64,136
167,210,64,136
165,210,64,136
161,208,64,135
159,208,64,135
157,206,64,136
155,208,64,135
155,206,64,136
151,206,64,136
149,205,64,136
147,203,64,136
145,199,64,135
143,197,64,136
143,197,64,136
145,195,64,136
149,195,64,136
153,193,64,136
157,191,64,135
169,189,64,136
175,188,64,136
185,186,64,136
194,186,62,133
199,182,62,133
201,184,62,133
201,191,62,133
201,199,62,133
199,204,62,133
195,210,62,133
189,215,62,133
181,219,62,133
181,223,62,133
179,225,62,133
179,226,62,133
179,226,62,133
183,228,62,133
183,230,62,133
181,234,62,133
179,239,62,133
177,241,62,133
173,241,62,133
171,243,62,133
171,245,62,133
171,247,62,133
171,245,62,133
171,247,62,133
169,245,62,133
173,245,62,133
173,245,62,133
175,243,62,133
173,247,62,133
171,247,62,133
169,249,62,133
169,249,62,133
169,249,62,133
167,245,62,133
169,243,62,133
169,241,62,133
169,241,62,133
171,241,62,133
173,241,62,133
175,238,62,133
175,239,62,133
173,241,62,133
169,241,62,133
163,241,62,133
159,241,62,133
155,243,62,133
151,241,62,133
150,241,62,133
148,239,62,133
148,238,62,133
146,238,62,133
146,234,62,133
146,236,62,133
142,236,62,133
140,239,62,133
138,239,62,133
136,239,62,133
134,239,62,133
128,241,62,133
128,243,62,133
126,245,62,133
124,245,62,133
122,245,62,133
116,249,62,133
114,247,62,133
112,245,62,133
112,249,62,133
110,245,62,133
108,247,62,133
106,245,62,133
106,245,62,133
104,243,62,133
104,243,62,133
101,243,62,133
101,241,62,133
99,241,62,133
97,241,62,133
95,236,62,133
91,238,62,133
89,239,62,133
87,191,62,133
85,193,62,133
83,193,62,133
79,197,62,133
77,195,62,133
75,193,62,133
75,193,62,133
75,193,62,133
75,191,62,133
73,191,62,133
73,191,62,133
73,195,62,133
73,189,62,133
73,191,62,133
73,186,62,133
73,188,62,133
71,184,62,133
69,175,62,133
63,169,62,133
61,163,62,133
59,199,62,133
59,197,62,133
57,199,62,133
55,195,62,133
55,191,62,133
55,191,62,133
53,189,62,133
51,191,62,133
46,195,62,133
40,197,62,133
34,206,62,133
30,202,62,133
30,204,62,133
18,212,62,133
16,217,62,133
10,221,61,130
6,219,61,130
6,219,61,130
6,217,61,130
6,219,61,130
4,221,61,130
4,223,61,130
2,229,61,130
2,239,61,130
2,233,61,130
1,231,61,130
1,235,61,130
1,242,61,130
68,197,61,130
62,201,61,130
54,205,61,130
50,207,61,130
47,215,61,130
43,215,61,130
41,219,61,130
37,217,61,130
35,219,61,130
35,221,61,130
31,219,61,130
31,219,61,130
31,221,60,128
27,223,60,128
27,225,60,128
25,219,60,128
23,219,60,128
23,219,59,125
19,209,59,125
17,209,59,125
12,214,59,125
8,224,59,125
4,230,59,125
1,216,59,125
1,216,59,125
1,207,59,125
1,207,59,125
1,207,59,125
1,207,59,125
19,281,59,125
15,281,59,125
15,279,59,125
13,279,59,125
12,279,59,125
12,279,59,125
12,279,59,125
10,279,59,125
10,281,59,125
10,281,59,125
10,287,59,125
10,287,59,125
10,287,59,125
10,287,59,125
6,281,59,125
8,281,59,125
10,283,59,125
10,279,59,125
12,279,60,128
10,279,60,128
12,279,60,128
12,283,60,128
10,281,60,128
12,283,60,128
10,283,60,128
8,283,60,128
6,285,60,128
1,281,60,128
1,283,61,130
1,286,61,130
2,286,61,130
4,284,61,130
10,284,61,130
14,280,61,130
16,282,61,130
18,282,61,130
20,282,61,130
1,209,61,130
1,209,62,133
1,207,62,133
1,207,62,133
1,205,62,133
1,203,62,133
1,209,62,133
1,205,62,133
1,194,62,133
1,192,62,133
4,190,62,133
1,188,62,133
1,190,62,133
1,188,62,133
1,186,62,133
1,188,62,133
87,242,62,133
81,244,62,133
77,244,62,133
77,246,62,133
75,246,62,133
73,244,62,133
73,244,62,133
71,242,62,133
65,242,62,133
63,242,62,133
59,240,62,133
55,242,62,133
53,242,62,133
50,242,62,133
42,244,62,133
38,242,62,133
34,244,62,133
32,246,62,133
28,246,62,133
20,248,62,133
18,248,62,133
18,248,62,133
12,248,62,133
8,246,62,133
1,244,62,133
4,242,62,133
2,242,62,133
1,240,62,133
1,240,62,133
1,240,62,133
1,240,62,133
1,240,62,133
1,242,62,133
1,244,62,133
1,244,62,133
1,244,62,133
1,244,62,133
1,244,62,133
1,242,62,133
1,244,62,133
1,242,62,133
1,244,62,133
1,246,62,133
1,246,62,133
1,248,62,133
1,248,62,133
1,248,62,133
1,251,62,133
1,251,62,133
1,251,62,133
1,251,62,133
1,251,62,133
1,251,62,133
1,248,62,133
1,248,62,133
10,246,62,133
12,248,62,133
12,246,62,133
12,246,62,133
14,246,62,133
18,242,62,133
18,242,62,133
18,242,62,133
20,244,62,133
22,246,62,133
26,244,62,133
26,244,62,133
26,244,62,133
32,246,62,133
38,246,62,133
36,246,62,133
38,248,62,133
38,248,62,133
38,251,62,133
38,251,62,133
44,251,62,133
44,251,62,133
44,251,62,133
44,251,62,133
38,248,62,133
38,251,62,133
34,251,62,133
32,251,62,133
30,251,62,133
30,251,62,133
38,251,62,133
30,248,62,133
30,248,62,133
30,251,62,133
30,251,62,133
30,251,62,133
30,251,62,133
30,251,62,133
30,248,62,133
30,251,62,133
28,248,62,133
28,251,62,133
26,248,62,133
26,248,62,133
26,248,62,133
26,248,62,133
22,248,62,133
101,255,62,133
101,255,62,133
99,255,62,133
100,257,61,130
100,258,61,130
99,258,61,130
97,258,61,130
95,256,61,130
93,258,61,130
91,258,61,130
89,256,61,130
87,256,61,130
87,254,61,130
85,254,61,130
85,254,61,130
83,252,61,130
81,254,61,130
81,254,61,130
83,256,61,130
85,254,61,130
87,254,61,130
87,254,61,130
89,254,61,130
91,254,61,130
91,254,61,130
93,254,61,130
93,254,61,130
93,254,61,130
93,254,61,130
83,252,61,130
83,250,61,130
83,250,61,130
83,248,61,130
84,249,62,133
83,248,62,133
81,244,62,133
83,244,62,133
83,248,62,133
83,244,63,136
83,243,64,136
85,243,64,136
85,243,64,136
85,245,64,136
87,243,64,136
87,245,64,136
85,245,64,136
85,245,64,136
85,245,64,136
81,249,64,136
81,247,64,136
79,251,64,136
79,247,64,136
79,247,64,136
80,247,62,133
81,242,62,133
83,236,62,133
85,228,62,133
87,219,62,133
87,213,62,133
87,211,62,133
81,211,62,133
77,211,62,133
71,209,62,133
59,205,62,133
53,198,62,133
48,194,62,133
40,194,62,133
32,201,62,133
8,213,62,133
1,234,62,133
1,240,62,133
36,246,62,133
8,255,62,133
1,259,62,133
1,263,62,133
1,261,62,133
1,261,62,133
1,259,62,133
1,259,62,133
1,263,62,133
1,267,62,133
1,273,62,133
1,273,62,133
1,276,62,133
1,276,62,133
1,276,62,133
1,278,62,133
1,284,62,133
8,294,62,133
1,298,62,133
1,296,62,133
1,296,62,133
1,296,62,133
2,290,61,130
1,284,61,130
1,278,61,130
1,278,61,130
1,286,61,130
10,297,61,130
1,305,61,130
1,305,61,130
1,311,61,130
1,303,61,130
1,303,61,130
1,301,61,130
1,301,61,130
1,303,61,130
1,301,61,130
1,303,61,130
14,338,61,130
10,338,61,130
1,340,61,130
1,340,61,130
1,340,61,130
1,340,61,130
1,340,61,130
1,340,61,130
1,338,61,130
1,337,62,133
1,334,62,133
1,334,62,133
1,330,62,133
1,330,62,133
1,330,62,133
1,334,62,133
1,334,62,133
1,334,62,133
1,334,62,133
1,336,62,133
1,336,62,133
1,336,62,133
1,336,62,133
1,334,62,133
1,334,64,136
1,332,64,136
1,334,64,136
1,332,64,136
1,332,64,136
1,330,64,136
1,332,64,136
1,330,64,136
1,332,64,136
1,328,64,136
1,328,64,136
1,328,64,136
19,328,64,136
19,328,64,136
21,328,64,136
21,328,64,136
19,328,64,136
17,328,64,136
1,328,64,136
1,328,64,136
2,330,62,133
1,328,62,133
1,328,62,133
1,328,62,133
1,328,62,133
1,328,62,133
1,328,62,133
1,326,62,133
1,328,62,133
1,326,62,133
1,326,62,133
1,326,62,133
1,326,62,133
1,326,62,133
1,326,62,133
1,323,62,133
1,323,62,133
1,326,62,133
1,323,62,133
1,323,62,133
1,326,62,133
1,326,62,133
1,326,62,133
1,321,62,133
1,321,62,133
1,326,62,133
1,326,62,133
1,323,62,133
1,326,62,133
1,326,62,133
1,323,62,133
1,326,62,133
1,326,62,133
1,326,62,133
1,323,62,133
2,326,61,130
1,325,61,130
1,323,61,130
1,323,61,130
1,323,61,130
1,323,61,130
1,323,61,130
1,323,61,130
1,323,61,130
1,323,61,130
1,323,61,130
1,323,61,130
1,321,61,130
1,321,61,130
1,321,61,130
1,323,61,130
1,323,61,130
1,321,61,130
1,323,61,130
1,323,61,130
1,323,61,130
1,323,61,130
1,323,61,130
27,319,61,130
27,319,61,130
2,323,60,128
1,323,60,128
1,325,60,128
1,325,60,128
1,325,60,128
1,325,60,128
1,325,60,128
1,325,60,128
1,323,60,128
1,325,60,128
1,323,60,128
1,323,60,128
1,323,60,128
1,323,60,128
1,321,60,128
1,321,60,128
1,321,60,128
1,321,60,128
1,321,60,128
1,321,60,128
1,321,60,128
1,321,60,128
1,321,60,128
1,319,60,128
1,319,60,128
1,319,60,128
1,319,60,128
1,323,60,128
1,319,60,128
1,319,60,128
1,319,60,128
1,315,60,128
1,317,60,128
1,317,60,128
1,317,60,128
1,317,60,128
1,317,60,128
1,317,60,128
1,317,60,128
1,317,60,128
2,319,59,125
1,319,59,125
1,319,59,125
1,319,59,125
1,319,59,125
1,319,59,125
1,319,59,125
1,319,59,125
1,319,59,125
1,317,59,125
1,319,59,125
1,317,59,125
1,319,59,125
1,319,59,125
1,319,59,125
1,317,59,125
1,319,59,125
1,319,59,125
1,319,59,125
1,321,59,125
1,321,59,125
1,319,59,125
1,319,59,125
1,319,59,125
1,317,59,125
1,319,59,125
1,319,59,125
1,319,59,125
1,319,59,125
1,317,59,125
1,319,59,125
1,319,59,125
1,317,59,125
1,317,59,125
1,317,59,125
1,319,59,125
1,319,59,125
1,319,59,125
1,319,59,125
1,319,59,125
1,321,59,125
1,321,59,125
1,319,59,125
1,321,59,125
1,322,59,125
1,321,59,125
1,322,59,125
1,324,59,125
8,322,59,125
8,319,59,125
1,315,59,125
8,309,59,125
1,313,59,125
10,309,59,125
1,305,59,125
1,311,59,125
1,311,59,125
1,313,59,125
1,311,59,125
1,313,59,125
1,311,59,125
1,309,59,125
1,311,59,125
1,311,59,125
1,309,59,125
1,309,59,125
1,309,59,125
1,311,59,125
1,313,59,125
1,315,59,125
1,317,59,125
1,321,59,125
1,324,59,125
1,322,59,125
1,322,59,125
1,324,59,125
1,324,59,125
1,324,59,125
1,322,59,125
1,322,59,125
1,322,59,125
1,322,59,125
1,322,59,125
1,322,59,125
1,321,59,125
1,321,59,125
1,321,59,125
1,321,59,125
1,321,59,125
1,321,59,125
1,321,59,125
1,321,59,125
1,321,59,125
1,321,59,125
1,321,59,125
1,321,59,125
1,321,59,125
1,321,59,125
1,321,59,125
1,321,59,125
1,321,59,125
1,321,59,125
1,319,59,125
1,319,59,125
1,319,59,125
2,321,57,123
1,320,57,123
1,320,57,123
1,322,57,123
1,322,57,123
1,322,57,123
1,324,57,123
1,326,57,123
1,326,57,123
1,328,57,123
1,328,57,123
1,328,57,123
1,332,57,123
1,330,57,123
1,330,57,123
1,331,59,125
1,330,59,125
1,330,59,125
1,330,59,125
1,330,59,125
1,328,59,125
1,336,59,125
1,330,59,125
1,330,59,125
1,332,59,125
1,330,59,125
1,330,59,125
1,330,59,125
1,330,59,125
1,330,59,125
1,330,59,125
1,330,59,125
1,328,59,125
1,328,59,125
1,326,59,125
1,328,59,125
1,326,59,125
1,326,59,125
1,326,59,125
1,326,59,125
1,326,59,125
1,326,59,125
1,326,59,125
1,326,59,125
1,326,59,125
1,326,59,125
1,326,59,125
1,326,59,125
1,326,59,125
1,326,59,125
1,326,59,125
1,326,59,125
1,326,59,125
1,326,59,125
1,326,59,125
1,326,59,125
1,326,59,125
1,326,59,125
1,326,59,125
1,326,59,125
1,326,59,125
1,326,59,125
1,326,59,125
1,326,59,125
1,326,59,125
1,326,59,125
1,326,59,125
1,326,59,125
1,326,59,125
1,326,59,125
1,324,59,125
1,326,59,125
1,326,59,125
1,326,59,125
1,326,59,125
1,326,59,125
1,326,59,125
1,332,59,125
1,326,59,125
1,326,59,125
1,324,59,125
1,324,59,125
1,326,59,125
1,326,59,125
1,324,59,125
1,324,59,125
1,324,59,125
1,324,59,125
1,324,59,125
1,326,59,125
1,324,59,125
1,324,59,125
1,324,59,125
1,324,59,125
1,324,59,125
1,324,59,125
1,324,59,125
1,324,59,125
1,324,59,125
1,324,59,125
1,328,59,125
1,324,59,125
1,324,59,125
1,324,59,125
1,324,59,125
1,324,59,125
1,324,59,125
1,324,59,125
1,324,59,125
1,324,59,125
1,324,59,125
1,324,59,125
1,332,59,125
1,324,59,125
1,324,59,125
1,324,59,125
1,324,59,125
1,324,59,125
1,324,59,125
1,324,59,125
1,324,59,125
1,324,59,125
1,324,59,125
1,322,59,125
1,322,59,125
1,322,59,125
1,322,59,125
1,322,59,125
1,330,59,125
1,330,59,125
1,330,59,125
1,332,59,125
1,332,59,125
1,332,59,125
1,332,59,125
1,326,59,125
1,322,59,125
1,326,59,125
1,324,59,125
1,324,59,125
1,324,59,125
1,324,59,125
1,324,59,125
1,324,59,125
1,324,59,125
1,322,59,125
1,324,59,125
1,324,59,125
1,324,59,125
1,324,59,125
1,324,59,125
1,322,59,125
1,322,59,125
1,322,59,125
1,322,59,125
1,322,59,125
1,322,59,125
1,322,59,125
1,322,59,125
1,321,59,125
1,321,59,125
1,321,59,125
1,321,59,125
1,321,59,125
1,321,59,125
1,321,59,125
1,321,59,125
1,322,59,125
1,322,59,125
1,322,59,125
1,321,59,125
1,321,59,125
1,322,59,125
1,322,59,125
1,319,59,125
1,319,59,125
1,321,59,125
1,319,59,125
1,321,59,125
1,321,59,125
1,321,59,125
1,321,59,125
1,321,59,125
1,321,59,125
1,326,59,125
1,326,59,125
1,326,59,125
1,326,59,125
1,321,59,125
1,321,59,125
1,321,59,125
1,321,59,125
1,321,59,125
1,321,59,125
1,321,59,125
1,321,59,125
1,319,59,125
1,321,59,125
1,326,59,125
1,326,59,125
1,319,59,125
1,319,59,125
1,317,59,125
1,324,59,125
1,319,59,125
1,319,59,125
1,319,59,125
1,319,59,125
1,319,59,125
1,319,59,125
1,319,59,125
1,319,59,125
1,319,59,125
1,319,59,125
1,319,59,125
1,319,59,125
1,319,59,125
1,319,59,125
1,319,59,125
1,319,59,125
1,317,59,125
1,319,59,125
1,319,59,125
1,317,59,125
1,317,59,125
1,317,59,125
1,317,59,125
1,317,59,125
1,317,59,125
1,319,59,125
1,319,59,125
1,317,59,125
1,317,59,125
1,317,59,125
1,317,59,125
1,317,59,125
1,317,59,125
1,317,59,125
1,317,59,125
1,317,59,125
1,317,59,125
1,317,59,125
1,317,59,125
1,317,59,125
1,315,59,125
1,317,59,125
1,315,59,125
1,317,59,125
1,317,59,125
1,317,59,125
1,317,59,125
1,317,59,125
1,317,59,125
1,315,59,125
1,317,59,125
1,317,59,125
1,317,59,125
1,315,59,125
1,322,59,125
1,322,59,125
1,321,59,125
1,321,59,125
1,315,59,125
1,321,59,125
1,321,59,125
1,321,59,125
1,321,59,125
1,321,59,125
1,321,59,125
1,321,59,125
1,321,59,125
1,321,59,125
1,321,59,125
1,321,59,125
1,321,59,125
1,321,59,125
1,315,59,125
1,315,59,125
1,317,59,125
1,317,59,125
1,317,59,125
1,317,59,125
1,317,59,125
1,317,59,125
1,319,59,125
1,317,59,125
1,319,59,125
1,321,59,125
1,321,59,125
1,319,59,125
1,317,59,125
1,317,59,125
1,321,59,125
1,317,59,125
1,315,59,125
1,315,59,125
1,315,59,125
1,315,59,125
1,315,59,125
1,321,59,125
1,321,59,125
1,321,59,125
1,321,59,125
1,321,59,125
1,321,59,125
1,321,59,125
1,313,59,125
1,321,59,125
1,313,59,125
1,319,59,125
1,313,59,125
1,311,59,125
1,319,59,125
1,311,59,125
1,315,59,125
1,311,59,125
1,307,59,125
1,307,59,125
1,307,59,125
1,307,59,125
1,307,59,125
1,307,59,125
1,307,59,125
1,307,59,125
1,307,59,125
1,317,59,125
1,309,59,125
1,307,59,125
1,307,59,125
1,307,59,125
1,307,59,125
1,309,59,125
1,315,59,125
1,315,59,125
1,317,59,125
1,315,59,125
1,317,59,125
1,315,59,125
1,317,59,125
1,317,59,125
1,315,59,125
1,317,59,125
1,315,59,125
1,311,59,125
1,309,59,125
2,319,57,123
1,318,57,123
1,318,57,123
1,318,57,123
1,318,57,123
2,320,56,120
1,318,56,120
1,318,56,120
1,319,56,120
1,312,56,120
1,318,56,120
1,318,56,120
1,319,56,120
1,312,56,120
1,319,56,120
1,319,56,120
1,319,56,120
1,319,56,120
1,318,56,120
1,319,56,120
1,319,56,120
1,318,56,120
1,318,56,120
1,310,56,120
1,318,56,120
1,318,56,120
1,318,56,120
1,318,56,120
1,318,56,120
1,318,56,120
1,318,56,120
1,318,56,120
1,318,56,120
1,318,56,120
1,318,56,120
1,318,56,120
1,318,56,120
1,318,56,120
1,318,56,120
1,318,56,120
1,318,56,120
1,318,56,120
1,318,56,120
1,318,56,120
1,318,56,120
1,318,56,120
1,316,56,120
1,318,56,120
1,318,56,120
1,318,56,120
1,318,56,120
1,310,56,120
1,318,56,120
1,318,56,120
1,318,56,120
1,318,56,120
1,319,56,120
1,318,56,120
1,318,56,120
1,318,56,120
1,318,56,120
1,312,56,120
1,312,56,120
1,314,56,120
1,314,56,120
1,314,56,120
1,316,56,120
1,318,56,120
1,318,56,120
1,316,56,120
1,318,56,120
1,314,56,120
1,318,56,120
1,318,56,120
1,318,56,120
1,318,56,120
1,321,56,120
1,321,56,120
1,319,56,120
1,318,56,120
1,318,56,120
1,319,56,120
1,318,56,120
1,319,56,120
1,318,56,120
1,321,56,120
1,319,56,120
1,314,56,120
1,312,56,120
1,319,56,120
1,321,56,120
1,321,56,120
1,312,56,120
1,316,56,120
1,318,56,120
1,312,56,120
1,312,56,120
1,312,56,120
1,312,56,120
1,316,56,120
2,320,55,118
1,321,55,118
1,322,55,118
1,326,55,118
1,326,55,118
1,324,55,118
1,324,55,118
1,322,55,118
1,319,55,118
1,315,55,118
1,311,55,118
1,311,55,118
1,309,55,118
