15,265,30,52
15,265,30,52
15,265,30,52
15,265,30,52
15,265,30,52
15,265,30,52
15,265,30,52
15,265,30,52
15,265,30,52
15,265,30,52
15,265,30,52
15,265,30,52
15,265,30,52
14,265,30,52
14,265,30,52
14,265,30,52
14,265,30,52
14,265,30,52
14,265,30,52
14,266,30,53
14,265,30,53
14,265,30,53
15,265,30,53
16,265,30,53
16,265,30,53
16,265,30,53
16,265,30,53
17,265,30,53
17,265,30,53
17,265,30,53
17,266,30,53
18,266,30,53
18,266,30,53
18,266,30,53
18,266,30,53
18,266,30,53
18,266,30,53
19,267,30,53
19,267,30,53
19,268,31,54
18,266,31,54
18,267,31,54
19,267,31,54
19,267,31,54
19,268,31,54
19,268,31,54
19,268,31,54
19,268,31,54
19,268,31,54
19,268,31,54
19,268,31,54
19,269,31,54
20,269,31,54
20,270,31,54
20,271,31,54
20,271,31,54
20,273,31,54
20,273,31,54
20,273,31,54
22,274,30,53
22,274,30,53
22,272,30,53
22,272,30,53
22,269,30,53
22,269,31,54
21,267,31,54
21,266,31,54
22,266,31,54
22,266,31,54
22,266,31,54
22,266,31,54
11,266,31,54
11,266,31,54
11,266,31,54
11,266,31,54
11,266,31,54
11,266,31,54
12,267,31,54
12,267,31,54
12,267,31,54
12,267,31,54
12,267,31,54
12,267,31,54
12,267,31,54
12,268,31,54
12,268,31,54
12,268,31,54
13,268,31,54
12,268,31,54
13,268,31,54
13,268,31,54
13,268,31,54
13,268,31,54
13,268,31,54
13,268,31,54
13,268,31,54
13,268,31,54
13,268,31,54
14,268,31,54
14,268,31,54
14,268,31,54
14,267,31,54
14,268,31,54
15,268,31,54
15,268,31,54
15,267,31,54
15,267,31,54
15,267,31,54
16,267,31,54
16,267,31,54
16,267,31,54
16,267,31,54
16,267,31,54
16,267,31,54
16,266,31,54
17,267,31,54
17,267,31,54
17,266,31,54
17,266,31,54
17,266,31,54
18,266,31,54
18,266,31,54
18,266,31,54
18,266,31,54
18,266,31,54
19,266,31,54
19,265,31,54
19,265,31,54
19,265,31,54
20,267,30,53
20,267,30,53
20,267,30,53
22,267,30,53
22,267,30,53
22,267,30,53
22,267,30,53
22,267,30,53
22,266,30,53
22,266,30,53
22,265,30,53
22,265,30,53
22,265,30,53
22,265,30,53
22,265,30,53
22,265,30,53
23,266,30,53
23,267,30,53
23,268,30,53
23,268,30,53
24,269,30,53
24,269,30,53
24,272,30,53
24,272,30,53
24,269,30,53
25,269,30,53
25,269,30,53
26,269,30,53
26,269,30,53
27,268,30,53
28,268,30,53
29,268,30,53
29,268,30,53
30,267,30,53
30,267,30,53
30,267,30,53
30,265,30,53
30,265,30,53
29,265,30,53
27,264,30,53
28,264,30,53
28,264,30,53
28,264,30,53
29,265,30,53
29,264,30,53
29,265,30,53
29,265,30,53
29,265,30,53
30,264,30,53
30,264,30,53
30,264,30,53
30,264,30,53
30,264,30,53
31,264,30,53
31,264,30,53
31,264,30,53
31,264,30,53
32,264,30,53
32,264,30,53
32,264,30,53
33,265,30,53
33,265,30,53
33,265,30,53
33,265,30,53
33,265,30,53
34,265,30,53
34,265,30,53
34,265,30,53
35,265,30,53
35,265,30,53
36,265,30,53
37,265,30,53
37,265,30,53
38,265,30,53
38,265,30,53
39,265,30,53
39,265,30,53
39,265,30,53
40,265,30,53
40,265,30,53
41,265,31,54
40,264,31,54
41,264,31,54
41,264,31,54
41,264,31,54
41,264,31,54
41,264,31,54
41,264,31,54
41,264,31,54
41,264,31,54
41,264,31,54
41,264,31,54
41,264,31,54
41,264,31,54
41,264,31,54
41,264,31,54
41,264,31,54
41,264,31,54
41,264,31,54
41,264,31,54
41,264,31,54
41,264,31,54
41,264,31,54
41,264,31,54
41,264,31,54
41,264,31,54
41,264,31,54
41,264,31,54
41,264,31,54
41,264,31,54
41,264,31,54
41,264,31,54
41,264,31,54
41,264,31,54
42,264,31,54
42,264,31,54
42,264,31,54
42,264,31,54
43,264,31,54
44,264,31,54
44,264,31,54
45,264,31,54
46,264,31,54
47,264,31,54
48,264,31,54
48,264,31,54
49,264,31,54
50,264,31,54
51,264,31,54
53,264,31,54
53,264,31,54
54,263,31,54
52,263,31,54
51,264,31,54
51,264,31,54
50,264,31,54
50,264,31,54
49,264,31,54
49,264,31,54
49,264,31,54
48,264,31,54
49,264,31,54
50,264,31,54
51,264,31,54
52,264,31,54
53,264,31,54
53,264,31,54
54,264,31,54
55,264,31,54
55,264,31,54
56,264,31,54
56,264,31,54
57,264,31,54
58,264,31,54
58,264,31,54
59,264,31,54
60,264,31,54
60,264,31,54
60,264,31,54
61,264,31,54
61,264,31,54
61,264,31,54
61,264,31,54
62,264,31,54
62,264,31,54
63,264,31,54
63,264,31,54
64,264,31,54
65,264,31,54
65,264,31,54
65,264,31,54
66,264,31,54
67,264,31,54
67,264,31,54
68,264,31,54
68,263,31,54
69,263,31,54
69,263,31,54
69,263,31,54
70,263,31,54
70,263,31,54
71,263,31,54
70,263,31,54
70,263,31,54
70,263,31,54
70,263,31,54
70,263,31,54
69,263,31,54
67,263,31,54
65,264,31,54
65,264,31,54
65,264,31,54
65,264,31,54
64,264,31,54
64,264,31,54
64,264,31,54
63,264,31,54
63,264,31,54
62,264,31,54
62,264,31,54
61,264,31,54
61,264,31,54
61,264,31,54
61,264,31,54
59,265,31,54
59,265,31,54
59,265,31,54
58,265,31,54
58,265,31,54
57,265,31,54
57,265,31,54
56,265,31,54
56,265,31,54
67,263,31,54
66,264,31,54
66,264,31,54
65,264,31,54
65,264,31,54
64,264,31,54
64,264,31,54
64,264,31,54
63,264,31,54
63,264,31,54
63,264,31,54
62,264,31,54
62,264,31,54
61,264,31,54
61,264,31,54
61,264,31,54
60,264,31,54
60,264,31,54
59,264,31,54
59,264,31,54
60,264,31,54
60,264,31,54
60,264,31,54
60,264,31,54
61,264,31,54
61,263,31,54
61,263,31,54
60,263,31,54
57,263,31,54
42,264,31,54
40,264,31,54
38,264,31,54
35,264,31,54
32,264,31,54
30,264,31,54
27,264,31,54
24,263,31,54
22,264,31,54
21,264,31,54
22,264,31,54
22,264,31,54
22,264,31,54
23,264,31,54
23,264,31,54
22,264,31,54
21,264,31,54
20,264,31,54
18,264,31,54
17,264,31,54
16,264,31,54
15,264,31,54
14,264,31,54
13,264,31,54
11,264,31,54
10,264,31,54
9,264,31,54
8,264,31,54
7,264,31,54
6,264,31,54
3,264,31,54
3,264,31,54
2,264,31,54
4,266,30,53
2,265,30,53
13,265,30,53
1,265,30,53
11,264,30,53
9,265,30,53
7,265,30,53
2,265,30,53
1,264,30,53
2,264,30,53
36,268,30,53
36,268,30,53
36,268,30,53
36,268,30,53
36,268,30,53
37,268,31,54
36,267,31,54
36,267,31,54
36,267,31,54
37,267,31,54
37,267,31,54
36,267,31,54
37,267,31,54
36,267,31,54
36,267,31,54
36,267,31,54
37,267,31,54
35,267,31,54
36,267,31,54
34,267,31,54
34,267,31,54
35,267,31,54
35,267,31,54
35,267,31,54
36,267,31,54
36,267,31,54
37,267,31,54
36,267,31,54
37,267,31,54
38,267,31,54
36,267,31,54
33,268,31,54
33,268,31,54
36,268,31,54
36,267,31,54
35,267,31,54
35,267,31,54
36,267,31,54
35,267,31,54
29,268,31,54
29,268,31,54
35,268,31,54
30,268,31,54
32,268,31,54
31,268,31,54
31,267,31,54
31,267,31,54
29,268,31,54
31,267,31,54
31,267,31,54
30,267,31,54
30,267,31,54
30,267,31,54
30,267,31,54
30,267,31,54
30,267,31,54
31,267,31,54
31,267,31,54
31,267,31,54
31,267,31,54
31,267,31,54
32,267,31,54
32,267,31,54
32,267,31,54
32,267,31,54
32,267,31,54
33,267,31,54
33,267,31,54
33,267,31,54
34,267,31,54
34,267,31,54
34,267,31,54
35,267,31,54
34,267,31,54
35,267,31,54
35,267,31,54
36,267,31,54
36,267,31,54
37,267,31,54
37,268,31,54
37,268,31,54
37,268,31,54
38,268,31,54
39,268,31,54
39,268,31,54
40,268,31,54
40,268,31,54
40,268,31,54
40,268,31,54
40,269,31,54
40,269,31,54
40,269,31,54
41,269,31,54
41,269,31,54
42,270,31,54
43,271,31,55
42,269,31,55
43,270,31,55
43,270,31,55
43,270,31,55
45,270,32,56
45,268,32,56
45,268,32,56
45,269,32,56
45,269,32,56
45,269,32,56
45,269,32,56
45,269,32,56
45,269,32,56
45,269,32,56
45,269,32,56
45,269,32,56
45,269,32,56
46,270,32,56
45,270,32,56
46,270,32,56
46,270,32,56
46,270,32,56
47,270,32,56
47,270,32,56
48,270,32,56
48,270,32,56
49,270,32,56
49,270,32,56
49,270,32,56
50,270,32,56
50,270,32,56
50,270,32,56
56,308,32,56
56,308,32,56
61,307,32,56
61,308,32,56
60,308,32,56
61,308,32,56
62,308,32,56
63,308,32,56
63,308,32,56
63,308,32,56
66,307,32,56
66,308,32,56
66,308,32,56
68,308,32,56
67,308,32,56
