710,215,86,217
710,215,86,217
713,215,86,217
713,215,86,217
713,215,86,217
715,215,86,217
715,215,86,217
715,215,86,217
715,215,86,217
715,218,86,217
715,218,86,217
715,218,86,217
715,218,86,217
715,215,86,217
713,215,86,217
713,215,86,217
713,218,86,217
713,218,86,217
715,220,86,216
713,223,86,217
713,223,86,217
713,226,86,217
710,226,86,217
710,220,86,216
710,218,86,217
707,220,86,216
707,220,86,216
707,220,86,216
707,220,86,216
707,223,86,217
705,223,86,217
705,223,86,217
705,223,86,217
702,223,86,217
702,223,86,217
699,223,86,217
699,226,86,217
697,226,86,217
667,174,86,217
672,174,86,217
686,171,86,217
691,169,86,217
702,166,86,216
715,161,86,217
721,158,86,217
729,155,86,217
670,218,86,217
670,218,86,217
670,220,86,216
670,218,86,217
667,220,86,216
670,218,86,217
667,218,86,217
664,218,86,217
659,220,86,216
654,220,86,216
654,223,86,217
651,223,86,217
648,218,86,217
646,218,86,217
643,218,86,217
640,218,86,217
637,218,86,217
635,218,86,217
635,218,86,217
635,218,86,217
635,218,86,217
635,218,86,217
632,218,86,217
632,218,86,217
629,218,86,217
627,218,86,217
627,218,86,217
624,218,86,217
624,218,86,217
624,218,86,217
621,218,86,217
619,215,86,217
616,212,86,217
616,212,86,217
616,212,86,217
608,212,86,217
603,212,86,217
603,209,86,217
605,209,86,217
605,209,86,217
603,209,86,217
600,212,86,217
597,212,86,217
597,212,86,217
594,218,86,217
592,218,86,217
592,215,86,217
592,215,86,217
589,215,86,217
589,215,86,217
589,218,86,217
589,218,86,217
589,218,86,217
586,220,86,216
586,220,86,216
584,220,86,216
584,220,86,216
581,220,86,216
584,220,86,216
581,220,86,216
581,223,86,217
578,223,86,217
573,223,86,217
573,223,86,217
573,223,86,217
573,223,86,217
570,223,86,217
570,223,86,217
570,223,86,217
570,223,86,217
568,223,86,217
568,226,86,217
570,228,86,217
568,226,86,217
568,228,86,217
568,226,86,217
565,228,86,217
565,231,86,217
562,231,86,217
565,231,86,217
565,234,86,216
565,234,86,216
562,231,86,217
562,231,86,217
562,231,86,217
562,231,86,217
560,231,86,217
560,234,86,216
560,234,86,216
560,234,86,216
560,231,86,217
560,231,86,217
557,228,86,217
554,228,86,217
551,228,86,217
546,228,86,217
543,228,86,217
546,231,86,217
546,231,86,217
543,231,86,217
546,231,86,217
541,231,86,217
541,231,86,217
541,231,86,217
541,231,86,217
543,231,86,217
543,231,86,217
546,231,86,217
546,234,86,216
546,234,86,216
549,234,86,216
549,234,86,216
549,234,86,216
551,231,86,217
549,231,86,217
549,231,86,217
551,231,86,217
551,231,86,217
551,231,86,217
551,231,86,217
549,231,86,217
549,231,86,217
546,228,86,217
546,231,86,217
546,228,86,217
546,228,86,217
543,228,86,217
543,228,86,217
543,228,86,217
541,228,86,217
538,228,86,217
535,228,86,217
535,228,86,217
533,226,86,217
527,231,86,217
527,228,86,217
522,228,86,217
522,228,86,217
519,231,86,217
519,231,86,217
514,231,86,217
511,231,86,217
511,231,86,217
508,231,86,217
508,234,86,216
506,234,86,216
503,236,85,217
503,236,85,217
503,236,85,217
503,236,85,217
500,239,86,217
500,239,86,217
500,242,86,217
498,242,86,217
492,242,85,217
492,242,85,217
492,247,85,216
490,247,86,216
490,250,86,217
487,253,86,217
487,250,86,217
487,253,86,217
484,250,86,217
487,250,86,217
482,250,85,217
482,250,85,217
482,253,85,217
482,253,85,217
482,250,85,217
479,250,86,217
479,253,86,217
476,250,86,217
476,250,86,217
476,250,86,217
476,250,86,217
476,247,86,216
476,247,86,216
476,247,86,216
476,247,86,216
474,245,86,217
425,234,86,216
428,234,85,216
431,234,86,216
433,234,86,216
433,234,86,216
439,234,85,216
447,234,86,216
447,234,86,216
447,236,86,217
436,226,86,217
425,234,86,216
412,234,86,216
404,231,86,217
474,215,86,217
474,218,86,217
474,242,86,217
479,245,86,217
484,247,86,216
484,250,86,217
487,250,86,217
487,250,86,217
487,253,86,217
490,250,86,217
492,245,85,217
490,245,86,217
492,245,85,217
490,245,86,217
490,245,86,217
490,245,86,217
490,245,86,217
490,245,86,217
487,245,86,217
487,242,86,217
484,245,86,217
484,245,86,217
487,245,86,217
487,245,86,217
484,247,86,216
482,247,85,216
479,247,86,216
479,247,86,216
476,245,86,217
471,239,85,217
468,239,86,217
465,236,86,217
465,239,86,217
460,236,85,217
460,236,85,217
460,236,85,217
457,231,86,217
457,236,86,217
457,234,86,216
457,239,86,217
460,242,85,217
457,239,86,217
457,239,86,217
457,242,86,217
457,242,86,217
457,245,86,217
457,245,86,217
455,242,86,217
452,239,86,217
447,236,86,217
447,236,86,217
449,236,85,217
449,236,85,217
452,239,86,217
452,239,86,217
449,242,85,217
447,242,86,217
439,231,85,217
444,231,86,217
444,234,86,216
441,234,86,216
444,234,86,216
441,231,86,217
439,231,85,217
436,231,86,217
436,234,86,216
436,231,86,217
439,226,85,217
436,228,86,217
441,236,86,217
439,239,85,217
374,307,86,217
377,310,86,217
420,215,86,217
422,209,86,217
428,223,85,217
428,223,85,217
431,226,86,217
428,231,85,217
428,228,85,217
428,228,85,217
428,226,85,217
425,226,86,217
425,226,86,217
425,228,86,217
425,228,86,217
422,226,86,217
425,228,86,217
425,228,86,217
425,226,86,217
425,228,86,217
425,228,86,217
425,228,86,217
425,228,86,217
425,228,86,217
425,228,86,217
425,228,86,217
422,228,86,217
422,228,86,217
425,228,86,217
425,228,86,217
425,226,86,217
425,226,86,217
425,226,86,217
425,228,86,217
420,228,86,217
422,228,86,217
425,231,86,217
422,231,86,217
422,231,86,217
422,231,86,217
422,231,86,217
422,228,86,217
422,231,86,217
422,231,86,217
422,239,86,217
422,239,86,217
422,239,86,217
422,239,86,217
422,234,86,216
422,234,86,216
422,239,86,217
422,239,86,217
422,239,86,217
422,239,86,217
422,239,86,217
422,239,86,217
422,239,86,217
422,242,86,217
422,236,86,217
422,245,86,217
422,239,86,217
425,239,86,217
428,247,85,216
428,247,85,216
428,247,85,216
428,250,85,217
428,250,85,217
428,250,85,217
428,250,85,217
371,239,86,217
371,239,86,217
377,236,86,217
382,236,86,217
385,231,86,217
385,236,86,217
385,231,86,217
385,234,86,216
385,236,86,217
385,239,86,217
388,239,86,217
396,239,86,217
396,239,86,217
398,239,86,217
398,239,86,217
401,239,86,217
401,239,86,217
401,239,86,217
401,239,86,217
401,242,86,217
401,242,86,217
401,239,86,217
401,239,86,217
404,239,86,217
401,239,86,217
404,245,86,217
401,242,86,217
401,242,86,217
398,247,86,216
398,247,86,216
398,247,86,216
396,247,86,216
396,247,86,216
396,247,86,216
396,247,86,216
396,247,86,216
396,250,86,217
401,242,86,217
401,242,86,217
398,247,86,216
398,247,86,216
398,247,86,216
398,247,86,216
398,247,86,216
401,247,86,216
404,247,86,216
401,247,86,216
404,250,86,217
404,250,86,217
401,250,86,217
401,250,86,217
406,250,86,217
406,250,86,217
409,247,86,216
404,250,86,217
404,247,86,216
401,250,86,217
401,250,86,217
404,250,86,217
404,250,86,217
404,247,86,216
401,245,86,217
401,247,86,216
401,245,86,217
398,247,86,216
398,245,86,217
398,250,86,217
398,247,86,216
401,247,86,216
401,247,86,216
482,236,85,217
401,250,86,217
401,247,86,216
404,245,86,217
406,245,86,217
514,234,86,216
522,231,86,217
525,231,86,217
530,234,86,216
541,231,86,217
546,228,86,217
551,234,86,216
554,226,86,217
557,223,86,217
568,223,86,217
573,223,86,217
576,223,86,217
576,223,86,217
581,226,86,217
581,226,86,217
581,231,86,217
584,226,86,217
584,231,86,217
586,231,86,217
584,231,86,217
584,228,86,217
584,231,86,217
586,231,86,217
586,231,86,217
586,234,86,216
586,231,86,217
656,234,86,216
670,236,86,217
672,236,86,217
670,234,86,216
678,239,86,217
683,234,86,216
691,231,86,217
691,231,86,217
691,234,86,216
691,234,86,216
694,234,86,216
694,231,86,217
694,231,86,217
694,234,86,216
697,231,86,217
697,231,86,217
699,234,86,216
702,234,86,216
707,236,86,217
707,236,86,217
670,220,86,216
670,220,86,216
664,207,86,216
664,207,86,216
662,215,86,217
664,215,86,217
664,215,86,217
664,215,86,217
568,185,86,217
568,185,86,217
568,185,86,217
565,185,86,217
562,193,86,216
562,190,86,217
560,190,86,217
560,193,86,216
560,190,86,217
557,190,86,217
557,190,86,217
557,193,86,216
557,193,86,216
557,196,86,217
557,196,86,217
557,193,86,216
554,196,86,217
551,193,86,216
546,193,86,216
551,193,86,216
551,193,86,216
551,193,86,216
546,190,86,217
538,190,86,217
538,190,86,217
538,193,86,216
541,193,86,216
538,193,86,216
538,193,86,216
538,193,86,216
557,209,86,217
554,204,86,217
557,223,86,217
557,220,86,216
557,223,86,217
554,231,86,217
557,231,86,217
557,234,86,216
557,236,86,217
560,228,86,217
557,226,86,217
560,228,86,217
560,226,86,217
560,226,86,217
560,226,86,217
554,226,86,217
551,199,86,217
554,196,86,217
554,196,86,217
554,196,86,217
546,204,86,217
554,199,86,217
551,207,86,216
557,196,86,217
557,193,86,216
551,190,86,217
551,193,86,216
554,234,86,216
551,193,86,216
551,234,86,216
551,234,86,216
541,193,86,216
554,228,86,217
551,226,86,217
551,226,86,217
551,226,86,217
551,226,86,217
549,226,86,217
546,220,86,216
546,220,86,216
543,220,86,216
659,220,86,216
662,223,86,217
664,223,86,217
662,223,86,217
664,223,86,217
664,223,86,217
667,218,86,217
670,215,86,217
670,209,86,217
670,209,86,217
678,207,86,216
680,209,86,217
546,218,86,217
541,212,86,217
543,209,86,217
538,199,86,217
538,199,86,217
538,196,86,217
543,199,86,217
543,204,86,217
549,218,86,217
554,218,86,217
549,218,86,217
551,215,86,217
549,209,86,217
549,207,86,216
549,207,86,216
546,207,86,216
543,204,86,217
560,220,86,216
570,231,86,217
565,231,86,217
565,231,86,217
568,231,86,217
565,228,86,217
565,228,86,217
562,226,86,217
613,220,86,216
613,218,86,217
616,220,86,216
613,223,86,217
611,226,86,217
611,226,86,217
611,226,86,217
611,223,86,217
621,220,86,216
621,220,86,216
621,220,86,216
621,220,86,216
621,220,86,216
621,220,86,216
624,220,86,216
624,220,86,216
624,220,86,216
627,220,86,216
627,220,86,216
627,220,86,216
627,220,86,216
637,228,86,217
581,228,86,217
584,231,86,217
586,226,86,217
627,223,86,217
635,226,86,217
632,223,86,217
664,223,86,217
670,220,86,216
678,218,86,217
683,215,86,217
670,228,86,217
702,223,86,217
702,223,86,217
705,220,86,216
702,215,86,217
702,212,86,217
670,228,86,217
680,212,86,217
670,220,86,216
680,215,86,217
678,215,86,217
672,212,86,217
667,228,86,217
670,228,86,217
670,228,86,217
613,220,86,216
621,223,86,217
627,218,86,217
632,218,86,217
640,215,86,217
646,218,86,217
