1,262,96,224
7,265,96,224
10,265,96,224
19,265,96,224
22,265,96,224
28,265,96,224
31,262,96,224
34,262,96,224
40,262,96,224
47,262,94,219
51,260,94,219
53,260,94,219
56,257,94,219
65,257,94,219
71,257,94,219
74,257,94,219
80,257,94,219
83,254,94,219
92,254,94,219
95,254,94,219
98,254,94,219
101,254,94,219
103,254,94,219
109,254,94,219
112,257,94,219
118,257,94,219
121,257,94,219
124,254,94,219
130,251,94,219
132,254,92,215
133,252,92,215
136,252,92,215
139,252,92,215
142,252,92,215
145,252,92,215
145,255,92,215
148,255,92,215
148,255,92,215
150,252,92,215
153,252,92,215
156,249,92,215
156,249,92,215
159,249,92,215
159,249,92,215
161,252,90,211
162,250,90,211
164,253,90,211
164,253,90,211
167,253,90,211
170,253,90,211
170,253,90,211
173,250,90,211
173,250,90,211
176,250,90,211
179,250,90,211
181,250,90,211
184,250,90,211
184,250,90,211
190,250,90,211
195,253,88,206
195,251,88,206
197,251,88,206
203,251,88,206
206,251,88,206
206,251,88,206
208,248,88,206
211,248,88,206
214,248,88,206
217,248,88,206
219,248,88,206
222,245,88,206
225,248,88,206
225,251,88,206
228,251,88,206
228,251,88,206
231,248,88,206
233,248,88,206
233,248,88,206
236,251,88,206
236,251,88,206
239,251,88,206
242,248,88,206
242,248,88,206
244,242,88,206
244,242,88,206
247,242,88,206
250,239,88,206
255,239,88,206
258,239,88,206
261,242,88,206
264,242,88,206
267,248,88,206
269,248,88,206
275,248,88,206
280,251,86,202
283,248,86,202
291,251,86,202
297,254,86,202
302,254,86,202
305,257,86,202
308,257,86,202
313,260,86,202
318,263,86,202
324,265,86,202
329,265,86,202
335,268,86,202
343,268,86,202
346,268,86,202
348,271,86,202
354,274,86,202
356,277,86,202
359,279,86,202
362,279,86,202
365,282,86,202
367,282,86,202
370,282,86,202
375,285,86,202
378,285,86,202
378,285,86,202
381,285,86,202
381,285,86,202
384,285,86,202
386,291,86,202
386,291,86,202
389,291,86,202
392,291,86,202
400,291,86,202
403,291,86,202
405,291,86,202
411,288,86,202
414,285,86,202
419,291,86,202
422,291,86,202
427,291,86,202
427,294,86,202
430,294,86,202
433,294,86,202
438,296,86,202
438,296,86,202
438,299,86,202
441,299,86,202
443,296,86,202
449,294,86,202
452,294,86,202
454,294,86,202
454,296,86,202
457,296,86,202
460,294,86,202
460,294,86,202
462,294,86,202
462,294,86,202
462,291,86,202
462,291,86,202
462,288,86,202
464,291,85,198
464,288,85,198
461,288,85,198
464,293,85,198
461,291,85,198
459,291,85,198
456,291,85,198
453,291,85,198
451,291,85,198
451,288,85,198
448,288,85,198
448,291,85,198
445,291,85,198
443,291,85,198
440,291,85,198
440,291,85,198
437,293,85,198
435,293,85,198
432,293,85,198
429,293,85,198
429,291,83,195
426,290,83,195
426,288,83,195
424,285,83,195
426,288,83,195
424,289,85,198
424,288,85,198
427,285,85,198
429,285,85,198
432,285,85,198
512,280,85,198
557,277,85,198
563,280,85,198
563,282,85,198
568,282,85,198
571,282,85,198
571,282,85,198
573,282,85,198
573,282,85,198
576,282,85,198
576,280,85,198
573,280,85,198
571,280,85,198
571,277,85,198
568,277,85,198
565,280,85,198
565,277,85,198
563,277,85,198
560,280,85,198
560,280,85,198
560,280,85,198
560,280,85,198
560,280,85,198
557,277,85,198
560,277,85,198
560,277,85,198
563,274,85,198
563,274,85,198
563,274,85,198
560,274,85,198
560,274,85,198
560,274,85,198
557,274,85,198
557,274,85,198
557,274,85,198
557,274,85,198
557,274,85,198
552,274,85,198
552,274,85,198
549,274,85,198
551,277,83,195
549,277,83,195
549,277,83,195
549,277,83,195
549,277,83,195
549,274,83,195
549,274,83,195
489,279,83,195
489,279,83,195
492,279,83,195
492,279,83,195
494,279,83,195
494,279,83,195
494,279,83,195
494,279,83,195
494,279,83,195
494,279,83,195
492,279,83,195
494,279,83,195
492,279,83,195
494,279,83,195
494,279,83,195
497,279,83,195
497,282,83,195
497,282,83,195
497,281,85,198
493,280,85,198
493,277,85,198
493,277,85,198
493,274,85,198
498,280,83,195
497,277,83,195
497,277,83,195
497,277,83,195
497,279,83,195
497,279,83,195
497,279,83,195
499,279,83,195
502,279,83,195
502,279,83,195
502,279,83,195
505,279,83,195
505,279,83,195
505,277,83,195
505,277,83,195
510,279,83,195
510,279,83,195
507,279,83,195
510,274,83,195
510,274,83,195
510,274,83,195
510,274,83,195
507,274,83,195
507,274,83,195
507,274,83,195
507,274,83,195
505,271,83,195
505,271,83,195
505,271,83,195
502,271,83,195
499,271,83,195
499,271,83,195
499,271,83,195
499,271,83,195
497,271,83,195
497,271,83,195
497,271,83,195
497,269,83,195
497,269,83,195
497,266,83,195
497,266,83,195
494,263,83,195
494,263,83,195
494,263,83,195
494,263,83,195
494,266,83,195
494,263,83,195
494,263,83,195
494,160,83,195
497,155,83,195
497,155,83,195
497,155,83,195
497,152,83,195
494,155,83,195
494,152,83,195
494,152,83,195
494,152,83,195
494,152,83,195
494,155,83,195
494,155,83,195
494,155,83,195
494,149,83,195
494,152,83,195
494,147,83,195
494,144,83,195
494,144,83,195
494,149,83,195
494,144,83,195
494,141,83,194
494,141,83,194
492,141,83,194
494,144,83,195
492,139,83,195
492,141,83,194
492,139,83,195
492,139,83,195
492,136,83,195
494,136,83,195
494,136,83,195
494,136,83,195
489,136,83,195
489,136,83,195
489,133,83,195
486,131,83,195
486,131,83,195
486,128,83,195
489,128,83,195
486,128,83,195
484,128,83,195
