344,113,16,28
344,114,16,29
344,114,16,29
344,114,16,29
344,114,16,29
344,114,16,29
344,114,16,29
344,114,16,29
344,114,16,29
345,116,15,28
344,115,15,28
345,115,15,28
345,115,15,28
345,115,15,28
345,115,15,28
345,115,15,28
345,115,15,28
345,115,15,28
345,115,15,28
345,115,15,28
346,109,15,28
346,108,15,28
346,108,15,28
346,103,15,28
346,102,16,29
346,98,16,29
346,99,16,29
346,98,16,29
346,99,16,28
347,95,15,28
346,92,15,28
346,90,15,28
346,90,15,28
347,90,15,28
347,89,15,28
346,85,15,28
347,82,15,28
347,82,15,28
347,76,15,28
347,74,15,28
346,72,15,28
347,72,15,28
346,67,15,28
346,63,15,28
346,62,15,28
346,63,15,28
346,58,15,28
346,56,15,28
346,53,15,28
346,54,15,28
346,52,15,28
346,52,15,28
347,54,15,28
347,53,15,28
347,53,15,28
347,53,15,28
347,53,15,28
347,52,15,28
347,53,15,28
348,54,16,29
348,53,16,28
348,53,16,28
348,53,16,28
348,53,16,29
349,54,15,28
349,53,15,28
348,53,15,28
349,54,15,28
349,54,15,28
350,55,16,28
350,54,16,29
350,53,16,28
350,54,16,29
351,54,16,29
350,54,16,29
351,52,16,29
351,54,16,29
351,54,16,29
351,54,16,29
351,54,16,29
352,54,16,29
352,54,16,29
351,53,16,28
352,53,16,28
352,54,16,29
352,54,16,29
353,54,16,29
353,54,16,29
353,54,16,29
353,55,16,29
353,53,16,28
354,54,16,29
354,54,16,29
354,54,16,29
355,57,15,28
354,54,15,28
354,54,15,28
354,54,15,28
354,54,15,28
354,54,15,28
354,54,15,28
354,54,15,28
354,54,15,28
355,56,15,28
355,56,15,28
355,57,15,28
356,54,15,28
356,54,15,28
356,54,15,28
356,54,15,28
356,56,15,28
357,57,15,28
357,54,15,28
357,56,15,28
357,55,15,28
357,55,15,28
358,57,15,28
358,55,15,28
358,55,15,28
359,55,15,28
359,56,15,28
360,58,15,28
360,58,15,28
360,59,15,28
361,58,16,29
361,56,16,29
361,57,16,29
361,57,16,29
361,57,16,29
361,58,16,29
362,57,16,29
362,57,16,29
362,58,16,29
362,55,16,29
362,55,16,29
363,57,16,29
363,58,16,29
363,58,16,29
364,58,16,29
364,57,16,29
365,58,16,29
365,58,16,29
365,58,16,29
365,58,16,29
365,59,16,29
365,58,16,29
366,58,16,29
366,59,16,29
366,58,16,29
367,58,16,30
366,58,16,30
367,58,16,30
367,58,16,30
367,58,16,30
367,58,16,30
368,58,16,30
368,58,16,30
368,58,16,30
368,58,16,30
368,58,16,30
369,58,16,30
369,58,16,30
369,58,16,30
369,58,16,30
370,59,16,30
369,58,16,30
370,58,16,30
370,58,16,30
370,58,16,30
371,58,16,30
371,58,16,30
371,58,16,30
371,57,16,30
372,57,16,30
372,58,16,30
372,58,16,30
373,58,16,30
373,58,16,30
373,58,16,30
374,59,17,31
373,58,17,31
374,58,17,31
374,58,17,31
374,57,17,31
374,58,17,31
375,58,17,31
374,58,17,31
375,59,17,31
376,59,17,31
376,58,17,31
376,58,17,31
377,59,17,31
377,58,17,31
377,58,17,31
378,59,18,32
378,58,18,32
377,58,18,32
378,58,18,32
378,58,18,32
379,58,18,33
378,58,18,33
378,57,18,33
378,56,18,33
378,58,18,33
379,57,18,33
379,58,18,33
379,57,18,33
380,58,18,33
380,58,18,33
380,58,18,33
380,58,18,33
381,59,18,33
381,59,18,33
381,59,18,33
381,59,18,33
381,59,18,33
381,59,18,33
381,59,18,33
382,59,18,33
383,60,19,34
382,59,19,34
382,59,19,34
382,60,19,34
382,59,19,34
383,60,19,34
384,60,19,34
383,60,19,34
383,60,19,34
384,59,19,34
384,60,19,34
384,59,19,34
384,60,19,34
384,60,19,34
384,60,19,34
385,60,19,36
385,60,19,36
385,60,19,36
385,60,19,36
385,60,19,36
386,61,20,36
385,60,20,36
385,60,20,36
386,62,20,36
387,61,20,36
387,60,20,37
387,61,20,37
387,58,20,37
387,60,20,37
388,61,20,37
388,61,20,37
388,61,20,37
388,60,20,37
389,61,20,37
389,61,20,37
389,60,20,37
389,60,20,37
389,61,20,37
390,61,20,37
391,61,20,37
391,61,21,38
390,60,21,38
391,61,21,38
391,61,21,38
391,61,21,38
391,60,21,38
392,60,21,38
392,60,21,38
392,61,21,38
392,60,21,38
394,62,20,37
393,61,20,37
394,62,20,37
394,60,20,37
394,60,20,37
395,63,20,37
395,61,20,37
396,61,20,37
396,61,20,37
396,61,20,37
396,62,21,38
396,60,21,38
396,61,21,38
396,61,21,38
396,61,21,38
396,61,21,39
396,60,21,39
397,60,21,39
397,60,21,39
397,61,21,39
398,60,21,39
397,62,21,39
397,60,21,39
398,60,21,39
398,61,21,39
398,60,21,39
398,60,21,39
399,60,21,39
399,60,21,39
399,60,21,39
399,61,22,40
398,61,22,40
400,60,22,40
400,59,22,40
400,61,22,40
401,63,22,41
400,62,22,41
400,60,22,41
400,60,22,41
400,60,22,41
403,64,22,40
402,61,22,40
402,63,22,40
402,63,22,40
402,61,22,40
403,62,22,40
403,62,22,40
403,63,22,40
404,64,22,40
404,63,22,40
404,61,22,40
404,63,22,40
404,61,22,40
404,63,22,40
405,64,22,40
406,63,22,41
405,63,22,41
405,63,22,41
406,63,22,41
406,62,22,41
407,62,22,41
407,62,22,41
407,62,22,41
407,63,22,41
408,63,22,41
408,65,23,42
408,62,23,42
408,63,23,42
408,63,23,42
408,63,23,42
408,63,23,42
409,64,23,42
409,64,23,42
409,63,23,42
409,62,23,42
410,64,23,42
411,63,23,42
411,63,23,42
410,62,23,42
411,64,23,42
411,65,23,42
411,65,23,42
411,64,23,42
411,64,23,42
411,63,23,42
411,62,23,42
412,62,23,42
412,63,23,42
414,66,23,42
414,64,23,42
414,65,23,42
415,65,23,42
415,62,23,42
416,64,23,42
416,65,23,42
416,65,23,43
416,65,23,43
416,65,23,43
417,65,23,43
417,64,23,43
417,65,24,43
417,65,24,43
418,66,24,43
418,65,24,43
419,66,24,43
419,66,24,43
420,66,24,43
420,64,24,43
421,65,24,43
421,64,24,43
422,64,24,43
423,65,24,43
422,65,24,43
423,65,24,43
423,67,24,43
423,66,24,43
424,66,24,43
424,68,24,43
424,68,24,43
425,68,24,43
426,69,24,43
426,68,24,43
426,67,24,43
426,69,24,43
426,68,24,43
426,69,24,43
426,69,24,43
426,69,24,43
427,70,24,43
426,69,24,43
426,68,24,43
426,68,24,43
426,68,24,43
427,68,24,43
427,68,24,43
427,68,24,43
427,67,24,43
428,68,24,43
428,68,24,43
429,67,24,43
429,68,24,44
429,67,24,44
429,67,24,44
429,68,24,44
429,67,24,44
430,68,25,45
429,67,25,45
429,67,25,45
429,67,25,45
429,67,25,45
429,67,25,45
429,67,25,45
429,67,25,45
429,67,25,45
429,67,25,45
429,67,25,45
429,67,25,45
430,67,25,45
430,67,25,45
431,67,25,45
430,67,25,45
431,67,25,45
431,67,25,45
431,67,25,45
431,67,25,45
432,67,25,46
432,67,25,46
432,68,25,46
432,66,25,46
432,69,25,46
432,67,26,47
432,67,26,47
432,67,26,47
432,66,26,47
433,66,26,47
433,67,26,47
433,67,26,47
434,68,26,47
434,68,26,47
434,68,26,47
434,68,26,48
434,67,26,48
434,67,26,48
435,67,26,48
435,68,26,48
436,69,27,49
436,67,27,49
437,68,27,49
437,66,27,49
437,67,27,49
437,68,27,49
437,69,27,49
437,68,27,49
437,68,27,49
437,68,27,49
438,68,27,49
438,68,27,49
438,68,27,49
438,67,27,49
438,68,27,49
440,70,26,48
440,68,26,48
440,68,26,48
441,69,26,48
441,69,26,48
441,68,26,48
441,68,26,48
441,68,26,48
441,69,26,48
441,69,26,48
441,70,26,48
441,69,26,48
441,68,26,48
442,69,26,48
441,68,26,48
443,68,26,48
443,69,26,48
443,69,26,48
443,69,26,48
444,69,26,48
444,69,26,48
445,69,26,48
445,69,26,48
446,69,26,48
446,69,26,48
446,70,26,48
446,69,26,48
446,71,26,48
447,70,26,48
448,71,26,48
448,70,26,48
448,69,26,48
449,71,26,48
449,70,26,48
450,71,26,48
451,71,26,48
451,71,26,48
451,71,26,48
451,70,26,48
451,71,26,48
451,71,26,48
452,71,26,48
452,72,26,48
452,72,26,48
452,72,26,48
453,72,26,48
453,72,26,48
453,72,26,48
454,72,26,48
454,72,26,48
454,72,26,48
454,72,26,48
454,72,26,48
455,72,26,48
455,73,26,48
455,72,26,48
455,72,26,48
455,72,26,48
456,72,26,48
455,72,26,48
455,72,26,48
456,72,26,48
456,73,26,48
456,72,26,48
456,72,26,48
456,72,26,48
456,72,26,48
457,73,26,48
457,73,26,48
457,73,26,48
457,73,26,48
457,74,26,48
457,73,26,48
457,73,26,48
457,72,26,48
459,75,26,47
458,73,26,47
458,74,26,47
458,74,26,47
459,75,26,47
460,75,25,46
460,74,25,46
461,74,25,46
460,74,25,46
461,74,25,46
461,75,25,46
461,75,25,46
461,75,25,46
461,75,25,46
462,75,25,46
463,75,25,46
463,75,25,46
463,74,25,46
464,75,25,46
464,75,25,46
464,75,25,46
464,75,25,46
465,75,25,46
465,75,25,46
465,75,25,46
467,75,25,45
466,75,25,45
466,75,25,45
466,76,25,45
467,76,25,45
469,77,25,46
468,75,25,46
469,75,25,46
469,75,25,46
470,75,25,46
470,75,25,46
471,76,25,46
472,76,25,46
472,76,25,46
473,77,25,46
473,77,25,46
473,76,25,46
473,77,25,46
474,76,25,46
474,77,25,46
475,77,25,46
475,78,25,46
475,77,25,46
476,77,25,46
477,78,25,46
477,78,25,46
477,78,25,46
477,79,25,46
478,78,25,46
478,78,25,46
478,80,25,46
479,80,25,46
479,80,25,46
480,81,25,46
480,80,25,46
480,80,25,46
481,82,25,46
481,80,25,46
481,83,25,46
481,82,25,46
481,83,25,46
482,81,25,46
482,84,25,46
482,80,25,46
483,80,25,46
483,82,25,46
483,83,25,46
484,83,25,46
485,83,25,46
485,85,25,46
485,84,26,47
484,81,26,47
485,83,26,47
486,82,26,47
487,83,26,47
488,83,26,48
487,84,26,48
487,85,26,48
488,84,26,48
488,84,26,48
489,85,26,48
489,85,26,48
489,84,26,48
489,85,26,48
490,85,26,48
490,85,26,48
491,86,26,48
491,85,26,48
491,85,26,48
492,85,26,48
491,85,27,50
491,85,27,50
491,84,27,50
491,85,27,50
492,85,27,50
492,84,27,50
492,84,27,50
492,84,27,50
492,84,27,50
492,83,27,50
493,85,27,50
493,87,27,50
493,90,27,50
494,93,27,50
494,97,27,50
494,97,27,50
494,103,27,50
494,105,27,50
494,110,27,50
495,116,27,50
496,121,27,50
496,123,27,50
496,127,27,50
497,131,27,50
497,133,27,50
498,136,28,51
497,138,28,51
497,138,28,51
498,138,28,51
498,139,28,51
498,140,28,52
498,139,28,52
498,138,28,52
498,138,28,52
498,137,28,52
499,140,29,53
498,138,29,53
498,139,29,53
499,139,29,53
499,139,29,53
499,139,29,53
499,139,29,53
500,138,29,53
500,140,29,53
500,139,29,53
501,140,29,53
501,140,29,53
500,139,29,53
501,140,29,53
501,140,29,53
501,138,29,53
501,139,29,53
501,139,29,53
502,140,29,53
502,140,29,53
502,141,29,53
503,141,29,53
503,140,29,53
503,140,29,53
503,139,29,53
503,140,29,53
503,140,29,53
505,143,29,53
505,142,29,53
504,141,29,53
503,141,29,53
503,141,29,53
503,142,29,53
503,139,29,53
503,142,29,53
503,144,29,53
503,144,29,53
504,145,29,53
504,150,29,53
504,153,29,53
504,157,29,53
505,161,29,53
504,163,29,53
505,168,29,53
506,167,29,53
505,169,29,53
505,170,29,53
505,168,29,53
505,170,29,53
505,170,29,53
507,167,30,54
506,168,30,54
507,169,30,54
507,169,30,54
507,169,30,54
509,169,30,54
510,169,30,54
511,170,30,54
511,169,30,54
511,171,30,54
512,175,30,54
513,177,30,54
514,179,30,54
514,177,30,54
515,179,30,54
516,177,30,54
517,178,30,54
518,178,30,54
518,178,30,54
518,177,30,54
520,179,30,55
520,178,30,55
520,182,30,55
521,184,30,55
523,195,30,55
523,192,30,55
524,193,30,55
525,195,30,55
525,196,30,55
526,198,30,55
526,197,30,55
526,199,30,55
525,197,30,55
525,199,30,55
526,199,30,55
526,199,30,55
526,199,30,55
529,200,30,55
529,201,30,55
529,201,30,55
530,202,31,56
529,200,31,56
531,198,31,56
530,198,31,56
531,200,31,56
531,200,31,56
532,200,31,56
532,201,31,56
532,200,31,56
532,200,31,56
532,200,31,56
532,200,31,56
533,201,31,56
533,201,31,56
533,201,31,56
533,202,31,56
533,202,31,56
534,202,31,56
534,201,31,56
534,200,31,56
535,201,32,57
534,200,32,58
534,200,32,58
534,201,32,57
534,201,32,57
535,201,32,57
535,201,32,57
535,202,32,58
535,201,32,57
535,201,32,57
535,202,32,58
535,201,32,57
535,203,32,58
536,205,32,57
536,205,32,57
536,205,32,57
536,203,32,58
536,203,32,58
536,203,32,58
536,203,32,58
536,205,32,57
536,205,32,57
536,206,32,58
537,206,32,58
536,206,32,58
536,206,32,58
537,206,32,58
537,206,32,58
537,206,32,58
537,206,32,58
538,208,32,58
537,206,32,58
537,206,32,58
538,207,32,57
537,206,32,58
538,206,32,58
538,208,32,58
538,208,32,58
538,208,32,58
538,206,32,58
538,209,32,57
538,208,32,58
537,209,32,57
537,207,32,57
538,210,32,58
537,211,32,58
538,210,32,58
538,212,32,57
537,211,32,58
537,212,32,57
537,212,32,57
538,214,32,57
538,211,32,58
538,212,32,57
538,212,32,57
538,214,32,57
537,214,32,57
537,214,32,57
539,219,32,57
539,219,32,57
539,219,32,57
538,218,32,57
538,218,32,57
538,220,32,58
538,220,32,58
537,217,32,58
538,219,32,57
538,217,32,58
538,215,32,58
538,218,32,57
539,216,32,57
539,216,32,57
538,216,32,57
538,217,32,58
538,218,32,57
538,217,32,58
538,218,32,57
538,219,32,57
537,217,32,58
537,217,32,58
538,222,32,59
537,220,32,59
537,219,32,59
537,219,32,59
537,218,32,59
536,214,32,59
536,214,32,59
536,211,32,59
536,211,32,59
536,211,32,59
535,208,32,59
535,205,32,59
535,204,32,59
535,202,32,59
535,202,32,59
535,200,32,59
535,199,32,59
535,197,32,59
535,197,32,59
535,198,32,59
534,198,32,59
534,199,32,59
534,199,32,59
534,198,32,59
534,198,32,59
535,198,32,59
534,199,32,59
534,199,32,59
534,199,32,59
534,200,32,59
534,200,32,59
533,201,32,59
533,200,32,59
534,200,32,59
532,200,32,59
533,200,32,59
532,201,32,59
532,202,32,59
532,204,32,59
531,202,32,59
531,205,32,57
530,203,32,58
529,203,32,58
529,203,32,58
529,206,32,58
529,206,32,59
527,204,32,59
527,208,32,59
527,206,32,59
526,205,32,59
526,207,33,60
525,206,33,60
525,205,33,60
525,206,33,60
525,206,33,60
524,208,33,61
523,207,33,61
523,207,33,61
523,207,33,61
522,207,33,61
522,207,33,61
520,207,33,61
520,207,33,61
520,207,33,61
519,210,33,61
518,209,33,61
517,209,33,61
518,210,33,61
517,210,33,61
517,209,33,61
516,212,33,61
516,213,33,61
515,213,33,61
515,214,33,61
514,214,33,61
513,213,33,61
514,212,33,61
513,213,33,61
512,212,33,61
512,215,33,61
512,216,33,61
511,217,33,61
511,216,33,61
511,216,33,61
510,216,33,61
510,216,33,61
510,217,33,61
509,216,33,61
509,217,33,61
510,218,33,61
509,219,34,62
509,217,34,62
509,217,34,62
509,217,34,62
509,218,34,62
509,219,34,62
509,219,34,62
509,220,34,62
509,220,34,62
509,220,34,62
509,220,34,62
509,221,34,62
509,219,34,62
508,218,34,62
508,221,34,62
508,221,34,62
508,221,34,62
508,221,34,62
508,221,34,62
508,222,34,62
508,222,34,62
508,222,34,62
507,224,34,62
507,224,34,62
507,225,34,62
507,225,33,61
506,225,33,61
506,225,33,61
505,224,33,61
505,225,33,61
505,224,34,62
504,224,34,62
504,225,34,62
504,226,34,62
503,225,34,62
504,230,35,64
503,226,35,64
503,226,35,64
504,225,35,64
503,223,35,64
503,224,36,65
502,224,36,65
503,228,36,65
502,229,36,65
500,228,36,65
500,227,36,65
500,227,36,65
500,228,36,65
500,228,36,65
499,230,36,65
500,230,36,65
500,229,36,65
500,231,36,65
500,231,36,65
499,231,36,65
499,230,36,65
499,231,36,65
499,229,36,65
499,230,36,65
498,230,36,65
498,233,36,65
497,233,36,65
497,231,36,65
496,231,36,65
496,234,36,65
497,234,35,64
495,234,35,64
495,234,35,64
495,235,35,64
495,236,35,64
496,242,34,62
493,238,34,62
494,238,34,62
492,238,34,62
490,238,34,62
491,234,35,64
488,242,35,64
487,243,35,64
488,241,35,64
487,241,35,64
486,242,35,64
486,243,35,64
485,239,35,64
485,244,35,64
484,242,35,64
485,245,35,64
484,242,35,64
484,244,35,64
485,244,35,64
485,244,35,64
485,243,35,64
485,243,35,64
485,246,35,64
485,243,35,64
485,242,35,64
485,240,36,66
485,242,36,66
485,244,36,66
485,244,36,66
485,244,36,66
485,244,36,66
483,242,36,66
484,244,36,66
484,244,36,66
484,243,36,66
484,243,36,66
484,243,36,66
486,247,36,66
486,248,36,66
485,249,36,66
485,249,36,66
484,246,36,66
483,249,36,66
483,248,36,66
482,247,36,66
483,246,36,66
483,250,36,66
482,248,36,66
482,249,36,66
482,249,36,66
482,252,37,67
482,253,37,67
482,253,37,67
482,253,37,67
482,254,37,67
481,254,38,69
481,252,38,69
481,253,38,69
480,254,38,69
480,254,38,69
479,257,39,70
478,253,39,70
477,254,39,70
476,254,39,70
476,254,39,70
476,256,39,72
475,255,39,72
475,255,39,72
475,257,39,72
477,255,39,72
475,255,39,72
475,257,39,72
477,255,39,72
475,258,39,72
477,258,39,72
475,258,39,72
475,257,39,72
474,261,39,72
473,261,39,72
474,257,39,72
474,259,39,72
473,261,39,72
473,258,39,72
474,261,39,72
473,263,39,72
473,266,39,72
473,264,39,72
473,264,39,72
472,264,39,72
472,264,39,72
470,266,39,72
470,266,39,72
469,268,39,72
468,268,39,72
467,270,39,72
467,270,40,73
465,268,40,73
465,270,40,73
465,268,40,73
463,271,40,73
462,271,40,73
462,274,40,73
461,274,40,73
461,275,40,73
460,275,40,73
460,275,41,75
458,275,41,75
457,278,41,75
457,274,41,75
455,275,41,75
453,281,41,75
452,283,41,75
451,281,41,75
449,285,41,75
449,285,41,75
447,283,42,76
445,282,42,76
445,285,42,76
445,285,42,76
445,283,42,76
443,284,43,78
443,286,43,78
443,286,43,78
443,286,43,78
443,286,43,78
441,285,43,79
441,283,43,79
441,291,43,79
440,286,43,79
440,291,43,79
437,286,43,79
437,286,43,79
437,286,43,79
437,288,43,79
438,292,43,79
438,289,44,81
437,291,44,81
437,291,44,81
433,291,44,81
433,291,44,81
437,292,44,81
433,292,44,81
436,298,44,81
433,293,44,81
433,295,44,81
432,297,45,82
418,296,45,82
432,295,45,82
430,296,45,82
430,298,45,82
430,296,45,82
432,301,45,82
413,299,45,82
413,299,45,82
413,301,45,82
413,301,45,82
413,301,45,82
413,299,45,82
413,301,45,82
413,301,45,82
412,301,46,84
416,296,46,84
416,296,46,84
413,299,46,84
413,299,46,84
416,298,47,86
415,296,47,86
415,299,47,86
412,301,47,86
414,299,47,86
415,299,47,86
414,301,47,86
414,299,47,86
414,299,47,86
417,299,47,86
414,299,48,87
414,296,48,87
413,300,48,87
413,300,48,87
411,303,48,87
411,299,48,87
402,307,48,87
410,300,48,87
410,302,48,87
408,302,48,87
407,300,49,89
402,306,49,89
402,308,49,89
410,297,49,89
409,298,49,89
398,310,49,89
396,311,49,89
393,314,49,89
390,314,49,89
392,313,49,89
389,316,50,91
385,316,50,91
385,314,50,91
384,316,50,91
379,322,50,91
388,314,50,91
379,322,50,91
379,322,50,91
377,322,50,91
373,324,50,91
373,324,50,91
373,324,50,91
369,324,50,91
369,325,50,91
368,325,50,91
365,330,51,93
362,330,51,93
362,330,51,93
361,332,51,93
359,334,51,93
359,335,51,93
358,335,51,93
358,337,51,93
358,334,51,93
353,337,51,93
353,337,52,95
350,337,52,95
352,337,52,95
350,335,52,95
345,339,52,95
345,340,52,95
343,340,52,95
342,340,52,95
340,335,52,95
338,340,52,95
337,340,52,95
335,339,52,95
335,340,52,95
329,349,52,95
329,340,52,95
325,345,52,95
325,345,52,95
324,345,52,95
320,345,52,95
317,345,52,95
315,349,52,95
312,354,52,95
309,356,52,95
306,352,52,95
304,357,52,95
302,356,52,95
299,357,52,95
297,359,52,95
297,359,52,95
294,361,52,95
293,361,52,95
291,361,52,95
288,364,52,95
286,364,52,95
283,366,52,95
280,371,53,97
273,368,53,97
272,371,53,97
267,371,53,97
265,371,53,97
264,373,54,99
258,372,54,98
258,372,54,98
253,374,54,98
253,375,54,99
250,379,55,100
249,377,55,100
246,377,55,100
244,379,55,100
239,383,55,100
237,388,55,100
236,392,55,100
232,390,55,100
230,386,55,100
229,386,55,100
223,390,55,100
222,392,55,100
218,388,55,100
218,392,55,100
218,392,55,100
211,404,55,100
220,397,55,100
216,399,55,100
215,397,55,100
216,399,55,100
211,401,55,100
209,399,55,100
208,401,55,100
208,403,55,100
204,406,55,100
201,410,55,100
195,417,55,100
195,412,55,100
192,415,55,100
192,415,55,100
189,415,55,100
189,415,55,100
189,415,55,100
189,415,55,100
189,415,55,100
189,415,55,100
189,415,55,100
189,415,55,100
189,415,55,100
164,426,55,100
162,426,55,100
159,430,55,100
150,430,55,100
150,430,55,100
150,430,55,100
150,430,55,100
150,430,55,100
150,430,55,100
150,430,55,100
150,430,55,100
150,430,55,100
150,430,55,100
150,430,55,100
150,430,55,100
103,426,55,100
103,426,55,100
103,426,55,100
105,424,55,100
93,422,55,100
98,426,55,100
91,428,55,100
91,428,55,100
91,428,55,100
91,428,55,100
