507,178,29,66
510,179,29,67
515,180,28,66
509,178,29,68
500,178,29,67
513,176,29,66
528,176,29,66
537,175,29,66
548,174,29,66
557,175,29,66
564,174,29,66
571,175,28,65
573,172,28,64
575,173,28,64
575,172,28,64
575,172,28,64
570,173,28,63
564,174,28,65
556,172,29,65
547,174,29,65
541,174,29,66
533,175,29,66
529,179,28,64
524,179,28,65
520,178,29,65
517,178,29,66
514,177,29,66
511,178,29,66
510,176,29,67
511,177,29,67
514,178,30,67
516,178,29,67
521,178,29,66
526,179,29,67
531,177,29,67
536,175,29,67
540,175,29,65
544,174,29,66
545,173,29,66
545,172,29,67
544,171,30,68
537,172,31,70
530,172,31,70
524,172,30,69
516,173,30,69
511,175,30,68
501,176,30,69
496,177,30,68
490,176,30,69
488,178,30,68
487,179,30,68
489,177,29,67
492,175,30,68
495,172,30,69
502,171,30,68
509,171,30,69
521,168,30,68
530,167,30,68
535,164,30,68
539,159,30,69
544,154,30,69
552,148,31,70
556,143,31,70
561,141,31,70
563,137,31,71
564,138,31,71
568,144,32,72
568,152,31,71
568,166,32,72
569,181,31,71
570,188,31,71
570,195,31,71
569,196,31,71
568,194,32,72
566,191,32,73
565,188,32,73
564,183,32,73
561,183,32,73
561,178,32,73
561,176,32,72
560,174,32,72
561,174,32,73
564,174,32,73
567,174,33,75
573,178,33,75
580,181,33,75
585,185,33,76
591,194,33,74
592,199,33,75
593,198,33,76
593,201,33,75
593,202,33,75
592,204,32,74
589,202,32,72
582,200,32,73
575,201,31,71
567,202,31,71
550,207,31,71
541,211,31,71
533,211,32,72
528,210,32,72
522,205,31,71
518,199,31,71
514,196,31,72
512,194,31,71
508,195,31,70
504,197,31,70
502,195,31,71
502,195,31,70
500,192,31,71
501,190,31,71
501,189,32,72
499,188,32,73
497,191,32,73
499,191,32,74
497,196,32,73
497,199,32,73
498,205,33,74
501,212,33,74
507,216,32,74
511,217,33,75
517,222,32,74
523,219,32,74
528,218,32,73
531,218,32,74
531,221,33,75
527,224,33,75
520,220,33,76
510,213,33,76
499,203,33,75
484,201,34,76
465,199,33,76
465,199,33,76
499,207,33,76
522,213,34,76
500,215,34,77
471,211,34,77
471,211,34,77
481,200,34,76
484,198,34,77
469,196,34,77
457,192,34,77
451,180,33,80
457,170,35,79
468,159,35,80
484,148,34,78
498,140,34,77
530,139,33,76
550,136,34,78
564,137,34,77
578,135,34,76
588,131,34,77
607,124,34,76
615,121,33,75
625,116,33,75
634,111,34,77
646,107,34,78
670,107,34,78
683,101,34,77
694,96,34,77
702,92,34,77
709,84,34,77
711,77,34,77
715,78,33,75
716,79,33,76
718,84,33,75
721,87,33,75
725,90,33,75
731,94,32,74
735,95,32,73
741,96,32,72
744,97,31,71
747,95,31,71
747,95,31,70
747,95,31,70
748,99,31,71
745,104,31,71
747,111,31,70
750,112,30,69
755,111,31,70
759,116,31,70
764,117,31,69
773,128,31,70
779,136,31,70
785,140,31,70
796,142,30,69
801,144,30,68
812,141,30,68
815,139,29,66
815,138,29,65
816,138,28,63
815,135,28,64
803,129,28,64
813,128,29,65
817,133,29,66
825,140,29,66
833,148,29,67
843,161,30,68
848,169,30,69
849,180,31,70
854,185,32,73
855,188,32,73
853,192,32,75
853,195,32,73
846,197,32,74
838,196,32,74
831,197,32,73
818,196,32,72
810,195,31,72
801,197,31,69
792,197,30,69
785,198,31,71
768,205,30,72
759,209,30,73
750,213,30,70
742,215,28,74
734,212,27,73
720,208,27,72
715,206,29,71
707,209,30,71
696,213,31,70
682,218,29,72
653,222,29,72
631,225,30,70
611,223,30,69
589,222,30,69
569,216,31,70
565,193,31,71
542,183,32,72
517,168,31,71
489,155,31,71
462,147,31,71
462,147,31,71
411,126,31,72
399,118,31,71
398,115,31,72
397,122,31,71
416,149,31,71
432,177,31,71
435,205,31,71
436,229,31,72
417,232,31,71
417,232,31,71
369,204,31,70
368,193,31,70
382,190,31,71
382,190,31,71
382,190,31,71
382,190,31,71
382,190,31,71
382,190,31,71
382,190,31,71
382,190,31,71
382,190,31,71
382,190,31,71
382,190,31,71
382,190,31,71
382,190,31,71
382,190,31,71
382,190,31,71
382,190,31,71
382,190,31,71
382,190,31,71
382,190,31,71
382,190,31,71
382,238,31,71
359,256,31,71
359,253,31,70
364,227,30,69
370,211,30,68
378,192,30,68
389,185,30,67
401,175,29,67
421,166,29,66
422,162,29,66
422,160,29,67
420,153,29,66
418,150,29,66
421,149,29,65
427,149,29,65
431,158,29,67
436,170,29,65
440,179,28,64
454,195,28,63
463,200,28,65
475,202,29,65
490,203,29,65
505,200,29,65
505,200,29,65
542,188,28,65
550,183,27,65
555,184,26,66
555,184,25,67
553,187,25,67
554,191,25,65
555,195,24,67
554,205,23,64
554,214,22,64
561,228,22,61
565,233,24,59
569,239,23,62
577,241,23,59
583,241,23,62
583,241,23,62
583,241,23,62
583,241,23,62
583,241,23,62
583,241,23,62
583,241,23,62
583,241,23,62
583,241,23,62
583,241,23,62
583,241,23,62
583,241,23,62
583,241,23,62
583,241,23,62
583,241,23,62
583,241,23,62
583,241,23,62
583,241,23,62
583,241,23,62
583,241,23,62
583,241,23,62
583,241,23,62
583,241,23,62
583,241,23,62
583,241,23,62
583,241,23,62
583,241,23,62
583,241,23,62
583,241,23,62
583,241,23,62
583,241,23,62
583,241,23,62
583,241,23,62
583,241,23,62
583,241,23,62
583,241,23,62
583,241,23,62
583,241,23,62
583,241,23,62
583,241,23,62
583,241,23,62
583,241,23,62
583,241,23,62
583,241,23,62
583,241,23,62
583,241,23,62
583,241,23,62
557,232,26,58
557,232,26,58
557,232,26,58
557,232,26,58
577,248,26,59
586,251,26,59
587,253,26,60
591,253,26,60
593,255,26,59
593,255,26,59
593,254,26,58
594,251,26,59
593,248,26,60
592,244,26,59
592,244,26,59
579,237,26,60
579,239,26,60
580,236,26,60
579,237,27,61
579,237,27,62
572,237,27,62
573,238,28,63
573,238,28,63
568,234,28,63
562,236,28,64
567,233,29,65
564,232,29,67
564,230,29,67
559,229,29,67
559,225,29,67
567,223,29,66
569,225,29,67
568,224,29,66
568,226,30,67
568,229,29,67
568,230,29,66
570,232,30,67
573,231,29,67
577,230,30,68
586,231,30,69
592,228,30,67
598,227,29,67
602,225,29,66
602,226,29,65
605,227,29,65
608,229,29,65
604,233,29,66
601,230,29,66
602,232,30,67
601,234,30,68
603,232,30,69
604,232,31,71
611,231,31,72
611,229,32,72
609,227,32,73
603,223,33,74
602,221,32,73
601,218,31,73
601,217,33,75
610,213,33,75
620,215,33,75
625,215,33,74
631,216,32,73
631,218,32,73
634,217,32,73
639,218,32,73
642,218,32,73
645,220,32,72
647,223,31,71
653,224,31,71
657,225,31,70
661,226,30,68
662,227,30,68
665,228,30,67
667,230,30,67
668,229,30,68
667,229,30,68
667,230,30,68
671,229,29,67
671,227,30,68
670,224,31,69
670,224,31,69
670,224,31,69
665,220,31,69
664,221,30,69
665,221,30,67
663,217,30,68
661,212,30,68
667,214,30,68
666,217,30,68
673,215,30,68
677,215,30,68
681,220,30,68
682,216,30,68
682,213,30,67
680,214,30,67
678,216,30,68
675,217,30,68
671,219,30,68
668,213,30,69
669,217,30,68
666,216,30,68
666,217,30,68
664,219,30,69
665,219,30,68
668,219,31,70
684,219,31,71
687,221,31,71
688,221,31,71
693,226,31,72
691,225,31,72
690,225,31,71
698,227,32,72
699,226,32,72
701,225,32,73
704,224,32,72
704,220,32,72
706,221,32,73
703,223,32,73
697,221,32,72
696,214,32,73
692,215,32,73
689,217,33,74
683,218,32,74
681,219,33,75
679,222,33,76
680,222,33,76
682,226,34,76
681,224,34,78
682,224,35,79
683,224,35,80
688,226,36,81
690,222,36,83
695,219,36,82
698,218,36,82
698,218,36,82
698,218,36,82
698,218,36,82
705,211,36,82
702,210,36,82
709,209,36,82
714,208,36,81
723,213,35,80
727,214,36,81
728,212,36,82
731,217,36,82
733,220,37,83
734,219,37,84
735,223,37,83
738,226,37,84
743,224,38,85
738,223,38,86
739,226,38,85
742,225,38,86
746,223,38,86
750,223,38,86
748,227,37,85
747,232,37,85
744,240,38,86
736,241,38,86
733,246,37,85
734,251,38,86
721,268,38,85
733,279,38,86
733,279,38,86
733,279,38,86
733,279,38,86
733,279,38,86
733,279,38,86
733,279,38,86
733,279,38,86
733,279,38,86
733,279,38,86
733,279,38,86
733,279,38,86
733,279,38,86
733,279,38,86
733,279,38,86
733,279,38,86
733,279,38,86
733,279,38,86
733,279,38,86
733,279,38,86
733,279,38,86
733,279,38,86
733,279,38,86
733,279,38,86
733,279,38,86
733,279,38,86
733,279,38,86
733,279,38,86
733,279,38,86
733,279,38,86
733,279,38,86
733,279,38,86
721,199,38,86
725,196,37,83
726,200,37,83
727,192,36,83
725,193,36,82
730,192,36,82
734,193,36,81
735,193,36,81
738,197,35,80
748,190,36,81
760,196,35,80
766,202,35,79
773,205,35,79
783,206,35,81
760,218,35,80
772,221,36,81
783,219,36,83
788,214,37,84
788,214,37,84
788,214,37,84
802,218,36,83
804,219,36,82
804,219,36,82
803,221,35,81
802,218,35,79
805,216,34,78
800,217,34,78
799,218,34,78
803,219,34,78
807,220,34,78
807,220,34,78
807,220,34,78
807,220,34,78
807,220,34,78
807,220,34,78
777,190,34,78
777,186,34,77
777,186,34,77
777,186,34,77
777,186,34,77
777,186,34,77
777,186,34,77
777,186,34,77
777,186,34,77
