576,185,18,43
576,186,18,42
575,188,18,41
575,187,17,42
575,187,16,43
574,187,16,41
573,186,16,41
573,186,16,41
572,188,17,41
572,185,17,43
571,186,17,42
572,188,17,41
574,187,17,42
571,188,16,41
571,186,16,43
571,187,15,43
572,188,16,43
572,188,16,42
573,188,15,42
573,188,15,41
575,189,15,41
573,188,16,41
573,190,17,40
574,188,16,42
574,188,17,42
575,190,17,41
575,189,17,43
576,189,16,43
577,188,16,43
576,189,17,42
578,190,16,41
577,190,16,41
579,190,15,41
579,190,15,43
578,191,16,41
578,191,16,40
579,192,16,39
579,191,16,40
580,190,16,41
579,191,16,41
580,192,16,40
580,192,15,40
579,192,16,40
579,192,15,41
578,192,17,42
579,193,15,42
579,193,16,41
579,192,16,42
578,192,16,42
578,194,16,42
577,194,16,43
577,193,16,42
576,193,16,42
575,194,16,42
574,195,16,42
574,195,16,42
574,192,16,45
573,193,17,44
575,194,17,44
574,195,17,43
573,196,17,42
572,194,17,43
573,195,17,42
576,198,17,40
577,197,16,41
577,196,16,42
577,196,16,43
578,196,16,44
578,196,16,43
576,196,16,43
578,197,16,43
579,197,15,43
578,199,16,43
579,198,16,43
580,199,16,43
580,197,16,45
581,199,16,43
581,200,16,41
581,200,16,43
580,200,16,43
579,198,17,45
580,200,16,43
580,200,16,44
579,201,16,42
580,201,15,43
578,201,16,43
578,201,16,42
577,201,17,43
578,201,16,44
577,201,16,42
577,202,16,43
576,204,16,43
576,202,16,45
577,203,16,44
578,201,15,44
578,202,16,43
577,204,15,42
577,203,15,43
575,203,16,43
577,204,15,43
576,204,16,44
576,203,16,45
576,204,16,44
576,204,16,44
576,205,16,44
575,205,16,43
574,205,17,45
573,205,17,44
571,206,16,44
571,207,16,43
568,206,17,45
567,207,17,44
566,206,17,43
564,207,18,43
561,208,18,42
559,208,18,43
556,207,19,45
554,210,17,42
553,208,17,44
551,209,16,43
548,209,17,45
544,209,17,44
542,211,18,41
539,208,18,45
536,211,18,43
535,210,17,45
531,210,17,43
528,210,17,46
526,213,17,43
522,211,17,45
520,212,18,42
519,212,17,43
514,211,18,45
511,213,19,46
509,212,17,45
507,213,17,44
505,212,17,46
502,212,17,47
499,214,17,44
498,214,17,44
495,214,18,44
493,216,18,43
489,214,18,45
489,216,17,43
487,215,17,43
483,214,17,47
480,215,17,46
478,216,18,44
476,217,18,42
471,218,18,44
469,217,18,45
465,218,18,44
463,218,17,46
462,217,17,45
461,219,17,45
456,220,18,43
454,219,18,45
451,221,19,43
448,221,18,45
448,220,19,45
443,220,18,46
441,221,18,45
440,220,18,46
439,221,17,47
437,222,17,47
435,222,18,47
434,222,18,46
433,222,17,47
430,222,18,48
429,225,18,45
427,224,17,46
426,223,18,49
425,223,17,48
425,225,17,46
422,224,17,47
421,226,18,47
420,225,18,47
417,227,18,45
415,226,17,47
416,228,17,45
413,227,17,46
412,227,17,47
410,227,18,47
409,227,18,47
406,227,18,45
404,228,19,47
402,230,18,46
400,230,19,46
399,231,18,45
397,229,18,48
396,228,18,48
396,229,18,47
394,232,17,46
393,230,18,47
392,232,18,44
389,233,18,46
387,233,18,45
384,233,18,45
384,233,18,46
381,233,18,46
378,233,18,47
378,234,18,48
374,235,18,45
372,235,18,46
372,234,19,47
373,237,19,46
364,237,19,47
365,237,19,49
362,235,18,50
361,233,19,50
358,235,19,51
355,234,19,52
352,234,19,52
351,236,19,48
349,236,21,49
349,236,19,50
344,237,20,49
341,235,19,51
339,234,19,51
338,234,19,52
335,233,19,53
334,234,19,54
331,233,19,53
330,234,19,52
329,235,19,50
328,236,18,52
322,237,19,51
321,236,19,53
320,235,18,52
318,234,18,54
316,236,18,54
316,237,19,54
316,237,18,54
315,237,18,54
315,238,19,55
308,240,18,54
304,238,19,56
301,238,19,54
300,237,19,54
299,241,19,55
297,241,19,53
297,241,19,52
295,242,19,51
291,243,19,50
290,241,19,52
289,241,19,53
285,242,19,53
285,242,19,52
283,242,18,54
280,244,19,52
279,245,19,51
279,244,18,52
277,244,18,53
276,244,18,53
273,246,18,52
270,246,18,53
268,246,19,54
268,245,18,55
267,247,18,53
263,247,19,53
263,247,19,51
263,248,19,55
262,249,18,53
257,248,19,53
254,252,19,52
253,250,19,55
252,250,19,54
251,250,19,56
249,252,19,52
249,252,19,54
248,252,19,54
246,253,19,53
243,254,19,55
240,253,19,53
238,253,19,55
238,252,19,54
237,253,19,53
234,256,19,54
232,256,19,55
230,256,20,55
229,256,19,57
226,258,19,56
223,259,19,54
223,257,19,57
220,256,19,61
218,259,20,56
218,258,19,57
217,259,19,54
215,260,19,55
214,261,20,56
213,262,20,57
210,263,20,56
207,261,20,60
206,261,20,57
206,262,20,58
205,263,20,57
204,263,20,56
205,261,19,60
205,262,20,58
206,263,19,56
204,264,20,56
204,264,20,57
202,264,20,59
202,265,20,56
201,267,20,56
201,267,20,56
203,266,19,57
201,265,20,57
201,267,19,56
201,270,19,51
200,270,20,53
197,269,20,53
196,268,20,53
196,270,20,54
195,271,20,52
194,270,20,53
195,271,21,54
194,272,20,51
193,272,20,51
191,272,20,51
190,272,20,52
189,274,21,53
188,275,20,53
187,278,21,52
186,276,21,52
188,276,21,52
188,276,21,52
187,279,21,50
186,279,21,51
183,278,21,53
183,279,21,52
182,280,21,54
182,282,21,53
183,283,22,54
183,281,21,54
183,282,21,54
182,284,21,54
181,286,21,54
179,286,21,55
177,286,22,55
176,287,22,55
176,289,22,56
176,289,21,54
176,287,22,56
176,289,22,56
174,291,22,57
171,292,21,55
169,292,22,56
168,292,22,57
167,291,22,56
168,294,22,57
166,297,22,57
165,297,23,58
164,294,23,60
163,299,23,59
160,298,23,59
159,298,23,61
158,298,22,61
157,301,23,59
156,303,23,59
157,301,23,59
156,300,23,60
154,297,25,65
153,300,23,60
151,302,23,61
148,303,23,61
146,302,23,62
143,303,23,61
142,305,24,61
138,307,23,60
136,307,24,61
134,306,23,62
131,307,24,62
125,309,24,63
124,309,25,63
123,309,24,65
119,309,24,63
118,311,24,63
114,313,25,62
112,312,25,63
111,312,24,65
110,311,25,67
103,314,25,64
101,315,24,65
99,315,24,65
96,314,24,66
95,314,23,66
91,317,24,65
90,319,24,64
87,318,24,66
84,320,24,69
82,323,29,63
82,323,29,63
82,323,29,63
82,323,29,63
82,323,29,63
82,323,29,63
82,323,29,63
82,323,29,63
82,323,29,63
82,323,29,63
82,323,29,63
82,323,29,63
82,323,29,63
82,323,29,63
82,323,29,63
82,323,29,63
82,323,29,63
163,346,25,65
161,344,25,66
154,343,26,65
154,344,26,68
152,343,25,68
152,343,25,68
149,345,25,70
144,348,27,68
137,347,27,68
130,353,26,67
126,351,26,68
121,353,27,70
122,350,26,73
120,351,27,71
116,354,27,72
111,355,28,72
107,355,27,74
100,357,28,73
97,359,29,73
91,360,31,74
86,360,29,74
83,358,29,75
80,359,28,74
74,363,28,73
68,366,29,73
66,368,29,72
60,367,30,73
57,367,30,73
50,367,31,77
48,367,31,80
44,367,30,80
42,367,30,77
38,369,30,77
30,371,31,79
26,372,30,79
20,373,30,78
13,378,31,79
10,379,31,79
6,378,33,82
6,376,31,79
