549,335,70,132
556,330,67,130
567,326,64,131
575,322,63,129
575,322,63,129
575,322,63,129
575,322,63,129
575,322,63,129
575,322,63,129
575,322,63,129
575,322,63,129
575,322,63,129
575,322,63,129
575,322,63,129
575,322,63,129
575,322,63,129
575,322,63,129
575,322,63,129
575,322,63,129
575,322,63,129
575,322,63,129
575,322,63,129
575,322,63,129
575,322,63,129
575,322,63,129
575,322,63,129
575,322,63,129
575,322,63,129
575,322,63,129
575,322,63,129
575,322,63,129
575,322,63,129
575,322,63,129
575,322,63,129
575,322,63,129
575,322,63,129
575,322,63,129
575,322,63,129
575,322,63,129
575,322,63,129
575,322,63,129
575,322,63,129
575,322,63,129
575,322,63,129
575,322,63,129
575,322,63,129
575,322,63,129
575,322,63,129
575,322,63,129
575,322,63,129
575,322,63,129
575,322,63,129
575,322,63,129
575,322,63,129
575,322,63,129
575,322,63,129
575,322,63,129
575,322,63,129
575,322,63,129
575,322,63,129
575,322,63,129
490,361,61,109
510,354,58,114
523,342,58,123
533,337,58,123
543,330,57,125
551,325,57,123
560,321,55,119
568,318,54,115
575,310,51,106
575,310,51,106
575,310,51,106
575,310,51,106
575,310,51,106
575,310,51,106
575,310,51,106
575,310,51,106
575,310,51,106
575,310,51,106
575,310,51,106
575,310,51,106
575,310,51,106
575,310,51,106
575,310,51,106
575,310,51,106
575,310,51,106
575,310,51,106
575,310,51,106
575,310,51,106
575,310,51,106
575,310,51,106
575,310,51,106
575,310,51,106
575,310,51,106
575,310,51,106
575,310,51,106
575,310,51,106
575,310,51,106
575,310,51,106
575,310,51,106
575,310,51,106
575,310,51,106
575,310,51,106
575,310,51,106
575,310,51,106
575,310,51,106
575,310,51,106
575,310,51,106
575,310,51,106
575,310,51,106
575,310,51,106
575,310,51,106
575,310,51,106
575,310,51,106
575,310,51,106
575,310,51,106
575,310,51,106
575,310,51,106
575,310,51,106
575,310,51,106
575,310,51,106
575,310,51,106
575,310,51,106
575,310,51,106
575,310,51,106
575,310,51,106
575,310,51,106
575,310,51,106
575,310,51,106
575,310,51,106
575,310,51,106
575,310,51,106
575,310,51,106
575,310,51,106
575,310,51,106
575,310,51,106
575,310,51,106
575,310,51,106
575,310,51,106
575,310,51,106
575,310,51,106
575,310,51,106
575,310,51,106
575,310,51,106
575,310,51,106
575,310,51,106
575,310,51,106
575,310,51,106
575,310,51,106
575,310,51,106
575,310,51,106
575,310,51,106
575,310,51,106
575,310,51,106
575,310,51,106
575,310,51,106
575,310,51,106
575,310,51,106
575,310,51,106
575,310,51,106
575,310,51,106
575,310,51,106
575,310,51,106
575,310,51,106
575,310,51,106
575,310,51,106
575,310,51,106
575,310,51,106
575,310,51,106
575,310,51,106
575,310,51,106
575,310,51,106
575,310,51,106
575,310,51,106
575,310,51,106
575,310,51,106
575,310,51,106
575,310,51,106
575,310,51,106
575,310,51,106
575,310,51,106
575,310,51,106
575,310,51,106
575,310,51,106
575,310,51,106
575,310,51,106
575,310,51,106
575,310,51,106
575,310,51,106
575,310,51,106
575,310,51,106
575,310,51,106
575,310,51,106
575,310,51,106
575,310,51,106
575,310,51,106
575,310,51,106
575,310,51,106
575,310,51,106
575,310,51,106
575,310,51,106
575,310,51,106
575,310,51,106
575,310,51,106
575,310,51,106
575,310,51,106
575,310,51,106
575,310,51,106
575,310,51,106
575,310,51,106
575,310,51,106
575,310,51,106
575,310,51,106
575,310,51,106
575,310,51,106
575,310,51,106
575,310,51,106
575,310,51,106
575,310,51,106
575,310,51,106
575,310,51,106
575,310,51,106
575,310,51,106
575,310,51,106
575,310,51,106
575,310,51,106
575,310,51,106
575,310,51,106
575,310,51,106
575,310,51,106
575,310,51,106
575,310,51,106
575,310,51,106
575,310,51,106
575,310,51,106
575,310,51,106
575,310,51,106
575,310,51,106
575,310,51,106
575,310,51,106
575,310,51,106
575,310,51,106
575,310,51,106
575,310,51,106
575,310,51,106
575,310,51,106
575,310,51,106
575,310,51,106
575,310,51,106
575,310,51,106
575,310,51,106
575,310,51,106
575,310,51,106
575,310,51,106
575,310,51,106
575,310,51,106
575,310,51,106
575,310,51,106
575,310,51,106
575,310,51,106
575,310,51,106
575,310,51,106
575,310,51,106
575,310,51,106
575,310,51,106
575,310,51,106
575,310,51,106
575,310,51,106
575,310,51,106
575,310,51,106
575,310,51,106
575,310,51,106
575,310,51,106
575,310,51,106
575,310,51,106
575,310,51,106
575,310,51,106
575,310,51,106
575,310,51,106
575,310,51,106
575,310,51,106
575,310,51,106
575,310,51,106
575,310,51,106
575,310,51,106
575,310,51,106
575,310,51,106
575,310,51,106
575,310,51,106
575,310,51,106
575,310,51,106
575,310,51,106
575,310,51,106
575,310,51,106
575,310,51,106
575,310,51,106
575,310,51,106
575,310,51,106
575,310,51,106
575,310,51,106
575,310,51,106
575,310,51,106
575,310,51,106
575,310,51,106
575,310,51,106
575,310,51,106
575,310,51,106
575,310,51,106
575,310,51,106
575,310,51,106
575,310,51,106
575,310,51,106
575,310,51,106
575,310,51,106
575,310,51,106
575,310,51,106
575,310,51,106
575,310,51,106
575,310,51,106
575,310,51,106
575,310,51,106
575,310,51,106
575,310,51,106
575,310,51,106
575,310,51,106
575,310,51,106
575,310,51,106
575,310,51,106
575,310,51,106
575,310,51,106
575,310,51,106
575,310,51,106
575,310,51,106
575,310,51,106
575,310,51,106
575,310,51,106
575,310,51,106
575,310,51,106
575,310,51,106
575,310,51,106
575,310,51,106
575,310,51,106
575,310,51,106
575,310,51,106
575,310,51,106
575,310,51,106
575,310,51,106
575,310,51,106
575,310,51,106
575,310,51,106
575,310,51,106
575,310,51,106
575,310,51,106
575,310,51,106
575,310,51,106
575,310,51,106
575,310,51,106
