482,275,48,82
484,276,48,81
486,275,48,81
489,279,49,80
493,279,49,81
497,280,48,80
505,280,48,80
511,280,47,80
517,282,47,80
521,279,47,80
526,282,46,78
530,285,47,77
534,284,48,76
535,282,48,77
538,283,47,77
539,282,48,77
538,283,48,76
538,284,49,77
540,283,48,78
536,281,46,79
534,280,47,80
527,280,48,80
523,284,48,82
519,280,47,81
512,281,49,81
507,281,49,81
502,280,51,79
496,279,50,80
492,278,50,79
490,277,50,79
489,277,49,80
488,279,48,80
485,277,48,80
485,275,49,82
485,275,49,81
486,276,48,82
488,276,48,81
491,272,48,81
493,267,48,82
497,265,48,81
500,260,48,81
504,258,48,81
506,253,48,81
508,252,47,80
509,251,47,80
511,251,47,77
513,250,47,78
513,247,46,77
516,245,46,77
510,243,47,79
508,252,46,79
505,265,47,80
502,289,48,82
496,303,48,82
490,318,49,83
487,332,49,84
480,343,50,85
469,338,52,83
467,327,50,87
463,310,50,87
460,290,51,90
463,281,52,88
475,262,52,88
488,254,51,87
501,247,50,86
514,246,51,86
527,246,51,87
542,247,52,86
545,251,53,85
547,258,52,87
544,263,51,87
533,267,52,88
516,280,52,88
505,287,52,89
496,293,51,85
492,295,51,85
487,295,53,83
483,288,51,85
479,277,51,87
475,267,51,87
469,253,52,88
464,243,51,88
449,234,53,86
441,234,54,82
433,232,54,81
427,231,53,81
420,229,52,81
407,223,52,82
398,220,53,81
392,216,52,82
386,213,52,81
382,211,51,80
378,209,50,81
376,207,51,79
374,206,51,79
372,205,50,80
372,205,50,80
370,206,51,79
370,206,50,80
369,206,50,78
369,205,51,79
367,202,50,80
362,198,50,80
357,196,51,78
352,195,50,78
349,196,50,79
345,198,50,77
342,203,51,81
346,213,50,83
347,225,49,83
349,236,49,83
348,246,49,82
349,259,49,82
348,267,49,81
348,272,49,81
348,275,49,80
347,279,50,80
347,281,49,79
346,282,50,79
346,282,50,79
346,283,50,79
345,283,50,79
344,284,51,79
345,285,49,79
344,285,50,79
344,285,51,79
345,287,50,79
344,288,50,78
344,290,50,79
344,290,50,79
345,292,50,79
345,292,50,79
344,293,50,79
345,293,50,79
344,293,50,79
346,293,49,80
345,293,49,80
344,293,50,79
345,294,49,79
343,293,50,78
343,293,50,78
342,293,49,78
341,294,50,76
340,293,49,77
337,292,50,77
336,292,50,77
336,292,48,80
331,290,49,79
330,290,48,80
328,289,48,80
326,289,49,80
324,288,49,80
321,286,51,81
318,284,51,85
317,283,50,86
316,284,51,85
315,286,51,85
317,284,51,84
318,284,52,85
319,285,52,84
320,286,51,82
323,286,51,82
327,288,48,81
329,289,49,81
330,291,49,79
333,292,49,79
335,294,49,77
338,297,49,77
341,301,49,76
341,302,49,78
340,302,49,79
341,303,49,78
340,303,49,78
340,303,49,78
340,302,50,79
340,302,49,80
339,302,50,79
340,303,49,79
340,303,49,79
340,304,49,79
340,304,49,78
341,305,49,79
341,308,50,78
341,308,49,79
342,309,49,79
340,309,50,78
340,310,50,78
339,310,51,78
337,311,51,78
337,312,50,78
336,313,50,78
336,315,49,80
335,315,49,80
335,316,49,80
335,317,50,79
334,316,49,80
334,317,49,80
335,318,49,80
336,321,49,79
338,321,48,80
338,321,49,80
339,320,50,79
341,319,49,79
343,312,49,80
343,308,49,80
343,307,49,79
344,305,49,79
342,304,50,78
342,304,50,78
341,301,51,78
340,296,50,79
339,292,50,79
339,288,50,79
337,287,51,76
337,288,50,75
339,292,50,76
341,298,50,76
343,304,50,76
346,311,48,77
346,315,49,75
346,316,51,76
349,317,48,77
347,318,49,76
351,319,47,79
350,321,47,79
352,326,47,79
352,328,47,80
350,329,49,78
351,331,49,77
353,332,47,79
352,333,47,78
351,333,47,79
350,333,49,77
350,332,49,78
350,332,49,78
350,331,49,78
350,330,49,78
350,329,49,79
349,327,49,78
348,327,50,77
346,327,50,78
346,326,50,78
346,326,50,77
346,326,50,78
345,324,50,78
345,322,50,77
344,319,49,79
345,319,49,78
344,317,50,78
344,318,50,78
344,319,49,78
344,320,49,78
345,322,49,78
346,328,49,79
348,333,49,79
348,336,49,80
349,339,49,80
348,341,50,78
347,340,50,78
348,339,49,78
347,339,50,77
347,339,50,77
346,340,50,77
346,340,49,78
346,339,50,77
346,338,49,79
346,336,49,78
346,333,49,79
346,329,49,80
344,329,48,80
344,325,48,80
343,324,49,79
344,322,47,80
342,317,48,79
343,314,47,79
340,313,48,77
340,310,47,79
338,311,47,79
333,318,46,79
332,321,46,79
330,321,48,81
328,323,49,84
327,323,50,84
326,325,50,85
325,331,49,83
324,331,49,84
325,334,49,84
327,332,50,85
331,333,50,85
332,335,50,84
336,336,49,83
337,335,50,80
340,333,49,81
346,330,48,80
349,330,48,81
350,330,49,81
354,330,49,80
354,331,51,78
358,330,50,79
360,331,50,76
362,331,50,77
363,329,50,77
364,328,50,77
364,326,50,76
365,325,50,77
367,324,48,76
367,325,47,78
367,325,46,78
365,330,47,80
364,333,47,80
361,335,48,79
358,336,50,78
357,337,49,78
356,337,50,78
356,338,49,78
355,336,49,78
355,335,50,78
354,333,50,78
355,332,49,77
357,330,48,79
357,327,49,79
358,325,49,80
357,321,48,80
359,318,48,81
359,313,48,81
357,312,48,81
357,310,49,79
356,308,49,79
354,303,49,81
355,299,48,81
352,297,48,80
348,296,49,80
347,292,49,80
345,289,49,81
343,288,49,79
343,286,49,80
344,285,47,80
343,282,47,80
341,282,48,78
341,281,47,80
342,281,48,79
341,281,49,79
342,281,49,76
342,283,50,75
343,283,49,76
344,284,49,77
346,285,48,80
351,293,47,79
350,301,48,79
350,302,48,78
351,303,48,78
353,304,48,78
354,305,47,78
355,305,47,78
357,308,48,78
360,310,47,79
362,312,47,78
365,314,46,77
365,315,46,78
365,318,47,78
366,318,47,78
368,319,46,77
369,319,46,77
369,318,46,78
370,317,47,76
369,318,47,75
368,317,48,76
369,318,49,76
371,316,47,77
371,316,46,77
370,313,46,77
372,310,45,77
370,306,45,77
369,307,46,77
369,309,45,76
367,306,45,77
368,307,45,77
369,304,45,77
369,302,45,77
369,302,46,76
369,302,47,77
371,304,47,75
373,304,48,74
375,304,47,74
379,301,47,74
382,301,46,76
383,302,47,74
382,302,48,73
385,303,46,73
386,304,47,72
387,304,45,73
386,303,45,74
388,303,45,74
388,303,45,74
387,305,45,74
388,304,44,74
387,303,44,75
386,301,44,75
383,300,45,75
385,301,45,76
384,303,45,76
382,301,44,76
382,302,46,75
382,300,45,75
382,300,46,74
384,303,46,75
384,303,46,74
385,304,44,74
386,303,44,74
388,306,44,74
386,305,45,74
389,306,44,75
389,309,45,75
391,312,44,74
391,312,43,74
392,316,44,74
393,319,44,76
394,321,44,73
398,322,44,73
409,324,44,74
421,331,43,74
436,336,44,76
453,340,44,76
464,341,44,76
487,340,44,75
506,340,44,75
519,339,44,75
531,336,44,75
532,332,44,75
532,325,44,74
533,329,44,74
533,334,44,75
534,338,43,73
532,337,43,73
531,324,43,74
529,319,43,74
529,318,44,75
531,315,44,75
531,317,43,74
529,313,43,73
528,312,44,75
527,310,45,76
526,309,44,76
526,312,44,75
524,313,45,76
524,312,44,75
524,310,44,76
520,308,45,76
520,309,45,77
519,310,45,77
517,312,45,77
517,311,45,77
513,310,46,78
516,309,45,77
511,305,46,76
510,306,46,78
508,306,46,77
509,312,46,78
505,312,46,78
505,314,46,78
503,311,47,77
503,311,46,77
505,312,46,77
504,315,46,77
502,314,47,75
502,313,47,75
502,310,48,75
502,307,48,76
502,307,48,75
503,306,47,76
503,307,47,75
503,307,48,75
504,307,47,75
505,307,46,76
506,310,45,75
504,311,45,77
505,313,45,76
507,315,45,76
504,315,45,75
501,316,45,75
499,316,45,76
499,316,44,75
497,315,45,76
497,318,44,76
493,316,45,77
488,320,45,77
487,319,45,76
482,316,45,75
481,316,45,77
478,308,44,76
476,306,45,76
476,306,45,76
478,296,47,73
475,293,46,75
480,283,45,73
483,279,44,72
488,276,44,72
494,275,44,72
501,275,43,73
508,278,43,74
513,281,44,75
516,284,45,75
520,289,46,72
523,294,46,70
529,300,47,69
530,304,46,68
530,307,48,66
533,309,48,67
529,309,47,68
525,306,44,75
520,307,44,75
514,310,43,74
507,311,43,73
501,311,43,74
489,309,43,74
482,307,43,74
478,307,43,74
472,306,44,72
468,301,44,75
462,298,45,73
462,295,44,75
462,296,45,70
462,297,45,67
466,296,44,66
469,295,45,67
481,295,45,73
489,293,45,73
494,291,46,75
501,290,47,73
512,293,48,70
518,294,48,69
525,294,48,69
530,295,48,68
535,296,48,67
537,297,49,67
538,299,48,65
539,298,47,67
539,299,46,66
537,300,45,66
534,300,43,68
529,304,41,70
522,310,41,70
516,313,41,70
509,313,40,69
503,314,40,68
491,311,39,67
485,306,40,68
481,305,40,69
473,302,41,69
470,298,41,70
455,297,42,71
456,297,42,71
456,295,43,73
462,298,43,74
466,303,44,75
471,306,44,73
476,305,44,73
480,302,46,70
490,302,43,72
497,301,44,72
509,299,45,70
520,300,44,71
525,299,45,70
531,300,46,69
540,300,45,69
547,300,45,68
549,303,47,64
552,304,46,63
555,304,46,63
557,298,42,69
557,300,44,69
553,302,42,73
550,309,42,72
542,310,44,74
536,315,44,72
526,312,43,73
516,307,43,73
506,300,44,75
497,295,44,75
487,292,44,75
475,286,44,76
468,281,45,77
456,286,45,77
452,288,45,78
451,294,44,76
450,295,44,74
450,292,44,73
449,289,43,74
453,282,43,73
457,283,42,72
474,284,43,73
482,291,43,73
487,296,43,74
496,304,43,73
505,308,43,74
523,322,45,69
534,325,45,67
545,323,43,70
555,320,43,71
563,317,46,67
563,317,46,67
563,317,46,67
563,317,46,67
582,306,45,67
583,322,45,70
584,350,42,72
584,378,42,72
580,395,42,72
574,411,42,72
566,425,43,74
555,442,43,74
547,456,44,75
543,469,43,74
537,483,43,73
534,502,43,73
526,506,43,70
526,506,43,70
526,506,43,70
526,506,43,70
526,506,43,70
526,506,43,70
526,506,43,70
526,506,43,70
526,506,43,70
526,506,43,70
526,506,43,70
526,506,43,70
526,506,43,70
494,513,44,64
496,505,41,70
498,494,40,69
493,475,41,70
493,466,40,69
492,451,40,69
492,435,40,68
487,403,40,68
484,386,40,68
483,371,39,67
480,354,39,66
478,342,39,67
477,327,39,67
474,322,39,67
473,317,40,68
473,311,39,67
474,305,39,67
471,293,39,67
474,289,38,65
474,289,38,65
473,284,38,65
475,283,37,64
473,276,37,63
472,271,38,64
469,261,37,64
469,250,38,65
467,241,38,65
466,226,38,65
465,219,39,66
465,217,39,66
463,221,39,67
462,223,39,67
461,228,39,67
460,229,40,68
458,230,40,68
458,228,40,69
457,233,41,69
456,251,41,70
458,258,41,70
456,259,41,71
456,266,42,71
457,268,42,72
459,282,42,71
461,284,42,71
462,288,42,72
463,285,42,72
463,287,43,72
468,279,42,71
468,274,41,70
470,267,41,70
470,263,41,70
470,258,42,71
471,258,41,69
471,260,40,68
472,257,40,68
471,254,40,68
470,251,40,69
469,250,40,69
466,252,40,68
467,258,40,68
465,265,40,69
465,274,40,69
464,283,41,69
463,284,41,69
461,280,41,70
462,279,41,70
460,272,41,71
460,266,42,71
459,251,42,72
459,244,41,71
460,240,41,71
458,233,42,71
458,227,42,72
458,227,42,72
461,217,43,73
456,212,43,74
456,208,43,73
457,204,43,72
457,207,43,73
459,215,43,73
459,224,43,73
458,233,43,74
460,244,44,75
463,259,44,75
463,265,45,74
465,271,45,75
467,280,44,74
468,289,43,73
469,301,43,73
468,310,43,70
468,314,43,68
467,317,44,66
469,315,42,68
469,308,42,70
468,302,42,71
469,296,42,71
469,288,41,71
470,284,41,69
471,281,40,69
473,278,40,69
473,272,41,70
475,268,40,69
476,257,40,68
475,246,41,70
476,241,41,70
476,240,41,69
475,236,41,70
470,235,42,68
468,228,44,63
467,227,45,63
465,225,46,63
465,224,45,63
464,225,46,63
464,229,45,69
465,232,45,73
465,236,45,73
467,240,45,73
468,246,45,74
471,253,44,74
472,257,44,75
476,262,44,74
476,267,44,72
477,270,44,69
479,275,45,67
480,278,45,66
481,278,45,65
482,281,45,65
482,282,44,65
483,284,44,66
483,286,45,65
482,286,44,65
483,286,45,66
484,287,43,66
485,285,44,64
486,284,43,66
487,280,42,68
488,277,41,70
489,274,40,69
490,267,40,69
493,263,41,70
492,256,42,71
492,251,41,71
492,246,41,70
494,240,40,69
494,237,40,69
494,236,41,70
493,236,41,68
493,236,41,68
490,238,44,65
488,239,44,65
487,242,45,64
487,244,44,64
487,246,43,65
485,253,43,61
483,254,44,62
482,255,44,62
481,254,44,63
481,255,43,63
478,245,41,70
478,241,41,70
472,231,41,70
472,223,41,70
471,216,41,71
466,202,41,70
463,192,41,70
460,186,41,71
457,179,41,71
455,172,41,70
451,163,40,69
449,158,41,70
448,156,41,68
446,156,41,69
445,163,41,70
445,189,42,71
442,205,42,72
443,216,43,73
441,224,43,73
442,228,42,72
441,227,42,72
439,223,43,73
442,226,43,69
442,230,40,69
444,238,41,70
446,253,42,67
450,263,41,66
449,268,41,65
450,268,42,63
452,268,42,61
453,261,42,63
454,259,41,61
453,257,42,60
454,256,42,61
454,253,40,66
453,243,39,67
453,239,40,68
450,232,40,68
451,226,41,69
449,219,41,69
451,215,41,69
451,214,40,69
449,216,40,68
452,218,40,69
453,222,40,68
454,233,40,69
455,236,41,69
454,236,40,69
456,237,41,68
456,233,43,67
454,229,45,65
457,228,45,64
457,230,45,64
459,232,45,65
461,236,45,64
460,240,44,62
460,244,45,63
461,245,45,62
461,246,45,62
459,245,46,63
462,243,45,62
462,241,45,63
462,238,46,63
460,238,45,63
462,236,46,64
462,235,46,64
463,234,47,64
464,234,46,63
462,233,46,63
462,234,45,62
462,231,45,62
462,235,45,62
461,237,45,63
461,240,45,64
462,244,45,66
458,252,46,68
459,257,45,69
458,264,45,67
460,270,45,68
459,272,46,67
457,273,46,67
460,266,45,71
459,259,45,72
459,253,45,72
457,248,46,71
455,241,46,71
456,237,46,68
457,235,46,69
458,233,46,71
457,227,46,68
457,224,46,68
457,219,46,68
457,217,46,67
458,216,46,66
461,219,45,65
460,221,45,65
460,225,44,65
460,226,45,65
459,229,44,65
460,233,44,65
460,238,44,64
460,243,43,64
460,245,43,63
460,248,43,64
461,251,42,65
460,258,42,64
459,261,42,66
458,261,42,65
458,260,42,63
460,255,41,67
460,250,40,66
459,244,42,62
459,243,41,61
458,241,42,60
459,241,42,59
457,237,42,57
456,231,42,57
454,229,42,58
454,229,42,58
451,226,43,57
450,227,43,57
438,230,44,56
433,231,42,60
430,233,40,65
428,235,39,66
425,239,38,66
425,239,38,66
425,239,38,66
420,259,39,61
420,262,40,61
423,263,39,61
426,258,39,59
428,256,38,63
428,251,39,65
429,249,39,66
431,243,39,65
429,237,41,63
431,236,42,61
431,236,42,62
431,235,43,62
433,237,43,64
435,235,44,63
438,229,43,69
439,232,43,69
439,233,42,71
441,232,42,72
442,237,42,72
442,238,42,71
443,243,42,71
443,244,42,72
443,248,42,72
443,250,43,73
442,251,42,72
441,252,43,72
442,253,43,72
437,255,44,71
436,257,44,68
436,258,43,70
435,257,43,71
433,259,43,72
432,262,43,74
431,266,42,72
425,265,45,70
425,263,45,71
424,257,44,72
420,255,45,68
425,244,46,70
429,243,43,73
434,247,45,69
440,253,46,64
445,256,41,71
447,268,40,69
447,274,41,69
452,278,40,68
451,280,40,68
448,280,41,69
444,275,41,70
443,276,40,69
442,273,40,68
439,272,40,68
435,265,40,69
430,261,40,69
432,260,41,70
434,259,41,70
436,258,40,69
438,258,40,69
439,255,43,65
439,252,41,66
439,249,40,69
438,247,40,69
438,246,41,70
437,245,41,70
439,247,41,70
444,245,41,70
448,247,41,69
448,247,41,69
458,252,41,71
459,256,41,70
462,255,41,71
461,257,42,71
460,255,42,71
457,255,45,67
454,255,46,67
452,254,43,73
443,255,43,73
436,255,42,72
427,255,42,72
425,256,42,71
423,259,41,71
425,259,41,71
426,258,41,71
428,258,42,71
428,253,42,72
427,257,42,72
428,254,43,73
429,253,43,73
427,253,42,72
428,254,42,72
427,254,42,72
428,253,42,71
428,252,42,72
428,249,42,72
429,246,42,71
431,250,42,72
433,255,42,72
433,257,42,72
433,256,42,72
432,254,42,72
432,251,42,71
430,247,42,71
430,243,42,72
427,238,42,71
426,240,42,71
424,239,42,72
422,236,43,73
420,235,43,73
416,230,42,73
413,231,42,72
414,225,42,72
418,227,42,72
421,227,42,72
432,236,42,72
434,237,43,73
439,239,43,73
437,240,42,72
437,244,44,71
435,247,43,73
432,248,43,74
429,251,43,74
423,252,44,75
418,253,44,75
413,253,44,76
412,251,45,76
409,251,44,75
407,251,43,74
406,250,43,73
406,251,43,74
406,251,43,74
406,250,44,75
405,250,44,74
408,252,43,73
415,256,43,73
418,257,43,73
424,256,43,73
429,258,43,74
432,258,43,74
436,257,44,75
441,254,43,74
444,252,44,74
446,249,43,74
451,244,43,73
454,240,43,74
462,237,44,70
467,240,46,66
469,239,43,73
476,246,46,69
479,253,45,68
481,265,44,71
480,269,43,71
476,271,44,69
472,269,42,73
468,265,43,74
458,259,43,74
450,257,43,73
442,253,43,73
437,248,43,73
432,248,42,72
422,241,42,72
419,240,42,72
414,234,42,72
412,233,42,72
409,231,42,71
407,224,42,71
406,223,42,72
406,224,44,69
411,222,43,70
413,220,43,70
420,221,47,64
423,221,47,63
427,218,48,64
429,217,49,64
432,218,48,63
441,219,48,63
440,222,48,63
442,221,45,66
441,222,44,69
441,225,44,67
444,230,41,70
445,235,42,71
447,244,42,71
448,250,42,72
450,259,42,72
451,269,42,71
452,276,42,71
455,280,41,71
454,281,41,70
455,285,41,70
456,281,41,70
456,280,41,69
454,269,41,70
453,263,42,72
451,257,42,72
447,244,43,73
445,240,43,73
444,237,43,73
444,235,44,74
441,227,44,75
435,212,44,75
435,202,44,75
433,197,45,78
434,198,46,79
438,206,46,79
448,229,46,78
455,243,45,77
456,254,46,79
457,261,47,80
456,263,47,80
454,264,49,80
453,262,48,83
451,267,52,78
449,268,51,78
447,269,53,77
443,272,53,78
442,269,52,80
441,269,52,81
438,272,53,77
436,271,53,77
433,263,53,81
431,260,54,84
427,251,55,86
425,246,56,86
423,244,56,86
419,237,57,86
417,233,57,88
417,230,58,88
416,226,57,88
417,221,57,88
418,214,57,86
419,214,57,86
420,215,56,84
419,216,56,87
418,217,56,87
415,228,57,87
415,236,58,88
414,239,58,87
412,237,58,86
410,237,59,86
415,245,57,97
416,246,57,97
414,246,57,98
413,247,58,98
413,257,59,101
413,238,58,100
417,225,57,97
413,221,56,96
411,219,60,91
413,216,62,86
415,211,61,83
418,215,60,81
417,213,59,84
416,218,60,85
412,218,59,85
406,212,55,91
405,211,54,92
405,205,53,91
401,199,54,92
401,199,54,92
401,199,54,92
401,199,54,92
401,199,54,92
399,265,53,90
399,265,53,90
399,265,53,90
396,312,53,88
353,304,52,89
353,304,52,89
380,302,52,89
347,287,53,90
345,273,51,88
346,260,52,88
350,251,52,87
347,254,53,80
358,259,51,85
360,267,51,85
366,268,52,86
369,280,52,86
376,283,51,88
395,287,51,87
413,266,52,88
410,276,52,89
405,290,52,88
406,326,52,88
415,328,51,87
418,323,51,88
421,306,51,86
417,292,51,87
415,278,52,88
411,274,51,88
410,277,51,87
408,278,51,87
405,282,50,85
401,285,49,84
394,287,49,83
389,290,48,82
387,296,48,81
383,306,49,83
384,314,48,82
381,323,48,83
381,323,48,83
404,328,49,83
392,338,49,83
380,331,50,85
381,309,49,84
384,292,49,84
387,277,49,84
391,270,49,83
402,259,50,86
414,260,51,86
427,275,51,86
424,281,50,85
425,285,50,86
423,290,49,84
422,298,49,84
422,319,49,83
424,328,48,82
420,334,48,80
422,331,49,81
424,328,48,82
429,313,48,82
429,296,48,82
431,290,47,80
434,281,48,83
434,275,48,82
440,266,48,82
442,266,48,82
439,275,48,82
441,282,48,82
443,284,48,82
440,268,49,84
439,252,49,83
439,252,49,83
439,252,49,83
372,256,52,78
376,272,49,84
381,283,49,84
380,287,49,84
381,291,49,83
382,289,49,83
382,278,49,84
385,273,49,84
384,265,49,84
388,258,50,85
387,257,50,82
396,255,50,85
397,255,50,85
421,246,50,85
427,248,50,86
426,251,50,86
419,249,51,88
419,251,51,87
416,244,51,87
421,242,51,87
427,238,50,86
431,239,51,86
432,243,51,87
433,247,50,85
434,245,49,84
432,244,50,85
425,250,50,85
422,254,50,85
425,262,49,84
430,268,49,84
442,272,49,83
460,273,49,81
465,273,50,78
475,273,48,82
485,275,50,77
489,276,54,71
500,271,53,73
504,272,52,72
505,269,53,73
504,264,53,76
502,262,49,80
495,261,50,75
491,263,50,73
483,264,53,70
478,265,51,73
468,259,50,74
460,246,48,81
457,241,50,78
454,240,50,77
454,240,49,77
454,240,49,77
461,246,50,75
465,247,50,74
470,248,49,75
478,244,49,73
483,245,48,72
499,246,50,73
511,249,51,75
516,251,53,71
526,250,54,71
536,253,53,70
548,253,50,77
551,256,51,72
554,255,48,78
554,257,48,74
550,257,51,68
535,262,51,71
526,261,48,74
512,266,53,67
501,267,52,71
494,263,47,80
466,247,48,81
456,228,48,82
458,204,48,82
467,192,49,84
474,182,50,80
487,167,53,68
492,158,53,68
492,158,53,68
499,139,52,67
498,135,52,68
489,134,54,69
486,141,54,68
475,144,57,70
468,150,59,71
463,151,49,84
463,151,49,84
463,151,49,84
463,151,49,84
463,151,49,84
463,151,49,84
463,151,49,84
463,151,49,84
463,151,49,84
463,151,49,84
463,151,49,84
463,151,49,84
463,151,49,84
463,151,49,84
463,151,49,84
463,151,49,84
463,151,49,84
463,151,49,84
463,151,49,84
463,151,49,84
463,151,49,84
463,151,49,84
463,151,49,84
463,151,49,84
463,151,49,84
463,151,49,84
463,151,49,84
463,151,49,84
463,151,49,84
463,151,49,84
463,151,49,84
463,151,49,84
463,151,49,84
463,151,49,84
463,151,49,84
463,151,49,84
463,151,49,84
463,151,49,84
463,151,49,84
463,151,49,84
463,151,49,84
463,151,49,84
463,151,49,84
463,151,49,84
463,151,49,84
463,151,49,84
463,151,49,84
463,151,49,84
463,151,49,84
463,151,49,84
463,151,49,84
463,151,49,84
463,151,49,84
463,151,49,84
463,151,49,84
463,151,49,84
463,151,49,84
463,151,49,84
463,151,49,84
463,151,49,84
463,151,49,84
463,151,49,84
463,151,49,84
463,151,49,84
463,151,49,84
463,151,49,84
463,151,49,84
463,151,49,84
463,151,49,84
463,151,49,84
463,151,49,84
463,151,49,84
463,151,49,84
460,247,50,85
421,240,50,85
409,250,49,84
406,250,49,83
405,239,50,85
404,244,50,86
400,241,51,88
397,247,50,85
388,250,50,86
386,243,50,86
383,251,50,86
379,252,49,85
379,244,49,84
383,239,49,83
388,236,49,83
390,235,49,84
393,245,48,83
398,245,49,83
403,246,48,82
408,241,48,82
410,247,48,81
407,243,48,81
409,246,47,80
407,251,47,80
413,253,47,80
401,250,47,80
399,246,47,81
403,245,48,82
397,239,48,83
394,230,49,83
392,226,49,84
394,222,48,82
392,223,48,82
389,223,47,81
391,223,47,81
387,220,48,81
405,202,48,82
404,199,48,82
406,200,48,82
405,201,47,81
404,199,48,82
403,198,48,83
403,200,48,82
404,198,50,83
403,199,49,84
404,199,49,84
404,200,49,84
403,204,50,82
402,201,49,83
401,203,49,83
403,203,49,83
398,204,48,83
396,204,48,82
395,205,48,81
395,207,47,81
395,206,47,80
386,200,47,81
381,205,48,81
380,207,48,81
381,201,47,81
382,201,47,81
375,201,47,80
376,206,47,81
380,207,46,79
381,201,47,80
375,201,47,80
379,204,47,80
383,204,48,81
383,206,47,81
384,200,48,82
386,205,48,82
391,201,48,83
392,205,48,83
395,202,50,82
398,206,50,82
399,196,49,84
402,200,49,83
404,201,49,83
408,205,51,80
407,208,52,78
412,203,50,82
409,202,50,82
410,204,51,80
402,203,49,84
403,200,49,83
404,204,49,83
400,203,49,81
397,201,49,84
391,203,49,84
388,201,49,84
388,205,49,84
383,206,49,84
378,206,48,82
378,202,48,83
375,205,49,83
372,209,48,81
373,211,47,81
371,208,47,80
372,208,46,78
373,211,46,79
374,207,46,79
378,209,46,79
384,217,45,78
391,219,45,78
393,213,46,79
394,214,46,79
394,212,47,80
402,221,47,81
404,219,48,82
407,219,48,82
410,216,48,82
414,223,48,82
412,223,48,82
409,229,48,82
401,227,48,82
399,225,48,82
394,225,48,82
380,238,48,82
379,241,48,82
366,260,48,81
359,267,48,82
355,267,48,82
346,265,48,82
339,262,48,82
339,254,49,84
337,251,49,84
337,249,49,84
340,244,50,85
344,242,51,86
345,240,51,87
352,238,51,86
359,243,51,87
373,244,51,88
381,245,52,88
385,240,51,87
394,245,52,89
403,239,52,90
424,240,52,90
430,248,52,89
431,238,53,90
430,241,53,90
428,234,54,92
425,242,55,93
425,247,55,94
407,235,55,94
388,227,55,94
383,233,54,92
366,249,54,92
348,255,54,92
335,264,53,91
324,270,53,91
314,272,53,91
293,275,53,91
279,272,53,90
277,270,52,90
270,271,52,89
268,263,54,86
269,254,55,82
274,252,53,86
282,257,51,86
290,258,51,87
292,257,50,85
308,262,50,86
316,258,51,87
320,248,51,87
331,243,51,86
340,242,51,87
348,235,51,87
355,237,51,87
357,234,51,87
362,232,52,88
364,227,51,87
365,221,52,89
368,216,52,89
362,218,52,89
365,216,52,89
367,220,53,90
362,220,54,92
351,222,54,92
349,224,54,93
343,225,54,93
336,223,55,94
332,221,56,95
323,224,56,96
325,225,56,95
322,223,56,95
320,230,56,96
317,253,56,96
316,265,56,95
316,272,55,95
317,276,55,94
316,276,54,93
320,270,54,93
322,269,54,92
323,269,54,92
330,273,55,93
333,275,55,94
341,278,55,94
340,274,54,92
344,273,54,93
350,269,55,94
352,266,55,93
358,251,53,91
357,239,54,92
367,232,53,91
369,230,54,92
372,225,54,92
372,207,55,93
377,206,54,93
375,210,54,93
373,201,55,94
374,199,56,95
370,208,56,95
364,215,55,95
357,221,56,95
366,222,55,95
354,234,56,95
344,247,55,95
339,259,55,94
326,260,54,93
320,262,55,93
315,267,55,94
299,270,55,93
294,272,54,93
291,273,54,92
290,269,54,90
287,269,54,92
287,269,54,92
290,275,54,92
294,276,54,92
297,279,54,93
302,279,53,91
317,284,53,91
326,284,54,92
337,285,54,93
348,290,54,93
359,285,54,92
370,283,54,93
381,275,54,92
391,271,54,92
406,271,54,92
412,258,54,92
418,246,54,91
422,233,53,91
422,224,53,91
424,212,53,90
419,209,53,91
418,200,54,93
417,198,55,94
409,191,55,95
400,195,55,93
401,197,55,94
392,203,55,94
384,204,55,94
369,211,55,94
363,220,55,93
354,226,54,93
341,238,55,95
329,242,55,94
319,243,55,94
307,254,56,95
305,259,55,95
297,264,57,97
293,270,57,98
290,280,56,96
291,281,56,96
292,284,56,96
297,285,56,95
302,289,56,95
307,291,56,96
316,291,56,96
325,287,57,98
342,280,59,101
354,280,59,100
361,272,59,101
396,262,60,103
399,265,59,101
398,265,59,101
394,262,59,100
398,253,58,99
401,234,58,99
401,227,59,100
395,218,59,100
388,219,59,101
389,226,59,101
366,205,59,100
356,209,60,102
359,209,59,102
340,221,60,102
332,224,60,102
316,233,59,101
305,244,59,100
293,246,59,101
272,257,60,102
263,255,60,103
256,260,61,104
247,269,61,103
243,269,61,105
235,272,61,104
234,273,62,103
230,275,63,102
232,280,64,101
235,278,65,100
247,278,66,104
255,275,63,108
262,274,65,110
271,273,64,110
284,274,64,109
310,268,64,110
328,266,64,110
336,260,65,111
361,261,65,111
371,252,65,112
413,253,66,112
418,250,65,111
419,248,65,111
432,232,66,113
437,224,66,112
437,228,68,110
445,218,68,105
446,215,67,108
451,217,66,107
447,221,63,108
440,226,64,109
443,265,65,111
409,228,65,112
398,234,66,112
381,237,66,113
348,246,67,115
331,251,66,113
313,254,66,113
290,253,67,114
271,254,68,116
250,255,68,117
236,257,75,105
229,257,73,103
225,261,74,103
222,261,70,100
226,257,73,99
230,257,74,101
238,257,76,102
250,258,75,105
261,256,77,104
299,255,76,116
321,253,72,122
349,253,72,122
364,250,71,122
377,248,71,121
408,231,71,121
458,257,71,121
454,247,71,122
460,231,71,122
482,221,79,104
490,223,77,104
509,215,78,98
513,216,78,99
517,220,77,100
511,220,78,97
491,221,80,97
481,214,77,108
466,218,69,118
464,238,69,118
461,258,70,119
406,244,70,119
382,249,68,116
359,249,69,118
339,256,70,119
315,255,71,121
282,247,71,121
262,253,76,111
255,253,75,111
246,250,76,107
235,252,76,105
234,250,75,104
235,249,73,101
241,249,71,97
247,252,72,98
253,255,73,100
277,249,67,115
295,263,66,113
315,265,67,114
329,263,67,115
353,259,68,115
394,259,69,117
405,247,68,117
422,255,68,117
446,250,68,116
459,242,68,116
476,230,68,116
495,227,68,117
511,228,68,116
527,243,69,118
538,237,70,119
551,225,70,119
558,214,70,120
566,211,70,119
573,216,70,119
578,213,70,119
588,209,69,118
594,211,69,118
603,211,69,118
604,215,70,119
601,212,70,119
608,216,69,117
606,215,69,118
599,217,67,115
597,218,67,115
588,217,67,114
584,225,68,116
574,227,66,114
561,227,66,112
551,226,66,113
538,232,67,114
516,254,66,114
498,244,66,113
487,254,65,112
465,251,66,113
443,246,67,115
419,240,67,115
407,239,67,114
397,241,68,116
390,236,68,116
382,229,68,117
367,233,68,116
365,227,70,116
372,225,70,120
373,221,70,119
379,220,71,121
387,207,72,123
388,202,71,122
398,200,71,122
407,192,71,121
406,186,71,121
411,178,72,123
427,186,72,122
419,177,72,123
428,176,74,126
429,173,72,124
436,168,72,123
437,159,71,122
448,156,73,124
438,153,72,123
448,155,72,123
440,153,70,120
448,154,69,119
443,158,70,120
437,157,70,120
431,155,71,121
432,158,71,121
431,157,72,123
430,153,74,126
433,156,74,127
437,150,75,127
433,150,75,128
435,150,75,127
441,157,73,125
444,151,73,124
440,150,73,125
448,156,73,125
441,155,74,126
442,151,73,125
441,152,74,126
439,158,72,124
450,159,71,121
448,156,71,121
443,160,71,122
447,162,71,121
446,154,71,121
446,162,71,121
444,165,70,120
448,163,69,118
448,171,68,117
444,159,69,118
442,162,69,117
442,171,68,116
450,164,68,116
445,167,68,117
450,170,68,116
450,167,69,118
449,168,70,120
445,164,71,122
441,162,71,121
442,162,70,120
445,170,70,120
446,166,70,119
439,164,70,120
436,164,72,123
429,164,72,124
428,167,72,122
424,166,71,122
422,161,71,122
418,157,71,121
417,160,71,121
417,158,71,121
411,159,70,120
417,157,70,120
414,161,69,118
418,160,70,119
432,164,68,116
433,158,69,118
428,164,69,118
434,168,68,116
440,172,68,116
429,163,68,117
441,168,68,116
433,165,69,118
430,171,70,119
430,178,69,117
428,168,69,118
428,172,68,116
429,173,68,117
431,170,69,119
425,165,70,119
422,170,69,119
420,164,69,118
426,169,68,117
417,167,68,117
414,166,69,117
421,172,69,117
416,172,68,117
412,170,68,116
408,174,68,115
408,173,67,115
405,175,67,115
414,183,67,114
413,183,66,114
412,182,67,114
408,182,67,114
409,181,67,114
406,175,68,117
402,178,69,118
400,177,68,117
397,175,68,117
396,182,68,116
393,180,68,116
388,178,68,117
388,178,68,116
394,184,69,118
381,173,68,116
387,174,69,117
382,179,69,117
388,182,69,118
385,180,70,119
383,183,71,121
385,177,72,123
383,165,71,122
385,167,72,123
386,173,71,122
380,182,71,121
386,188,70,120
391,188,68,117
393,187,68,116
405,186,67,115
385,179,66,113
375,187,66,113
384,184,67,114
400,186,68,116
400,192,67,115
401,193,67,114
397,196,68,116
389,189,68,116
408,201,69,118
403,197,69,118
404,202,70,119
404,204,70,119
397,200,69,119
401,205,69,118
400,195,69,117
407,199,68,116
398,210,70,115
390,215,71,113
400,214,70,113
389,216,75,107
380,218,75,110
384,218,76,109
408,209,69,118
410,210,68,117
411,207,67,115
414,209,68,117
405,211,69,117
411,217,69,113
413,213,70,114
415,210,69,118
428,215,69,118
419,206,69,119
419,207,70,119
430,210,69,118
435,216,70,113
444,210,70,115
447,214,70,114
443,215,68,117
443,213,75,112
442,212,73,114
442,216,74,111
442,211,72,113
436,214,75,108
434,214,75,108
433,214,74,110
435,212,70,119
412,205,70,120
412,207,70,120
417,209,70,120
408,207,73,115
408,207,70,119
403,209,69,118
394,206,69,118
380,207,72,116
374,217,74,104
374,218,74,103
371,220,70,103
372,225,71,100
373,226,70,99
376,225,72,102
404,209,68,116
399,216,68,117
403,226,69,117
392,231,69,113
401,229,67,114
403,232,68,116
400,230,68,116
417,240,75,102
419,237,70,107
421,239,73,99
423,243,72,99
423,243,69,100
412,239,69,100
412,235,65,105
404,228,64,103
402,225,62,107
402,229,62,105
402,232,62,106
413,236,63,107
408,238,63,107
397,234,63,108
396,232,64,109
378,236,69,100
373,237,70,96
373,236,68,97
385,237,69,96
393,232,71,97
395,224,65,111
386,227,65,111
385,233,71,97
383,236,71,100
385,228,65,112
399,232,68,106
401,235,70,97
407,237,69,96
409,238,68,94
412,238,66,94
414,236,66,94
415,236,66,94
412,237,65,92
412,236,66,93
415,237,64,93
414,236,65,94
406,235,66,95
406,236,66,95
406,240,68,92
397,228,63,103
392,233,65,98
391,233,62,101
398,234,63,102
394,235,60,103
387,228,61,104
375,233,62,101
371,233,62,96
368,233,65,92
365,232,63,94
371,231,64,94
376,228,61,102
390,225,63,101
390,217,60,103
386,221,62,105
386,219,62,106
384,224,61,104
380,213,62,105
380,213,61,105
377,219,60,103
370,215,59,101
372,219,59,100
381,221,58,99
388,225,57,97
378,221,57,97
381,220,57,98
386,221,58,98
389,218,58,99
379,222,59,100
384,227,58,98
391,227,57,97
383,223,57,98
375,222,57,97
384,224,57,97
388,224,57,98
383,222,58,99
376,228,57,98
384,222,58,99
383,222,57,98
381,221,58,99
382,223,57,97
386,219,59,100
389,213,58,100
400,213,59,101
392,225,59,101
394,225,59,100
401,227,59,101
407,222,60,102
398,228,59,101
399,231,59,101
402,227,58,100
399,224,58,100
401,219,58,99
402,224,58,99
401,225,58,99
405,227,58,100
399,223,59,101
403,225,59,101
402,223,59,101
402,218,59,101
387,226,59,101
395,226,59,101
392,224,60,102
394,224,61,104
392,220,62,105
386,215,61,104
388,231,60,102
391,223,59,101
387,220,61,104
391,217,61,105
379,216,61,105
388,222,61,105
387,226,61,104
387,214,61,104
384,214,61,104
384,214,61,104
378,221,62,106
384,225,63,103
382,223,63,103
378,217,61,105
381,221,60,103
377,215,60,103
378,222,61,104
379,221,60,102
382,216,60,102
379,220,60,102
372,220,60,103
378,228,62,101
377,219,60,102
373,218,61,103
372,218,60,103
374,224,61,105
379,231,65,100
370,230,69,96
368,231,67,95
368,232,70,92
355,230,67,92
351,228,65,93
351,227,65,94
349,228,64,94
348,227,65,94
347,227,64,94
345,225,65,94
343,226,63,93
344,227,64,93
342,228,63,93
343,227,64,92
341,229,61,89
342,228,62,90
341,230,60,88
342,229,61,87
344,230,60,86
345,232,59,87
347,233,59,86
348,234,59,86
350,234,58,85
356,234,60,89
358,235,60,90
359,235,60,89
361,235,60,88
365,237,61,90
367,239,61,88
367,239,61,89
368,239,61,88
369,243,60,87
369,242,60,86
371,237,59,90
368,241,59,88
367,243,61,86
367,243,59,87
366,243,59,86
363,242,59,85
365,239,59,87
363,240,57,87
365,239,59,87
366,237,58,90
361,239,57,85
364,238,57,87
363,238,58,85
365,238,60,86
365,239,61,87
365,240,58,88
364,243,59,85
363,244,59,85
368,246,60,87
367,246,59,86
368,246,58,86
374,247,59,86
372,250,58,83
374,248,57,84
374,246,58,83
375,245,60,85
375,243,60,84
376,241,60,87
379,239,61,89
377,240,60,86
378,241,59,86
380,238,59,84
381,237,61,85
381,236,59,85
380,236,58,83
382,238,60,84
382,240,58,81
382,237,60,82
383,237,59,82
383,238,58,82
384,237,59,83
385,234,60,84
384,231,59,84
388,230,57,89
387,226,58,87
385,224,57,87
390,218,58,88
389,215,56,87
389,213,55,87
392,211,55,88
392,211,55,85
396,209,56,85
394,209,56,84
397,210,57,85
399,210,58,83
402,212,60,85
408,205,57,93
408,204,57,93
410,204,55,92
415,199,55,93
408,201,57,92
407,201,56,93
404,199,57,90
408,199,55,93
413,200,55,94
404,204,57,91
411,204,55,93
413,204,54,92
403,203,54,92
413,204,54,92
404,201,55,93
401,200,54,93
405,203,54,93
406,209,54,92
401,205,54,93
403,208,55,93
403,211,55,94
400,211,55,93
396,208,54,92
399,216,53,91
401,217,53,91
405,217,54,92
397,223,53,91
395,219,53,91
387,226,53,89
389,225,53,88
381,227,54,86
381,235,54,86
379,234,53,84
377,235,51,83
377,232,52,84
374,232,52,83
373,233,53,83
374,230,51,85
372,227,52,84
373,225,52,84
371,220,53,82
372,219,54,83
371,215,54,83
371,211,52,83
371,210,52,80
371,207,52,78
371,208,53,79
370,206,52,77
370,207,51,79
370,206,52,77
370,207,52,78
369,206,52,78
370,208,52,79
369,208,50,80
369,205,51,78
368,208,52,77
367,208,51,78
367,210,49,81
368,210,50,81
368,209,50,81
366,209,50,81
369,211,49,82
367,216,50,80
368,214,51,81
371,213,50,83
372,214,51,85
372,216,51,85
373,212,51,85
377,216,50,85
376,217,48,83
384,216,48,83
382,215,49,83
385,211,48,82
393,214,48,82
395,212,47,81
396,209,48,82
392,207,48,82
387,203,49,83
400,206,49,83
394,206,49,84
393,201,50,85
391,200,49,84
398,205,49,84
402,204,50,85
402,214,49,84
394,208,49,84
397,217,48,82
401,212,49,84
399,209,49,84
404,206,49,84
400,215,48,83
402,212,48,82
403,209,48,83
401,206,49,83
409,206,49,83
406,206,49,83
409,206,48,83
412,213,49,84
408,202,50,86
411,206,49,84
414,208,49,83
414,206,49,84
414,204,49,83
411,207,48,82
411,204,48,82
417,200,48,82
412,202,48,82
416,208,48,82
412,204,48,82
409,202,47,80
417,210,47,81
416,207,49,83
419,200,48,83
412,205,49,84
420,202,50,86
416,205,50,86
405,204,51,85
412,207,51,87
412,201,51,87
416,208,52,86
417,207,51,87
413,201,51,85
415,205,49,84
417,205,50,83
420,205,50,85
421,207,50,85
422,210,49,84
423,210,49,84
420,209,49,83
423,209,49,85
422,212,49,83
425,214,49,83
423,212,50,85
424,211,50,86
422,210,50,85
418,211,49,84
422,208,49,83
419,211,49,83
420,214,49,83
415,211,49,84
419,214,49,83
414,212,48,83
409,215,48,82
412,217,48,82
405,215,47,80
412,213,47,79
409,218,47,80
404,219,47,80
399,218,47,81
397,221,47,80
400,223,46,79
390,225,46,79
386,219,47,80
382,223,46,79
380,224,46,79
375,228,46,79
368,227,47,77
365,222,46,78
367,227,46,79
357,227,48,72
358,227,47,76
357,228,47,74
361,225,46,78
360,231,47,76
356,225,46,75
361,228,44,76
362,231,46,73
366,229,45,77
376,231,45,77
373,230,45,78
377,233,45,77
401,227,45,77
407,228,46,78
405,226,47,79
413,224,47,80
420,227,47,80
427,220,47,80
439,223,47,81
438,222,47,80
448,214,47,81
448,216,47,80
454,213,47,80
456,207,46,79
458,209,46,79
452,211,46,79
454,211,47,80
446,215,47,80
440,219,47,80
435,219,47,80
431,220,46,78
425,219,47,80
410,226,46,78
401,225,46,79
399,232,46,79
390,231,46,78
386,228,47,78
379,231,46,79
373,228,45,78
370,227,46,78
363,230,47,76
361,227,48,75
353,227,47,76
354,226,46,78
356,225,47,80
350,225,47,77
350,227,47,75
359,229,45,77
367,225,46,76
369,231,47,76
374,225,47,77
375,229,46,79
391,226,46,79
386,227,47,80
395,226,47,80
403,231,47,80
409,230,47,81
419,228,47,80
422,220,47,80
437,215,47,80
434,216,47,80
438,219,48,81
445,218,48,82
446,217,48,83
448,215,48,82
444,218,47,81
437,213,48,82
437,224,48,82
432,228,49,83
427,219,48,83
424,221,48,81
419,228,48,81
409,226,48,82
403,226,48,82
397,226,49,83
395,232,49,83
385,231,49,83
373,229,50,82
363,224,49,83
360,224,49,80
355,226,49,80
346,221,49,79
342,222,50,75
344,217,50,78
345,218,51,79
345,218,49,80
346,213,48,82
352,219,48,81
351,219,50,74
354,222,50,74
358,222,49,77
371,222,47,80
382,221,48,79
385,221,47,80
398,221,47,80
409,222,47,81
410,218,47,80
424,220,46,79
437,218,46,79
446,222,46,79
444,213,47,80
449,210,48,81
459,211,47,81
455,210,47,80
459,212,47,81
459,210,47,81
464,212,47,80
459,214,46,78
453,218,45,78
456,218,45,77
449,221,45,76
447,222,45,77
431,227,44,76
421,226,45,76
419,224,43,74
415,228,44,75
407,223,44,76
405,226,44,76
389,231,44,75
379,229,45,76
377,224,45,77
368,225,45,75
361,228,44,76
359,220,44,75
351,222,43,73
350,216,43,73
350,219,43,73
349,221,44,73
349,220,43,74
349,223,43,73
342,221,43,73
338,225,43,73
350,226,43,73
362,227,43,72
365,227,42,71
375,234,42,71
377,228,41,70
387,234,41,69
399,233,40,68
402,240,40,68
409,236,39,67
421,230,40,69
433,230,40,69
449,231,40,69
454,229,40,69
464,224,40,69
466,226,40,68
471,223,40,68
478,223,39,67
480,222,39,67
480,223,39,66
483,226,38,64
480,224,37,64
478,227,37,64
468,228,37,64
464,229,37,63
452,228,37,63
447,232,36,62
440,232,37,63
435,230,37,64
428,230,37,64
412,232,37,63
403,231,37,63
401,228,37,63
394,223,38,64
385,225,37,64
384,225,37,63
380,222,37,64
362,217,38,64
368,217,38,64
365,216,37,64
364,216,38,64
365,216,38,65
371,217,38,64
365,217,37,64
366,222,37,63
371,221,37,64
379,228,37,64
386,221,37,64
399,226,37,63
408,226,37,63
415,229,37,63
427,228,37,63
435,228,37,64
441,227,38,64
462,220,37,63
474,217,37,64
477,215,37,64
482,212,38,65
488,211,38,65
486,211,38,64
489,211,38,64
491,212,37,64
489,213,38,66
487,213,38,65
476,218,39,66
477,220,39,66
470,222,39,67
466,225,39,67
454,230,40,68
446,229,39,67
440,229,40,69
435,232,40,69
413,239,40,69
406,238,41,69
385,234,41,70
381,234,41,70
368,236,41,69
357,234,41,69
349,227,40,69
335,228,41,70
335,228,41,71
322,226,42,72
310,219,43,73
309,217,42,72
308,219,43,73
307,215,43,73
303,219,42,72
305,221,42,73
311,219,42,71
315,219,42,71
317,216,42,71
321,225,42,71
333,222,42,71
346,225,41,71
351,225,42,72
366,227,43,73
371,225,43,73
390,217,43,73
398,223,44,74
409,218,44,74
411,215,43,74
416,212,43,74
435,213,43,74
445,208,43,74
438,201,43,73
443,203,43,73
451,203,43,73
451,203,44,75
449,201,44,75
446,205,44,76
446,205,45,76
438,205,45,77
434,207,45,77
426,206,45,76
420,217,44,76
412,218,45,76
407,217,45,76
396,221,45,76
381,224,45,76
371,222,44,75
368,219,43,74
353,225,43,74
340,217,43,73
336,221,42,72
327,219,42,71
320,213,42,72
316,213,42,72
301,207,43,73
293,205,43,73
297,202,42,72
291,202,42,72
292,201,43,73
292,199,43,74
285,198,43,73
288,203,42,72
283,201,43,73
297,206,43,73
301,207,43,73
297,210,43,73
300,209,43,73
310,213,43,73
320,219,43,73
321,218,43,73
338,218,43,74
347,221,43,73
364,221,42,72
378,224,43,73
394,219,43,73
406,222,43,74
419,217,43,74
423,214,43,74
446,211,43,74
456,199,44,74
472,200,43,73
472,198,43,74
482,191,44,75
487,188,43,73
495,188,42,72
493,190,43,73
496,189,44,74
489,192,43,74
488,196,43,73
486,204,43,73
481,208,43,73
474,214,43,74
469,214,43,74
452,223,43,74
441,222,43,74
427,229,43,73
399,232,44,75
399,234,45,76
385,234,45,76
366,229,45,76
347,233,45,77
339,224,46,79
325,218,47,81
309,216,48,82
289,204,48,83
276,197,49,83
272,197,49,84
271,191,49,84
267,190,49,84
262,183,49,83
259,187,48,82
257,188,48,82
252,191,48,82
247,199,47,81
254,195,47,80
267,201,47,80
264,198,47,80
264,198,47,80
264,198,47,80
264,198,47,80
264,198,47,80
264,198,47,80
264,198,47,80
264,198,47,80
264,198,47,80
264,198,47,80
264,198,47,80
264,198,47,80
264,198,47,80
264,198,47,80
264,198,47,80
264,198,47,80
264,198,47,80
264,198,47,80
264,198,47,80
264,198,47,80
264,198,47,80
264,198,47,80
264,198,47,80
264,198,47,80
264,198,47,80
264,198,47,80
264,198,47,80
264,198,47,80
264,198,47,80
264,198,47,80
264,198,47,80
264,198,47,80
264,198,47,80
354,220,46,79
369,217,47,80
372,220,46,79
369,217,46,79
363,218,47,80
359,224,46,79
355,218,46,79
371,220,46,78
363,220,45,77
360,219,45,77
363,222,45,76
362,222,44,75
359,221,44,75
358,225,44,75
361,222,44,75
361,219,44,75
366,223,44,75
364,218,44,75
367,224,44,75
366,225,44,75
365,222,44,75
365,219,44,76
359,218,45,77
361,219,44,76
355,217,44,74
357,218,43,74
350,222,44,75
359,221,44,75
351,219,44,75
351,223,43,74
345,223,43,74
348,225,43,74
349,222,44,75
352,224,43,73
347,228,43,73
350,233,43,73
350,233,43,74
347,233,43,74
346,236,44,75
342,233,44,76
340,236,45,76
338,236,45,76
343,242,45,77
337,245,45,77
337,240,45,77
338,246,45,76
339,248,45,76
333,247,44,75
336,245,45,77
336,246,45,76
338,248,45,77
342,249,44,76
342,250,45,77
346,250,46,78
344,258,46,78
342,258,46,78
351,255,44,76
351,257,44,76
352,255,45,78
355,259,45,77
359,261,44,76
363,259,44,74
361,260,43,74
366,264,43,73
363,261,43,74
365,260,43,74
365,258,43,74
373,253,43,73
374,258,42,72
373,253,43,74
388,256,43,73
384,261,42,72
380,259,43,73
397,260,43,74
384,254,47,69
388,253,43,74
391,249,44,75
400,251,44,75
401,250,43,73
401,251,43,73
404,253,43,73
408,240,42,72
408,247,42,72
404,243,41,70
409,241,41,70
412,230,42,71
414,232,41,71
418,230,42,71
413,230,42,72
412,225,43,73
419,232,43,73
420,230,42,72
416,232,43,73
417,224,43,73
417,223,42,72
412,226,42,73
410,232,42,73
415,230,44,74
413,225,44,75
406,222,45,77
402,222,45,77
394,223,45,77
397,224,44,76
392,223,44,75
388,227,44,76
380,221,44,75
372,218,44,76
376,220,44,76
374,217,44,76
366,218,44,75
355,219,44,75
362,216,44,75
362,225,44,75
352,221,44,75
354,219,44,75
355,220,44,75
359,222,43,74
359,224,44,75
359,224,43,73
362,227,44,75
358,227,45,76
359,223,45,77
359,227,45,76
360,224,44,76
367,221,44,75
374,223,44,75
380,224,43,73
384,225,43,73
384,225,43,73
384,225,43,73
405,226,42,71
404,224,41,70
404,224,41,70
404,224,41,70
404,224,41,70
404,224,41,70
405,242,47,59
403,244,46,57
397,244,43,59
395,244,41,62
384,244,39,66
372,244,39,66
366,247,39,66
359,245,39,66
350,247,39,67
339,245,39,66
328,251,43,57
322,251,38,58
317,252,39,58
313,251,39,58
307,248,38,60
307,248,38,60
305,249,38,57
307,248,36,60
304,249,37,58
309,251,36,59
313,251,36,57
318,249,35,58
322,248,35,58
327,246,35,59
342,245,35,59
349,246,35,60
359,242,36,62
363,245,37,61
371,243,37,61
383,234,37,63
387,236,36,62
390,235,36,62
397,236,37,60
396,235,40,56
400,236,41,55
403,235,40,57
420,238,39,60
404,237,40,55
392,237,41,53
387,233,36,61
377,234,36,61
372,239,36,59
366,242,37,59
360,244,39,56
353,247,36,61
340,247,37,58
334,251,35,55
330,252,33,56
326,254,34,54
321,258,33,52
321,259,33,50
319,259,34,51
321,260,33,49
323,260,33,49
327,262,33,51
331,263,35,51
335,265,37,52
347,263,35,59
355,264,35,59
364,262,36,59
369,261,35,59
379,262,36,61
379,262,36,62
386,263,36,62
396,270,35,61
396,269,35,60
396,266,36,61
395,267,35,60
394,269,36,61
388,275,35,60
385,277,34,59
375,277,34,58
370,279,34,58
364,279,34,58
345,277,34,58
337,278,34,58
326,280,37,53
320,277,36,54
313,276,36,54
307,274,36,56
298,276,37,50
294,275,36,50
292,274,36,49
289,272,36,50
289,264,35,55
289,256,35,58
290,249,34,59
292,245,34,58
292,235,34,58
295,226,34,58
301,208,34,58
301,193,34,58
301,183,34,58
302,167,34,58
307,156,36,61
306,150,37,57
308,144,37,55
307,136,38,55
308,132,38,54
308,130,38,54
311,136,37,55
311,139,37,57
313,149,36,56
314,157,36,58
315,165,36,61
316,183,34,66
318,195,34,67
319,208,34,65
322,220,34,64
324,231,34,64
326,252,33,62
328,260,34,61
329,267,35,60
330,271,36,60
331,275,36,57
333,278,36,55
334,278,36,55
336,276,36,55
335,273,36,56
335,269,36,56
336,259,36,57
335,251,35,60
335,241,35,61
334,230,36,62
332,219,35,63
331,201,35,64
330,191,36,64
328,181,36,63
327,170,36,63
326,163,37,63
325,151,37,62
324,146,38,58
323,141,38,57
322,136,38,57
322,135,39,56
320,137,38,56
321,138,39,56
319,143,39,58
319,148,39,59
319,152,38,60
320,162,37,63
320,168,37,65
321,174,36,66
323,181,37,64
325,188,37,63
328,197,38,63
331,200,39,63
333,204,39,62
337,208,39,59
340,210,41,58
346,211,40,58
351,213,40,57
355,212,40,57
356,211,41,58
360,211,42,57
368,203,41,62
382,208,38,65
389,206,38,65
394,203,38,65
391,202,38,66
386,201,38,66
387,204,38,66
386,205,37,63
384,204,38,65
384,204,38,64
380,206,38,65
378,202,38,64
382,208,38,64
381,207,38,64
380,206,37,64
379,204,37,63
379,202,37,63
381,205,37,63
384,205,36,62
381,204,37,62
389,203,38,59
393,200,39,59
396,199,38,61
402,198,37,62
401,202,36,62
408,200,37,62
411,198,37,63
413,202,37,63
416,203,36,62
422,204,37,63
432,211,41,55
432,211,42,54
434,211,43,54
437,211,41,57
443,213,40,56
441,215,40,57
441,216,40,56
440,217,40,56
440,219,39,56
438,218,38,57
435,214,38,61
434,213,37,61
432,211,38,61
430,208,38,61
428,207,38,60
424,206,37,60
422,206,38,61
418,204,39,58
418,202,37,61
416,201,37,60
410,196,38,61
405,195,39,57
405,194,38,61
400,195,39,57
399,193,37,59
400,191,36,60
395,196,36,61
397,192,36,61
397,193,36,61
399,195,36,61
411,191,36,61
422,192,36,61
426,190,36,62
431,187,36,62
437,190,36,62
446,194,37,63
452,193,37,63
460,195,37,63
466,196,37,63
472,195,37,63
479,196,37,63
486,196,36,62
491,197,37,63
494,197,37,63
496,197,37,63
500,205,38,62
501,207,37,64
499,207,37,64
500,212,37,63
494,214,37,63
482,216,36,62
474,217,36,62
462,219,37,63
450,221,37,63
434,223,37,63
418,222,37,64
400,225,37,64
388,226,37,63
376,220,37,64
364,215,38,64
341,212,38,63
332,204,37,64
322,200,39,62
314,197,38,62
308,193,37,64
299,186,38,64
296,184,38,65
294,185,37,64
294,183,37,63
294,183,37,63
293,182,37,63
292,182,37,63
295,180,37,63
295,180,37,63
297,182,37,63
299,182,36,62
308,179,37,62
313,179,36,62
313,178,39,59
317,176,38,62
317,178,40,58
324,178,39,61
328,178,40,61
330,178,40,59
334,177,39,63
337,179,38,64
339,190,38,65
341,194,38,66
343,203,38,66
344,208,39,66
347,209,40,65
353,210,40,62
357,211,39,63
363,211,38,65
367,211,39,66
372,213,38,66
381,214,39,66
386,213,39,67
389,214,39,68
392,213,40,68
395,214,38,69
402,212,39,68
405,210,38,67
409,210,38,66
414,210,39,67
420,214,39,67
428,215,38,65
434,217,38,64
437,211,39,66
441,211,38,65
443,209,38,65
447,204,39,67
447,201,39,67
450,200,39,67
451,199,39,66
450,199,38,66
452,202,38,65
451,201,39,66
450,202,39,67
450,201,39,67
449,203,39,67
446,205,40,68
445,204,40,69
444,203,40,68
442,205,40,69
442,204,40,68
442,204,39,67
438,203,39,67
438,204,39,66
436,203,39,67
437,205,39,67
432,203,40,67
431,205,39,67
429,206,39,68
430,214,40,68
426,221,39,67
426,249,40,68
423,261,39,67
417,269,38,68
416,281,38,68
413,290,36,66
409,298,36,67
408,296,35,66
408,294,37,67
407,288,39,67
406,280,39,66
401,254,40,67
399,240,39,67
396,232,39,67
393,224,39,67
389,226,39,67
382,229,39,67
380,230,40,68
377,232,40,67
373,230,40,68
371,229,39,67
367,230,40,68
365,228,40,67
364,230,40,66
362,230,39,66
361,230,39,66
358,227,39,67
357,231,38,65
356,231,38,65
355,229,38,65
353,230,38,65
352,231,38,65
352,228,38,66
350,231,38,65
350,228,38,66
350,229,39,67
350,226,40,68
350,229,38,66
351,226,39,67
353,227,39,67
356,227,38,66
358,227,38,65
363,226,39,66
366,226,38,65
370,225,38,66
373,227,38,65
382,223,38,66
387,224,38,64
392,223,38,65
397,223,38,66
401,222,38,66
409,221,39,66
413,222,39,66
417,224,38,66
421,223,37,65
425,222,38,65
432,223,38,63
434,220,39,63
444,219,39,66
448,219,39,67
452,218,40,68
461,217,40,68
466,217,40,68
471,216,40,69
476,218,40,68
479,220,40,68
487,229,40,68
492,237,40,68
496,242,40,68
499,245,41,66
505,243,39,67
509,232,39,67
513,227,39,67
514,220,40,68
515,214,40,68
516,210,39,67
515,207,39,67
515,208,40,68
511,208,41,67
509,210,40,68
506,213,40,68
491,217,40,68
483,218,40,69
471,219,40,68
462,223,41,70
449,223,41,70
425,225,41,70
411,227,40,69
400,226,40,69
386,227,40,68
373,226,40,69
351,227,39,67
336,233,40,68
327,238,39,67
316,243,41,60
310,241,40,62
308,232,39,66
311,226,39,66
309,217,40,59
316,212,41,60
329,211,39,66
351,214,38,66
364,220,38,66
374,222,39,66
387,222,39,66
402,221,39,66
430,216,39,67
449,218,39,66
464,217,38,66
479,219,38,65
488,215,38,66
500,213,39,66
519,207,40,68
523,202,39,67
527,201,39,67
532,201,39,66
531,200,39,66
531,201,39,66
527,201,39,67
521,203,40,68
514,205,40,68
502,211,40,68
480,214,39,67
464,217,39,67
449,217,39,67
435,219,40,68
414,215,41,69
387,218,40,69
367,223,40,69
347,222,41,70
328,218,42,71
315,221,42,71
289,220,46,65
274,215,44,67
268,215,43,64
259,214,44,61
256,213,44,61
259,215,43,64
262,215,43,62
263,216,44,61
275,216,43,64
286,216,40,69
303,215,40,69
313,217,40,69
324,218,40,69
335,218,40,69
345,216,40,69
361,213,40,69
374,216,40,68
386,215,41,70
402,213,41,70
414,214,41,70
433,212,41,67
447,210,41,70
456,208,42,70
463,207,43,68
473,205,43,68
484,200,41,71
486,201,41,70
486,202,45,65
488,203,43,65
491,205,43,63
487,205,44,64
487,209,45,63
487,209,41,70
481,211,41,71
477,214,41,70
462,216,42,72
454,219,42,72
443,221,43,70
435,223,43,72
430,221,44,73
405,223,44,75
391,219,45,77
381,220,44,76
374,216,45,77
370,214,46,78
354,217,46,78
345,216,47,77
337,214,47,76
326,219,48,67
310,215,47,67
297,208,48,75
292,207,49,74
292,201,48,78
290,203,52,73
292,205,53,68
296,204,52,67
307,206,51,64
319,210,50,66
337,209,49,73
353,210,47,77
385,211,45,77
404,214,45,77
417,208,46,78
433,212,46,78
449,209,45,77
477,209,45,76
489,207,46,75
494,209,50,69
506,200,48,73
518,202,47,76
526,193,45,78
531,191,46,79
539,192,45,78
532,194,46,75
525,198,44,75
524,200,45,77
512,200,45,76
498,213,50,70
493,212,50,71
480,211,47,80
455,213,47,80
443,215,47,80
422,219,47,81
412,221,47,80
396,219,48,81
366,224,47,80
358,221,47,80
343,224,46,79
335,220,47,80
325,212,47,81
315,221,52,69
309,221,52,66
310,220,51,67
311,223,50,69
323,215,45,76
331,220,45,76
336,225,45,76
342,220,44,75
346,224,44,74
353,234,44,76
363,237,44,76
396,216,45,77
412,217,45,76
424,218,44,75
446,214,45,72
466,208,47,70
480,207,47,68
489,210,49,60
489,210,49,60
501,210,49,56
505,203,47,55
504,202,48,56
501,200,49,57
498,205,51,58
488,201,51,65
480,200,47,75
472,201,45,77
457,204,48,75
454,205,46,78
436,208,45,76
411,211,44,75
408,210,44,75
397,214,44,75
386,215,44,75
381,208,45,76
381,208,45,76
374,222,45,76
371,226,44,75
369,221,43,74
368,221,43,74
363,215,43,73
359,212,42,73
355,212,42,72
354,206,42,72
355,208,42,72
355,214,42,72
363,209,43,73
365,210,43,74
371,210,44,75
381,209,44,75
402,208,44,75
411,206,42,74
422,202,42,74
433,203,43,73
445,205,43,74
451,200,44,75
467,205,45,71
470,196,44,74
481,200,44,74
481,207,45,69
481,197,44,71
480,201,43,74
471,201,45,73
469,203,45,74
456,211,44,75
448,212,43,74
422,218,43,74
409,220,43,74
393,215,44,75
381,223,44,75
364,226,45,77
335,216,45,78
317,214,45,77
313,212,45,77
296,214,44,75
288,206,44,73
280,203,44,72
281,194,43,74
283,199,44,72
286,204,43,74
293,202,44,71
310,213,42,72
325,217,42,72
338,214,42,71
349,218,43,73
362,217,43,73
382,225,43,73
402,232,44,75
420,230,44,74
432,226,44,75
451,227,45,72
481,212,43,74
489,218,47,69
500,219,50,61
505,212,51,62
511,207,51,65
521,202,49,64
524,195,51,67
518,197,51,67
520,198,50,68
513,205,50,66
499,214,53,62
496,211,51,69
487,211,52,74
485,213,47,81
458,216,48,79
437,224,46,78
411,224,46,79
410,213,47,80
421,206,47,81
428,208,48,81
441,204,48,82
448,210,46,81
450,209,47,83
460,218,46,77
464,213,47,80
467,214,47,79
470,217,47,78
471,213,46,78
472,217,46,76
473,221,45,75
462,224,45,74
459,228,43,74
452,226,43,75
442,227,44,76
439,227,45,77
425,222,44,76
424,219,45,77
434,217,44,76
436,215,45,76
440,213,44,76
443,206,45,76
451,199,45,77
460,192,46,76
471,190,47,76
479,191,46,78
489,192,48,72
495,192,50,68
503,195,49,60
503,193,50,61
498,197,50,64
497,198,53,62
490,195,54,63
485,195,54,66
477,201,53,66
469,200,50,72
444,202,47,76
429,213,47,72
414,212,46,75
398,207,45,77
383,215,45,78
361,235,45,77
364,231,44,76
365,235,44,75
373,238,44,74
384,237,43,74
403,237,43,74
410,243,44,75
415,254,43,76
423,258,44,75
434,261,44,75
453,269,45,74
461,275,45,69
461,281,46,67
462,282,46,68
464,286,46,67
459,288,45,75
455,292,44,76
449,291,44,74
438,295,44,72
428,299,44,71
411,298,44,73
400,296,44,76
395,292,44,75
397,294,44,74
409,289,43,71
425,293,44,59
430,292,44,58
430,293,44,57
432,291,44,58
429,294,44,56
423,301,43,57
417,304,43,58
407,299,43,68
398,306,45,69
390,305,43,74
408,289,43,74
423,300,43,74
438,301,43,74
455,303,44,75
470,303,44,73
505,307,44,75
513,318,48,64
526,318,46,64
539,320,47,61
545,322,48,60
551,320,49,60
552,320,49,61
552,318,49,61
550,322,49,60
546,321,50,63
538,324,51,62
515,319,47,71
505,320,47,72
487,328,50,64
471,328,50,65
471,328,50,65
471,328,50,65
471,328,50,65
471,328,50,65
445,300,44,69
460,297,45,60
469,292,45,60
471,290,46,60
471,290,46,57
470,287,48,60
465,293,49,62
462,295,48,64
452,298,46,62
436,301,46,63
422,311,49,63
428,293,47,75
451,296,49,71
472,302,49,70
496,306,49,68
514,311,51,68
546,312,51,70
559,310,52,71
570,310,53,70
579,308,51,69
584,306,51,69
592,306,49,67
593,307,49,66
593,306,49,66
590,306,48,67
584,306,49,69
576,305,53,70
556,308,55,69
550,313,52,70
535,314,52,68
519,314,52,70
503,311,53,73
476,308,49,80
456,309,48,80
439,315,48,82
424,312,47,81
410,303,48,81
409,302,48,82
412,307,47,81
415,304,46,79
417,303,47,80
420,299,46,79
426,305,45,77
430,304,44,75
434,305,43,74
440,305,43,74
447,304,45,76
458,307,44,75
465,309,43,74
468,310,43,74
472,309,43,73
473,311,42,72
475,308,41,67
473,308,42,71
468,308,43,64
463,306,42,64
464,312,41,69
462,312,41,69
463,310,40,68
465,310,39,67
465,308,40,68
464,310,39,67
465,312,38,65
466,314,38,65
468,311,38,65
470,316,38,66
470,315,39,66
478,317,39,66
483,321,39,67
481,311,39,68
485,313,39,68
485,315,39,68
484,311,38,67
487,310,38,67
483,321,39,67
485,322,39,67
485,316,38,65
478,316,39,66
474,313,39,66
472,308,37,64
472,306,37,63
468,303,37,63
464,300,37,62
463,299,37,62
462,297,36,61
464,288,36,62
466,287,36,61
463,294,36,61
465,296,36,61
460,297,35,61
464,297,35,59
467,301,35,60
460,303,35,60
458,303,35,60
457,305,35,59
456,303,35,59
454,300,35,59
452,298,35,60
453,298,35,59
455,295,35,60
452,301,34,59
452,296,35,59
456,299,35,60
458,304,35,60
462,307,35,61
465,309,36,61
469,309,36,61
477,302,35,61
479,300,35,60
480,298,36,59
482,297,35,60
483,295,35,60
480,292,37,58
480,297,35,60
476,299,35,60
470,301,36,61
465,302,35,60
451,301,35,60
438,304,35,59
429,302,35,59
421,299,35,60
410,294,35,61
397,288,35,60
389,278,35,60
384,275,35,60
378,279,35,60
380,274,36,61
377,273,36,61
383,267,35,61
380,271,36,61
382,273,36,61
383,274,36,61
380,271,36,61
377,269,36,61
375,271,36,61
371,272,36,62
365,271,36,62
358,271,37,62
353,272,36,61
350,272,36,61
348,271,36,61
345,271,36,62
343,271,36,61
343,267,37,63
341,270,37,63
339,272,37,63
339,273,38,64
335,270,38,65
333,269,38,65
334,268,39,66
332,271,38,65
333,272,38,65
325,278,38,65
324,280,38,65
319,276,38,66
315,278,38,65
312,278,37,64
296,285,37,63
289,289,37,64
283,291,38,64
274,298,37,64
264,295,40,58
254,295,37,61
249,295,36,61
246,294,36,60
244,295,35,59
241,293,34,59
236,290,35,59
237,289,34,58
238,295,34,59
239,302,34,58
240,302,35,60
242,303,35,60
244,298,35,58
255,292,36,59
266,296,36,58
274,304,40,50
291,309,39,50
300,312,39,46
307,310,39,45
314,307,39,47
320,304,39,46
331,301,38,48
337,301,39,48
345,297,34,58
348,293,34,59
348,293,34,59
348,293,34,59
342,286,34,56
325,281,34,57
329,279,34,55
329,279,34,55
355,270,34,58
363,266,33,57
371,273,33,56
376,274,33,56
383,274,33,56
392,278,32,55
397,278,32,55
400,281,32,55
403,272,32,55
405,269,32,55
404,266,31,54
404,262,31,53
403,265,31,53
400,268,31,53
400,268,31,53
398,282,31,53
396,288,31,53
395,290,31,53
396,284,31,53
398,275,31,54
401,273,31,53
401,273,31,53
401,273,31,53
401,273,31,53
401,273,31,53
415,282,31,53
414,279,31,53
415,279,31,53
416,281,31,52
414,283,31,53
414,283,31,53
415,282,31,53
411,282,31,53
412,281,30,52
422,281,30,51
432,282,31,52
435,283,31,53
435,283,31,53
435,284,30,51
438,285,30,52
441,284,30,52
451,285,31,53
454,287,31,53
454,289,32,53
455,290,33,50
456,290,32,51
458,297,31,53
457,307,31,54
457,319,32,53
457,327,32,54
454,332,33,51
443,336,32,55
450,323,32,55
450,315,33,56
451,309,33,57
451,308,34,57
456,309,33,57
458,307,34,57
463,304,34,58
468,305,34,59
475,301,35,59
491,299,35,59
499,297,34,58
510,298,34,58
521,296,34,58
532,294,33,57
550,291,34,57
561,291,33,56
567,287,33,57
572,283,33,56
578,283,33,56
584,282,33,56
583,279,33,56
585,281,33,56
581,279,33,56
579,280,33,57
570,279,33,56
564,278,34,58
559,281,34,58
552,279,34,58
545,281,33,57
532,278,33,56
525,280,33,57
519,278,33,56
513,279,33,56
506,282,33,57
496,287,33,56
489,287,33,56
481,290,33,56
474,294,33,56
466,295,32,55
453,294,32,54
440,295,30,49
440,295,30,49
440,295,30,49
440,295,30,49
440,295,30,49
440,295,30,49
440,295,30,49
440,295,30,49
440,295,30,49
440,295,30,49
440,295,30,49
440,295,30,49
440,295,30,49
440,295,30,49
440,295,30,49
401,294,31,53
413,294,33,47
423,293,32,50
437,291,30,51
456,291,30,51
464,291,30,51
473,293,30,51
477,293,30,52
483,293,30,52
491,294,30,51
491,295,30,52
492,295,30,52
493,295,30,52
494,294,31,52
494,293,31,52
492,292,31,53
492,294,31,53
489,293,31,53
487,293,31,53
483,293,31,53
482,295,31,54
481,296,32,54
479,298,31,54
480,301,31,53
477,301,31,54
477,300,32,54
477,298,32,55
479,297,32,54
478,294,32,54
479,286,32,54
480,281,32,54
480,277,32,54
481,268,32,54
480,261,32,55
481,251,33,56
481,248,32,55
482,244,32,55
483,245,33,56
483,243,33,56
484,243,33,57
486,247,33,56
487,249,33,56
488,251,33,56
488,254,32,55
487,257,33,56
487,253,32,55
484,257,32,55
484,261,32,55
482,258,32,55
480,260,32,55
480,258,32,55
480,261,32,55
478,261,32,55
480,263,32,55
480,272,32,55
483,277,32,54
483,279,32,54
487,289,32,54
486,293,31,54
489,299,31,54
492,305,31,53
491,312,31,54
493,319,31,53
492,322,32,55
493,326,32,55
491,335,33,56
490,339,33,56
488,341,33,57
485,342,34,58
480,338,34,59
475,333,35,59
471,322,35,59
466,307,35,60
461,288,35,60
456,267,35,61
444,248,35,60
438,252,35,60
435,259,36,61
432,264,36,61
427,266,36,62
422,262,36,62
418,259,37,63
415,258,37,63
415,260,37,62
413,262,36,62
413,269,36,62
412,271,36,62
412,269,36,61
410,267,36,62
412,268,36,62
414,267,36,62
412,265,37,63
413,266,37,63
412,267,36,62
415,267,36,61
417,266,36,61
417,268,36,62
413,266,37,62
412,265,36,61
414,263,36,61
416,262,35,61
414,266,35,60
419,264,35,61
418,265,35,60
422,265,34,59
426,263,34,58
425,261,35,59
427,263,34,58
428,262,35,59
430,261,34,59
430,264,35,59
428,263,34,59
428,263,35,60
428,265,35,60
428,261,35,59
429,257,35,60
428,250,35,60
429,252,35,59
429,249,35,59
429,250,34,58
433,248,34,58
435,251,34,57
435,253,33,57
439,256,33,56
442,259,34,57
446,260,34,57
451,263,33,57
456,270,34,58
460,271,34,59
467,274,35,59
471,280,34,59
473,288,34,58
474,284,34,58
477,289,33,57
479,286,34,58
480,282,34,59
480,282,35,59
482,280,35,59
482,276,35,59
480,277,34,59
480,274,35,60
479,275,35,59
480,271,35,59
475,275,35,59
475,271,35,59
473,275,34,58
472,272,34,58
474,271,34,58
474,272,34,59
476,274,34,58
481,276,34,59
483,277,34,58
487,282,33,57
492,281,33,57
495,284,33,57
504,288,34,58
509,289,34,58
514,289,34,59
520,289,34,59
526,290,33,57
536,292,33,57
540,292,33,57
541,292,33,57
544,293,33,57
545,292,34,57
546,290,34,58
548,289,33,57
545,289,33,57
542,290,33,57
539,290,33,57
533,289,33,56
529,289,33,56
524,289,34,58
519,291,34,58
515,292,34,58
507,293,33,57
503,293,33,57
501,297,33,56
497,300,32,55
494,301,33,56
491,305,33,56
490,306,33,56
489,307,33,57
490,307,33,57
489,305,34,58
487,300,34,57
487,298,33,57
487,294,33,57
487,291,34,57
487,285,34,58
488,275,34,58
489,272,33,57
489,268,33,57
489,265,32,55
490,263,33,56
493,267,32,55
493,265,32,55
494,269,32,55
495,274,32,54
500,274,32,54
501,283,32,55
502,289,31,54
498,293,32,55
505,299,33,56
501,299,32,55
503,300,32,55
502,309,32,55
503,308,32,55
502,313,32,55
502,311,32,54
502,312,32,55
500,308,33,56
497,309,33,56
493,306,33,56
486,303,33,57
488,301,33,57
482,300,33,57
479,293,34,57
479,290,34,58
478,295,34,58
472,290,34,58
474,286,34,58
454,284,34,59
457,284,35,60
460,278,35,61
468,284,36,61
477,284,36,61
482,284,36,61
482,286,35,61
484,286,35,61
484,284,36,61
485,285,36,62
484,285,36,62
484,292,36,62
483,294,36,62
481,290,36,62
478,291,36,61
472,292,36,61
473,297,35,60
462,300,35,60
458,298,35,59
452,295,35,60
452,297,35,60
445,298,35,60
433,299,35,60
427,299,34,59
425,296,35,61
427,291,35,61
436,283,35,60
430,283,35,60
403,294,35,60
404,298,35,59
411,298,34,58
418,299,34,58
436,301,34,58
451,301,34,58
465,303,34,58
480,299,34,58
493,300,34,59
518,300,34,59
542,299,34,59
551,300,34,58
561,296,34,58
567,296,33,57
573,294,33,57
569,295,33,57
566,298,33,57
563,297,33,57
557,299,33,57
544,302,33,57
521,306,33,57
505,309,33,57
486,311,34,58
465,313,34,58
452,311,34,59
429,306,34,59
416,307,34,59
412,307,35,59
405,310,35,59
407,315,34,59
416,322,35,59
427,328,35,59
436,336,34,59
450,341,34,59
467,341,34,59
491,351,35,59
506,355,35,59
521,359,34,58
529,355,35,59
540,357,34,59
549,355,34,59
545,357,34,59
549,359,34,59
550,355,34,59
541,355,34,59
527,357,34,58
511,358,34,58
499,357,34,58
485,358,34,58
465,357,35,59
465,357,35,59
465,357,35,59
465,357,35,59
465,357,35,59
465,357,35,59
465,357,35,59
465,357,35,59
465,357,35,59
402,357,35,59
413,360,34,59
413,360,34,59
452,369,35,59
452,369,35,59
506,372,35,60
522,370,35,61
522,370,35,61
562,369,35,60
583,365,35,60
595,362,35,60
599,360,37,59
599,360,36,61
590,366,35,60
582,366,36,61
573,369,35,59
563,371,34,59
563,371,34,59
563,371,34,59
563,371,34,59
563,371,34,59
563,371,34,59
563,371,34,59
563,371,34,59
563,371,34,59
563,371,34,59
563,371,34,59
563,371,34,59
563,371,34,59
563,371,34,59
563,371,34,59
513,387,34,58
538,384,35,59
560,381,35,60
571,378,35,60
583,373,36,62
587,376,36,62
589,372,36,62
586,374,37,63
578,371,38,64
569,375,37,63
555,377,37,64
526,383,38,65
498,384,38,65
477,387,38,65
453,385,39,66
427,385,39,66
427,385,39,66
427,385,39,66
427,385,39,66
427,385,39,66
427,385,39,66
427,385,39,66
427,385,39,66
427,385,39,66
427,385,39,66
427,385,39,66
427,385,39,66
427,385,39,66
427,385,39,66
396,419,39,66
406,420,39,67
431,417,39,66
439,419,38,66
446,419,38,65
444,414,38,64
443,419,37,64
447,417,37,64
445,414,37,63
445,413,37,63
442,412,36,62
440,407,36,62
435,404,36,62
435,405,36,62
431,402,36,62
428,397,36,62
429,397,35,61
426,407,35,61
424,415,36,61
422,420,36,61
424,432,36,61
425,441,36,62
428,455,36,62
428,466,37,63
433,476,37,63
442,478,37,64
445,478,37,63
455,476,37,64
462,474,37,63
470,473,37,63
470,468,38,64
473,468,38,64
482,466,38,64
486,463,37,63
496,459,37,63
498,457,36,62
514,449,37,63
528,445,37,63
545,438,37,63
561,437,37,63
568,441,37,63
580,436,36,62
592,436,37,63
591,436,37,64
593,434,38,65
593,438,38,64
589,437,39,61
567,441,38,64
555,445,38,65
538,447,37,64
529,451,38,64
512,456,37,64
485,454,38,64
466,456,38,65
449,458,38,65
440,460,38,66
432,456,39,66
420,459,39,67
415,462,40,68
415,453,40,68
415,456,40,68
416,464,40,69
428,465,40,69
434,468,40,68
444,471,39,67
451,466,39,67
459,468,39,66
477,472,38,65
489,479,38,65
493,479,38,65
501,478,38,66
496,476,38,65
501,475,38,65
502,476,38,65
495,481,38,65
495,486,38,66
487,482,38,65
487,489,38,65
477,499,37,63
472,505,37,64
467,509,37,64
464,512,39,60
464,512,38,62
459,512,37,63
458,510,37,63
457,510,38,62
452,510,38,65
457,505,38,65
448,492,39,67
447,480,39,66
441,480,38,66
437,473,38,65
433,471,38,65
429,473,38,65
419,463,38,65
414,469,38,65
405,470,38,65
397,466,37,63
392,458,37,63
384,456,37,63
383,454,38,62
378,455,37,61
376,449,38,62
368,450,36,62
366,450,38,61
366,448,37,62
365,449,36,62
371,449,36,62
375,444,37,62
377,445,37,62
376,440,36,62
381,443,36,62
385,436,37,62
391,430,36,62
393,427,36,62
393,426,36,61
397,420,36,61
402,419,35,60
394,409,36,61
398,407,36,61
394,400,36,61
388,394,35,61
392,394,35,60
386,382,36,59
380,374,35,60
382,376,37,57
379,370,35,60
379,363,35,60
375,354,35,60
380,355,35,60
379,354,35,60
374,357,35,60
377,357,35,60
375,354,36,58
378,358,37,60
381,358,37,61
384,358,37,62
386,355,37,63
394,354,37,63
401,364,37,63
405,359,36,62
409,364,36,62
414,363,36,62
420,365,37,63
424,366,36,62
427,369,37,63
433,369,36,62
429,370,37,63
429,371,38,64
435,377,37,64
439,378,37,64
435,382,38,64
435,385,37,63
439,386,37,63
433,385,37,63
434,391,36,62
436,388,37,63
444,395,37,63
442,395,36,62
440,396,37,64
440,403,37,64
439,400,38,65
437,400,38,65
440,407,39,66
443,404,38,65
434,407,39,66
438,407,39,67
438,413,39,67
432,418,39,66
432,414,39,67
424,424,39,66
422,427,38,65
422,432,38,65
419,435,38,64
424,441,39,64
422,441,38,65
420,449,38,64
423,453,37,64
418,468,37,63
419,466,36,61
418,472,36,62
419,477,36,61
422,476,36,61
422,484,36,61
422,487,35,60
425,483,35,61
427,487,35,60
432,484,35,60
433,487,35,60
434,490,35,59
435,489,34,59
435,491,34,59
436,492,34,58
437,494,33,57
436,494,33,57
440,496,33,56
443,499,33,56
442,503,33,56
443,503,32,55
443,505,32,55
443,506,32,54
441,504,32,54
438,504,32,55
436,506,32,55
436,506,33,56
436,505,33,57
440,504,34,58
443,509,34,58
455,506,34,58
465,505,34,59
470,494,35,59
486,500,35,61
497,492,36,61
521,498,36,61
527,499,35,61
538,498,35,60
551,498,36,61
552,497,35,60
567,505,35,60
562,508,34,59
564,513,35,59
567,515,34,59
567,510,34,58
568,512,34,58
566,512,33,57
564,513,34,57
561,511,34,58
549,503,34,58
540,510,34,58
537,507,34,58
528,512,34,58
518,514,34,58
511,510,34,58
493,513,34,57
481,512,34,59
474,510,35,59
460,515,35,60
450,515,35,59
450,515,35,59
432,513,35,59
419,514,35,60
411,514,35,60
394,514,35,60
391,511,35,59
375,511,35,59
367,515,34,58
357,510,35,60
344,504,35,60
335,502,36,61
317,498,36,62
311,493,35,61
303,493,34,59
303,493,34,59
291,476,35,59
280,467,35,60
280,467,35,60
280,467,35,60
280,467,35,60
280,467,35,60
280,467,35,60
280,467,35,60
314,438,35,61
322,430,36,62
318,430,37,63
312,424,37,63
306,428,37,63
303,427,37,63
293,428,36,62
287,428,36,61
281,422,36,62
277,428,36,62
271,428,37,60
267,433,36,62
266,429,37,61
264,426,37,63
261,428,37,63
263,425,37,64
272,427,37,64
272,424,37,64
289,418,38,64
291,421,38,64
289,416,38,65
303,418,38,65
310,419,39,64
323,415,38,64
337,412,38,65
350,409,38,66
362,412,38,66
370,416,38,65
399,409,38,66
421,408,38,65
440,397,39,67
456,404,39,67
468,406,40,68
495,399,39,67
510,395,39,67
532,391,39,66
548,399,38,65
559,404,38,65
579,401,39,67
585,397,39,66
597,399,39,67
602,401,40,68
612,399,40,69
630,397,41,71
639,398,42,71
645,399,42,71
646,400,42,71
652,408,42,71
658,436,42,71
661,444,41,71
665,443,41,70
674,442,42,71
677,450,42,72
684,445,43,73
688,446,43,73
687,453,43,73
693,452,43,73
693,454,42,72
697,452,43,73
695,455,43,73
691,459,43,73
690,454,43,73
684,456,42,72
678,452,42,71
665,458,42,72
663,454,42,71
649,458,42,72
638,459,42,72
620,469,42,71
600,470,42,72
586,471,45,70
566,475,44,72
546,477,44,71
521,481,43,74
500,478,43,73
486,480,44,74
470,480,43,74
454,485,42,72
440,482,42,71
424,485,42,71
426,485,41,71
426,484,41,70
429,479,41,71
437,474,42,71
442,479,41,70
448,481,40,69
457,488,41,70
469,488,41,70
500,482,42,71
520,480,41,71
534,490,41,70
553,491,40,69
567,489,40,69
596,487,40,69
612,490,41,69
633,486,41,71
654,485,42,71
669,494,41,70
690,498,42,71
704,499,42,72
709,499,43,73
712,502,43,73
714,502,43,73
715,504,42,71
712,503,42,72
712,504,42,71
710,504,42,71
707,504,41,71
700,504,42,71
694,503,42,72
692,503,42,72
686,502,43,73
682,503,42,72
671,502,43,73
665,501,43,74
659,502,44,72
650,501,46,71
641,499,44,72
628,496,44,72
624,487,43,74
619,477,43,74
625,462,45,71
623,457,45,74
620,437,45,76
626,432,45,74
623,433,45,74
620,425,44,75
627,421,44,75
629,427,44,75
618,438,44,76
614,445,45,76
616,454,44,75
612,472,45,76
612,493,45,77
615,496,45,78
613,495,46,79
610,496,46,79
608,497,46,78
614,498,45,77
614,495,45,77
617,495,45,77
615,487,45,77
609,470,45,77
610,459,45,76
612,446,45,77
599,447,45,77
604,450,46,78
592,460,46,79
596,458,46,79
593,466,47,78
587,463,47,78
586,468,48,76
577,465,48,79
567,468,48,80
557,480,50,79
543,481,50,82
533,485,49,84
529,474,49,83
522,470,49,84
503,474,49,84
499,482,49,84
493,480,50,85
492,484,49,83
487,485,49,83
483,482,49,83
486,487,48,82
482,486,48,82
474,475,48,81
474,467,48,82
474,455,47,80
473,442,47,81
477,437,47,81
477,431,48,82
477,419,48,82
477,411,49,84
480,407,50,82
477,409,49,84
480,414,49,85
478,417,49,84
482,415,50,85
488,417,49,84
483,417,49,84
484,418,50,86
489,424,49,84
508,432,48,83
510,434,48,82
513,436,48,82
515,439,48,82
527,437,48,83
546,434,48,82
554,436,47,81
556,433,47,81
569,430,48,82
570,431,49,83
581,426,48,82
584,423,48,83
583,422,48,82
580,418,47,81
572,418,48,81
564,412,48,81
555,409,47,81
550,405,47,81
531,405,48,81
521,402,48,82
499,392,49,83
491,395,48,83
512,368,48,82
520,362,49,80
526,359,50,78
530,359,55,73
526,359,52,79
521,358,51,80
507,361,49,83
507,364,51,82
490,366,50,85
459,378,51,87
450,391,51,88
467,389,51,87
478,393,51,87
495,395,51,87
519,394,50,86
537,397,50,86
554,401,50,85
560,404,49,84
567,410,50,85
568,410,50,86
577,404,50,85
569,411,52,84
563,417,54,77
562,415,49,84
524,419,51,82
507,421,49,84
493,416,49,83
470,428,49,84
449,433,49,83
418,422,49,84
398,427,50,85
381,415,50,85
381,412,49,84
371,412,49,84
370,413,49,84
375,408,48,82
385,413,49,83
396,410,49,83
411,405,49,84
429,412,50,85
442,418,49,83
448,422,47,81
455,429,47,79
460,432,47,80
456,430,47,81
460,427,47,80
458,427,46,79
456,436,46,78
454,443,46,79
463,441,46,78
468,448,45,76
470,451,45,76
479,447,45,77
481,446,45,77
494,446,45,76
504,450,44,76
510,450,43,74
516,447,43,74
527,445,43,74
538,438,43,74
536,441,43,74
541,433,43,73
546,430,43,73
548,434,43,73
539,436,43,73
536,438,43,73
520,433,44,75
514,435,44,75
494,434,44,75
460,433,44,75
438,436,43,74
453,410,43,74
472,419,43,74
497,417,44,75
497,417,44,75
497,417,44,75
544,418,44,75
575,438,44,75
583,445,45,76
587,445,45,77
590,450,44,75
594,451,44,76
601,450,44,75
615,451,43,74
634,438,44,75
639,441,43,73
642,431,43,73
637,432,43,73
622,428,43,74
622,428,43,74
539,431,43,74
519,431,43,73
519,431,43,73
538,456,43,73
538,456,43,73
538,456,43,73
538,456,43,73
538,456,43,73
606,450,43,74
608,444,43,74
593,444,46,73
578,449,46,74
556,453,49,70
533,445,45,77
533,445,45,77
601,430,45,77
623,431,45,76
636,427,45,77
633,429,46,78
610,431,45,77
583,433,47,76
552,416,46,78
517,418,45,78
480,419,45,77
480,419,45,77
466,440,46,78
486,449,46,78
503,453,45,77
516,448,46,78
529,441,45,77
543,447,45,77
550,438,44,76
556,434,45,77
557,442,47,76
553,445,46,78
547,442,47,75
537,443,45,77
534,451,45,76
517,462,44,76
508,459,44,75
473,461,44,74
452,471,44,75
438,472,44,76
424,470,44,76
416,482,45,76
427,465,44,76
427,465,44,76
427,465,44,76
471,442,45,76
490,435,45,76
524,432,46,78
539,432,47,80
554,431,47,80
564,435,47,81
570,426,47,81
561,440,48,82
559,444,48,82
547,448,48,82
528,451,49,83
501,454,49,84
501,454,49,84
561,447,49,84
599,445,49,84
628,445,49,84
643,450,50,86
637,446,50,85
633,449,50,86
620,460,50,86
604,466,51,86
588,461,50,86
548,463,51,86
540,463,51,88
536,469,52,89
549,461,53,90
567,455,53,90
596,442,53,91
611,446,53,91
619,437,53,91
619,434,55,89
618,427,54,92
607,425,57,92
584,419,59,89
552,413,56,96
516,411,55,95
516,411,55,95
554,471,56,96
570,452,55,94
584,452,56,95
600,442,56,96
606,431,57,97
614,428,60,89
608,431,60,91
593,428,65,88
573,433,61,92
558,433,62,88
563,404,60,90
589,392,56,96
613,386,56,96
638,391,56,95
651,396,59,90
641,395,60,90
622,390,60,91
590,392,63,90
548,384,58,100
504,380,59,101
504,380,59,101
504,380,59,101
504,380,59,101
504,380,59,101
432,393,62,97
440,391,60,103
443,378,60,103
445,380,59,101
437,381,61,99
436,385,61,99
439,381,59,100
431,392,63,95
417,391,61,101
408,390,60,102
418,368,60,102
459,370,59,100
480,363,57,98
501,361,58,99
515,367,60,97
520,367,59,96
523,372,61,93
525,374,60,95
523,370,61,91
519,370,59,94
507,365,57,98
489,366,60,96
476,361,58,99
461,355,60,94
441,361,61,94
427,357,60,97
403,368,57,98
387,376,57,98
380,374,58,99
384,379,59,96
381,376,58,99
377,362,59,100
392,340,58,98
396,340,57,97
406,336,56,96
419,330,57,92
425,324,56,96
427,321,57,98
431,317,58,99
434,315,58,99
438,313,58,99
447,317,58,100
456,309,59,101
463,315,63,92
462,310,57,98
458,311,58,100
456,311,57,98
450,313,58,94
446,318,57,98
442,310,57,97
436,312,56,96
430,318,56,96
433,313,56,96
425,308,57,98
434,319,58,98
443,316,58,99
452,316,57,98
470,330,57,97
479,325,58,99
483,330,57,98
498,328,57,97
515,335,56,96
511,332,56,96
521,348,56,95
528,346,56,96
519,348,57,97
517,341,57,98
512,339,57,98
507,337,58,98
505,325,59,100
493,327,59,101
483,306,59,101
470,302,59,101
453,298,60,103
444,288,61,105
428,280,62,106
428,280,62,106
350,294,67,99
340,289,66,98
298,339,73,85
295,335,67,99
300,325,66,99
302,329,69,92
300,331,69,92
300,325,69,92
292,330,66,97
290,325,65,96
287,323,66,96
290,310,62,100
290,314,62,99
288,316,64,96
283,304,60,103
283,303,60,103
280,301,62,105
280,298,62,105
278,298,62,105
275,299,63,102
276,298,61,104
269,302,60,102
270,307,58,99
267,306,57,98
267,310,63,88
262,311,61,91
268,313,59,89
282,314,56,95
291,314,55,94
303,315,55,94
329,313,55,94
345,306,56,96
365,298,57,97
382,285,57,98
393,275,57,98
414,254,58,99
423,254,57,98
423,254,57,98
423,254,57,98
498,258,58,99
512,268,57,97
520,278,59,96
528,282,61,95
535,278,58,100
547,280,60,97
570,275,60,98
570,271,59,101
568,254,59,101
564,246,61,103
558,236,60,103
554,214,60,102
552,207,60,102
542,191,61,104
534,185,61,104
531,184,60,103
519,182,60,102
520,180,60,102
515,187,59,101
513,190,59,100
508,196,60,98
506,210,59,100
500,221,58,100
504,227,58,99
496,238,59,100
503,253,61,100
496,268,60,103
494,275,62,101
502,283,64,97
504,292,61,99
504,291,59,102
509,292,62,100
502,292,64,97
498,283,64,98
498,263,64,98
491,254,60,103
488,231,60,103
488,219,62,101
486,201,60,103
481,189,60,102
483,182,59,101
482,171,58,100
481,170,59,98
482,161,58,99
470,165,58,100
473,160,60,102
468,174,59,101
466,181,58,100
463,191,58,99
457,194,58,99
450,202,58,100
447,214,57,97
446,217,57,97
447,222,56,96
444,218,55,94
444,220,54,93
448,225,54,93
444,222,54,93
445,221,56,95
448,223,57,94
442,222,57,97
446,218,58,95
445,212,57,98
450,217,58,95
452,217,57,94
453,216,56,95
455,223,56,95
454,216,55,94
459,217,54,92
460,222,53,91
461,217,54,92
463,224,53,90
467,223,53,91
467,226,55,93
469,225,54,93
474,231,54,91
484,241,55,90
489,253,55,89
488,257,54,92
501,257,54,92
504,261,53,91
511,266,53,90
518,272,52,89
522,271,52,89
515,263,52,89
513,253,51,88
505,240,52,88
502,227,52,89
494,218,52,89
493,212,52,89
493,210,53,87
482,201,52,85
476,191,51,87
471,193,52,88
470,186,51,87
471,189,51,87
481,185,51,88
488,179,53,86
496,176,51,88
503,182,50,86
509,183,50,85
529,182,51,87
538,191,50,86
548,193,50,85
559,198,49,84
567,208,50,86
582,209,51,84
588,216,52,85
597,226,55,81
598,223,53,87
603,233,56,86
606,230,56,86
611,236,58,85
611,239,57,87
607,239,55,89
604,244,53,91
597,245,55,89
593,248,56,86
581,250,53,91
579,254,56,85
569,255,54,88
552,258,56,86
535,266,55,87
525,267,55,84
514,270,54,88
507,273,55,85
478,283,51,88
481,290,51,87
483,290,50,85
489,285,50,85
491,282,50,86
492,278,50,86
489,289,50,86
486,284,50,85
474,284,50,86
473,286,50,86
456,281,51,86
458,287,50,86
465,269,51,87
476,273,51,87
486,274,51,87
510,281,50,85
517,283,51,82
532,280,52,78
543,281,53,80
551,277,50,86
563,281,53,84
569,275,53,85
580,279,52,84
578,274,51,88
578,278,50,86
576,278,54,81
577,278,51,82
572,283,51,82
573,283,51,82
562,292,51,81
557,279,48,83
555,289,51,77
541,285,50,79
548,281,48,78
544,284,52,74
538,280,50,76
536,271,53,73
535,264,54,73
525,250,50,81
525,239,51,83
526,234,51,82
532,232,54,72
529,225,50,81
531,222,48,83
530,212,49,83
530,209,49,83
533,196,49,83
536,200,49,84
546,201,49,83
548,199,49,83
559,198,51,82
575,203,53,81
578,201,52,82
581,209,51,82
583,216,50,82
591,216,50,80
594,226,49,83
604,231,54,72
605,234,51,78
606,237,49,83
614,245,53,77
618,259,52,78
621,260,53,79
627,265,50,85
629,265,50,85
632,274,50,85
637,279,50,85
637,287,53,80
648,290,53,77
648,292,51,78
649,302,50,80
656,306,51,78
653,301,48,82
659,301,50,77
652,302,48,81
653,298,50,82
649,293,50,85
647,289,51,82
645,284,50,81
638,280,50,82
643,280,50,78
636,270,49,83
641,271,48,82
636,269,49,81
635,266,48,82
639,257,49,84
636,254,52,80
635,245,52,81
635,240,52,81
634,238,54,80
628,236,53,83
624,235,54,85
621,242,57,82
617,237,56,85
612,247,57,84
604,245,56,86
587,245,55,89
583,250,58,85
569,250,54,92
565,251,58,88
558,249,56,90
549,235,55,94
547,239,58,92
544,239,57,92
541,232,54,93
544,230,54,93
538,232,55,94
547,232,55,95
555,234,56,96
552,236,56,96
561,245,58,93
588,251,57,93
590,257,59,90
599,253,57,92
608,260,59,90
615,267,55,95
630,274,59,89
646,270,61,86
633,277,57,92
643,283,58,92
640,274,56,96
634,278,56,96
631,280,56,95
625,282,57,92
612,291,56,91
610,291,57,92
592,294,56,91
581,295,59,89
572,295,57,92
564,298,57,91
553,300,54,92
539,303,54,93
537,313,53,91
530,315,53,91
534,314,53,91
532,318,53,90
534,342,52,90
536,342,52,89
539,341,52,88
540,349,52,89
542,358,52,89
547,351,54,88
557,357,56,85
559,352,54,88
562,348,57,87
567,342,58,87
574,338,55,94
574,333,56,91
577,325,55,90
574,310,56,91
577,300,57,93
579,289,57,93
575,266,57,97
573,260,59,96
573,248,60,93
574,242,60,92
567,229,56,96
572,228,56,95
570,227,58,94
568,227,58,93
566,224,56,95
569,227,59,94
574,239,59,95
564,246,61,93
566,247,59,95
554,244,61,97
544,255,61,98
549,260,65,91
535,252,60,103
534,267,64,97
528,264,64,96
508,264,63,101
505,269,65,96
497,267,62,100
490,274,61,103
491,272,60,103
491,272,60,103
490,354,60,102
497,362,59,101
502,360,58,100
508,360,59,101
521,354,60,103
531,350,60,102
526,359,60,102
523,344,60,103
539,352,60,102
537,353,60,103
541,356,61,103
539,354,61,105
544,365,62,105
548,358,62,106
544,357,63,108
551,359,63,108
564,357,63,108
566,350,63,107
566,343,63,107
569,341,62,106
570,340,62,105
559,340,62,105
554,344,62,106
537,335,62,105
514,323,62,105
497,314,62,106
473,308,62,106
454,319,62,103
453,331,64,97
445,327,62,102
449,332,63,97
442,341,61,101
441,336,63,101
433,328,61,105
427,336,61,104
414,340,60,102
400,346,60,103
390,353,61,105
386,354,61,104
382,356,61,104
374,352,62,105
374,343,63,108
371,354,63,107
374,360,61,104
375,350,62,106
370,347,62,104
376,340,62,106
373,346,62,106
377,342,62,105
375,336,61,104
379,346,61,105
380,338,61,104
375,348,60,103
376,342,61,103
370,349,61,104
365,334,61,105
357,343,61,105
359,351,61,104
346,337,62,102
349,340,63,100
328,332,61,104
323,336,61,105
315,331,63,107
310,330,64,103
303,321,64,105
299,312,64,106
298,306,64,105
295,308,63,108
297,312,63,101
293,308,63,103
298,303,61,101
293,304,63,104
297,303,61,104
295,312,60,102
295,304,60,102
301,302,60,102
300,293,59,102
300,293,59,102
300,293,59,102
300,293,59,102
300,293,59,102
300,293,59,102
300,293,59,102
300,293,59,102
300,293,59,102
300,293,59,102
300,293,59,102
300,293,59,102
300,293,59,102
300,293,59,102
300,293,59,102
300,293,59,102
300,293,59,102
300,293,59,102
300,293,59,102
300,293,59,102
332,266,60,97
323,267,58,100
317,279,58,99
307,284,57,97
268,302,56,96
258,300,58,99
240,306,58,99
236,300,59,100
217,307,59,100
194,318,59,101
191,330,59,101
188,334,59,101
190,334,59,101
183,331,59,101
194,331,59,101
197,322,59,101
217,322,59,101
224,326,58,100
242,321,58,99
263,329,58,99
276,332,58,99
294,334,58,99
314,336,58,99
339,339,58,99
366,329,59,101
381,332,58,100
391,322,58,99
414,324,57,98
425,315,57,98
425,315,57,98
425,315,57,98
425,315,57,98
425,315,57,98
425,315,57,98
425,315,57,98
425,315,57,98
425,315,57,98
425,315,57,98
520,320,56,96
512,312,56,95
508,313,55,94
502,323,55,94
498,322,56,95
498,326,56,96
491,328,56,96
458,317,56,95
453,321,56,95
455,320,55,94
459,324,55,93
456,320,54,92
458,320,53,91
459,319,53,90
461,315,51,88
459,321,52,88
456,316,52,89
455,327,53,90
455,326,52,89
463,327,53,90
456,328,53,90
456,322,53,91
457,326,53,91
461,324,54,92
456,322,55,94
455,324,54,93
460,324,55,93
448,319,55,94
456,320,55,93
453,321,54,92
453,318,54,92
451,320,54,92
454,317,53,91
455,322,53,90
456,318,53,90
460,319,52,89
456,319,53,90
458,319,52,89
457,329,52,89
455,321,52,89
452,316,53,91
450,322,53,90
457,323,52,89
455,324,52,89
456,324,51,87
458,328,50,86
457,325,50,85
459,328,51,86
461,329,50,86
457,324,51,86
452,328,51,88
452,331,51,87
455,332,51,87
458,333,50,86
458,333,50,86
472,333,51,87
489,337,51,87
491,338,52,88
503,341,52,89
509,343,52,89
517,336,53,90
530,344,52,89
535,344,52,88
543,347,51,87
545,351,51,88
550,348,52,89
561,354,52,88
564,348,52,88
570,350,53,91
569,350,54,92
566,346,53,91
569,345,54,93
569,347,54,92
571,344,54,93
571,355,54,93
570,353,54,92
576,350,54,92
574,347,53,91
570,351,54,92
562,351,55,94
563,341,54,93
562,353,53,91
561,355,53,91
556,354,53,91
546,352,54,93
548,355,54,92
536,347,54,92
529,344,54,92
517,345,53,90
517,346,52,89
503,343,52,89
480,347,51,88
475,344,51,88
463,344,51,88
469,330,51,87
460,342,51,87
446,335,52,88
429,347,52,89
432,348,52,88
431,349,52,88
427,351,52,88
423,352,51,86
428,353,50,86
434,355,50,86
437,364,51,86
440,361,51,86
461,362,51,87
469,367,52,88
476,368,51,88
486,372,52,88
501,366,52,89
524,375,52,89
545,380,52,88
544,380,52,89
557,384,52,89
571,390,52,89
593,387,52,89
594,387,52,89
604,389,52,88
604,387,51,88
605,392,52,89
609,391,52,88
604,394,52,89
598,394,52,90
595,385,53,90
595,393,53,91
575,398,53,91
573,403,53,91
563,405,53,91
559,404,53,91
547,413,53,91
530,412,55,93
510,414,55,95
505,416,55,93
492,416,55,94
478,415,55,94
462,410,55,94
447,414,55,94
430,418,55,94
436,419,55,95
423,418,56,95
419,422,54,92
415,428,54,92
412,426,54,92
417,423,53,91
431,426,54,92
437,442,53,91
450,435,53,91
456,433,53,90
472,426,52,89
480,437,52,88
513,435,53,90
528,432,51,88
538,436,52,89
558,430,52,89
565,425,53,90
582,421,52,89
594,423,52,89
600,422,52,89
612,419,52,88
618,413,51,87
623,416,51,86
620,413,51,87
628,420,51,88
629,415,52,88
633,418,51,88
631,414,51,87
632,421,52,89
629,421,52,89
629,417,51,88
621,431,52,89
619,432,52,89
610,438,52,89
606,436,52,88
607,452,52,89
601,447,52,89
595,456,53,90
585,466,52,90
580,464,52,88
576,465,51,87
568,450,51,88
559,454,51,87
549,447,50,86
546,439,50,86
534,434,50,86
524,431,51,87
522,412,50,86
515,414,51,87
507,399,51,87
511,386,51,86
515,380,51,88
512,382,52,88
512,381,52,89
507,387,52,89
497,393,52,89
488,398,52,88
473,415,51,87
451,414,51,87
445,428,51,84
442,427,49,84
437,421,49,84
432,417,48,82
425,415,49,79
424,407,48,81
417,398,48,82
415,390,50,85
416,383,50,85
413,362,50,85
421,359,49,84
428,354,49,84
434,344,49,84
439,335,49,83
440,318,49,84
444,311,50,83
445,307,50,83
452,300,49,84
458,299,51,80
470,290,49,84
477,282,48,82
477,282,48,82
477,282,48,82
477,282,48,82
477,282,48,82
477,282,48,82
477,282,48,82
477,282,48,82
477,282,48,82
477,282,48,82
477,282,48,82
477,282,48,82
477,282,48,82
477,282,48,82
477,282,48,82
477,282,48,82
477,282,48,82
477,282,48,82
477,282,48,82
477,282,48,82
477,282,48,82
477,282,48,82
477,282,48,82
477,282,48,82
454,375,48,83
456,382,48,82
452,371,47,80
450,366,46,79
456,357,46,78
446,343,45,77
446,327,46,79
449,326,47,80
448,320,47,81
449,310,47,81
450,297,47,80
448,299,47,81
451,297,47,81
450,292,48,81
445,288,48,82
453,282,48,82
448,284,48,83
456,285,47,81
452,288,48,81
455,288,47,81
454,294,47,81
454,294,47,81
454,294,47,81
454,294,47,81
454,294,47,81
454,294,47,81
454,294,47,81
454,294,47,81
454,294,47,81
454,294,47,81
454,294,47,81
486,375,47,81
470,388,47,80
456,396,49,78
450,404,46,79
449,414,48,77
449,407,47,77
446,409,48,77
434,405,47,80
442,413,47,81
434,418,47,80
433,410,48,82
426,415,48,83
426,404,48,82
426,410,49,80
413,407,48,83
413,407,48,83
403,397,52,79
393,399,48,81
389,389,48,81
375,388,48,82
349,388,51,80
333,386,49,84
328,378,49,81
319,384,50,79
289,380,49,80
278,384,48,79
268,384,48,81
257,379,48,79
245,381,47,81
248,378,49,78
237,387,47,81
243,380,46,79
249,381,47,78
249,380,47,79
265,377,47,77
277,372,48,78
287,365,47,80
299,363,47,81
306,367,47,81
326,364,47,80
342,367,47,80
353,359,47,79
375,357,47,80
394,356,48,81
424,341,48,81
424,341,48,81
424,341,48,81
480,379,47,81
465,383,48,83
448,375,48,83
430,370,48,82
425,366,48,82
415,368,47,80
410,364,47,80
405,372,46,79
412,370,46,78
410,369,45,78
415,371,45,77
425,371,45,76
430,369,44,75
450,373,44,75
463,371,44,75
469,365,44,74
479,367,44,74
482,370,44,75
502,369,44,75
512,367,44,75
521,371,44,75
534,368,43,74
539,368,44,75
555,375,43,74
566,368,44,74
573,373,44,75
579,375,44,75
586,379,43,74
594,378,44,74
591,381,44,76
596,380,44,75
604,373,44,76
604,377,43,74
599,376,44,74
602,382,43,74
592,386,43,73
588,384,43,73
577,381,43,73
564,383,43,73
552,379,42,72
544,383,42,72
534,380,43,73
530,377,43,73
505,376,43,73
500,374,42,72
490,368,43,73
485,375,43,73
472,371,43,74
462,368,43,73
460,365,43,73
456,364,42,72
454,365,42,72
456,363,42,73
449,363,43,73
453,362,43,73
465,361,43,74
462,366,43,74
470,359,43,74
476,363,43,74
483,365,43,73
487,369,44,75
496,364,44,76
505,363,43,74
515,363,43,74
530,373,43,74
539,370,43,73
542,375,43,74
550,369,44,75
562,378,44,74
565,372,44,75
574,374,44,75
579,373,44,75
579,377,43,74
586,373,43,73
590,377,43,74
587,378,43,73
593,374,43,73
589,381,44,75
585,376,43,74
583,371,43,74
576,372,43,74
568,378,43,73
564,378,43,73
554,374,43,74
544,369,43,74
532,369,44,75
524,367,44,75
516,365,45,77
502,354,46,78
486,359,46,78
481,361,46,78
475,358,46,79
462,354,47,79
455,357,46,79
449,347,47,79
448,353,47,81
447,351,47,81
442,351,48,82
444,351,48,82
442,349,48,82
449,352,47,80
442,355,46,79
448,351,46,79
445,350,46,79
443,352,46,79
443,344,46,79
446,348,46,79
445,353,47,80
445,343,47,80
447,346,47,80
444,343,47,80
440,343,47,80
446,338,47,81
432,344,47,81
433,348,46,79
424,348,47,80
427,348,47,80
424,349,47,80
414,351,47,81
413,348,47,81
414,348,48,82
406,346,49,83
407,350,48,83
412,350,48,82
416,349,47,81
424,352,48,82
432,349,48,81
434,358,48,82
444,359,49,84
456,362,49,83
461,356,48,83
465,363,49,83
476,362,49,83
487,357,49,84
489,361,49,84
501,363,49,84
505,361,49,83
515,358,50,85
525,351,49,84
526,342,49,84
521,349,49,84
531,347,50,85
528,346,49,84
532,348,49,84
529,346,49,83
529,341,49,83
522,346,50,85
521,349,49,83
511,345,49,84
503,352,49,83
498,345,48,82
490,348,48,83
483,349,49,83
480,352,48,82
462,359,48,83
459,356,49,84
445,360,49,84
434,359,49,83
411,354,50,85
410,358,50,85
395,354,50,85
386,359,49,84
384,354,49,83
358,349,49,84
346,352,50,85
344,352,50,85
335,346,51,87
329,345,52,88
317,346,52,89
323,340,52,89
320,339,52,89
311,337,52,89
314,342,52,89
320,338,53,90
319,343,52,89
324,349,52,88
326,344,51,88
331,349,52,88
342,347,52,88
350,354,52,89
356,360,52,88
364,359,52,89
378,359,53,90
397,365,52,88
403,360,52,88
405,363,51,87
414,366,51,87
417,363,51,88
424,365,51,87
430,363,51,87
430,361,51,88
440,365,51,88
436,359,52,88
437,366,52,88
438,365,51,88
436,359,52,89
428,354,53,91
432,350,54,92
428,347,54,93
421,351,54,92
415,350,54,93
413,344,55,93
412,339,55,94
405,337,56,96
404,332,56,95
406,326,56,95
409,325,55,95
408,326,56,95
408,320,55,94
416,314,56,95
415,311,55,95
415,311,55,95
415,311,55,95
415,311,55,95
415,311,55,95
415,311,55,95
415,311,55,95
415,311,55,95
415,311,55,95
415,311,55,95
415,311,55,95
391,311,55,94
391,318,55,93
388,322,55,93
388,325,54,92
391,320,54,92
390,332,54,92
389,329,54,92
397,336,54,92
402,336,54,92
407,345,54,92
408,348,53,91
419,350,52,90
430,353,52,89
448,361,52,88
447,360,52,88
458,366,52,89
466,367,53,90
477,369,52,89
494,371,53,90
498,373,53,91
501,360,53,91
511,366,53,90
519,364,53,90
529,357,52,88
536,356,52,88
536,349,52,88
535,345,52,89
540,348,52,88
527,335,52,89
524,335,52,88
520,321,51,87
511,322,51,86
507,317,51,87
495,301,51,87
486,298,51,88
480,297,52,88
478,294,53,90
467,287,52,89
454,300,52,89
453,290,52,89
453,290,52,89
453,290,52,89
456,336,52,88
470,326,51,87
478,325,51,88
485,314,51,88
488,312,50,86
494,307,51,87
493,294,51,88
493,291,52,89
490,288,52,89
492,286,51,88
489,286,50,86
489,286,50,86
489,286,50,86
489,286,50,86
481,355,51,87
488,359,51,88
501,358,51,87
506,358,51,87
515,349,51,87
521,351,52,89
534,348,52,89
539,354,52,89
541,352,53,90
547,344,53,90
547,340,53,90
550,337,53,91
552,334,53,91
556,330,54,92
559,333,52,89
563,326,53,90
565,328,53,91
563,326,54,92
562,324,55,93
560,325,56,95
560,326,56,95
564,327,56,96
559,325,57,97
560,327,57,97
556,330,57,98
559,328,58,99
548,334,59,100
539,339,59,100
531,338,59,100
526,339,59,101
522,329,60,103
508,338,61,105
484,340,61,104
476,333,60,103
469,336,61,104
461,337,60,103
455,338,59,101
439,332,60,103
432,331,60,103
424,322,61,104
417,324,61,105
417,324,61,105
417,324,61,105
417,324,61,105
417,324,61,105
417,324,61,105
417,324,61,105
417,324,61,105
417,324,61,105
417,324,61,105
417,324,61,105
417,324,61,105
417,324,61,105
417,324,61,105
417,324,61,105
417,324,61,105
417,324,61,105
417,324,61,105
417,324,61,105
417,324,61,105
417,324,61,105
417,324,61,105
417,324,61,105
417,324,61,105
417,324,61,105
417,324,61,105
417,324,61,105
417,324,61,105
476,329,61,105
476,325,60,103
479,321,61,103
475,329,60,102
469,323,60,103
470,332,60,102
465,327,60,102
464,326,60,103
459,319,60,103
466,321,60,103
463,323,61,104
461,325,61,103
460,324,61,105
461,333,63,107
456,320,63,108
459,323,64,109
452,319,64,110
449,317,64,110
447,319,65,110
453,312,65,112
449,315,65,111
445,317,64,109
447,312,63,108
453,326,62,106
448,328,61,105
447,321,62,106
448,321,61,105
447,322,61,104
447,322,62,105
448,314,62,105
443,319,61,104
444,315,61,104
440,311,62,105
441,302,61,104
446,301,61,104
411,314,60,103
408,310,60,103
396,302,61,104
389,304,61,103
379,305,61,104
376,318,61,104
373,311,61,104
367,314,61,104
371,302,60,103
360,311,61,103
364,306,60,102
368,309,60,103
365,311,61,104
372,315,60,103
376,319,60,103
381,309,60,102
382,311,60,103
385,311,60,103
382,308,60,102
386,316,60,103
396,309,61,105
401,318,61,104
410,316,61,104
420,318,60,103
442,309,59,101
448,319,58,99
451,327,57,98
469,313,57,98
474,326,57,97
489,325,56,95
500,322,56,96
504,325,57,97
519,327,57,98
518,317,58,99
520,309,58,99
531,317,57,97
533,317,57,97
538,313,57,97
538,312,57,97
536,314,56,96
533,311,55,94
532,306,56,96
527,307,55,94
520,300,56,95
501,301,57,97
492,295,56,95
476,290,56,95
473,303,56,96
467,292,57,97
467,292,57,97
467,292,57,97
467,292,57,97
467,292,57,97
467,292,57,97
467,292,57,97
467,292,57,97
467,292,57,97
467,292,57,97
460,300,57,97
467,293,57,97
484,301,58,98
486,290,57,98
499,297,58,98
512,294,58,100
522,292,58,100
536,297,59,101
535,303,59,100
545,306,58,100
551,303,59,100
550,298,59,100
555,294,59,100
560,296,59,101
561,304,59,100
557,304,59,101
553,301,59,101
552,303,59,101
546,301,58,100
544,313,59,100
533,302,59,101
520,300,60,102
511,303,59,101
500,308,59,101
490,304,59,100
479,312,59,100
476,307,58,99
475,304,58,99
469,310,58,100
455,315,58,99
446,312,57,97
443,310,57,98
430,309,59,101
425,297,60,102
421,310,58,100
418,308,59,100
425,294,59,101
416,294,59,101
425,296,60,102
432,295,60,102
432,306,60,102
444,303,60,102
462,311,58,100
465,309,59,101
466,301,59,101
482,302,59,100
488,296,58,100
513,306,58,98
524,305,58,98
530,301,57,98
532,300,57,97
546,307,56,96
556,302,56,95
562,306,55,95
569,311,55,93
568,306,54,93
571,300,54,93
573,307,54,92
571,303,53,91
571,304,52,90
573,301,52,90
569,301,53,91
558,298,53,90
548,292,52,89
543,292,53,91
542,289,54,91
534,294,53,90
525,295,53,91
518,303,53,90
511,300,52,90
507,310,53,91
495,306,54,91
483,314,53,90
476,314,52,89
475,311,52,89
471,325,52,89
470,332,52,89
463,336,53,91
453,335,53,91
458,340,54,92
455,347,54,92
463,346,54,92
454,344,53,90
454,356,53,90
448,349,52,89
454,353,52,88
459,361,51,87
455,356,51,87
450,350,51,87
455,344,51,88
458,341,51,87
455,341,51,87
453,329,51,87
457,314,51,87
454,313,52,88
459,309,52,89
459,315,52,89
465,313,52,89
463,310,52,88
464,304,51,88
465,302,52,89
460,305,52,88
463,307,52,90
464,317,54,92
460,323,55,94
461,321,56,95
467,322,55,94
462,336,55,94
452,339,56,95
444,339,55,95
441,338,56,96
426,339,56,95
428,338,56,96
419,338,56,95
413,347,55,94
409,338,55,94
407,338,54,93
403,331,55,93
403,331,55,93
405,335,54,92
405,330,53,91
405,330,53,91
405,330,53,91
405,330,53,91
447,345,53,91
443,343,55,93
441,342,55,93
434,341,54,92
414,351,54,91
409,342,55,95
409,343,55,94
422,345,54,93
438,349,54,93
449,351,55,93
463,350,54,93
471,350,54,92
483,357,53,91
486,356,53,90
485,356,52,89
481,356,52,90
480,347,52,89
467,344,52,89
453,342,53,90
428,344,52,89
409,342,52,89
396,337,52,89
377,339,53,90
360,372,53,91
383,376,53,90
393,378,52,89
398,372,52,88
399,363,52,89
403,362,51,88
401,357,52,89
400,357,51,88
393,358,52,89
388,360,52,89
381,363,52,89
375,372,52,89
362,379,51,88
351,379,52,88
341,382,52,89
343,377,52,88
364,364,51,87
385,360,51,86
399,360,51,88
402,366,52,88
413,367,52,88
416,375,51,87
417,377,51,87
412,374,51,87
403,369,51,88
402,376,52,89
379,373,51,87
379,374,51,87
390,379,51,87
402,375,51,86
417,367,51,87
441,370,50,86
453,369,51,87
467,371,50,86
475,367,51,86
472,369,51,87
477,372,51,88
475,376,51,86
474,378,51,87
469,379,50,86
470,382,50,85
453,382,50,86
455,381,49,84
462,384,49,84
484,382,49,83
495,381,49,84
521,389,50,86
542,389,50,86
552,387,50,86
559,394,50,86
559,391,49,85
557,388,50,85
553,383,49,84
540,383,49,84
536,380,49,84
523,373,50,85
500,364,50,85
483,364,50,85
471,365,51,87
460,379,51,88
446,382,52,89
449,375,52,89
456,375,52,88
452,378,51,87
452,382,51,87
448,377,51,88
442,378,51,88
440,379,51,86
436,383,51,87
435,386,50,86
429,386,50,86
421,389,51,87
423,391,51,87
422,389,51,87
419,392,51,87
407,391,53,85
389,384,50,85
379,392,52,83
365,392,50,85
349,380,49,84
341,384,49,84
311,383,49,84
297,383,48,82
291,384,48,82
281,386,49,81
286,381,50,81
283,382,49,83
289,380,49,84
300,389,49,84
313,388,49,83
322,396,49,84
359,397,49,84
392,398,48,83
410,406,48,82
437,396,49,83
466,396,48,82
487,404,47,81
519,400,48,81
539,395,48,82
558,393,48,82
582,382,48,83
598,381,49,83
609,382,48,82
614,382,47,81
620,377,48,81
632,368,48,82
626,372,48,82
614,376,49,83
595,382,49,83
585,384,48,82
575,389,48,83
540,398,48,82
514,401,48,82
486,400,48,82
467,404,48,81
445,404,48,82
445,404,48,82
375,409,48,82
350,414,47,81
336,410,47,80
329,415,46,79
320,415,46,79
302,415,46,79
302,416,48,81
306,423,47,80
318,421,46,79
325,416,46,78
357,421,46,78
370,422,46,79
390,415,47,80
405,418,48,82
422,416,47,80
455,420,46,79
462,414,46,78
471,416,46,79
481,408,47,81
483,410,47,81
490,403,48,82
498,400,48,82
504,406,49,83
504,401,49,84
506,398,50,85
513,400,50,86
512,405,50,86
521,404,51,87
516,408,50,85
520,411,51,86
519,410,50,86
520,410,51,86
520,412,50,86
513,410,51,87
508,414,52,89
486,418,52,88
474,423,53,91
456,422,54,92
435,419,54,92
419,425,53,91
399,423,54,93
374,433,54,92
362,428,55,94
346,434,54,92
343,433,54,91
358,425,53,91
364,421,54,88
364,421,54,89
357,416,54,92
350,418,53,91
329,422,53,91
318,416,53,91
304,413,53,91
291,414,53,91
293,421,53,91
302,418,54,92
309,416,53,91
325,423,53,91
330,423,54,91
358,428,53,91
384,428,54,91
417,426,54,92
449,425,54,92
477,424,55,94
500,427,55,94
542,422,56,96
567,419,56,96
582,410,57,97
601,416,58,99
607,410,57,98
627,411,57,97
623,410,58,99
617,411,58,99
603,415,57,97
589,418,56,96
550,433,57,97
541,437,56,95
535,448,56,95
534,451,56,96
534,450,56,96
529,458,56,95
524,461,56,95
515,466,56,96
516,468,55,95
510,470,56,96
505,472,55,94
502,475,55,94
504,478,55,93
498,477,54,91
503,471,53,91
508,479,53,90
503,478,53,90
509,480,52,89
511,481,51,88
502,477,52,88
503,471,51,88
502,477,52,89
502,482,51,88
502,477,51,87
499,476,52,88
504,479,51,87
512,476,51,87
521,471,50,85
525,475,50,85
539,474,51,87
563,471,51,86
565,474,50,86
577,474,50,85
581,473,50,86
584,472,50,86
586,474,51,88
587,477,51,87
584,471,52,89
587,476,52,89
583,465,52,89
585,461,51,88
577,467,51,87
579,462,51,88
578,462,51,87
570,477,51,87
569,467,51,87
555,463,51,87
565,472,52,89
558,474,51,88
564,466,51,88
547,460,51,87
542,463,50,85
529,463,50,85
512,459,50,85
504,453,51,86
477,455,50,86
472,449,50,86
467,451,49,84
469,451,50,85
471,451,49,84
459,446,49,84
467,451,50,85
468,440,50,86
469,445,50,85
460,448,51,86
461,440,51,87
455,440,50,86
454,438,50,85
450,438,50,86
449,442,51,86
439,435,50,86
437,438,50,86
440,435,51,87
425,442,50,86
413,438,50,86
394,445,50,86
390,433,51,87
383,432,51,87
382,435,50,86
383,438,51,87
372,436,51,87
372,429,51,86
382,436,50,86
388,429,51,86
388,432,51,87
393,422,52,89
404,421,53,91
416,430,54,90
422,427,53,90
442,425,53,90
439,427,52,89
443,424,52,89
444,427,52,90
444,425,53,91
450,417,54,91
453,420,53,91
461,425,54,92
473,415,54,92
484,419,54,92
498,418,54,92
516,415,54,93
538,415,54,92
548,416,54,93
551,420,56,95
554,419,56,95
546,420,57,98
527,419,57,97
506,415,58,99
490,409,58,99
478,413,58,99
458,414,57,97
449,413,57,97
441,405,56,96
446,397,57,98
431,400,57,97
436,400,58,100
428,400,58,99
422,396,58,99
423,394,58,99
415,396,57,98
393,406,57,98
389,399,58,98
379,400,59,100
385,401,59,100
391,395,58,99
396,402,59,101
420,393,59,99
421,392,58,99
432,380,58,99
438,387,58,100
446,388,59,101
466,386,60,102
477,391,60,102
486,383,60,102
495,387,60,102
512,397,60,102
500,392,60,103
496,389,59,101
482,397,59,101
469,397,59,100
449,396,60,102
423,393,60,103
420,400,60,103
409,397,60,103
398,393,60,103
380,389,61,104
366,379,62,105
372,380,61,105
401,354,62,105
417,350,64,105
430,349,63,108
435,350,68,103
429,354,63,107
420,352,63,107
399,356,64,105
378,356,63,108
409,360,63,108
427,372,64,109
436,360,64,110
440,362,64,109
445,364,63,108
456,352,64,109
458,343,63,108
450,331,62,106
438,319,61,104
428,297,60,103
408,271,62,105
393,254,62,106
384,243,62,105
383,236,62,105
383,235,61,104
382,230,61,104
383,238,59,101
385,238,59,102
378,242,60,102
381,240,60,103
378,242,60,102
372,247,59,101
373,249,58,100
369,255,58,99
366,259,57,97
362,267,57,98
363,273,56,95
374,274,56,96
375,283,56,96
364,291,56,96
373,299,56,95
373,313,57,97
370,311,56,96
369,329,56,95
372,328,57,94
362,335,56,95
370,341,56,93
373,339,57,93
367,345,58,95
367,341,56,96
366,352,57,97
371,350,58,96
370,353,58,98
372,356,59,96
370,362,58,99
370,367,60,93
382,363,56,96
385,355,56,95
381,356,56,95
381,350,56,95
379,352,55,95
377,345,57,97
376,344,56,96
369,343,56,95
372,340,55,95
365,343,54,93
367,343,54,93
364,333,54,93
363,335,54,93
362,337,54,92
349,330,54,93
356,330,54,92
350,319,54,93
347,324,53,91
351,321,55,93
352,325,55,93
355,328,54,91
366,329,53,90
370,329,53,91
377,339,53,90
390,360,53,90
408,361,53,91
409,375,53,90
411,379,52,89
413,393,53,90
404,404,53,90
398,413,53,90
394,421,52,89
379,424,53,91
381,419,54,92
357,416,54,92
352,420,54,91
348,417,55,93
343,422,54,92
342,420,54,92
336,416,55,95
333,424,54,93
331,420,55,94
335,430,56,95
337,418,57,97
348,431,56,95
350,437,55,95
364,429,56,96
369,440,56,96
381,439,55,94
388,438,57,97
398,443,57,98
409,447,57,97
410,445,56,96
421,440,56,95
419,439,55,94
426,445,55,93
426,433,54,93
419,420,55,93
423,416,54,92
411,417,54,92
406,405,53,90
401,403,52,89
391,395,53,90
386,388,54,92
374,382,54,92
377,369,54,93
371,369,54,93
359,374,55,93
355,382,55,94
347,384,55,94
347,399,55,94
339,409,55,94
324,435,55,94
329,454,54,93
323,452,55,95
315,462,56,96
308,461,56,95
302,466,56,95
310,458,56,96
299,445,55,94
292,439,56,96
296,439,56,96
301,434,57,97
307,417,57,98
312,405,57,98
324,379,57,98
339,354,58,99
380,342,57,98
376,341,56,96
379,344,55,95
394,353,55,95
400,356,55,94
401,359,57,97
404,359,57,97
403,364,57,97
409,358,56,96
412,364,56,96
421,365,56,96
424,357,57,97
420,359,57,97
423,354,57,97
418,341,57,97
420,328,58,98
414,333,57,98
412,322,57,97
406,305,57,97
412,308,57,98
401,309,58,98
403,308,58,98
382,318,58,99
395,312,57,97
415,308,57,98
415,311,57,98
423,309,57,97
430,315,57,98
452,322,57,98
457,328,58,99
470,326,58,99
490,329,58,99
502,332,57,98
518,331,58,99
524,330,58,98
530,335,58,99
537,334,57,98
544,338,56,96
542,336,57,97
546,335,56,96
535,339,56,96
536,325,56,96
520,333,57,93
500,332,58,91
490,323,56,92
478,320,56,96
470,322,56,95
459,312,56,95
443,315,55,94
445,305,55,94
439,301,55,94
439,300,55,95
440,301,56,95
435,306,55,93
440,319,54,93
436,308,53,91
433,313,54,91
440,313,54,93
434,319,55,94
427,312,55,93
427,313,55,94
426,313,54,92
