269,248,130,114
269,248,130,114
269,252,130,102
273,255,133,98
274,262,131,95
274,262,131,95
274,262,131,95
274,262,131,95
274,262,131,95
274,262,131,95
274,262,131,95
274,262,131,95
274,262,131,95
274,262,131,95
274,262,131,95
274,262,131,95
274,262,131,95
274,262,131,95
274,262,131,95
274,262,131,95
274,262,131,95
274,262,131,95
274,262,131,95
274,262,131,95
274,262,131,95
274,262,131,95
274,262,131,95
274,262,131,95
274,262,131,95
270,263,115,96
266,262,116,92
266,262,118,90
263,264,121,87
263,265,122,85
269,263,121,86
271,263,121,87
280,260,119,92
288,255,121,98
293,254,121,101
293,253,124,104
289,251,121,100
290,250,125,103
288,249,128,104
290,248,129,106
289,248,129,105
289,249,129,105
287,249,129,103
290,250,129,104
288,250,129,103
289,248,128,105
288,249,127,104
288,251,124,103
292,251,122,103
294,248,123,109
296,248,127,111
293,248,133,116
288,245,137,119
278,244,141,118
272,246,143,112
274,246,143,108
274,242,140,108
275,243,141,106
281,249,135,107
288,250,131,104
292,251,132,104
292,252,134,103
294,255,132,99
289,253,121,102
288,248,120,103
290,250,118,103
290,250,117,102
292,251,116,101
292,250,116,101
291,250,117,100
294,251,117,100
291,251,117,99
291,251,117,98
293,254,115,96
292,253,114,96
292,253,117,96
295,255,117,98
294,256,114,96
292,255,103,97
292,254,100,93
290,258,104,98
289,258,106,100
283,261,112,101
280,261,114,99
278,262,117,99
276,261,120,100
275,261,123,103
280,258,123,103
288,253,122,107
291,251,126,110
294,250,129,112
295,252,130,110
293,252,128,106
293,250,125,107
293,250,125,107
290,248,127,104
289,248,130,104
295,252,126,105
290,249,129,104
291,250,129,105
290,249,128,104
292,250,126,104
291,250,125,103
293,250,123,103
294,250,123,107
295,249,123,105
297,249,127,107
296,250,127,104
298,254,130,103
300,253,134,105
301,252,137,107
302,248,136,113
294,246,133,115
292,244,133,117
291,243,132,116
290,245,131,110
289,244,130,108
289,245,132,108
292,247,134,110
289,244,136,110
290,243,135,111
289,246,135,108
292,246,134,110
289,246,134,108
290,248,133,107
290,246,133,108
292,245,133,111
290,245,133,109
288,245,133,108
289,244,132,109
290,245,131,108
290,245,129,107
290,245,128,107
293,248,127,106
293,245,126,107
293,245,127,108
296,246,128,111
296,246,127,112
295,247,128,111
294,244,129,112
297,245,129,113
294,245,131,111
295,245,133,111
296,247,133,109
295,247,133,109
291,245,134,108
291,245,136,109
292,247,136,109
293,246,138,111
289,243,138,110
289,246,138,108
289,246,138,109
288,246,136,107
288,244,136,107
290,247,134,106
289,247,133,105
288,247,132,104
292,248,133,105
291,248,131,104
293,249,130,105
292,249,127,104
293,248,124,106
296,251,122,103
298,252,126,104
298,251,131,105
302,250,133,105
299,249,135,108
299,247,133,109
298,246,132,107
296,247,130,107
296,245,134,108
294,246,133,107
293,244,131,109
292,244,131,109
291,244,130,108
293,244,128,109
291,248,128,106
293,245,127,107
294,247,126,106
291,244,127,106
293,245,127,108
294,246,126,108
294,243,126,110
289,243,130,108
293,245,128,108
292,243,128,109
294,245,128,108
295,245,127,108
293,246,128,105
293,249,127,103
292,248,128,103
294,249,130,102
293,246,130,105
295,248,130,105
296,251,129,103
291,251,125,99
291,251,126,99
291,245,129,103
292,247,130,102
292,247,128,102
294,247,130,104
291,247,131,103
291,246,133,105
292,247,133,105
291,245,131,105
293,246,133,106
292,247,132,105
293,247,134,106
293,245,136,108
290,246,133,105
292,246,137,107
291,244,135,108
292,244,137,108
292,246,135,106
292,247,131,105
291,248,132,104
291,246,132,104
292,247,132,104
293,246,134,106
292,249,133,104
291,247,133,105
292,246,134,106
292,246,134,106
291,245,135,107
291,246,136,108
291,244,135,107
293,246,134,106
292,246,134,106
292,245,132,105
293,248,131,103
292,248,129,102
295,247,129,105
293,248,128,103
294,248,128,104
294,247,127,105
295,248,126,104
295,249,126,103
296,248,124,103
295,249,125,102
294,250,125,101
293,248,126,102
295,249,125,103
293,248,125,103
294,247,125,104
295,248,126,103
295,246,124,105
293,248,128,103
293,245,127,104
294,248,129,104
295,249,130,105
292,247,131,106
293,245,133,107
291,247,133,106
291,245,130,105
293,248,129,105
293,247,128,105
294,248,128,105
293,248,128,105
292,248,128,103
293,247,129,104
292,249,127,102
293,247,129,104
293,249,128,102
293,246,128,103
294,248,129,104
293,248,129,103
291,245,131,105
292,246,130,106
291,246,130,104
293,246,132,106
292,246,133,105
291,245,134,106
292,245,134,107
291,245,133,106
291,245,135,107
291,244,136,108
291,243,136,108
290,243,136,108
293,245,134,108
291,243,136,109
290,243,136,108
291,244,137,110
290,243,137,110
291,243,138,111
291,246,138,110
290,239,140,114
290,242,140,113
292,241,141,116
292,239,140,118
290,239,141,118
291,240,139,118
291,239,139,119
290,240,138,118
288,239,135,115
292,240,134,116
293,241,133,116
291,241,134,117
294,243,133,119
293,244,133,116
293,246,133,113
293,243,132,113
295,243,133,113
292,240,131,114
294,242,131,114
291,239,133,116
291,241,134,116
291,241,134,115
290,239,135,116
291,243,134,114
289,240,135,115
290,239,135,117
291,240,135,117
291,241,136,116
289,240,138,116
290,240,137,116
294,241,136,116
290,243,137,113
291,242,137,114
291,242,138,114
290,240,138,114
289,241,138,113
291,245,137,111
291,244,134,110
292,243,133,108
293,245,136,105
295,248,141,105
295,246,143,110
292,246,146,115
290,249,144,115
290,249,144,115
291,246,147,118
292,243,149,117
296,239,151,118
292,239,147,118
290,242,143,116
288,239,144,118
287,238,144,121
286,234,145,123
289,240,143,120
288,237,142,121
288,238,141,121
286,236,140,120
288,239,138,118
286,237,137,119
291,239,134,119
287,238,135,118
287,239,135,117
288,241,133,115
286,239,134,115
286,241,134,115
290,241,132,116
288,238,133,116
290,240,133,116
289,241,132,113
291,240,134,114
290,250,135,111
290,255,134,115
285,254,129,109
278,260,131,101
273,257,135,99
274,256,137,100
273,252,137,99
273,249,139,99
273,247,140,99
277,249,139,98
285,251,136,100
291,253,135,102
293,248,136,104
291,245,137,107
293,244,136,113
288,242,138,112
286,240,138,112
289,243,137,112
287,241,137,112
289,242,141,114
286,240,142,114
288,242,144,115
290,242,145,115
289,243,142,112
289,244,140,111
289,243,140,111
285,244,137,108
288,244,139,109
291,244,140,111
288,244,138,109
288,243,139,110
289,243,141,111
288,243,141,112
288,245,139,110
289,242,140,112
288,243,140,112
290,242,141,113
290,243,141,113
288,242,139,112
291,242,139,116
291,245,136,115
291,242,133,115
291,243,131,113
288,242,131,112
291,243,128,113
291,243,127,112
291,244,126,111
287,243,127,109
289,245,125,108
292,245,124,108
291,245,125,106
292,246,123,104
291,249,122,100
295,251,122,97
293,254,119,96
292,250,118,98
292,252,117,98
294,253,117,97
293,251,118,97
292,253,119,95
297,251,121,99
294,247,122,99
295,249,123,98
295,249,123,98
296,251,126,98
298,248,128,96
298,249,128,94
297,247,129,97
296,250,128,102
297,253,130,104
295,254,131,104
293,252,134,104
292,253,132,104
293,250,133,104
294,249,127,104
297,248,120,105
296,249,123,107
294,247,125,107
294,246,126,108
295,246,127,108
292,245,129,108
293,244,129,109
294,245,128,110
295,244,128,111
294,244,127,110
296,246,126,109
294,245,127,109
296,246,125,108
294,246,126,109
293,247,126,107
292,248,126,107
295,245,125,110
292,245,125,109
293,244,123,109
292,246,121,106
291,249,121,105
291,249,121,104
289,248,120,104
294,249,119,104
292,249,122,104
293,250,124,104
291,253,127,100
290,255,119,102
287,253,112,102
287,255,111,113
278,269,116,107
264,264,119,100
259,262,120,89
259,257,129,99
263,251,137,120
265,254,135,119
274,256,133,112
286,266,119,87
286,255,114,99
287,253,114,101
288,252,116,101
288,254,117,100
287,252,119,100
287,251,120,101
290,252,119,101
288,251,121,101
288,253,121,101
288,254,123,100
290,253,123,103
286,254,125,100
291,253,124,103
289,254,126,102
290,251,125,105
289,253,126,104
286,250,127,104
288,252,125,103
288,253,125,103
290,253,123,104
291,254,118,102
294,252,120,109
291,258,118,119
283,263,123,109
274,254,130,109
275,249,129,106
280,251,125,101
279,254,124,97
287,255,118,96
276,253,119,95
274,254,117,93
274,254,117,93
264,251,124,90
279,251,123,96
290,260,117,95
292,257,116,93
291,261,113,90
290,262,112,89
292,262,111,91
292,262,111,92
293,261,112,92
294,262,112,93
291,261,113,93
295,261,113,95
294,260,112,94
294,263,108,90
294,263,108,90
294,264,106,89
295,262,108,90
291,263,107,89
293,261,109,90
292,264,109,90
292,266,106,90
290,266,109,89
288,263,105,91
288,263,105,91
272,266,108,90
263,287,112,96
263,275,114,88
262,265,115,96
262,267,115,92
264,264,117,83
259,264,122,75
263,265,116,75
279,267,112,77
286,265,108,81
289,264,104,87
290,261,105,89
286,263,107,89
286,260,108,91
289,260,108,91
289,259,108,92
287,261,109,91
291,260,108,92
288,262,108,91
287,265,107,89
291,264,107,91
292,263,108,90
291,263,110,90
291,262,112,91
292,263,110,90
289,264,111,91
293,264,115,98
287,280,120,100
273,296,126,95
262,285,136,109
254,275,131,114
239,270,132,112
211,277,130,97
190,281,128,94
181,278,129,92
174,278,130,86
174,278,130,86
174,278,130,86
175,255,132,100
189,246,136,104
203,243,131,115
203,243,131,115
203,243,131,115
203,243,131,115
266,271,129,114
266,271,129,114
266,271,129,114
266,271,129,114
266,271,129,114
266,271,129,114
266,271,129,114
266,271,129,114
266,271,129,114
266,271,129,114
266,271,129,114
266,271,129,114
266,271,129,114
293,260,123,108
294,260,121,107
296,255,121,108
294,256,120,112
290,261,120,111
295,261,116,114
296,261,119,115
294,260,120,114
292,260,116,108
293,260,117,103
296,261,118,102
297,262,118,100
296,262,119,99
295,262,118,98
294,259,119,99
294,259,117,99
292,258,119,99
292,259,117,99
294,262,115,97
292,261,114,96
292,263,113,95
291,266,111,93
291,261,114,96
294,259,118,100
291,263,115,97
291,268,118,101
288,263,120,106
290,266,113,100
290,266,113,100
292,273,114,99
295,270,115,103
295,270,115,103
281,269,110,105
276,263,108,102
283,266,108,103
290,265,113,106
284,267,117,104
283,274,118,98
272,267,118,100
264,259,119,103
260,267,123,107
262,291,120,106
261,288,117,97
255,277,123,98
255,267,123,95
257,265,119,91
261,260,118,92
261,259,117,90
264,260,117,90
269,258,119,90
264,250,126,93
266,253,125,93
278,266,119,98
292,270,122,105
292,261,122,101
291,262,115,98
292,260,114,99
293,262,115,97
292,261,117,98
291,261,119,99
292,263,120,99
291,261,123,100
291,261,124,99
293,262,124,101
292,261,123,100
290,258,124,101
292,261,123,100
290,259,123,101
290,260,123,100
290,258,123,102
291,257,123,104
291,259,121,102
291,261,120,101
291,258,119,102
287,257,119,100
289,259,116,99
292,259,114,98
287,260,116,96
288,257,123,97
285,255,125,102
289,273,125,106
282,281,123,106
273,282,123,107
266,287,123,105
250,287,131,105
248,280,129,109
289,267,126,105
278,265,126,103
278,259,128,102
272,257,124,101
273,256,125,102
255,252,121,107
258,256,122,111
266,261,115,107
272,262,114,108
275,261,114,109
280,262,118,107
283,263,120,110
281,265,119,111
281,263,121,115
282,263,121,115
282,255,121,109
284,253,124,106
288,252,128,108
289,259,132,106
286,257,136,109
280,251,138,115
276,244,141,116
276,242,144,117
280,241,147,118
283,248,137,116
287,250,136,107
286,250,132,106
287,250,131,110
283,245,132,114
285,249,130,112
285,248,131,112
286,251,131,112
283,246,131,112
287,249,130,112
284,247,130,112
288,249,128,111
284,250,128,109
287,249,127,109
288,252,126,109
286,251,127,109
284,245,128,110
286,253,126,108
285,247,128,110
287,251,127,108
285,249,128,108
285,251,128,107
285,249,127,106
290,250,125,108
287,250,126,106
286,251,124,104
287,254,123,102
291,253,120,102
287,252,122,103
289,251,120,102
288,255,120,102
289,255,121,98
290,256,124,95
285,254,124,94
287,262,122,97
287,262,124,101
281,259,125,103
275,239,129,105
274,237,132,107
274,234,132,108
278,237,130,107
278,236,131,108
274,233,133,111
273,231,140,115
278,237,132,107
283,242,133,106
281,249,131,107
291,251,134,108
291,248,135,110
291,247,134,110
289,248,133,108
288,249,133,110
287,245,136,113
290,247,139,115
292,246,140,118
289,246,141,117
291,243,142,117
290,245,141,116
287,247,141,117
289,245,142,117
290,245,142,117
287,244,141,117
290,243,142,118
288,241,142,119
290,241,142,121
289,243,141,121
290,243,141,122
288,243,140,121
288,238,140,122
289,241,139,121
288,242,139,120
287,244,138,118
287,245,138,117
285,243,138,118
286,243,139,114
289,244,140,111
289,252,137,105
287,253,136,108
284,253,137,112
283,259,134,112
281,266,132,118
279,278,130,109
275,264,146,125
277,278,133,107
271,263,144,124
271,256,142,124
285,255,125,115
290,257,118,112
290,251,120,112
289,252,124,110
288,254,126,109
288,253,125,109
289,252,125,108
290,252,125,108
290,253,125,108
283,249,133,116
289,250,127,110
288,247,126,111
290,251,127,109
288,254,128,110
285,246,133,113
286,247,133,114
286,248,134,114
283,249,132,114
286,246,133,116
287,249,131,115
289,248,134,116
287,247,136,113
287,248,137,113
286,248,138,111
286,247,138,112
287,248,136,114
286,249,134,112
288,248,133,112
286,248,132,110
286,247,132,111
288,247,130,111
287,249,129,110
287,248,127,108
288,249,125,108
286,250,124,106
287,249,123,106
288,251,121,103
293,255,119,103
287,252,122,101
289,255,124,100
287,256,123,98
287,263,117,92
286,264,115,92
287,263,115,93
290,267,116,95
289,262,119,96
287,259,121,97
290,258,126,98
288,258,127,98
288,257,127,100
288,254,129,103
285,255,128,107
285,251,128,106
284,257,125,106
285,257,125,106
287,252,127,105
286,255,126,104
287,250,131,106
287,253,130,104
285,250,129,104
286,249,130,107
288,251,132,109
286,250,133,110
286,247,135,112
287,249,137,114
286,245,138,115
286,250,138,115
287,244,140,117
286,249,139,116
286,246,140,115
285,247,139,114
286,249,138,114
285,248,140,116
285,243,141,117
287,247,141,117
287,245,142,119
285,244,141,117
285,245,141,118
283,245,142,119
286,245,142,117
283,246,142,117
284,243,142,119
281,242,140,116
281,242,140,116
283,244,139,115
281,242,135,113
284,246,134,111
284,247,132,111
284,247,130,114
286,250,129,109
285,249,130,106
283,252,131,104
284,251,133,104
285,248,135,105
283,246,137,107
285,244,137,109
285,245,137,114
285,243,137,116
280,244,137,116
282,243,138,117
280,244,137,116
281,242,137,115
282,244,137,114
281,244,137,112
282,245,138,113
282,246,140,115
282,244,140,117
282,244,140,119
283,243,140,120
286,246,139,118
286,245,142,120
287,248,145,121
285,246,144,120
286,245,145,120
286,244,144,118
284,244,141,116
281,243,144,118
281,241,145,119
282,242,146,119
279,242,144,119
281,242,144,118
282,243,145,119
281,241,145,119
280,241,143,118
282,243,146,119
281,242,145,120
285,245,147,120
281,240,145,120
282,243,146,119
281,242,143,118
282,246,144,118
282,244,144,118
281,243,143,117
283,242,145,117
282,245,143,116
281,243,144,119
281,244,144,118
282,244,145,120
283,243,146,121
280,237,146,123
283,242,145,122
282,242,143,121
282,240,144,123
284,240,143,124
281,241,143,122
282,242,142,120
283,242,143,121
281,241,143,121
284,240,143,121
283,242,142,123
283,243,141,123
283,242,140,123
280,237,139,124
282,241,138,123
284,244,138,122
284,242,137,123
285,243,136,122
285,243,137,121
284,243,137,123
283,243,137,121
284,243,136,120
285,243,137,120
283,246,137,119
284,246,137,118
283,245,138,117
284,246,138,117
284,247,139,119
282,245,140,119
282,242,141,120
283,247,141,119
282,244,141,120
285,245,141,122
284,242,142,121
283,241,142,123
283,241,142,123
284,246,142,121
283,245,143,121
284,246,143,121
283,245,141,119
286,250,141,120
283,244,141,119
287,249,139,118
284,243,139,118
285,246,137,119
285,247,136,117
284,247,136,116
285,246,134,115
283,246,133,114
287,251,130,112
286,249,130,112
286,247,128,112
285,252,127,110
284,252,127,111
289,253,125,110
287,251,126,111
285,248,127,111
285,248,128,111
288,253,129,111
288,250,129,110
286,249,129,110
287,249,126,110
286,250,125,111
284,255,126,110
286,250,128,110
288,251,129,109
284,258,122,106
288,251,128,108
288,255,126,108
285,251,126,108
286,256,125,107
285,253,129,110
287,254,128,109
285,251,127,108
284,256,123,106
283,252,126,107
285,256,124,106
285,257,122,103
286,255,121,102
286,255,119,101
286,259,117,101
287,257,117,102
287,259,118,102
287,256,116,105
286,255,116,105
289,255,119,102
291,255,117,103
288,256,115,100
289,256,115,100
287,256,116,99
290,258,114,98
289,261,114,97
287,259,115,97
287,256,116,98
288,259,115,97
288,259,115,97
290,259,116,97
291,260,115,97
289,259,116,98
290,257,117,99
291,258,118,100
288,258,119,97
290,259,119,99
290,258,119,98
291,259,119,99
291,260,118,99
289,256,119,99
288,258,119,99
290,259,117,99
289,258,118,99
288,256,119,100
289,256,118,100
289,257,117,100
289,257,117,100
289,259,117,100
290,260,116,99
292,259,117,100
288,257,118,100
290,260,116,98
288,258,116,98
292,259,116,100
289,259,116,99
288,257,116,98
290,258,115,98
288,260,115,97
287,257,115,97
290,261,114,97
289,257,115,98
289,258,115,97
289,256,117,99
288,257,118,100
287,257,120,100
291,257,121,102
287,257,126,103
287,257,129,103
288,256,131,104
288,256,133,105
286,257,132,102
288,254,130,103
288,252,131,107
286,256,134,108
286,253,136,110
287,248,137,114
288,250,136,111
286,252,135,110
287,252,133,111
288,254,132,111
289,253,130,111
286,253,128,109
285,250,127,110
288,251,125,111
288,248,123,110
287,249,123,110
289,250,121,110
290,254,120,109
288,253,119,107
289,251,122,108
290,255,122,106
290,254,124,107
288,254,122,106
287,252,124,109
283,256,121,108
282,255,124,112
282,253,125,114
282,253,125,114
281,251,127,116
285,249,129,116
283,252,127,118
286,252,128,117
284,254,126,117
285,255,125,117
283,254,124,117
278,251,123,116
278,251,123,116
273,247,118,114
282,257,127,122
281,255,127,120
282,255,126,119
281,257,124,116
284,256,126,118
283,257,124,115
285,257,122,112
284,257,120,109
288,258,119,105
288,255,117,102
289,259,115,100
290,262,111,100
286,258,113,100
287,261,113,100
288,259,116,99
285,258,120,98
289,257,122,98
289,259,123,97
288,258,125,98
290,259,125,98
289,257,128,99
290,259,128,101
288,257,129,102
287,254,130,105
289,253,130,106
287,251,131,107
289,252,131,108
286,254,130,106
287,252,131,108
287,255,129,106
287,255,128,106
288,253,128,107
287,253,127,107
287,249,128,108
286,251,127,107
288,252,126,108
288,253,125,107
288,255,124,106
286,251,125,106
286,253,124,106
288,255,122,106
287,255,122,106
289,255,121,105
288,255,121,104
287,253,120,104
288,253,120,105
289,256,120,104
288,253,120,104
290,256,120,103
289,254,122,104
287,256,121,104
287,253,121,105
287,251,120,105
286,254,118,104
288,255,117,104
289,252,118,104
289,255,118,104
289,254,119,106
290,257,117,104
290,255,117,104
289,257,116,103
288,259,116,103
289,256,117,103
288,257,118,104
288,258,119,104
287,255,122,103
286,254,122,103
285,253,123,104
288,252,124,105
287,254,125,104
289,257,125,104
288,253,127,105
289,253,128,107
287,253,130,107
289,251,134,110
285,248,136,109
285,249,136,109
285,253,134,107
286,251,136,108
288,254,135,109
286,250,137,110
287,250,136,111
286,251,136,112
288,248,134,113
287,250,132,111
288,248,130,112
286,249,128,110
286,248,127,110
285,250,125,108
289,252,123,109
287,248,121,107
288,251,120,107
288,251,120,106
290,251,121,108
290,252,119,106
286,255,117,103
288,253,118,101
288,254,120,103
290,252,125,106
288,253,125,108
287,255,122,109
288,251,124,111
289,249,126,114
287,249,126,115
286,254,124,115
287,252,126,118
286,253,125,117
286,254,126,117
285,252,125,116
288,252,125,116
285,254,123,116
286,252,123,114
285,255,120,112
286,254,120,111
286,256,121,113
283,257,123,112
282,256,125,113
284,262,123,114
284,261,120,112
287,254,119,111
288,249,121,110
289,249,119,107
291,252,117,105
289,251,116,103
287,251,117,102
287,253,119,101
286,251,121,102
288,250,122,104
287,252,122,103
287,250,124,104
288,251,124,105
288,251,125,105
289,249,126,107
289,255,126,106
288,250,128,106
289,248,130,109
287,248,130,108
288,250,129,108
289,250,128,108
288,248,128,109
286,249,127,108
286,246,126,109
287,254,123,106
287,249,123,107
289,252,120,107
289,251,120,106
289,251,120,107
289,252,120,106
288,252,119,104
289,251,122,104
287,252,123,104
290,253,127,107
286,250,129,108
285,249,131,112
281,251,128,110
284,256,126,110
284,256,126,109
282,252,125,108
287,255,128,110
283,254,124,107
285,257,124,107
285,256,126,106
285,263,122,104
290,270,123,106
287,269,123,105
284,269,121,104
279,255,119,103
285,264,119,103
285,263,119,104
285,256,118,105
281,253,117,104
282,254,118,106
286,250,117,106
287,253,117,106
285,249,118,105
287,255,118,102
289,255,120,100
289,258,119,98
290,258,120,97
288,258,121,98
289,257,121,97
291,255,123,100
289,253,126,101
289,253,126,102
289,253,126,103
290,251,126,103
287,251,127,103
286,252,127,104
285,251,127,105
290,252,127,106
285,250,128,105
286,252,127,104
286,252,127,103
291,255,125,102
287,250,127,104
286,250,128,105
285,251,128,105
286,252,128,105
289,251,127,105
287,252,127,104
288,251,127,103
286,252,125,102
288,254,125,102
288,255,124,102
284,256,126,102
285,254,127,104
288,252,124,105
288,256,122,103
287,255,121,103
286,253,120,103
288,253,118,102
285,253,118,101
290,253,117,101
288,254,118,100
287,254,117,100
290,255,117,100
288,253,119,101
288,254,120,102
288,251,120,102
287,251,120,102
289,253,120,102
293,255,119,101
288,253,120,103
288,254,120,103
290,255,120,104
290,251,122,106
287,254,120,105
287,250,122,106
290,253,122,105
284,255,123,106
285,256,122,105
286,253,122,104
288,254,122,103
285,251,123,103
287,249,123,103
288,253,121,103
287,251,122,104
287,252,123,104
286,250,125,105
288,249,126,105
286,250,127,103
285,250,129,104
285,251,130,104
286,249,131,104
286,255,129,102
284,249,130,103
287,252,131,105
286,250,132,105
286,251,132,105
286,251,131,104
285,252,132,105
285,250,132,105
285,250,132,105
285,249,135,107
287,250,135,107
285,249,134,107
285,247,136,108
285,249,135,108
286,249,135,110
285,247,137,110
286,249,137,111
287,248,138,112
286,245,139,113
286,242,141,115
282,245,139,113
285,243,140,114
286,245,140,114
286,246,140,115
286,247,139,115
287,245,139,113
286,246,138,112
286,247,139,112
286,246,138,110
286,249,138,111
284,248,136,111
288,251,136,110
285,251,134,107
284,251,134,108
286,250,134,108
287,250,133,110
287,246,134,113
287,248,132,113
286,246,132,113
287,248,131,111
287,246,132,113
286,246,131,112
287,244,131,113
286,248,130,112
286,248,130,112
285,247,130,111
285,246,131,111
285,247,131,111
286,246,131,111
287,251,131,111
287,249,132,111
286,247,134,113
284,246,135,113
287,247,136,114
286,245,138,116
286,245,139,116
287,250,140,115
287,250,142,115
285,245,141,115
284,245,140,115
283,244,139,114
284,247,138,113
285,249,138,112
285,247,138,112
283,251,136,111
286,249,139,114
284,247,139,113
284,249,139,112
285,247,139,112
286,249,139,112
286,249,140,113
284,245,140,113
285,249,139,113
285,247,140,113
284,246,140,114
283,249,138,113
284,248,139,113
283,247,137,112
283,248,137,112
284,249,140,113
284,249,140,114
283,245,140,114
285,251,139,113
285,246,140,114
285,248,140,114
283,247,139,115
285,250,139,113
285,247,141,114
283,247,139,114
284,244,142,117
285,249,144,119
286,246,144,120
284,247,143,120
286,247,143,120
286,244,143,121
285,245,143,122
284,242,142,122
285,247,141,119
285,248,140,119
285,248,139,117
286,245,138,118
284,247,138,117
284,245,137,117
281,251,138,117
285,242,137,119
284,247,137,118
286,246,137,118
283,245,137,117
285,248,138,118
284,246,138,118
286,248,137,117
287,250,137,116
287,247,138,118
285,248,138,117
288,251,138,119
287,248,139,119
287,247,138,119
287,249,138,118
283,248,137,117
284,250,137,115
288,249,136,116
284,249,137,116
286,249,136,116
287,250,136,117
286,245,136,118
286,246,135,116
286,248,135,116
285,248,134,114
286,249,133,114
285,249,133,114
286,251,133,114
287,250,134,112
286,250,134,112
287,252,134,112
286,250,135,112
287,249,133,112
286,251,132,112
285,253,131,110
287,256,129,107
287,254,131,105
288,255,131,105
285,253,130,107
287,254,129,109
288,252,129,110
287,253,126,109
287,250,125,109
289,252,124,110
289,254,125,112
290,255,124,111
286,249,124,111
289,255,122,109
287,253,123,109
287,254,123,109
288,257,123,108
288,255,123,107
288,254,123,107
288,256,123,107
288,254,125,108
287,254,124,107
288,256,123,106
289,256,122,105
288,253,122,106
286,256,122,105
286,253,123,107
288,255,124,107
289,254,124,107
288,253,125,109
288,253,126,109
288,253,127,111
285,250,128,111
288,253,128,112
286,254,128,109
288,255,129,109
287,253,130,109
286,255,131,108
288,254,131,109
284,253,130,108
286,258,129,106
287,253,130,108
287,254,129,108
286,253,129,109
286,257,127,107
286,252,127,107
288,256,126,107
288,255,125,108
285,256,124,107
285,257,122,106
286,253,120,105
287,257,119,103
286,256,119,104
291,258,119,104
288,256,120,105
291,258,124,107
290,258,125,108
287,258,124,109
289,257,127,110
286,255,126,111
285,251,129,112
285,255,127,113
285,252,130,116
287,253,130,117
286,253,130,118
285,251,131,120
288,250,133,122
285,254,129,118
281,252,126,112
284,255,125,114
287,254,130,115
285,254,129,112
287,253,131,112
286,258,125,109
288,259,124,110
288,257,121,108
290,258,123,109
290,255,123,110
289,256,123,110
288,257,122,109
288,255,123,110
287,256,121,108
286,256,121,106
287,257,123,107
287,255,123,108
283,255,123,107
286,257,123,106
286,257,122,106
285,257,122,105
287,259,120,104
287,259,118,103
288,260,118,104
290,257,118,104
288,260,118,103
288,259,119,105
290,260,122,104
289,258,125,105
286,256,125,108
287,257,125,109
285,261,123,108
284,258,125,110
286,259,124,113
284,256,128,118
283,256,131,125
284,250,134,125
283,253,131,124
278,254,127,120
282,251,129,121
279,251,129,119
279,249,130,122
277,250,130,123
278,254,128,126
279,256,128,125
279,258,128,125
277,256,127,124
278,259,126,125
278,258,126,123
279,259,126,124
278,256,124,122
279,256,123,120
281,255,126,122
279,257,124,120
283,257,125,122
281,255,123,118
284,260,125,122
282,255,123,118
285,255,128,121
282,257,125,116
282,259,125,115
286,260,126,115
284,261,125,113
285,260,125,113
287,258,126,112
289,261,125,112
286,261,120,106
289,261,123,110
288,259,122,109
289,259,123,109
285,260,122,109
288,259,123,109
286,260,121,108
286,259,125,113
286,258,127,116
283,255,126,115
287,257,133,125
284,258,131,125
283,255,133,127
284,255,135,133
283,257,133,132
283,254,133,129
281,258,132,130
279,257,131,129
278,252,132,130
278,250,133,133
276,251,133,133
273,243,135,130
271,247,133,136
268,255,131,139
268,255,131,139
268,255,131,139
244,252,146,131
244,252,146,131
244,252,146,131
244,252,146,131
244,252,146,131
244,252,146,131
244,252,146,131
244,252,146,131
244,252,146,131
262,251,135,138
258,248,136,131
259,249,136,132
250,260,144,127
253,265,143,126
254,267,143,125
258,263,143,122
259,249,137,123
270,250,132,125
275,259,128,127
275,254,126,125
276,263,126,125
277,261,125,123
279,257,130,125
278,263,127,123
279,257,130,123
280,256,134,125
278,256,133,125
279,254,136,127
282,259,137,128
279,256,134,127
281,260,139,132
280,258,138,130
281,256,139,133
280,257,137,131
280,260,139,134
279,259,140,134
282,252,143,136
283,250,145,140
280,258,141,137
280,252,140,134
280,253,141,136
278,256,141,138
278,255,142,140
278,252,143,139
277,250,142,138
277,244,143,138
276,246,150,141
267,242,153,130
263,248,159,133
271,248,162,140
276,252,161,147
276,247,160,147
277,246,159,150
280,248,156,150
280,248,155,149
283,252,152,149
281,247,152,152
279,242,150,148
280,248,150,149
281,246,147,147
280,242,148,147
278,244,146,144
279,247,146,148
278,245,145,144
278,245,146,147
279,247,145,148
278,250,145,147
277,244,144,143
276,253,142,142
278,251,143,142
278,254,142,140
278,252,143,139
279,248,144,139
279,252,146,143
278,254,144,143
279,244,147,145
278,248,146,147
278,249,146,147
277,247,147,145
280,247,146,141
279,250,144,139
278,249,142,134
278,248,145,136
274,251,144,133
269,249,144,130
279,256,143,132
282,257,140,130
279,251,139,130
278,255,140,134
275,254,138,133
280,252,145,138
280,252,145,138
282,250,145,141
279,251,143,136
280,256,140,133
284,254,142,134
282,255,141,132
277,254,138,132
277,258,138,133
279,253,142,134
276,257,139,133
282,254,145,136
285,255,145,139
279,250,142,135
282,251,144,136
277,251,141,135
278,249,143,136
278,251,141,135
277,252,139,132
278,252,141,134
275,253,141,134
278,253,142,135
277,252,141,133
275,252,142,133
274,255,140,129
270,250,142,125
268,251,149,127
264,252,154,126
264,263,160,126
270,263,157,125
274,263,154,128
272,259,149,130
278,255,145,131
279,253,143,131
278,257,140,129
277,256,140,132
277,248,144,134
280,249,143,134
279,252,138,132
280,257,137,133
277,253,137,132
277,250,139,135
277,252,137,137
276,252,137,146
267,249,139,146
267,249,139,146
267,249,139,146
267,249,139,146
267,249,139,146
267,249,139,146
267,249,139,146
267,249,139,146
267,249,139,146
267,249,139,146
267,249,139,146
267,249,139,146
267,249,139,146
267,249,139,146
267,249,139,146
267,249,139,146
267,249,139,146
267,249,139,146
267,249,139,146
267,249,139,146
267,249,139,146
267,249,139,146
267,249,139,146
267,249,139,146
267,249,139,146
267,249,139,146
267,249,139,146
267,249,139,146
239,265,137,143
240,270,137,145
240,270,137,145
257,231,132,143
261,244,131,145
264,253,131,149
265,256,129,147
268,255,130,144
276,253,134,138
281,255,134,135
281,262,130,130
281,264,128,125
283,260,125,117
284,263,125,120
284,258,125,119
286,256,126,119
286,255,126,117
288,254,127,117
288,259,124,117
284,255,121,112
287,255,125,116
286,255,127,118
282,255,124,114
283,255,129,117
281,259,126,118
287,253,131,121
286,259,127,120
283,256,127,120
283,255,127,119
285,258,129,124
283,257,125,121
282,257,125,121
281,257,125,124
282,257,127,124
284,263,126,125
279,257,125,122
278,258,125,122
278,258,125,120
279,261,124,120
281,262,123,119
278,258,122,118
279,255,123,116
278,263,119,118
278,263,119,117
276,259,119,118
277,261,117,117
275,259,119,117
275,258,119,118
278,260,119,117
278,264,119,119
281,259,120,120
280,258,120,120
281,263,120,120
282,263,121,120
283,265,122,122
284,262,124,122
285,261,124,121
278,256,125,120
282,258,127,120
280,260,122,114
282,260,124,114
282,260,123,112
285,258,124,112
281,258,118,109
287,259,123,112
283,258,119,109
286,255,120,108
285,258,120,107
283,257,121,109
285,260,120,110
282,257,120,109
280,257,119,108
285,257,117,107
282,257,117,106
284,261,118,107
281,257,121,112
279,257,122,113
279,258,122,113
281,256,121,113
282,252,125,113
279,255,123,114
280,250,127,113
278,252,129,116
278,252,131,115
281,253,130,114
280,253,127,115
280,253,130,116
281,255,132,120
281,251,133,120
278,251,134,123
279,258,133,116
280,255,133,121
275,257,133,118
280,253,134,119
281,257,131,119
278,259,127,118
279,257,127,116
278,257,127,115
280,265,128,115
278,260,125,118
280,257,130,115
280,268,126,116
278,266,123,116
279,265,124,114
278,264,125,113
277,266,122,112
280,269,122,111
279,269,123,111
278,270,121,108
277,267,122,106
276,266,123,106
280,268,121,104
280,267,120,107
283,265,119,105
283,266,119,107
285,267,120,108
285,264,119,106
285,266,120,106
287,266,119,107
287,263,118,107
284,261,115,107
283,260,113,107
284,256,116,105
284,257,117,105
285,253,119,107
284,257,119,106
285,257,118,104
284,259,118,104
284,259,118,104
284,257,118,103
279,256,120,103
282,259,118,104
285,258,117,103
284,259,117,103
285,258,117,103
284,259,118,104
283,258,120,106
286,258,118,104
284,257,119,106
285,258,119,106
284,261,119,107
285,259,119,106
284,259,120,107
287,256,118,106
281,255,121,107
286,259,119,106
286,260,118,105
288,259,119,106
285,259,120,108
286,259,120,107
282,258,119,105
286,258,118,105
283,258,120,106
287,257,121,108
283,255,123,110
282,257,123,110
283,256,123,110
283,256,124,112
283,257,123,111
285,257,124,111
283,255,125,113
282,256,125,113
283,254,126,114
283,257,124,112
284,256,124,111
279,254,124,111
284,256,123,110
284,257,123,110
282,256,124,111
283,254,123,110
284,256,123,110
287,256,122,109
282,256,123,110
284,256,122,110
281,254,123,109
284,256,123,110
283,254,123,109
283,257,123,110
282,255,124,112
283,256,124,112
285,255,123,112
284,256,124,111
285,257,123,111
284,255,123,111
283,257,124,113
282,257,124,112
285,258,123,112
284,256,124,112
284,256,124,112
283,260,125,113
281,256,131,116
277,255,139,122
285,257,122,107
287,259,124,109
284,262,123,108
284,259,125,107
283,258,125,108
281,260,123,108
284,260,125,109
283,260,127,110
282,264,129,115
283,263,129,116
281,262,129,116
280,257,132,119
281,260,132,122
278,254,131,120
279,259,130,123
282,255,131,123
279,257,129,121
279,259,128,120
281,256,130,123
279,256,131,125
280,261,129,125
280,260,128,122
279,256,127,119
284,260,127,121
280,256,127,122
281,256,129,124
281,252,132,126
282,255,134,128
278,256,132,124
277,255,133,122
281,257,133,121
282,259,131,119
282,259,132,118
281,260,130,117
280,259,127,115
281,256,128,118
283,257,129,119
283,255,127,115
285,257,124,113
285,257,125,114
286,256,125,114
284,256,123,113
285,256,123,113
286,254,123,114
286,256,124,114
285,256,124,114
280,254,129,116
284,256,121,111
284,258,123,113
278,257,130,119
284,259,121,110
285,255,123,109
275,253,142,127
285,255,126,113
284,256,129,115
286,251,131,118
285,255,134,120
278,250,135,115
270,256,133,111
277,257,139,115
274,263,133,116
270,262,136,116
271,264,135,117
274,265,137,119
275,267,134,119
273,268,134,120
275,266,136,121
268,254,135,119
267,256,136,120
268,257,138,120
268,259,138,123
267,255,137,127
266,245,139,131
267,233,141,131
272,239,143,131
272,245,144,132
268,252,140,127
270,248,142,130
269,254,142,131
271,252,142,130
272,253,146,132
271,248,146,132
271,246,144,132
269,248,142,135
265,245,141,133
263,250,146,138
256,250,156,138
257,254,162,135
257,258,164,132
255,260,163,129
252,255,159,126
256,256,161,129
258,261,156,126
258,261,154,125
261,257,153,124
263,259,142,120
268,250,142,126
269,251,143,130
278,250,134,124
283,257,136,125
286,250,135,125
280,251,130,120
281,249,132,122
282,254,132,123
283,252,134,127
283,251,133,125
285,251,133,126
285,253,134,129
284,251,136,129
286,248,136,129
287,252,137,135
282,253,134,130
287,249,139,135
282,247,138,132
284,246,141,136
282,250,138,136
284,248,140,136
281,254,142,132
274,259,146,125
268,258,145,125
263,259,150,128
262,264,155,129
265,265,153,131
268,258,148,133
273,262,144,133
269,254,145,136
264,250,143,134
271,258,140,136
270,249,142,136
269,251,141,135
268,252,142,133
260,253,148,121
269,267,143,127
268,261,142,125
277,259,140,125
274,255,137,128
275,252,137,132
277,248,134,135
276,253,133,137
277,252,132,137
277,258,130,138
274,256,131,137
276,259,130,136
276,258,131,135
276,254,132,134
275,252,131,131
279,254,134,133
278,253,133,133
282,254,136,136
282,251,137,136
283,252,137,137
281,254,136,135
282,256,136,136
283,256,136,131
282,259,138,127
282,257,142,124
275,253,131,126
273,251,137,123
273,252,137,121
280,253,139,128
276,256,134,123
281,251,137,126
278,254,132,125
280,256,132,123
282,259,130,121
280,257,130,124
284,255,136,131
281,257,134,130
281,255,135,130
283,257,138,136
281,253,138,136
279,258,137,137
280,253,139,139
280,253,139,137
281,254,141,141
280,251,141,142
282,252,140,143
275,255,139,141
275,252,139,142
273,259,138,144
272,258,136,146
269,249,135,146
268,258,140,148
267,250,141,147
263,260,141,147
245,270,159,139
244,276,156,137
246,275,154,135
238,264,154,135
239,258,152,133
244,260,148,135
258,252,137,139
263,247,134,140
257,257,142,139
257,265,140,138
262,263,136,137
269,261,136,139
258,270,145,132
266,253,144,131
266,261,146,130
265,264,143,130
268,242,140,124
272,266,131,124
275,262,132,124
276,264,132,128
277,269,132,126
282,264,137,129
281,263,134,127
288,265,134,130
287,262,131,127
285,265,126,122
288,263,128,123
291,262,128,121
286,270,123,118
286,265,123,115
286,261,129,120
285,260,132,123
280,261,131,121
281,258,134,124
278,261,133,125
282,263,136,127
278,262,133,126
279,262,134,129
281,262,136,130
283,264,137,132
283,263,137,132
282,261,137,132
283,262,137,132
284,263,136,131
282,262,134,129
282,260,133,128
284,260,136,130
284,260,137,131
280,263,132,129
285,260,142,135
279,258,142,134
280,257,147,140
273,253,155,143
265,263,163,147
258,271,167,149
264,264,159,146
270,254,148,137
273,249,149,143
272,243,150,144
270,243,150,145
266,250,146,146
269,255,146,146
273,250,149,148
271,256,149,149
268,249,145,147
267,243,144,150
268,249,140,151
265,241,140,146
265,248,139,147
268,254,138,150
264,250,137,146
264,252,138,147
264,259,138,149
263,256,138,148
265,254,138,147
265,258,137,146
265,248,139,144
266,261,138,148
266,262,137,147
271,249,137,139
276,258,136,140
278,255,138,139
278,261,139,140
277,258,142,141
279,263,142,138
282,260,144,138
281,261,143,137
281,262,141,134
284,263,140,135
289,261,141,135
285,256,139,133
289,260,141,136
285,261,137,135
291,259,144,139
288,259,141,139
289,257,143,143
289,252,143,142
285,255,138,137
282,260,136,139
286,260,138,140
285,256,138,138
282,256,136,137
284,255,138,139
283,255,137,139
283,259,138,142
280,257,139,141
278,250,141,137
275,255,141,140
274,246,143,138
267,249,146,143
261,266,141,148
259,265,144,146
255,267,144,144
252,263,144,144
241,254,146,139
235,251,151,143
225,243,158,143
218,258,161,141
216,278,158,139
215,277,158,139
214,274,159,139
215,276,157,138
210,285,158,138
229,261,152,135
231,253,149,134
236,259,143,139
238,258,139,137
245,259,135,139
225,269,145,134
239,264,138,136
221,269,148,130
234,285,143,133
225,292,146,128
231,289,145,127
246,252,139,131
264,248,133,133
262,257,126,137
265,259,125,140
267,259,127,138
269,257,130,139
276,254,132,138
280,257,131,132
278,255,133,132
281,254,134,132
281,260,133,131
283,259,133,131
284,258,131,130
281,261,128,129
280,266,127,131
285,258,132,130
287,258,131,129
285,258,132,132
282,270,135,134
274,267,146,141
278,268,138,135
274,264,139,128
271,266,141,125
271,267,143,122
269,270,143,119
264,272,146,117
267,272,145,122
267,269,142,120
274,266,139,128
276,261,139,131
279,258,138,134
277,261,136,135
278,258,135,133
279,263,133,134
278,264,133,134
278,256,135,133
278,260,135,135
276,254,135,134
277,255,136,134
277,257,137,136
277,252,139,137
275,248,139,135
278,254,138,136
278,251,139,136
277,255,137,135
280,260,136,135
284,258,138,134
285,258,140,137
285,255,139,135
288,259,141,139
288,256,141,137
287,254,140,134
289,259,139,134
287,259,136,129
286,256,133,123
286,259,133,122
283,260,132,117
273,256,137,124
252,258,166,145
264,258,156,138
273,259,147,130
267,257,154,134
265,255,157,135
268,256,150,129
264,254,154,130
271,254,140,114
273,251,137,120
275,254,136,124
281,260,137,122
281,257,136,117
284,258,133,114
285,256,133,116
282,258,133,118
278,257,141,125
283,255,133,117
275,251,141,123
277,257,139,123
258,253,169,148
265,256,164,144
267,254,164,143
268,254,158,138
277,261,144,125
266,256,155,136
250,251,171,150
278,259,144,130
250,248,171,150
247,249,174,152
257,257,174,153
247,250,178,156
260,255,156,141
258,252,165,146
278,256,142,129
285,257,131,118
275,254,149,133
275,255,150,134
263,254,157,138
284,254,141,124
275,254,148,131
279,255,141,125
284,258,132,117
286,256,132,116
288,259,132,117
282,259,134,118
281,261,134,119
285,253,133,117
281,255,135,118
286,255,134,118
282,255,137,119
281,254,138,119
281,253,138,119
281,255,139,121
280,257,138,121
284,255,134,119
282,257,133,117
283,256,131,115
282,259,130,114
286,257,128,112
284,256,127,112
286,257,128,113
286,256,129,115
288,259,129,117
291,260,129,114
290,260,132,116
292,260,132,119
288,262,134,117
285,261,133,117
287,261,138,122
282,260,135,123
286,260,137,126
290,256,142,132
289,257,142,137
291,256,144,140
289,257,141,138
282,254,136,133
282,259,134,135
285,260,135,136
177,246,171,150
177,246,171,150
177,246,171,150
177,246,171,150
177,246,171,150
177,246,171,150
177,246,171,150
177,246,171,150
177,246,171,150
177,246,171,150
177,246,171,150
177,246,171,150
177,246,171,150
177,246,171,150
177,246,171,150
179,263,173,152
178,261,175,153
174,256,176,154
180,259,172,151
177,263,173,151
178,261,173,152
181,259,173,151
169,262,174,152
171,260,173,151
157,268,169,148
164,263,167,147
160,264,170,149
164,259,169,148
170,263,168,148
180,258,168,148
164,264,167,147
165,265,166,145
210,256,165,145
258,253,165,144
265,257,162,142
260,254,161,141
260,254,161,141
260,254,161,141
222,263,160,140
185,259,163,143
182,262,165,145
180,265,163,143
182,262,160,140
179,268,158,139
178,269,159,139
178,263,160,140
190,266,157,138
221,260,156,136
262,256,155,136
273,252,156,137
275,256,157,138
273,255,157,138
272,256,159,139
268,250,157,138
269,257,158,139
270,255,157,138
270,257,159,139
270,256,160,140
269,256,161,142
268,256,164,144
262,253,167,146
262,253,168,148
258,251,173,152
259,250,173,152
255,252,172,151
265,248,171,150
258,251,171,150
259,249,173,152
249,249,172,151
252,255,171,150
254,252,173,152
238,253,174,152
224,249,173,152
217,250,172,151
210,245,174,153
210,245,174,153
210,245,174,153
220,241,174,152
211,219,176,154
212,212,175,153
211,216,175,153
226,207,171,150
234,206,173,151
214,253,174,153
215,254,178,156
214,250,177,156
211,247,180,158
209,251,181,159
211,250,181,159
213,247,181,159
212,250,180,158
211,251,182,160
211,247,183,160
212,254,180,158
214,249,180,158
210,250,180,158
213,248,180,158
212,252,178,156
214,254,182,160
221,247,182,159
213,251,184,161
217,251,184,161
215,251,182,159
214,249,180,158
223,253,178,156
223,253,178,156
223,253,178,156
223,253,178,156
220,248,178,156
235,253,176,154
225,253,174,153
223,251,176,154
223,253,176,154
226,252,174,153
213,252,173,152
212,251,174,153
213,253,172,151
219,265,172,151
219,265,172,151
233,277,173,152
229,274,172,151
229,272,174,153
235,252,176,154
243,253,174,153
250,249,174,153
256,254,177,155
258,250,178,156
251,246,177,155
261,252,176,155
260,251,176,154
257,250,175,154
259,251,175,153
262,252,176,154
262,253,175,153
261,254,175,153
259,252,177,155
262,248,174,152
269,252,172,151
263,251,171,150
277,253,167,146
275,255,168,147
275,255,167,146
261,251,168,147
266,253,168,147
263,251,170,149
270,252,170,149
256,251,172,151
262,252,169,148
267,252,169,148
260,250,172,151
255,250,173,152
257,249,175,153
249,253,178,156
252,251,179,157
248,247,183,160
250,250,183,160
246,244,189,165
254,249,188,165
255,247,189,166
245,242,187,164
243,247,187,164
254,249,185,162
252,249,185,162
250,249,185,162
248,249,186,163
253,250,185,162
251,246,185,163
256,247,187,164
252,243,185,162
251,249,184,161
261,253,182,160
249,247,184,161
252,250,185,163
252,247,187,164
246,249,187,164
250,251,190,166
252,249,189,166
249,245,190,167
252,248,193,169
257,246,192,169
252,244,192,169
252,239,194,170
250,242,195,171
253,244,193,169
255,242,195,171
252,246,191,168
246,247,191,167
242,244,191,168
242,246,193,169
247,240,193,169
244,242,194,170
236,248,194,170
237,245,197,173
236,244,201,177
239,247,203,178
242,245,201,176
242,242,200,176
242,244,196,172
240,245,196,172
244,239,192,169
244,244,191,168
245,251,194,171
241,245,194,170
246,246,193,169
243,248,194,170
247,248,194,170
241,243,198,173
235,238,200,175
235,239,198,173
236,243,196,172
241,242,195,171
241,243,194,170
243,244,192,169
244,248,190,166
239,248,189,166
246,248,189,166
242,243,190,167
236,247,192,168
216,242,194,170
230,244,197,173
233,250,199,174
231,245,201,177
229,246,204,179
221,235,203,178
219,202,206,181
215,196,209,183
219,198,207,181
211,222,210,184
214,224,210,184
213,231,210,185
208,232,211,185
209,239,206,180
215,240,205,180
218,237,203,178
220,236,203,178
214,235,204,179
210,239,205,180
208,237,201,176
206,238,204,179
208,238,204,179
207,238,205,180
202,241,203,178
197,236,202,177
197,241,199,175
200,241,197,173
202,242,196,172
205,244,197,173
212,251,190,167
214,250,189,166
209,251,187,164
215,253,186,163
210,254,182,159
205,256,177,155
201,258,177,155
210,258,176,154
212,259,172,151
212,257,169,148
207,256,171,150
212,257,169,148
205,261,171,150
203,258,172,150
208,258,170,149
209,258,167,147
210,256,167,147
209,257,169,148
207,261,170,149
207,260,168,148
215,265,164,144
216,259,164,144
212,275,163,143
211,270,164,144
215,266,162,142
213,257,162,142
218,258,160,140
222,262,159,139
221,260,163,143
217,263,165,145
210,264,169,148
216,269,169,148
223,272,171,150
217,267,174,153
222,272,175,154
225,274,172,151
226,257,171,150
230,251,172,151
231,255,172,151
230,247,176,154
234,250,175,154
233,249,173,152
231,255,173,152
239,251,172,151
235,257,173,152
236,256,170,149
236,253,170,149
237,255,169,148
240,256,165,145
236,256,163,143
239,254,164,144
241,258,163,143
242,258,164,144
236,251,166,146
239,258,166,145
235,255,167,146
237,256,170,149
231,255,173,152
239,253,170,149
241,254,169,148
237,258,168,147
236,251,172,151
236,251,173,152
230,251,172,151
232,250,173,152
230,250,176,154
223,248,176,155
224,252,178,156
218,253,176,154
224,254,175,154
224,253,178,156
212,250,181,159
222,249,182,160
219,250,182,160
231,253,180,158
224,248,181,159
224,256,182,159
222,253,184,161
221,257,184,161
222,254,183,161
216,258,184,161
223,262,182,160
227,277,181,159
230,279,180,158
222,267,182,159
232,269,183,161
213,254,183,161
218,248,183,161
219,250,185,162
219,246,188,165
218,245,186,163
214,238,189,165
213,242,186,163
214,245,184,162
206,245,183,160
211,252,184,162
221,252,182,160
233,248,184,162
229,249,186,163
232,248,187,164
240,250,190,167
233,248,191,168
229,247,195,171
228,244,197,173
228,239,195,171
223,249,193,169
225,245,196,172
224,244,194,170
221,242,195,171
224,245,191,168
219,242,196,172
223,248,192,169
219,241,194,170
219,241,191,168
219,238,191,168
206,243,190,167
213,250,190,167
213,249,184,161
224,250,180,158
216,248,178,156
222,249,176,154
208,255,174,152
193,260,175,153
218,253,174,153
214,254,169,148
213,269,170,149
213,269,170,149
213,269,170,149
213,269,170,149
213,269,170,149
213,269,170,149
213,269,170,149
213,269,170,149
165,282,168,148
175,246,169,148
210,220,171,150
214,227,174,152
214,227,174,152
177,329,182,145
185,332,177,140
185,332,177,140
198,195,166,145
208,216,169,148
211,224,169,148
211,231,170,149
207,227,172,150
203,225,175,153
206,279,175,153
201,268,173,152
205,227,178,156
211,222,178,156
181,281,183,160
204,311,188,145
204,311,188,145
214,251,182,160
198,269,182,160
203,259,181,159
205,253,180,157
203,258,180,158
208,257,181,158
202,256,180,158
203,263,182,159
206,255,182,159
208,253,185,163
206,251,186,163
206,244,187,164
209,247,185,163
210,254,186,163
206,258,188,165
211,250,189,166
210,248,189,165
205,246,191,167
209,250,190,166
204,251,189,166
202,250,187,164
203,256,183,161
203,251,184,162
203,252,182,160
202,257,184,161
206,252,181,158
203,253,181,159
199,249,182,159
197,257,179,157
192,257,179,157
191,255,175,153
184,259,175,153
187,263,171,150
176,256,170,149
162,259,171,150
162,260,170,149
160,262,170,149
161,262,168,147
162,263,166,145
160,263,165,145
165,259,162,142
163,268,160,140
164,256,157,138
163,263,159,140
152,261,160,140
156,271,161,141
155,262,161,142
147,262,164,144
155,256,161,142
159,208,161,141
175,239,160,140
169,275,160,140
159,276,160,140
159,246,163,143
161,251,163,143
157,231,163,143
174,282,160,140
178,261,160,140
169,221,160,141
166,210,162,142
177,204,159,139
160,264,159,139
172,280,157,138
169,295,154,135
174,299,154,135
177,296,154,135
174,304,153,134
179,307,152,133
175,302,152,134
175,302,152,134
183,282,149,131
183,282,149,131
183,282,149,131
183,282,149,131
197,193,148,130
194,179,149,131
194,179,149,131
191,207,150,131
191,207,150,131
191,207,150,131
181,213,149,131
187,206,153,128
182,212,150,132
172,215,152,133
175,221,152,133
175,221,152,133
169,222,157,133
144,218,152,133
143,231,154,135
143,231,154,135
143,231,154,135
93,234,158,139
87,246,159,139
76,242,159,139
122,232,160,140
152,242,158,138
152,242,158,138
152,242,158,138
152,242,158,138
41,238,159,140
48,235,158,138
41,235,158,138
47,239,160,140
48,240,158,139
50,240,159,140
44,233,160,140
48,228,165,137
45,230,162,137
59,233,159,136
54,230,167,132
56,230,168,126
57,227,169,127
65,228,165,132
126,234,159,139
150,226,159,140
151,222,158,139
158,231,161,141
158,231,161,141
158,231,161,141
158,231,161,141
184,230,160,140
192,209,159,139
163,217,159,139
149,214,159,139
148,217,160,141
140,214,163,143
222,231,161,139
222,231,161,139
204,221,163,140
179,200,165,130
177,197,165,132
177,197,165,132
177,197,165,132
177,197,165,132
189,176,160,141
189,176,160,141
203,191,160,140
202,185,164,144
199,244,163,143
195,245,164,144
190,246,166,146
192,246,168,147
193,247,167,146
193,240,168,147
189,247,168,147
190,244,167,146
193,238,170,149
192,226,174,152
203,221,171,150
191,224,175,153
193,227,176,154
186,228,178,156
188,226,181,159
187,227,180,157
184,227,180,158
189,226,181,159
186,226,178,156
182,225,181,159
180,230,179,157
172,230,178,156
165,235,177,155
138,233,185,143
138,236,183,142
139,237,180,147
132,230,176,150
124,227,176,150
118,230,174,153
101,224,181,149
122,223,176,155
116,223,177,155
120,217,181,159
119,226,177,155
93,232,173,152
81,242,172,151
81,242,172,151
81,242,172,151
81,242,172,151
81,242,172,151
81,242,172,151
81,242,172,151
81,242,172,151
171,198,171,150
185,198,168,147
194,178,167,147
192,188,169,148
256,187,169,148
279,194,169,148
324,202,169,148
328,212,173,135
335,207,173,134
335,207,173,134
335,207,173,134
335,207,173,134
335,207,173,134
130,259,166,146
131,248,166,146
135,245,168,147
143,240,169,148
146,242,169,148
156,240,167,146
154,238,166,146
140,231,173,140
144,227,173,140
135,229,171,143
142,223,166,145
143,222,163,143
142,225,161,141
138,227,163,143
126,225,165,144
125,228,163,143
121,244,164,144
111,251,168,147
116,256,169,148
110,259,173,151
117,259,177,155
112,265,177,155
117,260,179,157
123,251,181,158
107,252,185,162
103,246,186,164
100,254,186,163
103,244,188,165
97,249,189,165
97,245,190,166
87,251,194,170
84,253,194,170
81,247,194,170
85,250,194,170
135,255,193,169
119,255,195,171
120,252,192,169
105,247,190,166
101,239,190,167
89,232,194,170
88,226,191,168
100,220,201,164
103,216,196,172
102,210,198,174
116,207,198,174
109,210,203,178
105,215,204,179
101,214,207,182
108,219,203,176
119,227,201,177
126,237,199,175
132,243,198,174
146,231,200,176
172,233,200,175
173,224,195,171
186,290,199,175
182,273,200,175
184,266,201,176
187,265,203,178
182,261,204,179
189,248,206,180
206,227,211,185
202,221,215,189
233,212,218,191
240,204,217,191
220,214,220,193
211,205,224,197
203,220,226,199
198,217,228,200
198,214,229,200
193,219,234,202
186,221,234,205
184,226,239,210
177,216,240,211
176,215,245,215
177,211,250,219
177,216,249,219
184,214,249,218
180,214,247,217
178,209,247,216
180,205,249,219
169,213,247,217
169,218,248,217
159,214,253,222
164,212,255,224
165,214,255,223
161,218,253,222
156,219,252,221
141,217,249,218
149,223,247,217
149,242,253,215
147,225,249,216
163,220,245,215
147,223,247,217
152,223,245,215
149,224,242,212
155,227,239,210
152,224,239,210
148,231,235,206
149,227,234,205
148,230,235,201
157,225,232,204
157,232,233,204
162,223,234,205
179,228,231,203
182,225,231,202
186,225,231,202
182,225,235,206
192,225,240,210
180,221,238,209
180,221,235,206
176,219,238,208
181,219,232,204
158,211,235,206
160,213,238,209
154,206,241,211
160,208,241,211
158,203,239,209
166,209,241,211
160,204,244,214
167,214,243,213
168,213,246,216
173,214,246,216
169,213,246,215
174,212,244,214
164,213,243,213
180,216,245,215
183,215,248,217
170,213,248,218
173,211,250,219
186,214,249,219
189,219,249,219
198,219,248,217
185,223,253,222
187,220,258,224
187,214,261,229
189,218,263,231
186,208,264,231
192,222,263,231
183,214,265,233
201,215,259,227
247,221,256,225
231,221,258,226
230,220,259,227
247,222,259,227
246,226,258,227
246,224,252,221
192,211,259,227
180,215,260,228
187,213,263,230
185,210,262,230
180,218,263,231
184,212,261,229
193,219,256,225
201,218,252,221
200,212,250,220
200,216,252,221
212,221,250,219
222,217,251,220
209,223,250,220
205,222,251,220
193,221,254,223
188,219,256,225
194,212,258,226
189,209,259,227
181,212,263,231
185,207,265,232
186,215,267,234
192,206,268,235
196,213,269,236
201,209,275,241
196,209,278,243
199,206,278,244
191,203,272,239
203,205,273,239
202,202,273,239
198,208,269,236
200,207,265,233
203,206,269,236
197,206,268,235
199,201,269,236
192,206,270,237
203,206,264,231
197,203,268,235
198,200,266,233
201,199,267,234
207,204,267,234
189,197,271,238
184,197,273,239
187,204,273,239
180,198,272,238
179,205,271,238
191,214,272,239
186,208,270,236
192,204,272,238
190,210,267,234
185,209,270,237
191,200,268,235
180,210,270,236
180,199,269,236
205,207,269,236
202,210,264,232
190,210,265,233
189,212,268,235
188,204,269,236
184,204,270,237
194,213,267,234
191,203,270,237
203,203,266,233
187,204,270,237
211,205,268,235
204,211,263,231
185,208,264,232
194,216,261,229
197,211,264,232
195,213,268,235
199,207,269,236
205,211,271,238
205,210,263,231
210,217,261,229
196,216,256,225
202,221,255,223
192,213,258,226
196,217,253,222
203,219,254,223
200,218,252,221
201,214,255,223
202,209,253,222
198,210,260,228
192,207,262,230
198,207,263,231
201,206,260,228
194,211,262,230
193,203,265,233
197,205,265,233
193,205,264,231
192,205,267,234
192,203,266,234
180,199,267,234
186,207,262,230
187,213,260,228
195,215,260,228
193,211,265,233
190,203,270,237
183,205,276,242
183,201,275,242
189,201,271,238
199,203,269,236
188,210,270,237
187,207,272,239
193,207,274,240
192,210,273,240
180,204,273,239
184,211,269,236
187,209,269,236
181,212,268,235
180,211,267,234
180,214,267,234
179,216,261,228
178,219,259,227
179,207,261,229
183,219,260,228
177,210,260,228
178,210,260,228
180,211,263,231
182,216,261,229
189,206,265,232
196,214,262,230
182,203,263,231
189,206,267,234
195,206,270,237
180,200,272,238
197,212,272,239
187,210,269,236
164,198,268,235
191,207,267,234
186,211,266,233
195,211,264,232
209,206,265,232
204,211,265,232
184,204,269,236
190,206,269,236
203,206,277,240
203,206,277,240
203,206,277,240
207,210,274,240
212,213,274,241
218,210,270,237
220,213,267,234
229,216,263,230
236,215,262,230
240,214,263,231
201,215,268,235
198,223,264,224
167,206,268,234
183,218,268,235
176,206,269,236
195,207,270,237
203,210,268,235
209,217,261,229
200,213,260,228
202,217,259,227
183,227,255,216
198,221,256,218
201,197,263,231
222,218,260,228
235,221,254,223
236,216,255,224
239,217,252,221
239,221,250,219
237,222,247,216
241,224,249,218
184,233,243,207
192,217,246,215
200,223,251,220
225,223,252,221
204,225,253,222
194,224,256,225
192,222,258,226
198,221,258,227
195,218,255,224
198,230,258,211
192,228,245,211
181,222,252,218
215,222,254,222
213,227,251,220
228,226,251,220
216,226,248,218
232,229,245,215
228,229,244,214
229,227,243,213
219,230,244,214
218,224,242,212
213,225,246,215
211,221,244,214
186,231,237,201
200,226,241,201
207,217,247,217
214,228,249,218
212,222,243,213
223,219,241,211
221,224,237,208
238,223,235,206
228,225,231,203
230,233,226,198
222,233,228,200
232,229,226,198
227,231,226,199
199,238,235,194
214,233,225,192
194,225,230,202
196,230,237,208
199,226,241,211
201,231,244,214
197,226,241,211
213,226,238,209
221,225,233,204
222,231,229,201
216,233,228,200
233,230,226,198
210,234,227,199
221,233,232,204
201,238,221,184
193,229,226,194
204,232,236,207
212,235,235,206
202,232,237,208
201,235,235,206
205,232,233,205
206,232,236,207
195,227,243,213
200,230,247,217
190,218,249,219
187,218,251,220
193,221,251,220
187,231,247,210
202,224,237,205
186,217,241,216
192,221,248,218
198,230,244,214
192,224,242,213
202,228,240,210
209,231,240,211
202,229,240,210
195,233,243,213
202,234,242,213
205,231,240,210
201,233,238,208
200,231,237,208
199,231,238,209
196,227,238,209
198,232,239,209
193,227,241,212
195,221,246,216
181,222,253,222
185,216,254,222
178,220,257,225
176,218,254,223
177,217,254,223
168,215,256,224
172,217,251,220
165,225,251,220
168,216,250,220
165,218,249,218
177,224,248,218
163,223,244,214
177,223,249,218
183,227,245,215
167,220,248,218
178,224,247,216
179,227,248,218
181,225,248,218
172,216,253,222
171,206,253,222
164,214,252,221
164,214,252,221
160,217,249,218
151,213,252,221
146,218,254,222
153,220,251,220
154,221,246,216
155,225,245,215
146,222,247,216
159,220,249,218
157,218,247,217
168,194,243,213
174,193,247,217
165,215,244,214
166,215,243,213
164,214,246,216
159,214,246,216
168,210,248,217
171,217,246,215
169,223,243,213
180,221,238,209
170,226,235,206
172,231,234,205
171,232,230,201
169,226,232,203
178,226,233,204
174,234,233,204
186,230,236,207
180,224,238,209
172,217,237,207
168,212,234,205
157,220,234,205
162,230,230,201
171,229,228,200
162,223,225,197
168,215,228,200
163,223,227,199
159,221,227,199
164,212,223,196
163,207,220,193
177,206,216,190
172,197,220,193
182,219,218,195
165,237,225,198
173,239,216,200
174,229,209,184
185,223,219,192
185,222,221,193
172,222,224,196
161,211,225,197
128,200,224,196
141,204,227,199
167,229,223,197
159,207,230,201
130,191,226,198
125,208,230,202
112,213,231,202
128,232,231,203
160,229,230,202
169,223,229,201
132,235,227,203
131,240,226,204
130,231,225,208
109,219,228,198
134,230,226,198
132,226,223,198
85,209,226,198
81,212,227,199
83,227,225,197
82,214,223,195
129,236,214,195
116,221,215,190
98,223,228,200
107,223,225,197
110,220,225,198
122,214,219,192
127,216,216,189
137,222,214,188
135,215,214,188
127,205,211,168
159,224,209,183
165,226,208,184
136,212,208,178
138,199,208,179
134,200,211,182
140,222,210,181
128,196,216,170
136,199,210,184
141,196,217,174
178,227,197,178
175,222,204,189
175,215,208,179
173,225,216,189
150,234,222,184
124,218,230,183
124,218,230,183
124,218,230,183
124,218,230,183
124,218,230,183
124,218,230,183
124,218,230,183
182,200,220,193
163,183,232,188
156,183,231,189
169,181,224,197
169,181,224,197
196,183,223,196
239,190,224,196
239,190,224,196
239,190,224,196
239,190,224,196
187,214,221,194
176,185,223,196
172,187,227,199
171,187,232,203
177,193,230,201
175,182,231,202
123,140,233,204
158,211,227,205
137,218,226,203
138,184,228,187
139,194,230,202
126,173,232,203
127,173,236,207
126,179,235,206
125,189,232,203
145,200,230,202
184,199,228,200
77,208,222,180
53,223,230,202
40,215,231,198
38,234,226,196
46,235,224,195
48,224,224,194
92,231,227,199
34,294,226,199
35,290,224,196
43,276,222,194
51,281,219,192
51,281,219,192
51,281,219,192
138,178,224,188
159,184,219,191
155,158,221,183
161,182,215,188
169,182,216,190
166,188,216,189
166,190,216,189
177,191,212,186
186,189,216,190
189,185,216,189
188,189,217,190
194,196,213,186
193,197,213,186
193,186,218,191
176,204,219,195
177,188,224,196
192,174,225,198
192,174,225,198
185,170,229,201
187,178,226,198
194,178,225,197
201,163,224,197
200,170,224,196
182,213,223,195
166,220,229,181
172,231,230,187
152,238,231,175
165,223,217,163
150,205,224,180
160,203,224,190
142,174,226,198
163,198,227,199
179,186,228,200
179,195,227,199
171,184,232,204
182,176,233,205
182,180,233,205
197,178,231,202
211,154,233,204
219,177,230,201
211,169,227,199
183,204,221,199
181,192,222,204
216,179,225,197
199,182,225,198
194,184,228,200
175,181,224,197
166,183,223,195
141,200,221,170
192,210,218,192
197,208,215,189
169,220,221,179
146,218,218,170
125,237,226,174
141,251,229,175
151,212,221,174
157,208,221,174
169,212,215,160
166,216,226,185
174,188,219,192
174,189,215,188
181,190,218,192
194,186,217,191
195,170,217,191
187,175,219,192
182,172,223,195
186,175,226,198
188,178,228,200
191,183,230,202
189,185,232,204
190,192,225,198
189,197,224,197
182,193,223,195
180,225,221,193
182,245,219,192
200,200,217,191
206,223,217,191
207,227,222,195
211,235,226,198
201,223,228,200
200,233,230,202
207,223,232,204
205,225,237,208
210,219,241,211
204,218,247,217
199,211,249,219
196,217,253,222
199,211,255,223
187,208,260,228
194,210,260,228
189,208,262,230
191,202,268,235
190,200,266,233
184,198,273,239
187,196,271,237
192,207,271,238
200,205,274,240
191,204,275,241
196,208,271,237
198,205,272,238
197,207,269,236
198,204,273,239
188,201,279,244
191,200,277,243
179,195,277,243
183,208,277,243
183,213,276,242
176,198,274,240
171,196,278,244
180,189,276,242
178,198,274,240
178,195,277,243
171,199,276,242
171,205,275,241
171,196,282,247
170,195,285,250
171,184,286,251
174,184,289,254
172,172,292,256
169,180,291,256
175,181,288,253
170,186,286,251
176,182,288,252
173,189,289,254
170,207,272,234
169,210,279,239
166,199,285,254
179,199,284,249
187,197,282,247
194,196,276,242
182,210,267,225
183,203,272,235
176,196,276,236
204,196,274,240
202,217,268,235
202,204,270,237
206,214,270,237
210,196,254,241
183,212,276,242
202,206,275,241
205,210,274,240
210,209,272,239
196,202,269,232
201,207,251,222
185,208,266,234
203,209,268,235
206,214,263,231
213,209,261,229
206,224,246,213
179,220,252,216
179,225,255,224
206,212,255,222
193,210,256,221
193,208,259,225
184,201,261,229
191,196,265,227
184,186,266,221
180,186,268,216
190,231,251,206
185,232,256,214
190,215,262,230
188,225,261,229
189,220,257,225
187,228,252,221
200,227,250,219
199,230,250,219
201,229,248,217
196,225,245,215
194,233,232,193
190,213,231,200
181,202,246,216
198,212,241,212
189,208,246,215
182,216,247,217
187,215,248,217
193,219,247,212
192,222,240,211
186,212,231,205
182,216,230,201
200,226,220,200
203,220,235,206
217,220,234,205
207,230,227,199
225,235,223,195
227,233,222,194
226,228,223,196
223,234,222,194
212,232,226,190
205,227,219,188
205,229,231,202
212,225,231,203
216,226,235,206
213,226,236,201
208,223,234,205
207,229,233,205
206,226,235,206
208,228,235,206
197,231,229,195
195,223,233,203
199,216,241,212
214,217,239,210
203,228,239,209
204,222,241,211
213,226,236,207
219,230,231,203
216,228,232,203
214,222,235,206
200,229,228,194
192,217,230,202
194,217,242,213
194,218,245,215
193,219,244,214
196,223,246,216
190,214,248,217
190,220,249,219
191,211,249,219
181,207,247,217
179,216,249,218
181,209,256,225
176,210,258,227
165,233,247,210
173,231,250,214
169,228,253,222
188,231,248,217
185,232,245,215
198,230,243,213
190,230,241,212
199,241,242,212
204,242,237,208
201,234,236,207
180,221,238,208
183,218,237,208
192,217,236,207
170,218,249,193
176,226,233,191
181,210,226,185
185,210,239,210
178,216,238,209
189,217,235,206
178,220,235,206
186,228,232,204
175,228,233,204
175,230,232,203
182,229,233,205
168,220,233,204
173,221,234,205
169,215,237,208
174,238,226,184
173,227,228,183
173,229,225,177
198,230,218,168
214,227,214,177
196,222,218,171
218,228,220,179
212,233,215,171
239,233,207,172
224,243,204,164
235,241,204,164
246,246,205,166
259,249,199,162
276,249,188,159
256,256,190,151
277,256,184,150
277,247,183,149
296,248,177,146
299,253,174,143
296,255,177,142
304,248,172,138
308,247,169,135
320,247,167,138
314,243,172,143
315,244,175,149
327,238,174,151
333,234,169,149
333,234,169,149
333,234,169,149
333,234,169,149
333,234,169,149
333,234,169,149
333,234,169,149
333,234,169,149
333,234,169,149
333,234,169,149
348,246,173,151
337,239,176,150
340,240,174,153
332,241,180,153
331,242,182,151
331,245,184,152
328,244,184,152
323,237,182,150
320,238,186,153
316,235,187,155
322,240,190,158
315,241,189,158
320,245,188,161
322,238,187,162
322,239,187,164
320,238,187,165
321,237,188,166
330,235,186,165
325,232,188,168
330,241,190,170
327,239,189,170
338,238,186,166
331,238,187,171
326,233,185,168
335,237,183,165
332,231,183,165
332,228,180,166
330,232,182,163
329,226,180,163
333,227,180,162
325,227,187,165
331,242,182,166
324,241,183,164
332,245,179,163
322,235,182,161
321,238,184,161
331,238,183,163
326,226,184,162
328,228,184,161
329,223,184,162
335,227,181,159
339,230,178,156
331,216,183,160
328,214,184,161
326,215,184,162
331,205,187,164
331,185,187,164
327,183,188,165
331,174,191,168
326,166,192,169
323,165,192,168
329,172,191,167
329,170,194,170
329,181,195,171
322,181,195,171
320,177,194,170
319,177,196,172
320,198,197,173
317,194,198,174
293,206,200,175
289,207,198,174
286,214,199,173
297,222,199,175
302,229,195,172
304,229,196,172
305,231,196,174
296,229,196,173
285,222,194,170
284,209,194,170
288,202,192,168
288,200,192,169
298,182,191,168
290,168,194,170
288,159,194,170
288,166,197,172
278,173,200,175
288,188,197,173
299,159,199,174
301,167,199,175
300,172,197,172
302,176,197,173
298,187,194,170
300,194,191,167
306,197,187,164
310,198,186,163
312,204,192,168
308,209,193,170
321,211,194,170
325,216,191,168
327,209,189,166
329,215,189,166
327,208,189,165
323,195,189,166
337,163,189,166
308,192,193,169
316,186,198,173
313,184,200,175
315,191,201,177
327,159,202,177
330,147,201,176
322,174,199,175
313,176,199,175
319,175,200,176
334,149,199,175
337,138,200,175
335,145,202,177
338,139,201,176
329,144,203,178
325,146,201,176
328,146,200,176
311,186,201,176
298,187,205,179
305,187,204,179
297,200,204,179
298,212,200,175
293,206,200,175
298,215,198,174
296,211,197,172
291,199,195,171
288,197,197,173
280,200,195,171
278,190,194,171
287,156,191,168
294,151,189,166
287,153,186,163
287,153,186,163
278,169,187,164
278,162,185,162
275,165,188,165
273,172,192,168
268,188,194,170
272,176,196,172
280,126,199,174
276,140,201,176
273,154,201,177
270,176,205,180
275,196,205,180
276,200,206,180
275,215,204,179
277,224,194,181
260,226,196,175
273,231,197,173
290,220,196,175
293,229,195,171
292,226,194,170
300,226,194,170
297,227,195,171
302,223,194,170
300,222,192,168
305,220,191,167
301,211,191,168
306,216,192,168
306,217,192,168
298,216,191,168
293,219,192,169
307,213,189,166
308,214,190,166
303,217,188,163
298,221,186,161
294,224,185,163
295,225,183,163
298,233,180,159
295,232,176,160
292,238,175,160
287,252,175,158
287,252,175,158
287,252,175,158
287,252,175,158
287,252,175,158
306,254,180,158
302,246,177,156
302,245,178,156
317,241,177,155
330,229,176,154
330,225,176,154
337,224,177,155
339,225,174,153
334,223,178,156
337,215,180,158
334,218,178,156
295,222,182,160
288,227,183,160
287,230,184,161
282,231,184,161
277,234,183,161
280,233,183,160
294,234,179,158
294,220,182,160
295,217,179,157
300,218,179,157
319,215,182,159
310,215,183,160
315,212,181,159
310,212,184,161
271,230,183,160
306,216,185,162
279,222,186,163
280,229,189,166
275,236,187,164
272,232,187,164
285,225,185,162
287,238,181,158
289,235,183,160
285,236,180,158
287,236,180,158
287,237,182,160
285,239,183,160
271,243,182,159
272,235,181,159
276,231,176,154
280,234,173,158
283,232,177,155
269,237,175,149
240,251,178,138
220,257,183,131
220,257,183,131
227,250,177,142
229,241,178,143
224,234,174,142
227,227,166,145
239,235,168,153
264,239,177,157
269,232,181,159
262,215,184,162
274,221,184,161
282,225,186,163
308,208,186,163
285,211,186,163
288,214,183,160
280,213,182,160
267,224,184,161
276,193,182,160
300,217,181,159
300,219,176,154
302,218,176,154
303,225,176,154
294,219,175,154
295,219,179,157
319,221,177,155
299,231,179,157
293,227,181,158
276,233,180,158
257,238,180,158
268,234,181,158
276,222,175,158
259,242,177,157
261,237,174,157
261,244,173,156
288,247,177,150
292,244,174,151
274,254,165,151
284,242,176,152
280,248,177,156
277,249,177,155
288,215,178,156
307,214,176,154
299,211,177,155
299,212,174,152
304,215,174,152
297,210,175,154
277,225,178,156
279,224,176,155
274,218,177,155
280,217,177,155
277,229,174,153
289,238,163,155
295,240,159,152
315,257,161,147
288,265,145,147
270,277,152,146
271,271,155,142
310,251,157,131
310,248,165,136
314,247,166,139
300,246,158,135
302,242,163,137
307,245,162,135
307,245,162,135
302,229,158,131
302,229,158,131
302,229,158,131
289,261,161,141
282,268,157,145
300,284,159,143
310,280,161,145
322,278,162,145
315,248,167,146
315,248,167,146
309,228,168,147
299,243,168,147
307,234,170,149
314,223,173,151
308,222,175,153
308,213,176,154
317,223,176,154
321,216,173,152
302,230,176,154
294,244,175,153
318,219,174,152
297,237,175,154
307,215,175,153
289,237,175,154
310,217,176,154
328,236,174,153
326,233,173,153
325,238,173,156
319,247,162,152
309,240,167,155
315,240,172,145
314,228,176,157
298,229,175,157
299,230,178,159
291,249,180,162
294,257,170,147
294,255,173,152
288,252,177,160
295,221,176,156
298,216,181,168
301,214,184,173
297,214,188,173
298,214,189,166
293,221,187,164
291,224,187,164
296,239,184,162
297,236,180,158
300,238,180,158
291,237,179,157
298,244,179,157
290,249,178,156
295,256,177,155
300,256,178,156
297,256,177,156
296,253,178,156
290,218,180,158
302,219,176,155
278,225,176,155
297,237,176,154
286,242,176,154
287,248,176,154
289,255,154,154
283,254,155,141
292,237,166,141
296,227,172,152
295,228,176,154
294,232,177,154
293,231,173,153
296,241,175,145
293,238,170,141
290,229,168,150
276,228,178,156
272,237,178,156
284,244,177,156
277,236,178,156
287,233,177,155
281,221,171,150
277,219,169,148
275,220,169,148
278,226,167,147
289,233,162,142
288,228,160,140
288,220,158,139
286,218,160,140
285,227,162,142
282,225,163,143
289,234,158,139
290,237,158,138
286,227,157,138
289,237,156,136
294,242,154,135
297,246,154,135
296,246,155,136
301,243,153,134
296,250,154,135
293,252,153,134
294,248,154,135
287,246,151,133
291,246,150,133
302,250,151,133
295,268,156,136
296,263,159,139
300,261,160,140
298,265,157,138
321,249,156,137
320,242,156,137
302,249,158,139
301,259,162,142
297,262,162,142
304,253,165,144
301,241,171,150
305,226,175,154
303,221,176,155
302,218,177,155
300,218,178,156
302,214,178,156
303,226,178,156
301,216,180,158
306,231,178,156
303,217,176,154
306,217,177,155
304,216,175,153
308,213,174,153
306,214,175,153
307,242,174,153
297,248,174,152
292,252,168,155
290,256,172,151
315,240,171,150
259,255,172,149
280,228,175,150
269,227,180,153
261,228,181,150
249,232,183,153
258,226,185,155
276,227,186,163
275,224,185,162
284,221,185,162
283,227,183,161
284,230,182,160
291,233,179,157
290,240,183,161
294,233,184,162
297,226,183,161
298,226,183,160
294,230,181,159
297,225,181,159
293,226,180,158
293,225,183,160
294,225,179,157
298,223,174,153
301,238,174,152
303,234,173,151
300,240,175,153
301,243,175,153
299,241,176,154
299,244,176,154
295,255,173,152
286,261,171,150
300,234,173,151
301,245,172,151
310,255,170,149
309,253,170,149
311,253,168,148
315,243,170,149
319,231,168,147
302,255,167,147
299,265,167,147
309,241,165,145
308,236,165,145
307,245,165,145
308,246,166,145
310,240,166,145
312,226,167,146
311,224,166,145
308,231,165,145
306,225,165,145
310,228,164,144
309,229,166,146
306,236,166,145
304,243,166,146
302,244,166,145
299,249,167,146
288,249,167,146
301,247,166,145
296,252,166,146
301,250,165,145
292,245,166,145
289,235,167,146
288,234,167,146
282,228,171,150
282,223,173,151
284,228,171,150
284,238,171,150
297,231,169,148
287,235,166,146
300,241,165,145
291,234,168,147
297,232,166,146
296,231,166,146
298,234,167,146
299,240,165,145
303,238,167,146
295,240,163,143
296,241,163,143
302,240,165,145
276,276,166,145
264,277,168,148
265,270,169,148
277,217,169,148
275,206,168,147
261,193,165,145
294,182,164,141
272,176,163,139
292,207,171,150
282,204,173,152
286,216,175,153
286,220,179,157
289,203,189,151
289,203,189,151
295,226,184,161
293,237,181,159
295,225,186,163
295,216,188,165
310,206,184,147
300,197,180,152
289,209,191,159
283,207,190,167
275,197,194,170
257,193,196,166
257,193,196,166
257,193,196,166
286,230,195,171
286,230,197,173
290,231,195,171
289,235,195,171
289,224,191,168
292,208,188,165
289,205,184,161
293,225,180,158
278,240,181,158
278,214,185,162
288,208,182,159
286,215,186,163
286,217,187,164
281,219,187,164
289,221,188,165
277,221,188,165
269,228,183,160
269,224,184,162
253,195,178,167
261,193,173,164
265,216,178,156
270,249,176,155
269,259,178,156
269,260,176,154
259,255,176,155
256,249,179,157
258,250,177,156
238,257,176,154
265,252,176,155
232,200,185,150
242,216,177,155
232,218,181,155
234,227,181,154
238,241,184,155
243,245,181,158
253,252,178,156
258,253,177,156
267,243,179,157
251,251,181,161
265,222,180,158
280,249,176,154
288,253,175,154
289,254,177,155
291,244,177,155
294,244,174,152
286,247,173,151
280,242,177,155
258,246,176,159
256,251,176,156
275,244,173,157
260,243,177,155
263,248,178,156
257,244,177,155
255,242,179,157
264,257,179,157
265,254,179,157
269,251,180,158
251,262,174,158
256,267,176,154
256,260,177,155
256,259,176,154
240,252,178,156
243,241,178,156
240,244,182,160
232,242,186,155
230,239,184,150
218,239,182,145
216,242,181,143
212,241,184,141
208,242,184,142
222,242,181,154
232,237,182,160
227,242,185,162
227,242,187,164
222,241,188,165
225,237,186,163
208,238,184,164
