711,173,157,228
700,178,157,227
694,176,157,226
686,182,155,226
683,176,153,228
669,180,150,224
663,182,146,223
656,183,142,222
651,185,140,219
645,183,140,221
636,183,138,220
631,188,140,216
624,184,138,216
621,187,139,215
616,187,141,216
608,188,143,211
602,195,146,210
599,193,147,207
593,194,147,210
594,192,148,211
588,194,148,212
589,187,149,214
584,191,146,220
587,185,148,224
587,184,145,225
593,184,143,225
591,182,147,230
598,186,150,228
604,189,149,227
608,187,153,228
636,174,154,232
652,174,152,230
670,166,149,237
676,167,151,240
645,146,166,252
634,148,168,257
619,144,171,259
593,141,173,258
571,136,168,257
545,136,171,265
521,139,162,267
507,141,156,269
496,143,155,264
475,140,160,268
456,137,162,272
440,141,159,274
420,135,166,278
413,134,163,283
407,139,163,280
398,147,165,274
389,151,161,269
384,153,164,271
374,156,166,269
367,159,168,265
353,155,169,268
342,161,173,265
334,172,174,258
327,171,173,259
319,168,178,262
312,170,175,260
285,159,177,268
268,156,183,268
275,162,177,265
258,152,179,270
265,166,175,263
262,159,173,267
262,156,171,271
261,157,171,271
258,152,169,275
260,157,169,272
253,157,171,273
254,159,170,272
259,163,167,269
253,158,167,273
251,151,169,278
249,153,170,276
247,149,169,279
255,147,168,273
260,148,165,272
260,159,165,271
276,161,161,273
282,177,159,263
279,166,164,276
282,177,167,274
291,186,164,270
286,171,171,280
282,177,173,273
285,175,173,270
292,176,173,266
299,177,172,259
315,168,172,261
316,173,169,256
318,171,170,258
313,169,171,261
320,165,170,264
314,162,172,269
315,171,169,262
304,175,170,258
304,176,174,257
300,184,178,252
288,183,179,255
282,191,180,251
261,184,175,254
243,175,174,259
237,175,174,260
228,181,180,264
226,175,176,268
226,179,176,267
212,173,184,278
219,174,183,276
208,170,192,282
210,177,196,278
207,171,201,285
206,179,203,276
205,173,203,278
202,183,201,268
194,175,201,274
185,182,199,266
167,178,198,268
156,184,199,260
150,186,202,259
149,194,190,251
148,194,190,256
151,209,184,248
151,211,185,250
140,219,188,245
142,220,188,249
137,226,183,245
134,236,180,235
129,240,182,231
130,239,183,229
119,231,189,233
111,228,191,233
114,229,184,231
109,229,183,232
105,232,180,233
108,244,173,224
106,232,175,230
114,241,170,226
117,244,173,225
131,238,181,227
138,233,182,235
150,246,175,228
163,247,170,227
175,245,169,228
195,247,162,225
210,240,165,235
225,238,165,236
241,248,159,227
252,237,163,236
256,246,158,230
277,235,159,233
280,236,159,232
297,241,156,228
310,242,146,223
319,239,142,223
334,239,139,222
340,236,140,223
348,231,143,225
357,230,147,225
367,237,141,217
378,233,151,220
391,236,154,218
400,232,158,219
407,231,157,220
408,235,159,214
433,219,160,223
440,217,160,222
451,216,156,220
454,220,153,212
471,224,151,213
490,228,150,211
505,229,148,209
511,230,147,212
510,227,148,215
500,226,150,216
498,233,144,214
497,237,141,210
495,230,142,215
503,232,137,211
510,228,138,214
504,223,141,217
506,221,138,218
508,214,137,220
503,214,136,220
499,203,140,222
503,200,140,226
513,198,143,222
521,202,142,218
535,194,143,221
550,191,142,223
572,200,135,224
576,210,132,224
579,219,132,223
575,227,136,222
572,233,143,225
557,253,140,220
548,263,142,220
539,274,141,222
532,280,142,227
535,287,139,223
533,288,137,231
532,294,141,232
529,300,143,231
523,300,148,228
520,300,148,227
517,299,147,229
512,291,149,232
505,280,144,235
499,267,144,233
484,246,143,237
480,204,143,242
472,185,142,241
471,167,147,235
465,147,150,238
462,138,149,233
458,132,147,230
461,129,151,232
458,130,149,237
460,136,147,244
457,141,152,247
456,159,149,249
447,167,148,249
436,174,154,249
425,183,154,245
419,191,149,239
378,189,157,234
355,187,155,231
341,189,148,234
320,187,146,233
302,186,144,230
283,176,141,235
278,177,137,236
276,180,136,234
269,175,143,235
277,179,140,235
288,183,141,223
297,184,145,221
309,182,145,223
325,183,146,226
332,181,151,226
352,181,149,227
361,177,145,229
369,179,142,229
375,177,143,231
381,178,143,230
390,178,140,231
390,176,142,232
395,178,140,235
395,177,143,237
401,177,140,244
401,184,144,245
405,196,139,242
403,196,142,246
405,200,140,243
409,207,139,241
409,212,140,239
411,219,140,239
420,222,139,243
420,225,142,239
428,229,141,242
436,230,145,241
444,232,144,241
448,231,148,240
455,232,149,239
470,235,146,236
493,235,144,236
505,233,146,237
519,228,150,241
532,226,151,244
552,225,148,245
579,224,142,240
585,222,144,238
603,225,141,236
608,221,143,237
615,216,145,240
629,220,141,236
634,215,140,237
634,211,141,237
623,208,149,238
617,210,152,233
603,208,156,232
571,211,162,225
555,215,161,224
531,221,160,224
503,218,163,226
446,215,175,232
412,216,175,230
393,215,173,231
370,219,172,234
358,219,165,232
330,215,163,233
325,211,164,237
316,214,163,234
312,219,166,236
298,219,170,236
267,219,174,239
248,223,172,238
225,222,176,238
205,224,175,235
180,228,174,231
142,228,171,231
127,231,166,227
120,232,164,227
115,234,160,223
113,242,149,216
109,232,153,222
108,229,155,225
107,230,154,222
110,226,157,224
119,230,157,221
131,229,156,213
147,233,151,208
160,232,149,208
175,233,146,202
193,235,144,202
211,232,143,202
232,235,143,204
251,225,146,205
268,231,143,201
278,231,145,202
296,227,147,204
322,224,147,207
343,227,145,210
349,225,147,209
368,221,151,212
374,224,147,205
388,224,144,203
395,225,142,196
410,220,145,197
414,223,140,195
426,222,138,195
432,224,138,192
436,225,137,194
439,217,144,197
440,222,141,192
443,219,141,191
448,228,139,191
450,225,140,190
458,225,135,189
454,223,139,189
459,224,137,188
461,227,132,185
467,230,127,184
471,229,125,185
473,226,124,185
476,227,118,182
482,227,114,184
482,231,113,182
482,236,113,182
481,237,117,186
479,238,118,185
460,249,117,176
456,251,115,174
453,254,115,175
442,260,114,171
435,267,114,171
418,275,115,169
403,281,115,168
392,292,112,165
382,297,111,166
377,307,109,168
363,319,104,173
366,331,101,176
364,349,97,176
366,366,95,171
371,380,96,171
377,403,94,169
378,410,95,165
375,413,99,165
374,417,102,162
373,420,104,160
370,423,104,158
370,426,104,153
374,431,100,148
378,435,100,146
379,439,98,141
387,436,98,141
387,441,96,138
388,438,96,140
390,432,96,146
394,426,92,150
396,399,94,156
401,380,93,155
405,359,94,158
407,344,91,156
412,322,92,154
419,295,92,156
422,281,89,154
423,265,87,151
419,253,87,157
416,238,87,151
411,220,92,151
415,210,92,153
419,202,91,152
423,194,90,152
427,187,91,150
437,176,90,149
440,172,91,149
444,164,91,150
445,162,90,150
447,156,92,151
448,160,93,145
451,156,94,144
453,155,94,144
455,152,93,143
456,151,94,147
464,150,95,146
467,152,96,147
474,150,97,146
479,152,96,145
487,154,95,145
494,162,90,141
495,161,89,141
498,161,89,140
502,162,89,142
503,165,90,143
508,168,91,143
512,170,91,144
513,168,91,143
517,167,93,149
513,170,92,148
518,173,88,149
520,175,88,151
521,184,90,149
520,184,92,150
520,189,90,146
517,191,91,146
517,197,90,146
516,193,90,148
509,195,90,149
507,196,90,150
504,199,89,153
503,200,87,155
502,199,88,155
504,203,88,156
512,209,89,160
515,216,86,155
516,215,85,153
519,225,84,149
520,224,83,146
522,233,83,145
524,233,87,142
525,232,89,141
524,229,91,144
529,224,91,147
535,219,88,151
533,219,88,154
531,219,87,156
537,217,88,159
533,219,87,156
539,216,87,160
544,223,88,160
548,213,89,160
553,206,90,160
553,206,90,160
566,220,92,159
559,213,93,162
563,215,95,163
564,207,93,164
568,213,90,160
567,211,88,157
568,215,87,153
564,222,90,153
563,223,89,151
564,226,86,146
561,225,87,150
559,220,86,149
557,222,87,148
554,219,89,151
558,217,86,151
558,218,86,149
558,215,85,149
561,215,84,149
566,218,84,146
566,215,84,147
567,221,83,146
564,216,86,149
564,215,88,149
558,216,89,151
554,220,88,149
554,225,88,146
545,226,87,148
545,232,88,148
545,230,88,149
546,234,86,149
542,234,85,152
535,225,93,164
544,235,94,162
544,235,93,162
543,235,93,162
543,240,93,162
542,240,92,162
544,240,94,164
545,243,93,162
543,241,93,164
542,247,93,161
540,248,93,159
533,248,92,159
534,249,91,158
527,243,93,162
525,241,93,165
521,241,95,166
506,232,99,171
503,230,100,173
496,233,101,175
488,229,101,176
480,228,104,180
464,227,103,181
458,230,104,181
455,232,104,179
451,235,101,174
446,238,101,168
438,238,101,168
434,238,101,167
429,237,102,172
424,230,102,173
424,230,100,172
424,227,101,176
420,228,101,174
421,230,102,176
417,226,102,175
414,229,101,177
416,224,101,179
414,224,103,182
412,226,101,179
416,226,101,180
416,227,100,179
423,227,98,178
422,224,99,181
425,223,99,181
429,224,96,176
432,221,97,177
438,217,100,179
442,217,101,179
443,217,103,180
450,225,102,176
461,225,103,176
469,229,100,176
473,231,101,174
480,231,101,175
490,226,102,178
494,220,107,180
504,206,107,192
513,201,107,195
516,195,106,196
518,193,105,193
522,177,105,197
530,163,107,201
528,159,108,203
530,155,109,201
530,150,108,203
529,142,107,199
528,137,109,199
529,133,110,199
529,126,111,202
523,124,113,205
528,124,114,205
534,117,116,202
539,114,117,204
545,108,119,207
550,103,119,211
551,92,120,213
562,88,121,210
571,83,126,213
591,83,125,213
601,75,127,212
622,82,122,208
638,83,122,207
639,88,124,205
640,86,123,202
642,90,120,198
644,91,118,200
645,106,114,195
639,107,113,199
632,104,116,197
625,109,116,198
622,96,122,200
627,104,117,199
626,108,117,199
623,108,117,204
625,111,119,201
624,111,120,203
625,109,123,199
622,110,122,202
616,111,124,201
607,109,122,201
603,112,118,200
594,112,119,205
583,115,122,209
570,121,124,208
559,123,128,211
551,128,128,211
536,121,130,219
534,125,128,215
531,127,128,213
533,121,128,217
530,115,127,215
518,104,131,219
507,96,132,222
512,91,129,224
516,84,133,225
524,80,132,223
536,79,132,227
540,76,135,226
541,77,134,226
543,78,137,226
548,84,134,225
546,88,133,223
542,92,133,217
532,89,134,220
531,78,137,223
527,79,133,222
528,67,132,228
528,67,130,227
521,63,132,228
514,63,133,227
509,62,133,229
503,64,130,227
490,64,131,224
478,58,137,226
464,52,140,229
453,52,139,230
453,45,139,231
451,46,138,228
454,45,141,230
460,50,137,233
460,49,136,239
469,65,131,234
473,71,130,235
478,80,137,237
491,92,134,236
506,108,136,236
517,121,135,236
527,132,133,236
534,139,139,239
540,151,137,237
546,165,138,235
563,173,136,234
567,186,131,230
567,195,135,235
570,203,135,240
571,212,136,242
568,227,138,241
578,236,136,241
577,242,138,242
578,246,140,243
579,251,142,244
579,259,144,239
580,262,147,241
573,268,150,235
572,266,151,236
568,259,156,241
562,265,157,237
556,264,160,238
547,263,161,239
548,253,165,247
537,257,164,242
534,259,164,242
524,259,160,243
526,261,159,240
518,256,160,244
514,251,161,248
510,256,162,245
497,252,164,245
489,247,169,247
483,243,175,250
480,255,171,241
473,244,171,246
471,245,170,246
460,244,173,244
453,237,176,248
454,237,173,248
454,237,172,247
441,237,171,250
437,230,171,254
441,232,168,250
432,237,169,247
426,242,169,243
427,235,166,246
427,239,164,243
423,227,167,250
430,231,170,251
429,238,167,246
427,230,175,255
439,226,173,259
442,228,171,257
444,231,172,256
451,233,167,253
450,241,166,248
451,236,171,250
456,227,169,258
460,227,172,254
452,225,174,256
459,226,174,253
457,225,173,254
460,220,176,255
458,220,173,257
461,214,179,260
462,218,174,257
463,217,175,259
464,215,178,260
459,214,178,266
458,219,177,262
453,226,181,260
455,226,178,257
449,226,177,258
435,218,186,268
429,221,186,265
417,215,184,270
414,210,183,274
411,216,184,270
409,211,185,275
403,207,188,277
400,218,189,268
393,211,195,273
403,221,194,269
403,224,199,268
402,229,196,265
399,226,209,270
403,230,214,272
410,231,212,271
407,235,219,272
420,224,216,275
425,222,213,274
432,227,207,271
450,225,196,275
455,225,190,276
462,221,187,282
479,218,181,284
485,212,180,289
494,197,187,298
501,192,188,303
508,187,188,308
498,198,186,301
506,190,182,306
501,179,183,316
502,181,182,312
500,179,190,316
494,188,198,318
488,191,206,322
487,190,210,328
487,207,210,330
480,203,213,339
485,191,210,353
489,192,212,358
491,183,216,370
493,178,220,373
494,175,224,377
506,171,225,388
512,173,226,387
522,179,227,383
533,179,225,386
542,182,221,387
546,191,228,383
552,189,230,386
552,186,234,389
