11,301,100,110
22,297,102,112
34,299,99,104
45,296,96,103
61,286,101,109
57,285,99,110
53,281,98,111
63,287,96,112
70,284,94,114
74,286,90,117
78,288,88,114
78,284,93,116
83,285,90,120
84,283,88,118
92,286,85,112
94,284,87,111
100,288,83,109
102,285,84,110
104,286,85,111
109,286,85,109
107,285,87,114
107,281,90,114
109,278,89,114
108,276,91,114
112,280,90,115
115,278,88,112
118,275,88,110
121,270,87,112
123,269,85,109
125,266,87,109
128,266,86,105
129,264,85,107
131,267,84,106
132,264,84,105
135,263,83,105
138,263,82,103
138,259,83,107
138,259,85,109
141,259,85,106
140,256,87,106
142,255,87,107
141,254,86,111
141,254,87,110
142,256,86,109
144,255,86,107
141,253,86,110
142,252,86,107
143,253,86,107
143,252,85,104
142,248,85,106
143,248,84,106
142,247,85,106
143,249,83,108
138,244,85,106
135,246,84,108
135,248,82,107
134,246,82,106
134,248,80,106
132,245,80,106
130,243,80,104
125,239,80,105
125,240,78,106
123,238,76,102
121,238,76,103
115,236,78,105
118,239,73,100
115,238,74,100
112,238,73,98
110,240,74,98
105,238,78,101
101,236,81,103
101,237,78,101
98,237,79,101
95,235,80,101
94,236,80,99
94,238,77,100
89,238,79,98
89,237,78,100
87,240,78,95
84,239,80,96
83,232,83,94
80,233,83,94
79,231,82,96
83,229,77,100
77,229,80,95
75,232,77,96
74,228,79,97
69,229,80,94
67,227,81,97
66,228,84,95
66,223,82,96
68,225,77,98
66,223,77,96
65,223,75,97
67,224,74,97
66,222,75,95
65,222,74,96
66,221,73,96
65,222,75,92
66,224,73,92
65,222,73,93
67,221,70,89
68,223,67,90
68,221,69,91
69,223,68,90
70,220,68,90
71,220,67,89
70,218,70,92
67,217,73,89
69,218,71,90
70,218,71,88
75,216,67,88
70,215,71,90
74,216,68,89
75,216,68,90
74,215,69,87
72,214,71,87
76,213,70,86
74,214,72,85
75,215,68,84
73,213,70,83
73,212,67,83
77,212,67,85
74,211,68,80
78,213,65,83
76,212,66,82
77,208,68,82
76,208,70,82
77,210,69,81
74,207,72,79
75,207,71,81
78,208,68,85
75,204,73,81
75,203,75,82
75,204,75,82
74,201,75,83
75,200,75,82
73,199,77,85
72,192,78,86
70,192,80,89
72,193,81,91
68,192,82,93
69,192,83,91
67,192,85,93
65,190,83,95
65,189,83,91
64,194,83,91
65,190,83,91
64,189,84,93
63,190,83,92
61,189,82,91
62,187,82,90
61,188,84,92
63,188,80,94
63,188,83,91
60,187,85,93
64,185,84,93
63,184,84,95
59,185,86,95
61,184,85,96
62,185,83,98
64,186,82,97
62,185,82,94
61,185,83,92
64,185,83,94
66,186,80,95
62,186,82,90
66,186,81,89
68,185,79,93
65,182,82,91
71,182,81,89
67,186,81,89
68,184,83,91
73,184,82,90
73,184,82,90
74,181,81,89
75,183,80,88
75,182,79,87
76,180,80,88
78,180,79,86
78,181,78,86
79,179,78,86
81,179,78,86
81,177,79,87
81,176,80,88
82,173,80,88
82,178,79,87
83,175,80,88
85,175,79,86
88,178,77,85
86,177,77,85
87,176,77,85
90,176,75,83
89,175,75,82
91,172,74,81
96,175,72,80
95,176,72,79
98,178,71,78
99,174,70,77
100,174,70,77
103,175,68,75
107,173,67,73
107,172,67,73
