276,242,41,98
277,240,40,96
284,213,41,98
289,191,42,100
286,187,42,100
284,196,42,99
278,189,42,100
275,194,41,98
282,206,40,97
302,235,39,94
306,245,39,91
306,245,39,91
289,225,41,96
275,216,41,99
274,215,41,98
275,214,41,98
278,216,40,96
279,218,40,96
278,217,40,96
277,217,41,97
276,215,41,97
277,219,41,97
279,220,41,98
278,225,41,97
278,223,41,97
281,229,40,96
281,228,40,96
283,226,40,96
283,228,41,98
284,229,40,97
283,227,40,95
285,230,41,95
287,231,42,95
286,231,42,96
287,233,43,94
282,224,42,99
284,226,41,99
281,224,42,99
282,230,44,95
282,226,43,96
281,225,42,98
281,225,44,95
282,225,43,98
282,225,43,95
282,223,43,96
281,224,44,96
279,222,45,97
277,224,47,95
275,222,45,98
273,223,47,96
271,224,46,97
271,221,46,98
267,221,47,101
268,224,47,98
265,219,46,98
264,219,47,96
263,218,44,97
261,211,43,103
259,211,45,98
258,213,46,96
255,209,45,98
258,212,45,96
256,211,45,94
256,214,44,92
253,212,45,94
252,213,45,92
251,213,46,90
248,210,44,95
244,208,43,93
244,211,44,91
242,210,45,92
242,210,44,93
242,212,45,93
241,212,46,93
242,214,45,92
241,214,45,93
240,216,45,92
240,217,45,92
236,216,46,93
237,217,46,92
235,215,46,92
234,215,47,93
232,212,48,94
230,212,47,93
231,213,46,92
230,211,47,93
229,212,46,94
227,212,47,95
228,212,46,94
227,211,47,93
226,210,47,93
229,210,46,91
227,210,46,92
225,210,46,94
227,209,46,94
226,207,46,93
226,207,45,92
226,207,45,93
224,205,46,93
222,204,46,95
223,202,46,93
220,204,46,94
220,203,47,93
216,201,47,95
218,204,47,93
216,203,47,92
216,204,47,93
214,203,47,94
212,200,46,93
211,200,47,94
211,199,47,94
211,201,47,93
211,201,46,93
211,202,47,93
211,201,46,92
209,201,46,92
206,198,47,93
204,196,47,94
201,194,47,93
197,194,48,94
191,193,48,97
192,195,47,94
183,193,49,95
179,192,49,97
174,191,49,95
170,188,48,96
169,188,48,97
164,182,48,97
161,165,45,108
157,157,45,107
146,150,45,107
140,142,44,106
134,136,44,106
131,132,45,107
129,132,46,108
126,130,46,108
126,132,46,108
125,139,46,110
122,140,47,110
122,145,47,108
119,147,48,110
113,148,49,110
110,148,50,110
101,147,52,112
98,145,52,112
95,146,53,108
93,146,52,109
93,143,51,110
94,142,51,109
96,144,53,113
98,142,51,114
98,145,50,113
101,150,51,108
101,149,50,106
103,150,50,105
105,148,49,104
104,146,47,104
102,145,47,105
104,137,47,105
101,135,48,106
96,133,48,109
90,134,48,107
88,137,49,107
81,136,48,110
82,141,48,109
80,136,48,112
79,141,50,109
78,144,50,108
69,141,51,107
66,142,50,107
61,139,51,110
61,140,51,109
62,140,50,107
61,140,50,106
61,142,50,107
58,140,50,107
57,139,50,107
50,138,50,106
43,135,50,107
35,134,50,107
31,133,50,107
28,135,49,106
23,133,49,107
24,136,48,107
20,136,48,105
14,136,49,106
7,138,50,104
1,134,48,107
1,134,48,107
1,134,48,107
1,134,48,107
1,134,48,107
1,134,48,107
1,134,48,107
2,102,42,107
2,102,42,107
3,99,42,106
3,99,42,106
3,99,42,106
3,99,42,106
3,99,42,106
3,99,42,106
3,99,42,106
3,99,42,106
3,99,42,106
3,99,42,106
3,99,42,106
3,99,42,106
3,99,42,106
3,99,42,106
3,99,42,106
3,99,42,106
3,99,42,106
3,99,42,106
3,99,42,106
3,99,42,106
3,99,42,106
3,99,42,106
3,99,42,106
3,99,42,106
3,99,42,106
3,99,42,106
3,99,42,106
3,99,42,106
3,99,42,106
3,99,42,106
3,99,42,106
3,99,42,106
3,99,42,106
3,99,42,106
3,99,42,106
3,99,42,106
3,99,42,106
3,99,42,106
3,99,42,106
3,99,42,106
3,99,42,106
3,99,42,106
3,99,42,106
3,99,42,106
3,99,42,106
3,99,42,106
3,99,42,106
3,99,42,106
3,99,42,106
3,99,42,106
3,99,42,106
3,99,42,106
3,99,42,106
3,99,42,106
3,99,42,106
3,99,42,106
3,99,42,106
3,99,42,106
3,99,42,106
3,99,42,106
3,99,42,106
3,99,42,106
3,99,42,106
3,99,42,106
3,99,42,106
3,99,42,106
3,99,42,106
3,99,42,106
3,99,42,106
3,99,42,106
3,99,42,106
3,99,42,106
3,99,42,106
3,99,42,106
3,99,42,106
3,99,42,106
3,99,42,106
3,99,42,106
3,99,42,106
3,99,42,106
3,99,42,106
3,99,42,106
3,99,42,106
3,99,42,106
3,99,42,106
3,99,42,106
3,99,42,106
3,99,42,106
3,99,42,106
3,99,42,106
3,99,42,106
3,99,42,106
3,99,42,106
3,99,42,106
3,99,42,106
3,99,42,106
3,99,42,106
3,99,42,106
3,99,42,106
3,99,42,106
3,99,42,106
3,99,42,106
3,99,42,106
3,99,42,106
3,99,42,106
3,99,42,106
3,99,42,106
3,99,42,106
3,99,42,106
3,99,42,106
3,99,42,106
3,99,42,106
3,99,42,106
3,99,42,106
3,99,42,106
3,99,42,106
3,99,42,106
3,99,42,106
3,99,42,106
3,99,42,106
3,99,42,106
3,99,42,106
3,99,42,106
3,99,42,106
3,99,42,106
3,99,42,106
3,99,42,106
3,99,42,106
3,99,42,106
3,99,42,106
3,99,42,106
3,99,42,106
3,99,42,106
3,99,42,106
3,99,42,106
3,99,42,106
3,99,42,106
3,99,42,106
3,99,42,106
0,54,45,99
0,54,45,99
0,54,45,99
0,54,45,99
0,54,45,99
0,54,45,99
0,54,45,99
0,54,45,99
0,54,45,99
0,54,45,99
0,54,45,99
0,54,45,99
0,54,45,99
0,54,45,99
0,54,45,99
0,54,45,99
0,54,45,99
0,54,45,99
0,54,45,99
0,54,45,99
0,54,45,99
0,54,45,99
0,54,45,99
0,54,45,99
0,54,45,99
0,54,45,99
0,54,45,99
0,54,45,99
0,54,45,99
0,54,45,99
0,54,45,99
0,54,45,99
0,54,45,99
0,54,45,99
0,54,45,99
0,54,45,99
0,54,45,99
0,54,45,99
0,54,45,99
0,54,45,99
0,54,45,99
0,54,45,99
0,54,45,99
0,54,45,99
0,54,45,99
0,54,45,99
0,54,45,99
0,54,45,99
0,54,45,99
0,54,45,99
0,54,45,99
0,54,45,99
0,54,45,99
0,54,45,99
0,54,45,99
0,54,45,99
0,54,45,99
0,54,45,99
0,54,45,99
0,54,45,99
0,54,45,99
0,54,45,99
0,54,45,99
0,54,45,99
0,54,45,99
0,54,45,99
0,54,45,99
0,54,45,99
0,54,45,99
0,54,45,99
0,54,45,99
0,54,45,99
0,54,45,99
0,54,45,99
0,54,45,99
0,54,45,99
0,54,45,99
0,54,45,99
0,54,45,99
0,54,45,99
0,54,45,99
0,54,45,99
0,54,45,99
0,54,45,99
0,54,45,99
0,54,45,99
0,54,45,99
0,54,45,99
0,54,45,99
0,54,45,99
0,54,45,99
0,54,45,99
0,54,45,99
0,54,45,99
0,54,45,99
0,54,45,99
0,54,45,99
0,54,45,99
0,54,45,99
0,54,45,99
0,54,45,99
0,54,45,99
0,54,45,99
0,54,45,99
0,54,45,99
0,54,45,99
0,54,45,99
0,54,45,99
0,54,45,99
0,54,45,99
0,54,45,99
0,54,45,99
0,7,43,98
0,7,43,98
0,7,43,98
0,7,43,98
0,7,43,98
0,7,43,98
0,7,43,98
0,7,43,98
0,92,45,93
24,114,41,89
4,118,37,85
4,118,37,85
4,118,37,85
0,208,43,85
0,208,43,85
1,200,37,92
1,204,37,90
1,210,38,85
0,215,40,84
0,213,41,87
3,213,42,87
25,213,42,84
29,210,39,82
23,208,39,83
0,211,42,83
0,214,43,83
0,212,43,87
0,209,44,88
0,208,44,89
0,206,44,90
0,202,45,93
0,201,45,93
0,198,45,94
0,197,45,94
0,202,45,89
0,202,44,89
1,204,41,87
1,204,39,85
1,208,38,83
1,209,37,83
1,216,36,81
1,222,36,82
1,227,36,83
1,228,35,82
1,231,33,79
1,234,32,76
1,237,32,75
1,238,31,74
1,242,31,72
1,243,30,72
1,244,30,72
1,244,30,72
1,244,30,72
1,244,30,72
1,244,30,72
1,244,30,72
1,244,30,72
1,244,30,72
1,244,30,72
1,244,30,72
1,244,30,72
1,244,30,72
1,244,30,72
1,244,30,72
1,244,30,72
1,244,30,72
1,244,30,72
1,244,30,72
1,244,30,72
1,244,30,72
1,244,30,72
1,244,30,72
1,244,30,72
1,244,30,72
1,244,30,72
1,244,30,72
1,244,30,72
1,244,30,72
1,244,30,72
1,244,30,72
1,244,30,72
1,244,30,72
1,244,30,72
1,244,30,72
1,244,30,72
1,244,30,72
1,244,30,72
1,244,30,72
1,244,30,72
1,244,30,72
1,244,30,72
1,244,30,72
1,244,30,72
1,244,30,72
1,244,30,72
1,244,30,72
1,196,34,75
1,196,34,75
22,206,32,75
12,209,33,73
1,209,32,72
1,209,32,72
1,209,32,72
1,209,32,72
1,209,32,72
1,209,32,72
1,209,32,72
1,209,32,72
1,209,32,72
1,209,32,72
1,209,32,72
1,209,32,72
1,209,32,72
1,209,32,72
1,209,32,72
1,209,32,72
1,209,32,72
1,209,32,72
1,209,32,72
1,209,32,72
1,209,32,72
1,209,32,72
1,209,32,72
1,209,32,72
1,209,32,72
1,209,32,72
1,182,31,75
1,186,31,72
1,190,31,70
1,191,31,69
1,192,32,68
1,192,32,68
1,192,32,68
21,181,32,73
21,185,32,71
25,184,32,70
30,188,32,68
40,189,31,68
48,187,31,70
46,191,31,67
47,189,31,69
45,188,30,69
44,185,30,69
40,179,30,70
40,175,30,72
33,177,30,70
27,177,30,71
6,183,29,70
1,185,30,69
1,183,29,70
1,183,29,70
2,185,29,72
2,187,28,71
2,191,29,70
2,209,29,72
18,226,29,68
1,218,30,66
0,195,31,66
7,196,31,66
0,196,29,67
0,196,29,67
0,196,29,67
0,196,29,67
0,189,31,67
0,192,31,67
0,194,32,67
0,196,32,65
0,198,31,66
0,199,29,66
0,199,29,66
0,236,29,70
0,261,30,65
0,260,29,65
0,260,29,65
0,182,30,71
0,175,29,71
1,172,29,71
1,172,29,71
0,168,29,68
0,168,29,68
0,168,29,68
0,211,31,74
0,213,31,72
0,212,31,74
0,209,31,77
0,208,32,77
0,212,32,77
0,213,33,79
0,213,33,79
0,209,33,80
0,209,34,82
0,215,36,85
0,215,36,87
0,212,38,91
0,230,39,92
0,232,39,94
0,234,39,93
0,203,39,94
0,191,40,95
0,190,39,92
0,192,38,91
0,214,37,92
0,219,37,91
18,225,38,93
0,232,38,89
0,232,39,89
0,225,39,93
0,219,40,96
1,216,39,98
3,245,35,94
4,247,34,95
4,251,33,94
4,250,35,96
4,251,35,97
0,237,38,94
0,239,38,93
2,246,37,95
3,229,35,99
3,229,35,99
0,264,38,99
1,281,38,97
1,282,37,96
2,280,36,95
2,278,35,92
2,283,35,86
2,269,35,87
1,276,37,91
1,231,36,98
0,204,38,98
0,179,40,95
0,160,39,94
0,154,39,94
1,157,40,95
0,156,40,95
0,151,39,93
1,153,37,96
0,173,39,94
0,177,42,86
0,170,39,90
0,170,39,90
0,218,43,79
0,223,40,84
0,228,39,87
0,222,38,92
0,207,39,93
1,221,38,91
0,218,37,91
0,208,37,92
1,211,37,92
1,213,37,92
1,219,36,93
1,217,36,92
1,235,36,89
0,239,37,87
0,237,38,91
1,238,38,92
1,204,39,94
1,225,38,96
1,242,38,97
1,264,37,96
1,256,36,94
1,236,37,91
0,203,39,93
0,194,40,95
0,190,40,94
0,197,40,96
0,200,40,98
0,197,40,96
1,204,38,97
1,213,38,99
1,212,39,100
1,209,39,102
1,207,39,101
1,207,39,100
2,247,37,95
2,250,37,93
2,252,36,91
1,245,36,92
1,247,36,92
1,245,36,91
1,240,35,88
1,238,36,88
1,235,36,87
0,231,36,87
1,231,36,88
1,230,36,88
1,229,35,88
1,230,35,87
1,230,35,88
1,230,35,87
1,230,35,87
1,229,36,89
1,227,36,90
1,228,36,89
2,234,35,89
2,237,35,91
1,240,34,90
1,241,35,89
1,241,35,89
1,241,35,91
1,243,35,90
1,244,35,90
1,261,35,92
0,300,36,86
0,295,37,86
0,297,37,83
0,289,38,84
1,289,37,84
1,287,36,85
2,244,35,92
2,234,36,95
2,236,36,93
1,233,37,88
1,223,37,91
1,232,36,89
0,240,35,86
2,194,36,96
1,196,37,96
1,197,38,97
1,206,38,94
1,204,38,94
1,201,39,96
1,212,39,94
0,213,39,93
0,213,39,93
1,218,40,94
1,207,38,94
1,186,39,98
0,165,40,97
1,160,38,96
1,151,39,100
0,149,39,98
1,165,40,98
1,163,39,97
1,163,38,99
1,158,39,97
1,151,39,99
1,150,40,99
1,164,40,98
1,169,39,97
1,168,39,98
1,179,40,98
1,178,39,97
1,172,40,98
1,182,40,98
1,179,40,97
1,178,40,98
1,176,41,101
1,172,40,102
1,173,40,102
1,175,41,104
2,181,40,103
2,184,40,102
1,169,41,102
1,169,40,103
1,161,40,103
1,159,40,107
1,158,41,107
1,169,42,103
1,208,41,105
0,216,42,104
0,260,43,103
0,269,42,103
1,261,42,104
2,258,40,108
0,267,43,105
1,265,42,110
1,222,42,111
2,219,40,105
2,197,41,107
2,192,41,109
0,170,45,107
1,151,44,114
1,149,44,113
1,144,44,111
1,145,43,113
2,149,45,111
3,182,45,112
0,227,47,113
2,204,47,118
2,204,46,118
2,196,45,116
1,191,45,117
1,207,46,117
0,200,47,115
2,204,46,116
0,204,48,115
1,214,45,115
2,220,43,113
3,222,42,111
2,225,44,114
2,216,44,115
2,205,44,116
3,208,43,109
1,190,44,110
2,181,44,117
1,198,44,115
1,218,45,112
1,229,45,117
2,240,42,116
5,240,40,112
5,201,40,116
4,187,41,115
5,173,41,113
5,196,42,110
5,208,40,109
5,203,40,113
5,238,40,110
4,223,41,112
2,219,43,112
2,182,43,106
2,146,44,108
2,126,43,114
1,126,46,117
2,156,47,123
2,171,45,119
3,179,45,120
2,178,46,117
2,175,45,114
2,175,45,114
5,160,42,115
5,167,44,115
5,193,43,121
5,200,45,121
6,211,44,121
5,201,46,121
3,196,47,118
3,202,46,118
3,195,46,120
4,194,45,119
5,176,44,125
7,171,42,125
5,166,44,127
4,150,45,123
5,131,43,122
5,122,44,120
4,113,45,124
4,106,46,123
2,113,47,124
2,97,49,125
3,104,46,128
3,97,46,125
5,107,44,119
7,113,43,115
4,105,44,110
0,59,51,108
0,40,53,103
2,7,46,112
2,0,47,116
1,20,48,118
1,37,49,118
0,53,49,118
1,31,48,120
0,73,49,120
3,81,43,121
3,36,44,112
2,51,45,113
2,53,45,114
2,45,45,113
1,56,45,112
1,64,45,113
1,64,45,113
2,42,43,120
2,34,43,125
3,34,44,128
3,39,44,131
2,24,44,128
2,21,45,127
2,43,45,128
2,74,44,127
2,99,46,128
2,127,44,124
3,171,44,117
4,208,42,113
4,219,42,115
5,253,42,120
5,282,40,125
4,332,39,118
4,352,39,116
17,366,41,104
11,395,41,102
0,384,43,90
0,384,43,91
0,385,43,94
0,385,43,94
0,388,47,94
0,384,46,97
0,381,45,98
0,381,45,98
0,381,45,100
0,387,46,101
0,395,45,100
0,405,44,97
0,411,45,97
0,413,45,98
0,419,46,95
0,420,45,93
0,420,46,93
0,417,46,94
0,415,46,94
0,418,46,95
0,421,48,96
0,421,47,96
0,421,47,95
0,421,46,94
0,418,46,95
0,415,46,94
0,411,45,94
0,411,47,94
0,408,46,93
0,408,46,93
0,408,47,93
0,405,47,95
0,403,47,94
0,405,47,92
0,402,47,94
0,403,47,94
0,406,47,97
0,399,46,96
0,395,47,101
0,388,48,96
0,384,48,98
0,376,47,96
0,373,46,97
0,370,45,97
0,368,44,96
0,370,43,94
0,372,44,97
0,377,44,96
0,384,44,97
0,391,44,97
0,392,43,97
0,392,43,96
0,390,43,97
0,381,44,99
0,378,44,97
0,375,44,97
0,372,45,98
0,368,46,99
0,363,46,98
0,353,46,94
0,346,43,90
0,338,41,88
0,339,39,87
0,347,43,90
0,354,40,97
0,370,41,89
0,374,40,90
0,375,40,91
0,376,41,89
0,371,42,87
0,366,42,87
0,358,36,83
0,345,36,86
0,345,36,86
0,335,34,86
0,331,33,85
0,331,36,88
0,331,36,88
0,331,36,88
0,331,36,88
0,331,36,88
0,331,36,88
0,331,36,88
0,331,36,88
0,331,36,88
0,331,36,88
0,331,36,88
0,379,34,88
0,390,34,81
0,390,38,82
0,387,42,88
0,386,43,85
0,385,42,91
0,389,42,90
0,390,40,89
0,395,38,84
0,397,37,86
0,396,36,83
0,393,35,83
0,387,34,83
0,389,36,84
0,387,35,81
0,383,34,81
0,383,35,83
0,381,36,87
0,386,38,89
0,381,38,92
0,382,38,93
0,383,38,93
0,385,38,92
0,382,38,93
0,384,37,91
0,383,37,92
0,382,38,93
0,382,38,93
0,387,39,92
0,389,38,92
0,391,38,91
0,391,37,91
0,391,37,91
1,383,35,93
2,387,33,96
2,387,33,96
2,387,32,94
2,388,32,93
2,388,31,93
3,385,32,97
4,386,31,95
4,388,31,95
5,391,31,95
5,393,31,95
4,394,32,94
4,396,34,91
2,396,36,90
1,397,36,88
0,398,36,85
0,399,36,84
0,398,37,83
0,396,37,82
0,394,38,82
0,392,38,80
0,391,39,76
0,394,38,80
0,398,37,81
0,401,37,79
0,402,38,81
0,403,38,83
0,402,38,81
0,401,39,79
0,401,38,84
0,401,38,85
0,400,38,82
0,399,39,77
0,400,38,83
0,400,39,85
0,401,39,85
0,403,39,82
0,405,39,82
0,408,39,84
0,407,39,85
0,406,41,80
0,404,41,82
0,404,39,82
0,401,39,83
0,399,40,79
0,400,39,81
2,401,38,85
3,404,37,85
3,405,35,87
2,401,35,88
6,396,34,85
2,393,34,88
4,394,35,86
4,397,34,85
3,398,33,85
2,398,31,85
3,398,32,84
3,398,32,85
3,399,32,84
2,405,33,85
0,402,34,82
0,401,33,78
0,400,32,79
0,400,32,79
2,404,33,76
1,401,35,75
2,402,36,79
2,400,36,82
3,400,34,79
1,399,36,79
0,400,37,83
0,391,38,80
0,391,38,84
0,386,39,84
0,383,38,86
0,377,39,84
0,372,40,82
0,370,39,84
0,363,40,82
0,358,40,84
0,353,39,83
0,349,37,87
0,349,37,89
0,343,37,88
0,337,36,87
0,330,39,78
0,315,39,84
0,304,37,87
0,284,37,82
0,258,33,84
0,245,38,78
0,235,37,79
0,232,33,81
2,237,33,84
2,245,31,80
3,251,31,80
1,254,33,76
0,254,34,76
0,248,40,72
0,238,38,78
0,228,38,78
0,227,40,72
0,229,40,70
0,237,38,69
0,242,37,68
0,245,38,70
0,248,37,71
0,247,37,68
0,249,37,68
0,254,35,70
0,260,35,71
0,268,35,68
0,277,34,70
0,284,34,66
0,293,33,63
0,301,35,63
0,309,35,66
0,312,36,67
0,319,35,69
0,320,37,67
0,321,37,68
0,314,37,69
0,300,37,71
0,290,37,72
0,291,37,70
0,296,38,70
0,302,39,71
0,305,38,71
0,305,38,71
0,302,38,69
0,297,38,71
0,293,37,69
0,290,38,68
0,289,37,68
0,286,38,67
0,286,37,67
0,286,36,68
0,286,36,67
0,284,37,67
0,283,38,72
0,283,38,72
0,280,39,70
0,278,38,72
0,277,39,70
0,278,39,72
0,280,39,73
0,284,38,74
0,287,39,77
0,290,39,78
0,291,39,77
0,291,40,74
0,291,40,73
0,290,40,73
0,289,41,74
0,289,42,75
0,293,42,78
0,301,41,77
0,304,41,77
0,305,41,75
0,304,42,74
0,304,43,72
0,302,42,73
0,300,42,74
0,298,41,76
0,298,41,78
0,299,40,76
0,298,42,75
0,298,43,75
0,298,43,74
0,300,41,80
0,298,43,72
0,295,43,78
0,293,43,82
0,290,44,77
0,288,44,79
0,285,44,77
0,281,43,79
2,278,45,80
3,276,45,82
1,276,44,79
0,274,46,79
4,275,45,78
0,275,46,77
0,273,47,75
0,273,45,80
0,271,44,83
0,268,40,84
1,273,39,90
2,276,38,90
2,273,38,91
2,269,37,92
2,262,36,92
2,260,37,94
3,254,36,93
3,246,36,90
3,241,38,93
2,233,39,93
2,225,39,93
3,231,39,94
3,246,35,93
2,256,33,87
0,265,36,88
0,272,37,90
0,277,39,95
0,276,40,93
0,276,44,93
0,278,46,97
0,279,47,97
0,276,47,100
0,267,47,98
0,259,46,100
0,252,47,96
0,251,50,99
0,261,52,102
0,272,51,101
0,283,49,103
0,296,48,99
0,310,49,103
1,319,48,101
0,324,48,103
1,337,51,106
8,348,51,113
11,372,50,111
0,385,51,112
0,404,51,112
0,407,52,112
0,406,54,108
0,409,54,111
0,408,46,108
0,401,44,111
2,392,50,113
0,377,51,101
0,340,49,112
0,320,53,109
0,292,53,115
0,274,55,115
0,252,57,103
0,249,55,106
0,241,51,111
1,221,49,120
2,235,49,116
1,250,47,113
1,260,48,119
3,272,48,120
3,272,48,120
3,272,48,120
4,274,46,118
4,274,46,118
3,267,46,123
5,264,44,117
6,261,43,115
6,271,43,112
7,265,43,111
8,249,44,112
6,254,44,111
6,260,45,107
3,275,49,109
0,273,53,116
0,264,52,118
0,257,49,117
0,258,48,118
0,255,48,122
2,248,49,128
2,270,50,128
1,274,51,122
0,270,52,120
0,271,53,122
2,282,51,130
2,283,49,126
0,291,51,117
0,299,51,120
1,295,51,114
0,293,52,122
1,288,49,117
2,288,48,118
2,286,48,119
2,284,48,118
1,278,47,116
1,279,47,111
1,284,47,108
0,289,48,107
0,299,51,106
0,305,52,109
0,316,53,115
0,323,51,110
0,328,48,106
0,329,46,105
0,328,46,106
1,325,46,108
1,323,44,108
1,326,43,107
1,332,42,107
1,332,42,107
1,334,41,105
2,338,40,103
1,337,40,101
1,337,39,98
3,296,37,97
4,291,38,101
5,276,38,104
5,278,39,105
5,279,39,108
4,294,41,108
4,284,42,114
4,277,41,118
5,273,42,119
5,265,43,124
5,265,43,119
6,271,43,116
5,275,44,117
5,283,45,117
5,279,44,117
6,259,44,122
5,292,47,118
5,293,48,120
5,296,48,115
4,293,48,117
5,271,48,121
6,255,49,127
3,271,52,130
3,260,51,134
2,273,52,134
3,275,52,140
3,252,50,138
3,255,50,136
2,263,50,133
4,238,47,132
3,249,49,134
3,248,49,133
2,257,51,133
2,250,50,130
3,255,50,130
3,259,49,122
1,259,48,115
1,262,46,111
1,264,46,109
1,262,45,105
1,264,43,100
1,266,42,97
0,266,42,95
0,271,40,90
0,272,40,91
1,278,41,96
1,283,40,100
1,286,40,101
2,285,40,102
1,282,41,103
1,277,41,102
2,246,38,96
3,237,38,96
3,257,39,94
2,265,41,98
3,275,40,96
4,243,39,95
5,236,40,97
5,251,40,95
5,255,40,95
5,254,40,95
4,251,41,96
5,256,41,95
4,256,41,95
5,249,41,96
5,251,41,97
5,261,42,100
7,248,42,101
7,232,41,105
7,231,41,105
7,228,41,105
8,225,41,107
8,231,41,106
5,247,42,104
3,244,44,109
1,237,44,108
2,249,45,116
1,243,44,112
1,254,45,114
2,242,45,115
3,247,44,112
2,259,46,107
2,247,45,108
1,261,47,109
7,250,45,107
1,261,46,106
1,259,45,104
