65,306,44,77
60,305,44,76
62,306,43,77
65,306,41,77
70,302,41,78
72,302,43,78
77,299,44,77
91,295,45,79
100,294,45,79
124,295,45,78
147,292,45,79
163,295,45,75
163,295,45,75
163,295,45,75
163,295,45,75
163,295,45,75
163,295,45,75
163,295,45,75
163,295,45,75
163,295,45,75
163,296,39,77
165,296,42,77
165,294,43,77
166,294,44,78
163,293,44,77
163,296,44,76
160,294,45,77
159,293,43,79
158,292,42,78
159,291,43,78
158,293,42,77
157,292,43,76
159,291,43,79
158,291,41,78
158,290,41,79
157,289,41,79
154,289,42,79
151,289,41,78
148,289,41,77
143,287,42,78
137,286,43,78
134,285,45,78
132,284,45,78
132,281,45,79
135,284,45,78
135,284,45,78
135,284,45,78
135,284,45,78
135,284,45,78
135,284,45,78
135,284,45,78
135,284,45,78
135,284,45,78
135,284,45,78
135,284,45,78
135,284,45,78
135,284,45,78
135,284,45,78
135,284,45,78
135,284,45,78
127,304,40,81
128,312,36,78
131,320,36,79
136,326,38,74
142,329,39,75
150,329,41,77
161,328,44,76
176,326,43,77
182,329,42,77
185,330,43,77
189,332,45,76
194,332,48,75
207,332,46,76
215,332,46,76
225,328,48,77
238,323,46,79
247,322,45,79
257,319,47,80
269,317,46,80
283,315,46,81
303,311,46,80
320,312,46,80
320,312,46,80
320,312,46,80
320,312,46,80
320,312,46,80
320,312,46,80
320,312,46,80
320,312,46,80
320,312,46,80
320,312,46,80
320,312,46,80
320,312,46,80
320,312,46,80
320,312,46,80
320,312,46,80
320,312,46,80
320,312,46,80
320,312,46,80
320,312,46,80
320,312,46,80
320,312,46,80
320,312,46,80
320,312,46,80
320,312,46,80
320,312,46,80
320,312,46,80
320,312,46,80
320,312,46,80
320,312,46,80
320,312,46,80
320,312,46,80
320,312,46,80
320,312,46,80
320,312,46,80
320,312,46,80
320,312,46,80
320,312,46,80
320,312,46,80
320,312,46,80
320,312,46,80
320,312,46,80
320,312,46,80
320,312,46,80
320,312,46,80
320,312,46,80
320,312,46,80
320,312,46,80
320,312,46,80
320,312,46,80
320,312,46,80
320,312,46,80
320,312,46,80
320,312,46,80
320,312,46,80
320,312,46,80
320,312,46,80
320,312,46,80
320,312,46,80
320,312,46,80
320,312,46,80
320,312,46,80
320,312,46,80
320,312,46,80
320,312,46,80
320,312,46,80
320,312,46,80
320,312,46,80
320,312,46,80
320,312,46,80
320,312,46,80
320,312,46,80
320,312,46,80
320,312,46,80
320,312,46,80
320,312,46,80
320,312,46,80
320,312,46,80
320,312,46,80
320,312,46,80
320,312,46,80
320,312,46,80
320,312,46,80
320,312,46,80
320,312,46,80
320,312,46,80
320,312,46,80
320,312,46,80
320,312,46,80
320,312,46,80
320,312,46,80
320,312,46,80
284,312,46,81
281,311,46,81
279,311,45,79
275,311,45,78
270,312,48,76
274,311,47,78
270,309,45,78
275,308,44,77
281,309,43,75
287,311,43,75
287,311,43,75
306,307,42,74
302,307,43,75
304,304,42,74
304,303,42,74
311,303,42,74
315,304,42,74
318,303,42,73
320,300,43,75
324,302,44,77
322,300,45,79
326,300,45,79
327,300,45,78
324,299,45,78
324,298,47,76
322,298,49,75
326,297,47,77
326,297,46,76
322,298,48,74
319,297,48,75
322,295,47,75
318,298,47,72
321,298,46,72
321,298,46,72
320,297,46,72
321,297,47,73
323,296,47,73
326,297,47,72
325,297,47,71
325,294,46,73
328,292,45,75
328,292,45,75
328,292,45,75
328,292,45,75
328,292,45,75
328,292,45,75
328,292,45,75
328,292,45,75
328,292,45,75
328,292,45,75
328,292,45,75
328,292,45,75
328,292,45,75
328,292,45,75
328,292,45,75
328,292,45,75
328,292,45,75
328,292,45,75
328,292,45,75
328,292,45,75
328,292,45,75
328,292,45,75
328,292,45,75
328,292,45,75
328,292,45,75
328,292,45,75
328,292,45,75
328,292,45,75
328,292,45,75
328,292,45,75
328,292,45,75
328,292,45,75
328,292,45,75
328,292,45,75
328,292,45,75
328,292,45,75
328,292,45,75
328,292,45,75
362,279,44,74
352,289,44,75
352,290,44,74
353,292,44,73
356,291,44,74
354,293,43,71
358,292,42,72
358,292,42,72
351,292,42,70
352,293,41,70
349,293,41,69
343,294,41,68
342,293,41,69
342,291,40,70
339,290,41,71
340,292,41,71
340,292,40,70
338,292,41,71
335,291,41,71
330,292,41,71
330,292,41,72
327,293,41,72
321,294,41,72
317,295,41,73
313,295,42,73
311,298,42,73
305,298,42,74
305,297,42,73
300,299,42,74
298,299,42,73
295,299,42,73
292,299,42,73
291,300,42,74
290,302,44,72
286,303,46,71
284,303,45,71
288,303,46,71
287,303,45,71
290,302,46,71
289,302,46,71
291,301,47,73
293,302,47,71
294,300,46,74
296,299,47,74
297,299,45,74
301,298,47,75
301,298,46,74
300,299,46,74
301,297,47,74
304,299,47,73
302,299,48,72
303,299,47,71
304,298,46,72
304,300,46,71
303,299,45,70
304,299,46,70
304,300,46,70
304,300,46,70
306,299,46,71
305,300,46,70
307,298,47,72
307,298,47,71
308,297,48,73
309,298,46,71
310,297,47,72
308,296,47,72
310,296,48,73
310,297,47,72
310,298,46,71
308,297,47,71
306,297,47,72
306,299,48,70
304,298,48,71
306,299,48,70
303,298,48,71
302,297,48,71
302,297,47,71
304,298,46,70
306,298,47,71
307,297,47,71
310,297,47,73
312,296,48,72
310,297,49,72
317,293,50,75
321,290,48,78
323,292,50,77
328,290,50,78
327,291,48,77
332,286,48,80
336,288,47,79
337,288,47,79
337,289,50,77
340,286,48,79
340,289,49,77
342,287,50,78
342,288,51,76
345,286,50,79
346,286,51,78
351,284,49,80
351,284,49,80
352,286,51,76
356,285,49,78
358,282,47,80
359,282,48,81
362,281,48,79
360,282,48,79
361,280,49,79
363,281,48,79
366,281,47,79
361,283,49,75
365,280,48,77
362,281,48,76
360,284,50,74
364,282,50,75
363,283,49,75
358,284,49,73
357,284,48,74
356,284,48,74
354,281,48,79
349,280,46,81
345,286,46,77
345,286,46,77
345,286,46,77
346,285,44,74
350,286,43,73
349,284,43,74
349,286,42,74
353,287,42,73
356,289,40,71
356,289,40,71
356,289,40,71
356,289,40,71
356,289,40,71
356,289,40,71
356,289,40,71
356,289,40,71
356,289,40,71
356,289,40,71
356,289,40,71
356,289,40,71
356,289,40,71
356,289,40,71
356,289,40,71
356,289,40,71
356,289,40,71
356,289,40,71
356,289,40,71
356,289,40,71
356,289,40,71
356,289,40,71
356,289,40,71
356,289,40,71
356,289,40,71
356,289,40,71
356,289,40,71
356,289,40,71
356,289,40,71
356,289,40,71
356,289,40,71
356,289,40,71
356,289,40,71
356,289,40,71
356,289,40,71
356,289,40,71
356,289,40,71
356,289,40,71
356,289,40,71
356,289,40,71
356,289,40,71
356,289,40,71
356,289,40,71
356,289,40,71
356,289,40,71
356,289,40,71
356,289,40,71
356,289,40,71
356,289,40,71
356,289,40,71
356,289,40,71
356,289,40,71
356,289,40,71
356,289,40,71
356,289,40,71
356,289,40,71
356,289,40,71
356,289,40,71
356,289,40,71
356,289,40,71
356,289,40,71
356,289,40,71
356,289,40,71
356,289,40,71
356,289,40,71
356,289,40,71
344,287,43,75
343,285,43,75
341,284,44,76
340,286,44,75
334,285,45,76
334,285,45,76
334,285,45,76
340,289,43,73
339,287,44,75
337,289,45,74
340,288,45,75
341,288,45,75
341,287,45,74
341,288,45,74
341,289,45,72
341,286,45,74
342,287,45,75
340,288,44,73
340,287,44,75
339,287,44,75
338,287,44,75
339,288,43,74
337,290,43,72
339,289,42,73
342,289,42,72
341,289,42,71
343,289,42,72
342,289,43,71
343,289,43,70
343,289,43,71
341,290,44,69
342,289,44,70
342,290,44,69
340,290,45,69
338,290,46,69
334,291,48,69
330,288,46,75
325,290,49,71
322,291,50,71
319,291,50,73
315,291,50,74
311,293,50,72
312,293,50,73
307,293,50,73
307,294,50,72
305,293,50,73
307,294,49,72
304,293,49,73
305,295,49,72
304,294,49,73
305,295,49,72
302,296,50,72
297,297,52,72
292,297,52,72
283,300,51,71
266,298,54,76
257,300,51,79
244,303,54,79
230,309,54,75
225,312,53,75
218,314,52,77
215,317,50,77
216,322,49,78
212,327,49,82
207,335,49,82
189,349,55,73
181,350,59,74
168,349,58,74
160,346,59,77
153,347,56,74
155,339,52,74
154,337,51,72
154,336,51,72
148,335,54,72
143,335,55,73
139,337,54,72
129,339,57,72
116,343,59,74
113,347,56,76
113,351,54,76
116,353,58,74
131,349,57,78
132,354,58,73
137,353,56,72
141,351,55,73
140,350,54,74
145,349,52,74
147,349,52,73
149,347,52,73
154,347,53,73
157,347,55,73
165,346,56,73
168,346,56,73
171,345,55,73
175,344,55,74
177,344,53,74
179,343,52,74
181,343,51,73
181,343,51,72
181,343,52,72
185,342,52,73
185,343,54,72
186,341,54,73
191,341,52,73
190,342,52,72
190,343,51,71
191,344,50,70
193,344,49,70
192,343,48,70
192,345,48,69
194,344,48,69
194,345,46,69
196,345,46,70
196,345,46,71
196,345,45,70
199,343,44,71
197,345,44,69
195,346,45,69
194,347,46,69
192,348,46,69
194,348,46,70
196,346,46,71
194,347,47,70
192,348,47,70
194,345,47,71
195,345,46,71
195,344,47,72
194,345,47,71
190,345,49,71
177,346,55,72
166,345,56,73
155,351,58,70
138,352,55,72
128,348,48,84
112,349,50,81
101,351,51,79
100,355,51,73
102,357,53,72
111,351,49,80
121,352,49,80
133,351,50,82
133,351,50,82
133,351,50,82
186,346,52,79
180,344,53,78
185,346,52,74
190,347,52,72
192,347,50,71
185,348,52,71
176,347,55,72
165,346,53,77
156,349,53,76
150,347,49,81
145,352,53,73
143,351,53,73
141,355,51,69
144,353,52,71
145,354,54,70
153,356,55,69
159,355,55,69
172,354,55,70
181,352,56,70
189,350,57,70
200,348,57,71
206,345,58,73
212,347,54,70
214,344,53,72
215,343,54,72
213,342,54,74
212,341,54,73
209,340,54,74
203,343,57,72
197,344,57,72
193,343,58,73
191,344,59,73
183,347,58,72
179,349,57,71
174,350,58,72
169,350,57,72
165,350,57,73
165,353,55,71
164,353,54,71
167,351,54,72
170,352,56,71
173,352,58,71
181,349,59,74
189,345,60,75
200,344,60,75
211,342,60,74
218,340,61,74
225,338,60,74
235,335,60,75
241,334,57,74
246,332,58,75
248,335,56,72
247,333,56,74
252,333,54,73
253,332,53,73
255,333,51,72
256,332,51,72
254,333,51,72
253,332,52,73
251,332,52,73
251,332,52,72
250,332,52,71
249,332,52,71
251,332,52,72
255,332,51,71
253,330,54,72
256,329,53,72
257,329,53,71
262,326,55,74
264,325,56,74
270,323,56,75
273,320,57,79
279,321,58,76
285,318,59,78
292,315,57,79
295,316,59,77
300,315,59,77
303,314,59,76
307,312,58,77
310,314,57,74
311,311,57,76
313,311,57,77
312,308,55,79
310,310,56,76
314,310,57,76
318,309,58,77
315,309,58,77
324,308,56,76
331,309,54,75
332,309,54,75
334,309,53,74
336,308,53,75
335,309,52,73
334,308,52,74
332,311,51,72
331,311,53,73
324,311,54,73
319,311,55,73
312,313,55,72
310,315,54,72
306,316,53,71
304,316,53,70
303,317,53,70
300,315,54,72
297,315,53,72
294,316,53,72
294,316,52,72
291,314,54,74
290,313,53,75
288,315,52,73
290,316,52,73
288,316,51,73
286,317,50,72
286,317,49,71
286,317,49,72
286,317,49,72
286,318,48,71
286,318,48,72
284,318,47,71
285,319,47,71
284,319,47,71
283,321,46,69
284,319,46,71
283,319,47,71
285,320,46,70
284,320,46,70
284,322,45,68
284,322,45,67
283,322,46,69
284,321,45,69
284,322,45,68
282,321,45,70
281,323,47,69
278,324,47,68
274,323,48,69
273,325,47,68
272,326,48,68
269,325,48,69
268,326,49,69
266,325,49,70
265,327,48,69
264,328,48,69
264,328,47,68
265,329,46,68
264,328,47,68
263,328,47,69
263,327,47,70
264,328,47,70
262,328,48,70
260,327,48,71
258,328,47,71
257,329,48,70
258,327,48,72
256,328,48,71
256,329,47,71
256,328,48,72
256,328,48,72
256,329,48,71
253,329,49,71
254,329,48,71
254,329,48,71
254,328,48,72
254,327,48,72
254,328,48,72
254,328,47,71
254,329,47,70
253,330,46,69
254,330,46,69
253,330,47,69
251,330,47,69
251,331,47,69
251,331,47,69
249,330,48,70
249,329,48,71
248,329,48,71
248,329,48,72
245,330,48,71
245,331,49,71
244,331,49,70
245,331,49,70
243,331,48,70
242,331,48,69
242,331,48,70
242,331,48,70
242,331,48,70
241,331,48,70
239,331,49,70
238,332,49,69
239,332,49,69
236,333,49,69
236,332,50,70
236,332,49,70
236,332,49,70
236,333,49,69
234,332,48,70
234,333,48,69
233,333,49,69
233,332,49,70
233,332,49,70
233,333,49,70
233,333,49,70
234,332,49,71
233,334,47,69
232,333,47,69
233,333,47,70
232,334,47,68
234,334,46,69
233,334,46,68
233,335,46,68
233,334,46,69
233,334,47,69
234,334,46,69
232,334,47,69
235,333,47,70
233,333,47,70
235,334,47,69
235,335,47,68
234,334,47,69
235,334,47,69
235,334,46,68
235,335,45,67
235,335,45,67
235,334,45,68
235,334,46,68
234,334,45,68
233,335,46,67
232,335,46,68
230,333,47,69
228,331,47,71
228,332,47,70
226,332,47,70
224,333,48,69
226,333,47,70
222,334,48,68
223,334,48,69
224,332,47,71
223,334,47,70
220,334,47,69
222,334,46,69
222,334,46,68
222,334,46,69
222,335,46,68
224,335,45,68
222,334,45,69
221,335,46,69
221,334,46,70
221,334,46,70
218,335,48,69
220,332,48,73
215,335,49,70
212,336,49,69
212,333,46,74
208,334,48,72
205,329,47,78
197,330,48,80
194,334,50,75
188,338,53,70
187,338,53,69
186,339,52,70
186,340,52,70
188,336,48,76
179,341,52,69
179,340,52,71
176,341,51,71
171,339,51,73
165,341,52,72
163,340,51,72
164,336,50,75
172,329,48,81
180,327,48,84
197,326,47,83
200,326,47,83
196,325,47,83
196,325,48,80
168,322,49,81
146,320,47,82
136,321,46,81
130,322,48,78
122,322,48,80
118,324,49,79
106,333,50,73
100,336,51,75
97,339,50,74
97,340,50,76
92,339,50,78
91,341,50,76
89,339,50,76
82,338,50,79
61,344,53,76
54,345,51,75
53,348,52,72
56,348,50,74
54,345,50,78
44,351,49,74
45,351,48,76
42,354,46,76
42,354,46,76
42,354,46,76
42,359,45,75
43,358,47,77
43,357,48,78
48,355,48,80
46,357,47,78
50,357,48,81
53,358,47,82
57,359,48,79
60,364,48,76
60,365,47,75
60,367,46,73
60,367,46,73
60,367,46,73
60,367,46,73
60,367,46,73
60,367,46,73
60,367,46,73
60,367,46,73
60,367,46,73
89,354,47,82
89,352,46,81
88,351,46,80
88,350,46,81
89,350,47,82
87,350,47,82
87,348,46,80
89,348,46,81
87,346,46,81
89,349,46,80
90,348,45,78
93,348,45,79
96,348,45,78
101,348,45,78
102,346,45,79
106,347,45,79
104,345,45,79
106,347,45,79
105,345,44,78
106,345,45,78
106,345,45,78
108,346,45,78
109,346,44,77
108,345,45,78
108,346,46,77
106,346,46,76
108,346,47,78
102,347,47,78
99,345,46,80
95,346,45,80
95,348,46,77
91,348,47,78
90,347,46,80
86,353,49,75
86,356,50,72
89,356,49,73
87,357,48,71
89,356,47,72
84,358,48,71
84,357,48,73
82,353,48,77
