314,217,121,93
311,220,123,94
314,234,121,93
305,234,120,92
296,238,119,92
288,243,120,92
288,240,120,92
300,236,116,92
310,240,118,90
322,254,116,89
335,278,118,90
344,293,118,91
347,305,119,92
348,310,120,92
355,318,120,92
368,318,119,94
376,323,120,93
386,323,120,93
396,320,122,94
404,320,121,93
412,318,120,92
423,313,119,91
428,312,120,92
433,312,120,92
436,309,121,95
436,310,119,93
443,301,114,99
444,298,112,101
446,295,109,98
446,294,108,97
444,288,112,98
443,282,109,97
443,282,109,97
443,282,109,97
443,282,109,97
443,282,109,97
443,282,109,97
443,282,109,97
443,282,109,97
443,282,109,97
443,282,109,97
443,282,109,97
443,282,109,97
443,282,109,97
443,282,109,97
443,282,109,97
443,282,109,97
477,251,115,91
486,252,113,92
493,258,111,89
503,253,103,94
500,258,105,94
501,269,114,87
496,269,111,91
497,267,111,89
497,267,111,89
487,265,112,88
487,265,112,88
487,265,112,88
487,265,112,88
487,265,112,88
487,265,112,88
487,265,112,88
487,265,112,88
487,265,112,88
487,265,112,88
487,265,112,88
418,253,114,88
428,253,116,89
416,253,116,89
419,254,116,89
415,243,118,91
409,239,117,90
415,238,117,90
411,239,116,89
413,238,117,90
413,238,117,90
427,236,115,88
419,233,118,91
431,230,116,89
428,227,117,90
429,221,119,91
435,216,118,91
436,211,119,92
432,210,121,93
435,202,123,95
431,201,121,93
425,199,121,93
421,197,119,91
413,198,119,91
412,195,118,91
421,193,118,90
421,192,117,90
430,188,118,93
435,184,117,93
437,183,115,96
439,186,113,95
446,176,108,97
448,172,106,97
454,169,103,95
452,168,104,95
456,167,104,93
462,165,104,92
455,172,105,93
457,170,105,94
457,174,105,93
459,174,104,92
458,178,103,93
458,178,104,94
458,181,104,92
457,180,106,93
456,180,106,93
457,181,106,93
454,182,106,92
452,180,107,93
454,183,104,92
455,184,104,91
454,183,104,91
454,182,104,91
455,188,102,92
455,191,101,90
453,192,102,90
455,194,102,90
459,193,102,90
460,192,103,89
457,199,102,89
463,193,101,88
463,197,100,89
460,199,103,89
461,201,102,89
466,197,101,89
470,196,99,88
468,197,99,89
470,194,101,88
469,194,98,88
470,194,97,88
466,194,102,86
463,191,100,89
463,188,99,89
465,186,99,88
460,193,103,88
462,193,100,88
461,194,99,86
454,196,99,87
452,193,99,88
451,189,100,88
447,188,101,89
447,188,102,89
451,188,100,88
441,196,104,89
443,198,104,87
445,205,100,87
454,210,98,87
464,218,96,87
473,224,102,85
482,228,102,87
488,236,107,90
492,241,109,89
494,243,107,91
491,243,108,93
489,245,107,93
489,242,105,91
488,240,102,91
488,237,102,92
483,235,101,95
481,230,102,95
469,220,99,99
457,204,107,95
441,196,115,95
417,192,121,93
403,191,122,94
399,184,125,96
397,182,125,96
397,178,125,96
394,177,124,96
394,177,122,93
390,189,118,91
390,189,118,91
375,182,120,92
375,182,120,92
375,182,120,92
375,182,120,92
449,192,114,91
452,200,105,92
450,205,107,94
450,210,107,92
450,213,108,91
450,217,107,91
453,218,106,89
457,215,105,88
462,213,104,86
465,213,103,87
466,214,105,88
466,215,106,90
466,214,109,91
466,214,109,90
463,236,111,94
464,236,110,94
460,235,113,94
459,235,111,93
459,215,113,90
458,213,114,89
457,211,114,90
457,216,115,92
457,209,112,90
454,217,115,92
456,215,116,93
464,212,117,94
463,213,117,93
463,212,119,93
465,211,119,93
466,212,118,93
465,212,117,92
464,213,116,92
464,214,116,91
465,215,116,92
464,214,117,92
470,212,114,92
470,210,114,92
469,212,113,92
466,211,115,91
465,211,114,91
468,212,113,92
467,214,113,93
469,215,112,94
467,212,113,95
470,208,113,94
475,203,112,93
478,202,112,93
480,204,109,94
477,207,111,95
478,207,110,96
477,202,108,96
473,198,108,96
467,197,105,95
467,204,107,95
467,204,107,95
467,204,107,95
467,204,107,95
442,212,116,92
435,206,117,91
427,204,120,93
411,208,124,98
403,213,129,99
403,211,127,96
403,211,127,96
403,211,127,96
403,211,127,96
403,211,127,96
403,211,127,96
403,211,127,96
403,211,127,96
403,211,127,96
403,211,127,96
403,211,127,96
403,211,127,96
403,211,127,96
403,211,127,96
403,211,127,96
403,211,127,96
403,211,127,96
403,211,127,96
403,211,127,96
403,211,127,96
403,211,127,96
403,211,127,96
403,211,127,96
403,211,127,96
403,211,127,96
403,211,127,96
403,211,127,96
403,211,127,96
403,211,127,96
403,211,127,96
403,211,127,96
403,211,127,96
461,219,108,88
460,225,106,87
461,227,106,88
462,228,107,90
461,227,109,90
463,228,111,94
460,240,110,94
457,244,112,94
457,244,112,94
458,277,111,96
458,305,111,94
449,335,113,96
447,354,116,94
446,374,119,93
441,398,126,96
438,411,130,97
438,411,130,97
438,411,130,97
438,411,130,97
321,481,140,87
320,484,137,85
320,484,137,85
318,481,134,90
370,482,140,89
370,482,140,89
319,481,134,90
317,481,136,90
319,482,134,90
317,479,137,92
314,478,139,93
313,478,139,93
308,475,144,96
303,474,144,96
300,474,144,96
298,477,142,94
295,477,142,95
290,478,139,94
290,477,140,95
289,476,141,97
292,478,139,95
295,480,139,92
297,467,139,98
299,464,138,93
292,451,138,96
282,436,136,101
278,414,132,101
278,399,131,101
275,387,133,102
277,378,134,103
277,374,132,102
282,375,130,99
282,376,131,99
278,379,134,102
279,382,133,99
272,386,136,102
273,396,138,102
264,402,135,103
275,411,135,101
271,411,138,101
269,411,139,103
271,410,135,104
268,408,138,102
269,407,138,102
270,408,139,102
270,408,139,105
275,407,140,104
275,403,145,105
272,383,142,109
287,394,142,109
292,393,141,108
301,396,144,110
301,396,144,110
301,396,144,110
301,396,144,110
301,396,144,110
301,396,144,110
301,396,144,110
301,396,144,110
301,396,144,110
301,396,144,110
301,396,144,110
301,396,144,110
301,396,144,110
301,396,144,110
301,396,144,110
301,396,144,110
301,396,144,110
301,396,144,110
301,396,144,110
301,396,144,110
301,396,144,110
299,391,145,109
299,393,152,104
290,395,148,104
279,391,142,104
274,394,140,106
264,393,144,109
261,392,145,109
257,393,146,110
257,396,146,110
256,394,146,110
257,392,148,110
259,392,146,111
256,391,149,113
257,388,152,113
252,385,158,114
243,381,163,110
246,382,165,108
243,385,165,106
242,387,166,105
242,387,166,100
244,396,163,102
244,403,162,103
247,405,161,104
249,407,160,107
253,410,160,108
249,414,160,113
248,420,158,113
249,422,158,113
243,421,162,115
242,424,162,115
245,412,163,116
241,412,169,118
244,410,170,117
246,404,171,114
248,394,169,110
252,389,166,111
265,391,166,112
270,389,167,115
266,388,168,115
270,391,172,117
273,390,173,119
270,391,175,117
263,389,174,115
253,387,176,114
258,390,175,114
250,385,178,114
261,391,180,116
261,388,185,116
260,385,185,116
261,381,184,115
268,379,181,115
276,375,178,114
291,372,175,111
289,372,174,113
297,366,172,112
290,368,173,113
271,385,181,120
271,385,181,120
266,380,180,120
266,383,182,122
274,379,183,122
262,386,182,122
267,383,182,121
259,378,187,125
260,386,186,125
264,388,182,121
265,390,177,118
262,387,178,119
264,386,173,116
267,386,174,118
264,389,175,119
260,380,174,119
261,379,175,120
262,382,177,120
261,381,176,121
259,386,178,121
257,376,176,121
257,378,179,122
257,376,176,122
260,380,177,122
258,373,173,121
261,386,174,121
257,379,176,123
262,391,177,121
260,393,177,121
263,397,175,118
262,395,174,117
270,399,174,116
263,397,174,116
263,397,175,116
265,399,173,117
260,395,174,118
261,395,175,118
261,398,176,118
261,396,173,117
264,399,173,117
262,399,172,117
265,400,173,116
261,402,173,117
264,402,169,115
262,405,168,115
256,401,168,115
264,407,165,112
260,407,164,111
263,402,163,109
262,403,163,110
262,404,165,111
265,408,162,110
263,407,159,109
265,404,159,107
266,409,161,109
263,407,161,108
263,408,161,109
269,409,162,112
266,407,163,111
263,406,163,112
268,410,160,109
262,406,160,109
267,407,159,107
268,412,159,108
268,410,156,105
266,412,156,107
262,409,155,106
268,411,153,104
268,411,154,106
268,411,154,105
269,408,151,104
265,409,154,107
267,408,156,107
269,408,155,106
271,407,157,107
271,407,157,107
274,408,157,106
276,408,155,106
276,408,153,105
274,406,154,105
268,405,155,105
276,410,151,103
268,406,154,105
267,406,154,105
268,405,155,105
267,407,153,104
256,400,153,104
256,406,153,104
249,405,155,105
249,405,153,104
246,406,155,107
248,408,154,106
247,404,155,107
251,404,156,108
252,407,156,108
259,406,153,106
260,409,154,106
264,407,153,105
262,406,157,107
259,407,160,110
269,404,158,108
274,407,158,108
283,408,158,107
282,407,158,108
278,402,159,108
280,407,160,110
281,407,157,108
281,406,159,109
279,407,162,111
280,407,161,110
284,408,160,110
282,409,160,109
287,405,155,106
286,411,155,106
289,409,154,106
289,409,154,107
290,412,155,107
288,410,154,106
289,412,155,107
292,408,156,106
291,409,156,107
284,407,159,107
292,410,161,108
289,407,160,107
297,407,158,109
300,402,149,111
303,403,150,114
300,401,148,116
311,405,146,114
308,404,147,118
314,403,145,114
312,404,147,116
314,401,148,116
318,401,147,114
314,399,151,117
318,402,151,118
315,404,152,118
316,404,152,117
321,402,153,116
316,402,153,118
307,403,159,123
304,402,160,123
300,405,162,124
298,403,163,124
294,404,162,123
288,402,165,124
282,405,173,123
271,407,178,122
270,403,184,123
270,406,188,123
274,404,190,122
272,401,193,125
269,396,188,124
272,400,187,126
272,403,186,124
268,400,187,127
273,399,190,125
271,400,193,128
271,398,193,128
271,400,193,129
274,396,191,127
267,396,191,127
264,396,186,124
271,398,186,124
270,400,183,123
273,403,185,123
266,400,185,125
267,398,183,123
267,402,180,123
268,399,180,122
264,400,180,123
267,403,180,123
265,404,179,122
265,401,178,122
266,401,177,120
266,403,176,120
267,403,179,122
263,401,182,123
263,400,180,122
260,400,178,122
263,402,180,122
259,403,177,120
262,400,174,118
257,406,173,117
252,405,175,118
254,407,178,120
250,403,175,119
253,409,174,118
250,405,173,118
251,407,174,119
255,404,172,119
259,405,172,118
258,408,173,118
265,411,173,119
265,408,172,117
269,409,172,117
274,412,168,115
278,412,165,113
280,412,162,110
282,409,161,109
286,411,162,111
285,412,162,111
292,411,161,110
292,410,163,111
293,411,163,112
304,411,159,109
304,411,160,110
312,412,158,108
317,413,157,108
317,414,157,108
323,412,158,110
331,417,159,110
331,416,158,110
331,417,160,112
334,418,158,111
332,414,156,110
331,413,155,109
329,412,154,109
327,411,157,110
321,409,157,110
325,410,157,110
321,411,160,112
319,415,162,113
316,414,162,113
314,414,163,113
316,415,159,111
315,411,158,109
317,421,159,112
316,417,158,113
317,420,157,112
321,425,156,112
314,426,156,110
311,427,158,111
305,425,159,112
303,428,159,113
308,429,160,114
302,429,162,115
310,429,161,114
306,430,164,115
309,429,161,113
317,431,159,111
310,432,162,113
311,434,159,111
310,432,155,108
308,437,159,111
309,430,156,109
310,435,158,110
311,437,158,109
310,439,159,110
312,442,162,111
311,441,162,111
303,439,164,112
301,435,166,114
304,434,166,115
306,435,166,115
308,435,162,112
311,437,162,112
311,437,163,111
317,439,160,110
316,441,158,108
314,441,158,108
308,440,162,111
306,441,161,110
307,443,162,110
304,444,161,109
297,441,163,110
296,439,163,110
303,444,161,109
298,443,162,110
298,443,163,109
296,442,163,110
299,445,162,109
305,448,159,110
304,445,160,111
307,450,161,110
304,450,162,110
309,451,163,109
308,447,162,109
311,447,160,109
309,447,159,108
312,447,156,107
313,454,157,107
309,447,158,109
310,448,158,108
315,450,158,108
313,449,156,106
317,452,158,106
321,456,155,104
318,451,159,108
320,453,159,106
322,458,159,106
325,461,161,107
324,459,162,107
324,456,161,107
325,459,164,108
325,461,164,108
324,458,165,109
324,459,164,108
324,460,164,108
324,459,163,107
321,459,164,108
320,460,165,108
319,461,164,108
320,461,163,106
317,458,164,107
315,459,163,107
317,462,162,106
317,463,161,106
318,463,161,106
321,463,160,105
322,463,160,106
325,464,159,105
322,462,160,105
325,463,158,105
326,463,158,104
325,463,158,105
323,464,160,105
320,461,159,104
322,465,158,104
324,464,156,103
328,465,155,102
323,461,158,104
327,462,157,104
326,464,158,104
325,463,159,105
326,464,158,104
328,465,157,104
326,464,157,103
327,465,158,103
322,462,160,106
328,464,157,104
325,462,160,105
322,461,160,106
324,461,161,107
320,458,163,108
320,458,163,109
324,460,160,107
322,459,161,108
322,459,159,108
324,459,159,107
323,458,163,109
322,455,163,109
322,452,162,109
321,455,163,110
322,451,161,109
324,456,164,110
326,459,161,108
323,455,163,109
325,458,162,108
322,456,162,108
321,454,164,109
324,455,163,109
320,462,158,104
326,464,157,104
327,466,155,102
328,468,153,101
323,463,155,104
321,458,159,108
327,452,157,110
331,453,148,107
