112,324,294,239
111,321,294,240
110,323,294,239
109,319,294,242
104,319,293,241
102,312,292,246
97,310,289,247
103,308,283,247
105,306,278,248
105,306,278,248
109,302,275,254
112,300,270,255
112,298,269,258
112,296,269,259
114,295,276,259
111,290,271,265
110,288,275,265
109,289,278,261
108,288,283,261
111,286,289,266
103,281,284,266
102,276,285,272
100,273,286,270
101,269,287,280
96,265,282,283
87,264,303,270
82,257,303,263
77,253,305,264
75,251,303,262
68,246,299,263
67,247,302,266
64,245,305,265
59,240,295,263
59,239,296,264
45,234,287,258
48,236,284,259
43,235,282,251
39,235,287,253
34,233,281,249
52,231,289,247
59,224,299,251
47,225,294,255
58,220,295,249
71,216,300,251
67,215,298,253
57,218,299,255
47,220,303,254
38,226,296,253
27,229,278,250
28,231,278,252
27,236,275,248
29,242,275,248
37,240,283,254
36,242,283,262
33,241,280,258
32,244,256,257
32,238,258,263
36,240,254,264
36,245,254,261
38,244,258,263
44,242,255,263
44,250,259,267
86,253,281,266
118,259,289,268
135,246,296,272
126,286,281,262
126,289,278,262
180,266,294,267
182,272,286,260
204,264,281,258
207,267,278,254
193,269,274,249
207,265,278,254
201,275,275,254
214,273,274,254
207,280,273,253
210,278,270,252
222,274,264,250
215,271,265,248
213,275,264,249
220,277,266,250
209,275,260,244
216,268,264,247
211,274,264,245
209,269,264,246
205,270,259,243
202,281,256,239
198,276,253,238
197,275,251,236
202,274,250,237
191,276,250,238
196,284,246,235
205,274,254,239
193,273,248,238
189,279,245,238
192,278,246,238
193,274,247,238
189,279,245,240
191,280,248,240
181,273,249,243
181,273,249,242
198,276,253,242
195,272,256,245
196,276,254,243
203,277,261,245
208,280,262,247
220,284,264,247
221,286,263,251
252,284,267,252
251,277,271,250
253,285,264,248
260,285,254,244
263,279,257,243
272,275,256,240
267,278,254,240
264,291,244,239
261,291,244,239
258,292,238,236
267,293,238,232
265,286,240,231
260,287,244,233
252,289,241,231
263,292,243,227
253,285,238,225
251,287,234,221
257,285,234,219
246,284,233,220
244,281,236,223
239,282,235,222
243,280,238,223
233,277,237,226
227,273,238,227
228,268,242,232
223,274,243,233
206,270,246,238
223,267,247,238
214,268,245,237
201,273,239,233
209,268,245,237
208,263,248,240
209,276,246,233
206,274,255,235
216,283,264,234
206,285,260,229
199,279,257,233
197,277,260,235
191,272,255,234
184,274,252,235
183,264,254,238
179,261,254,239
169,261,252,238
169,265,249,238
168,260,255,240
168,262,256,241
152,268,253,236
160,269,248,235
170,264,249,235
167,271,247,233
167,264,245,233
174,270,245,232
164,271,244,232
182,279,239,226
184,275,241,226
191,277,244,226
196,287,248,223
201,289,252,221
201,299,250,217
216,303,256,219
199,278,247,228
202,276,246,230
183,273,245,238
183,269,246,239
195,270,246,240
189,266,250,244
193,262,251,249
189,273,250,245
204,275,253,246
207,264,255,251
210,279,251,245
211,272,256,250
218,269,256,250
217,258,254,255
202,261,252,256
197,261,259,256
185,262,255,254
180,264,255,255
155,264,260,250
160,264,254,248
145,264,255,244
119,267,264,244
125,268,259,244
105,268,263,241
111,268,261,243
115,270,259,246
100,265,261,244
108,274,255,243
78,277,253,238
77,275,250,236
69,277,250,232
62,272,250,232
62,283,248,229
56,288,250,229
50,283,250,228
46,264,252,230
46,264,252,230
39,273,244,233
47,265,254,230
52,265,260,234
52,282,258,231
47,254,251,232
53,279,247,224
57,294,247,219
64,294,244,219
60,280,252,223
54,287,251,222
55,282,251,223
56,247,262,221
56,240,267,225
60,236,264,231
64,247,259,231
63,251,259,235
67,260,257,237
63,258,262,242
72,259,257,242
77,259,259,243
87,253,260,244
88,255,256,244
86,262,259,248
93,261,262,249
97,264,260,246
88,263,260,246
81,263,265,249
74,271,257,249
84,268,257,246
88,268,257,245
88,276,252,247
86,263,264,250
78,261,267,248
86,263,270,254
87,255,271,253
84,258,269,255
89,252,271,260
85,246,270,257
72,253,265,253
71,262,260,255
74,256,269,254
80,255,273,251
65,250,290,253
76,248,292,255
74,254,280,253
84,257,286,252
76,256,290,252
68,257,287,256
63,259,286,250
76,263,285,252
77,264,287,249
84,261,287,246
72,263,292,249
84,267,290,248
82,263,289,245
88,265,289,246
87,267,290,247
90,263,289,247
87,260,287,246
107,258,283,243
106,262,282,244
113,256,279,243
123,261,271,239
127,262,272,239
128,257,273,243
132,261,268,240
141,270,264,236
136,272,264,235
147,265,260,234
140,265,265,234
141,265,264,235
139,263,266,235
151,269,263,236
154,266,263,235
145,269,264,236
146,268,262,233
139,270,262,234
142,270,261,238
135,265,261,233
142,271,256,234
142,274,255,239
129,268,264,237
132,272,261,238
140,265,257,241
130,272,259,239
136,267,258,246
136,276,251,242
134,269,255,245
126,270,260,246
129,274,256,245
133,263,255,247
138,270,256,248
122,278,257,242
123,280,253,239
120,267,257,243
124,278,252,238
96,270,262,237
95,265,263,240
101,277,259,243
87,279,261,239
88,281,259,240
86,271,265,239
83,274,262,240
75,272,261,237
73,257,263,233
77,261,259,235
64,266,258,234
71,261,258,235
65,260,258,234
56,256,258,234
70,256,261,235
68,259,262,235
62,253,264,231
54,251,261,232
52,251,256,231
51,254,261,234
70,254,270,244
70,248,273,243
61,250,275,243
65,253,273,245
66,256,274,244
65,249,268,240
66,255,273,239
54,250,265,237
65,256,273,238
57,249,273,241
45,250,263,243
43,246,257,243
43,246,258,238
42,242,255,242
43,239,261,249
44,240,262,249
47,239,268,251
47,239,269,253
44,238,264,250
49,240,268,254
49,237,263,255
50,239,273,262
53,238,273,265
49,232,270,267
54,235,284,269
45,239,278,266
45,231,283,270
52,226,292,279
55,219,296,283
54,219,296,282
56,215,305,287
61,218,309,286
71,205,316,289
70,225,313,285
75,222,314,284
89,229,316,281
97,227,309,277
113,239,306,273
110,241,304,271
120,241,305,271
103,242,306,271
118,252,299,267
147,245,295,270
163,248,289,270
130,255,292,264
109,247,296,267
121,260,287,262
123,257,287,258
123,254,286,257
118,260,283,256
135,257,274,247
136,256,275,249
133,259,276,249
119,260,279,250
122,260,279,249
125,251,280,246
114,254,283,247
118,247,281,244
120,245,282,246
126,233,285,249
138,245,288,250
149,250,286,247
143,258,289,247
148,271,287,248
153,272,285,251
161,266,281,250
170,261,276,252
167,261,275,254
178,266,269,252
168,261,277,255
170,263,276,256
165,260,285,257
161,263,283,257
165,259,282,256
159,262,278,250
173,260,272,252
166,268,276,249
167,260,281,253
168,267,278,249
166,265,275,246
182,274,269,241
180,270,270,242
187,274,264,237
179,271,267,239
178,268,267,238
180,277,263,235
179,269,268,239
177,267,269,241
177,272,265,237
180,278,260,234
185,279,260,234
179,275,259,232
186,278,256,230
189,283,248,226
187,289,244,222
181,292,245,224
189,286,249,226
188,274,252,231
184,273,252,231
180,267,255,236
178,275,253,235
174,270,255,238
169,267,258,239
159,260,266,243
151,258,269,245
149,262,266,243
137,259,268,245
128,266,267,244
122,258,268,245
101,261,271,240
88,250,277,239
73,249,278,241
65,249,277,242
63,244,274,249
52,233,265,249
50,234,268,250
49,234,257,254
49,238,255,255
49,238,251,252
48,233,247,253
48,233,247,256
47,239,243,257
46,246,234,246
44,245,231,245
44,247,227,242
44,249,227,244
44,251,226,243
43,249,226,244
42,248,225,242
43,246,226,241
42,249,226,242
41,247,231,244
40,253,222,237
40,253,224,235
39,250,224,235
39,249,228,239
39,249,227,238
37,248,227,237
37,254,224,234
38,252,222,233
37,256,220,231
37,254,219,232
36,254,221,233
36,255,219,231
35,251,220,230
36,252,218,228
35,251,221,229
34,249,219,225
33,249,223,229
33,241,226,230
33,243,227,230
33,239,231,230
33,242,227,223
34,243,227,225
35,236,233,232
35,232,233,233
33,236,234,229
36,237,229,227
36,238,230,225
36,229,229,226
36,228,228,222
36,226,227,222
36,218,225,223
35,222,226,220
34,218,226,222
34,219,225,222
34,218,220,218
35,218,221,219
35,216,220,220
36,216,223,225
36,209,224,230
38,212,225,231
38,214,224,230
37,208,220,226
38,211,220,227
38,209,218,223
39,211,219,227
39,215,222,230
41,205,217,226
39,218,222,230
40,206,223,233
40,207,221,231
40,206,221,230
40,208,220,230
40,206,218,231
41,206,219,231
41,207,220,232
41,209,221,233
41,208,228,239
41,213,231,240
42,209,234,242
42,216,235,240
40,217,234,236
40,218,237,239
40,220,238,240
40,218,238,241
38,226,239,238
37,230,236,239
36,231,235,238
34,231,235,238
37,231,236,244
35,233,237,242
34,235,237,241
35,235,236,242
35,244,227,235
36,247,225,234
36,244,225,235
38,243,227,237
38,245,227,238
40,240,233,243
41,235,237,247
42,238,239,247
41,236,245,248
41,237,249,250
42,240,253,253
42,238,256,256
44,232,256,258
43,235,258,256
44,225,266,261
44,224,267,262
44,225,271,267
43,220,278,272
45,227,276,276
61,227,287,280
56,219,288,294
74,219,309,291
93,227,318,291
94,225,316,288
107,233,319,288
109,225,321,288
109,238,313,287
115,234,313,283
121,234,312,284
124,229,311,283
131,237,304,279
130,236,298,276
117,230,303,278
123,233,300,284
124,220,307,290
133,229,301,289
130,221,302,288
130,217,306,295
143,218,304,293
130,218,304,297
129,218,300,291
149,221,301,288
132,224,301,293
128,217,306,294
130,216,307,293
121,221,307,296
125,220,307,292
140,218,308,290
133,221,307,290
141,227,310,290
93,210,309,303
107,217,313,300
108,209,312,300
91,206,304,303
96,206,306,305
126,215,312,292
109,212,303,294
129,220,302,284
137,218,304,284
130,220,297,280
114,212,300,286
138,224,303,283
135,231,299,279
114,228,293,275
125,235,289,269
120,238,284,268
116,234,279,267
97,232,282,270
98,241,279,268
87,241,275,269
66,231,275,271
78,238,273,269
52,232,262,278
55,235,260,278
51,220,266,289
54,215,265,291
52,225,271,286
52,227,273,280
51,221,269,281
51,224,267,282
49,223,262,277
48,229,259,274
47,231,255,272
45,223,260,273
44,227,258,271
44,224,256,270
45,225,253,268
47,224,253,269
48,222,252,271
50,226,248,267
48,220,248,266
48,223,247,261
47,221,243,259
47,221,243,259
47,221,243,259
0,228,315,256
0,229,314,255
0,227,314,255
0,223,315,256
0,215,321,261
0,211,319,259
0,224,323,262
0,217,329,268
0,200,339,276
0,200,339,276
0,212,343,278
0,208,348,283
0,214,347,282
0,220,349,284
0,236,347,282
0,244,341,277
0,246,340,276
0,235,342,278
0,231,336,273
0,227,343,279
3,199,343,289
0,202,362,295
13,208,334,306
15,230,330,292
18,231,325,295
15,225,326,294
45,250,277,259
50,248,271,271
48,242,272,268
52,246,266,271
52,250,263,269
53,251,259,268
51,247,261,269
51,245,265,270
55,256,260,265
54,255,255,262
54,251,257,264
55,257,253,260
55,252,254,262
55,257,257,261
56,259,260,264
56,266,258,260
55,259,258,263
57,257,258,266
57,261,260,265
57,257,264,271
59,250,268,279
59,246,269,281
61,236,274,289
62,231,277,292
63,235,278,292
60,232,276,291
62,232,278,294
64,236,275,295
63,230,281,299
65,225,289,305
64,225,287,304
63,217,292,305
64,218,293,308
66,213,296,311
66,218,299,312
70,216,305,316
69,213,308,318
72,218,306,320
70,214,308,321
69,215,307,321
72,218,305,321
73,214,310,325
74,217,309,326
72,211,313,327
70,207,313,327
67,205,313,325
70,208,312,327
69,203,319,330
68,208,310,324
67,202,315,324
69,203,315,325
67,206,308,322
69,211,305,323
67,206,308,326
66,202,309,326
66,210,303,323
68,215,300,323
68,215,301,324
69,211,307,328
69,206,311,332
69,208,309,332
68,208,308,331
69,204,313,333
70,206,305,331
67,209,302,327
67,209,303,327
68,207,303,328
70,210,303,329
66,206,305,331
65,198,311,337
67,204,310,339
62,202,310,338
63,203,311,341
62,199,315,342
63,199,317,343
62,207,313,340
60,207,312,335
60,210,310,332
59,211,314,331
