68,342,43,72
71,342,43,72
74,342,43,71
78,343,44,70
83,345,42,67
86,346,43,69
91,347,42,70
95,346,43,72
95,346,43,72
108,347,44,69
113,347,45,69
118,348,44,68
126,347,43,70
136,348,42,70
146,349,44,70
150,347,45,73
161,346,44,74
170,347,44,70
175,347,46,69
183,352,44,67
187,354,45,67
197,353,44,71
197,353,44,71
197,353,44,71
197,353,44,71
240,351,44,71
249,352,45,69
258,352,43,71
267,353,44,71
267,353,44,71
267,353,44,71
306,349,45,68
314,350,45,70
322,355,43,66
338,360,43,67
348,356,44,72
348,356,44,72
348,356,44,72
348,356,44,72
348,356,44,72
348,356,44,72
348,356,44,72
348,356,44,72
348,356,44,72
348,356,44,72
348,356,44,72
348,356,44,72
348,356,44,72
348,356,44,72
348,356,44,72
348,356,44,72
348,356,44,72
348,356,44,72
348,356,44,72
348,356,44,72
348,356,44,72
348,356,44,72
348,356,44,72
348,356,44,72
348,356,44,72
348,356,44,72
348,356,44,72
348,356,44,72
348,356,44,72
348,356,44,72
348,356,44,72
348,356,44,72
348,356,44,72
348,356,44,72
348,356,44,72
348,356,44,72
348,356,44,72
348,356,44,72
348,356,44,72
348,356,44,72
348,356,44,72
348,356,44,72
348,356,44,72
348,356,44,72
348,356,44,72
348,356,44,72
348,356,44,72
348,356,44,72
348,356,44,72
348,356,44,72
348,356,44,72
348,356,44,72
348,356,44,72
348,356,44,72
348,356,44,72
348,356,44,72
348,356,44,72
348,356,44,72
348,356,44,72
348,356,44,72
348,356,44,72
348,356,44,72
348,356,44,72
348,356,44,72
348,356,44,72
348,356,44,72
348,356,44,72
348,356,44,72
348,356,44,72
348,356,44,72
348,356,44,72
348,356,44,72
348,356,44,72
348,356,44,72
348,356,44,72
348,356,44,72
348,356,44,72
348,356,44,72
348,356,44,72
348,356,44,72
348,356,44,72
348,356,44,72
348,356,44,72
348,356,44,72
348,356,44,72
348,356,44,72
348,356,44,72
348,356,44,72
348,356,44,72
348,356,44,72
348,356,44,72
348,356,44,72
348,356,44,72
348,356,44,72
348,356,44,72
348,356,44,72
348,356,44,72
348,356,44,72
348,356,44,72
348,356,44,72
348,356,44,72
348,356,44,72
348,356,44,72
348,356,44,72
348,356,44,72
348,356,44,72
348,356,44,72
348,356,44,72
348,356,44,72
348,356,44,72
348,356,44,72
348,356,44,72
348,356,44,72
