165,57,136,69
165,57,136,69
165,57,136,69
165,57,136,69
165,57,136,69
165,57,136,69
165,57,136,69
165,57,136,69
165,57,136,69
165,57,136,69
165,57,136,69
165,57,136,69
165,57,136,69
165,57,136,69
165,57,136,69
165,57,136,69
165,57,136,69
165,57,136,69
165,57,136,69
165,57,136,69
165,57,136,69
165,57,136,69
165,57,136,69
165,57,136,69
165,57,136,69
165,57,136,69
165,57,136,69
165,57,136,69
165,57,136,69
165,57,136,69
165,57,136,69
165,57,136,69
165,57,136,69
165,57,136,69
165,57,136,69
165,57,136,69
165,57,136,69
165,57,136,69
165,57,136,69
165,57,136,69
165,57,136,69
165,57,136,69
165,57,136,69
165,57,136,69
165,57,136,69
165,57,136,69
165,57,136,69
165,57,136,69
165,57,136,69
165,57,136,69
165,57,136,69
165,57,136,69
165,57,136,69
165,57,136,69
165,57,136,69
165,57,136,69
165,57,136,69
165,57,136,69
165,57,136,69
165,57,136,69
165,57,136,69
165,57,136,69
165,57,136,69
171,106,133,69
171,106,133,69
183,107,102,63
188,108,107,63
185,109,107,63
184,107,107,65
180,104,108,66
179,107,106,68
174,109,101,69
170,104,102,70
170,104,102,70
160,102,108,70
151,100,111,69
154,102,111,69
148,102,112,68
145,101,112,65
144,103,113,66
153,101,112,67
155,105,112,67
160,103,109,66
163,104,109,69
168,107,106,68
173,103,102,68
180,103,98,64
182,105,100,64
185,106,101,64
182,103,102,65
183,108,102,64
178,106,103,65
179,107,102,66
180,107,100,66
171,104,101,67
169,104,101,68
164,106,103,69
166,108,103,70
164,108,103,69
158,107,105,68
166,105,103,69
158,108,106,69
155,103,106,67
150,107,110,67
146,106,111,65
143,107,111,66
142,110,112,67
140,108,108,67
137,114,108,68
136,111,108,68
138,112,107,67
136,113,108,67
140,111,109,67
140,107,109,64
140,107,111,64
140,108,111,62
143,104,112,62
145,106,115,64
141,108,118,64
138,106,117,65
146,104,119,66
150,103,118,65
145,102,120,66
146,103,119,65
153,106,119,66
154,102,116,65
164,105,114,65
173,104,114,64
175,104,113,66
185,104,113,66
183,104,113,66
190,109,111,66
193,105,111,67
187,106,113,68
192,104,112,67
197,109,111,68
201,107,109,67
192,105,112,68
181,102,116,68
178,102,118,69
180,101,118,68
176,100,117,71
175,98,123,73
174,99,126,74
175,97,127,75
172,103,123,74
175,100,126,74
181,98,123,74
192,101,123,76
189,99,122,73
189,100,119,73
190,98,118,74
194,99,115,75
194,100,113,73
194,102,113,75
197,105,111,75
192,101,111,74
195,104,109,75
191,98,113,75
199,99,117,75
188,95,115,74
203,97,116,76
200,96,120,77
213,98,121,78
223,96,120,78
220,96,123,77
226,93,120,75
210,89,141,81
220,94,123,77
224,92,126,77
219,93,128,79
207,92,139,82
217,94,126,79
210,97,128,80
211,95,129,82
211,96,132,83
207,96,134,86
194,94,133,85
187,93,137,87
176,90,136,87
169,87,137,88
168,93,138,89
165,91,133,86
158,94,135,85
143,90,139,84
143,98,139,83
130,97,142,81
129,102,144,82
136,100,143,83
136,89,138,80
134,98,137,82
154,91,130,83
160,90,130,85
170,89,127,84
169,92,134,82
187,95,136,80
183,93,137,77
195,99,138,76
186,96,140,76
187,98,141,78
186,97,143,79
190,97,142,78
190,97,145,80
188,98,148,82
172,91,148,83
186,96,145,81
176,92,145,83
176,90,143,87
161,91,141,88
161,88,134,88
155,88,134,87
159,92,136,86
148,93,138,84
154,92,134,82
148,90,136,81
145,91,137,82
145,90,138,82
157,89,134,84
155,93,134,83
159,93,131,83
157,92,131,84
170,91,135,86
165,90,138,87
176,88,140,88
186,90,141,89
187,90,140,88
180,88,147,90
189,84,150,91
179,83,150,89
190,84,147,88
189,85,153,90
189,85,153,92
179,81,152,95
177,84,148,92
169,85,146,93
167,84,143,91
160,86,143,91
160,89,143,90
160,92,136,89
155,87,137,88
155,88,138,86
136,89,143,87
140,87,143,86
136,91,144,86
143,90,139,85
149,91,137,87
154,90,132,85
162,91,131,87
169,90,133,87
166,90,135,84
185,92,139,83
179,91,139,82
188,94,138,81
194,95,138,79
191,97,137,79
198,98,138,78
201,96,137,77
197,99,135,79
197,98,133,79
191,96,133,78
196,96,133,79
191,96,133,80
188,96,133,82
183,96,136,84
176,93,134,85
173,92,134,85
173,93,133,84
161,88,132,85
159,93,129,86
162,90,128,84
154,92,129,84
157,94,129,82
141,93,134,82
148,91,132,81
137,92,135,80
147,95,133,79
155,94,130,78
159,89,126,77
153,94,129,79
161,93,127,79
154,91,129,81
163,91,125,80
156,90,128,81
162,92,126,81
161,90,128,81
163,87,126,81
165,88,125,81
169,89,127,83
168,87,127,82
172,88,126,82
171,89,126,82
167,86,130,84
166,85,133,87
168,87,132,88
170,88,131,87
164,91,132,87
158,88,132,85
168,91,128,84
160,90,129,82
160,92,131,82
156,95,131,85
158,93,130,84
160,94,129,82
156,92,131,83
156,90,131,82
165,92,130,83
158,94,132,81
158,95,134,83
150,89,134,80
155,93,133,80
162,94,132,80
154,95,134,81
160,93,132,80
167,95,129,80
160,93,133,81
170,96,130,80
172,96,129,80
163,94,133,81
173,97,131,81
172,96,131,80
170,93,131,80
168,89,152,85
167,87,153,85
180,93,132,79
172,91,136,80
162,85,167,90
178,94,138,82
176,93,138,82
169,90,150,86
169,83,156,86
176,89,140,82
179,89,140,83
178,87,140,83
170,90,144,85
162,87,146,86
163,89,148,86
166,85,149,87
171,86,150,86
177,86,146,85
168,85,152,88
169,82,152,90
185,75,146,91
173,75,149,89
170,78,147,91
161,87,144,92
161,87,145,94
163,85,143,92
157,84,144,92
161,86,144,95
162,85,142,93
150,83,145,88
163,87,143,90
163,85,139,85
163,89,138,86
156,87,139,87
159,85,140,88
161,85,138,88
155,77,143,85
159,79,145,86
165,80,145,91
166,81,144,90
172,86,143,90
166,80,139,86
179,89,139,86
175,87,140,85
181,85,135,81
190,86,137,81
193,88,140,80
203,90,142,82
206,92,140,80
194,96,142,82
198,91,144,82
189,91,152,84
177,96,168,82
153,90,169,80
158,88,174,82
152,86,181,84
152,85,184,84
159,84,178,84
159,84,178,84
143,87,180,87
156,95,170,86
137,91,180,86
164,98,167,89
145,99,176,91
135,90,180,88
143,83,171,87
170,87,156,86
160,86,162,86
105,92,176,93
97,96,181,95
94,103,190,96
91,102,197,97
88,102,198,96
96,102,199,98
98,103,198,100
91,97,192,100
100,101,191,101
96,105,192,101
92,101,193,100
97,102,195,101
104,108,194,101
102,103,191,100
102,102,188,101
107,96,181,99
119,90,174,99
139,87,170,97
173,86,160,88
152,85,176,91
128,94,189,97
120,93,189,98
127,94,191,98
132,90,193,99
145,88,192,101
141,87,190,101
146,85,193,102
146,89,192,103
144,90,188,103
149,81,183,100
153,83,187,101
156,79,179,100
175,79,183,94
174,77,181,94
168,79,168,97
162,79,164,101
149,75,158,99
149,74,156,96
135,74,165,99
136,70,164,97
137,67,162,96
120,73,168,96
129,83,167,98
136,78,167,97
128,81,170,98
133,81,169,100
140,82,164,101
136,77,162,100
136,73,160,100
134,75,163,102
129,77,164,102
138,76,162,101
140,76,161,103
141,77,163,102
147,77,161,98
155,80,159,99
163,77,155,97
156,85,159,98
158,84,153,95
155,86,157,95
147,86,154,94
147,89,153,94
157,87,151,91
147,87,151,91
156,92,151,92
164,92,149,91
148,88,151,91
151,90,151,92
149,88,150,93
153,90,151,93
148,90,147,90
145,89,147,89
141,84,155,90
137,83,149,87
135,89,153,87
143,85,151,87
126,82,158,87
134,82,157,86
134,86,159,86
133,85,158,83
123,85,158,82
131,86,158,81
135,85,157,82
133,87,160,83
136,88,155,82
129,81,153,82
133,89,155,84
143,88,150,85
140,88,148,84
140,90,146,83
150,92,141,83
155,91,139,84
147,92,141,86
154,92,139,85
153,91,139,85
152,87,138,84
159,92,138,85
145,91,143,84
146,97,145,86
149,90,144,82
139,88,145,83
145,94,144,82
147,92,143,80
145,91,146,81
142,89,145,80
145,94,146,82
145,93,145,81
147,97,146,83
150,94,142,80
156,93,140,81
149,92,141,80
154,89,139,80
151,93,141,81
152,89,139,79
155,95,139,80
153,89,139,78
153,91,140,77
145,97,145,79
153,92,142,76
151,94,146,79
140,92,143,77
135,93,141,75
132,100,143,76
139,98,144,77
137,100,138,76
133,96,135,74
137,95,136,74
144,90,137,74
141,94,134,72
142,95,136,71
144,96,141,73
149,96,142,73
149,95,142,74
148,96,139,73
150,96,141,75
165,94,138,74
173,94,138,76
180,97,134,76
183,97,131,76
176,93,133,76
180,94,131,77
181,94,129,77
184,96,127,76
182,96,128,76
189,96,124,74
179,96,127,75
178,97,129,77
179,92,130,77
184,94,129,78
177,94,132,79
177,95,133,78
169,91,136,79
173,91,136,79
168,88,137,79
160,93,143,79
158,92,145,77
158,89,145,78
160,89,149,78
150,83,149,77
152,81,153,78
147,81,157,78
122,92,157,77
117,90,154,77
103,102,150,76
110,96,147,76
113,97,147,78
117,95,142,78
118,94,143,78
120,95,141,78
130,91,142,80
131,90,143,81
134,85,142,82
150,85,144,87
139,88,141,84
152,88,145,87
157,89,143,88
148,88,143,85
148,89,145,85
148,94,148,86
155,90,147,83
158,92,145,82
149,90,146,82
149,93,148,82
149,92,143,81
149,91,141,80
146,93,145,81
149,94,148,80
153,92,151,80
143,84,156,82
136,81,162,84
151,84,161,85
153,83,161,86
167,87,156,85
178,86,153,86
179,84,153,85
168,85,161,89
176,83,160,87
184,89,156,86
178,86,158,85
168,85,160,89
169,85,156,88
176,90,159,88
156,88,169,90
147,81,171,90
148,87,169,91
150,86,165,91
132,87,166,92
134,82,163,90
137,82,161,92
124,84,163,94
126,84,164,94
124,81,166,95
118,83,168,97
110,81,167,96
105,85,174,98
125,81,169,97
117,84,167,97
125,85,169,98
122,84,170,98
128,79,168,94
123,81,171,95
138,83,172,96
141,87,172,96
146,89,174,95
139,85,172,94
141,84,178,94
149,82,178,94
149,87,176,94
154,85,172,92
153,88,176,94
165,87,174,94
163,87,176,98
163,84,175,97
170,87,175,98
173,86,173,96
172,86,172,97
176,89,170,98
171,86,173,98
162,86,176,100
171,87,175,99
173,89,171,98
170,86,173,98
173,87,175,99
167,85,178,101
164,84,180,101
169,86,181,99
162,85,185,102
161,84,186,104
164,84,183,103
162,80,187,106
159,82,187,108
164,81,185,107
167,80,183,107
157,80,189,112
164,79,189,111
161,80,189,113
160,78,191,112
152,76,195,116
154,75,193,113
159,79,189,112
159,77,187,110
157,80,186,111
165,83,183,110
165,80,178,109
166,82,176,109
160,79,179,112
167,81,175,111
168,80,174,111
164,80,177,112
167,79,175,110
159,79,180,110
157,81,179,108
162,81,180,108
159,79,179,107
145,79,187,110
157,83,191,110
173,79,192,105
166,80,192,104
160,81,190,104
170,81,187,105
180,82,184,105
172,78,182,103
176,81,184,105
169,82,185,105
170,82,184,105
174,81,185,106
181,80,187,107
169,81,192,111
161,80,193,111
167,75,189,109
159,75,190,110
171,81,188,108
172,79,191,109
167,76,190,108
161,78,195,111
170,75,193,113
173,76,191,113
161,75,194,115
166,72,192,114
161,77,189,114
163,77,183,110
155,77,187,112
155,77,186,112
175,77,180,110
154,78,184,109
164,78,180,107
162,81,183,107
173,83,180,105
166,82,180,102
164,83,181,103
158,86,186,105
168,83,182,101
157,85,193,107
159,82,184,102
166,89,182,102
160,86,182,101
158,88,182,101
167,87,178,98
164,88,183,100
157,88,187,103
162,84,189,102
156,84,193,105
158,82,207,110
146,81,200,109
155,77,195,109
148,79,197,111
150,77,191,110
151,80,191,112
145,77,193,114
142,75,193,113
131,72,197,114
147,77,195,114
141,72,191,113
145,74,193,113
133,70,220,120
153,77,188,111
147,74,189,110
144,76,193,112
153,78,188,109
149,80,190,110
132,76,193,112
149,76,190,111
129,77,197,112
135,72,197,111
136,82,211,114
128,79,217,116
141,77,209,115
146,75,204,116
145,73,206,116
149,76,205,115
153,75,205,116
164,75,198,115
166,74,193,113
173,74,188,112
167,75,189,111
170,73,185,110
178,74,183,110
176,74,185,109
168,78,186,107
164,79,189,107
170,77,182,108
168,75,180,108
170,78,178,107
171,76,179,106
163,74,188,108
166,81,191,109
160,78,193,110
164,77,193,110
167,77,191,110
163,75,190,109
166,79,190,109
161,77,186,109
172,75,182,108
165,78,184,109
157,77,185,108
162,81,183,108
160,74,183,108
168,77,183,109
170,77,184,109
162,73,184,108
174,83,184,107
173,78,186,108
170,81,186,107
165,77,183,105
168,79,185,106
164,76,189,108
167,77,187,108
171,76,189,110
168,81,186,109
167,78,186,108
165,76,187,108
170,79,181,107
170,79,182,108
171,80,182,109
159,76,182,110
168,76,178,109
175,78,182,106
176,79,183,106
169,76,183,105
175,72,182,106
172,76,183,107
171,73,179,108
161,75,182,108
166,73,183,110
151,72,184,111
158,72,181,114
171,77,176,110
164,78,175,112
170,80,176,111
167,80,180,110
166,78,179,110
161,77,180,110
158,78,183,112
170,76,182,113
168,77,185,114
153,71,187,114
160,74,188,115
151,72,189,115
151,71,187,113
159,74,189,115
157,75,193,115
161,78,190,112
153,77,192,112
150,72,202,115
159,73,197,115
161,76,200,116
154,71,203,116
152,70,202,115
157,69,216,119
175,75,185,110
163,76,185,109
152,71,215,119
155,71,202,115
171,75,187,112
159,73,189,112
168,71,185,110
161,74,183,109
170,77,181,109
157,75,211,118
156,75,186,112
163,75,185,112
156,69,198,114
161,77,183,111
163,76,181,112
161,78,183,112
159,81,182,112
145,79,179,111
145,79,175,111
134,76,184,112
128,80,186,112
134,76,169,109
129,77,165,107
118,77,194,111
123,79,181,109
137,81,163,107
143,81,165,107
136,79,167,105
141,81,169,105
151,83,170,105
147,85,174,107
147,81,170,105
148,86,175,106
158,86,174,104
147,84,177,106
152,77,171,105
158,83,173,105
158,85,175,105
163,81,173,105
160,84,173,105
168,87,174,104
158,82,176,106
160,77,174,105
169,86,172,104
167,83,174,104
158,85,177,105
154,83,174,105
167,86,173,104
163,81,172,103
164,84,175,104
170,85,177,106
155,79,180,108
151,81,182,108
163,84,179,106
168,82,180,106
167,81,181,105
162,81,181,105
158,82,181,106
165,84,182,106
165,81,185,107
162,84,188,109
158,82,194,111
152,74,193,111
156,76,194,111
155,78,196,112
154,80,199,113
157,74,195,112
166,78,191,110
151,75,193,111
159,79,193,110
161,79,190,109
155,78,192,110
159,83,195,112
162,78,194,111
159,81,190,109
165,81,190,109
157,77,190,110
165,80,188,108
160,80,188,108
153,80,194,111
152,79,194,111
160,78,192,110
153,79,191,111
162,80,189,109
162,79,189,109
153,79,194,111
161,83,192,111
162,80,192,111
164,80,190,110
160,76,187,108
154,78,186,108
163,77,184,107
170,82,184,106
158,82,190,110
164,77,186,108
158,81,191,110
162,76,190,110
159,81,194,111
151,71,192,112
150,76,192,111
159,79,191,111
155,78,192,111
159,77,193,112
166,79,190,111
157,77,192,110
168,80,190,110
160,79,195,113
156,74,194,112
151,75,193,112
153,77,196,113
166,77,201,114
158,75,201,114
152,77,204,113
152,76,204,113
150,75,204,112
155,75,203,110
158,76,206,110
161,77,207,110
154,73,208,110
153,78,209,108
151,72,208,110
159,76,205,107
150,78,205,110
164,74,193,107
155,77,194,109
147,76,197,112
152,70,192,111
160,80,185,107
146,70,189,109
164,80,189,106
159,77,184,106
156,76,187,107
159,78,187,108
160,81,187,109
164,82,183,107
164,82,182,106
174,87,179,104
162,81,183,106
162,77,185,106
169,79,185,104
159,81,187,108
162,81,185,106
163,78,187,107
162,80,189,108
157,79,189,109
152,75,192,110
157,77,189,109
161,79,188,107
162,79,186,107
164,80,186,108
164,76,188,109
152,76,190,110
153,74,190,111
155,76,188,110
154,76,191,111
156,80,190,110
160,74,191,110
157,76,195,111
159,74,195,112
161,70,194,113
159,75,195,113
165,78,195,112
152,70,197,114
153,76,198,114
147,73,200,115
148,70,196,114
153,72,197,115
155,74,194,114
159,73,195,112
152,73,200,114
154,73,198,113
154,72,206,115
152,71,211,115
143,72,215,116
152,72,212,116
150,70,205,116
160,69,200,118
171,75,191,115
161,72,187,114
155,71,188,113
157,76,184,111
164,76,180,110
159,76,178,110
165,73,174,108
152,73,176,108
159,78,177,107
153,73,177,108
155,76,179,110
140,73,186,111
149,73,185,111
141,65,175,109
147,73,173,108
151,81,174,107
155,82,174,107
129,70,191,112
120,69,195,115
137,74,178,111
129,68,176,108
134,77,179,111
140,77,180,113
129,78,181,111
132,75,192,113
126,69,190,112
144,75,174,109
137,74,180,110
139,73,181,111
149,78,176,109
135,74,176,107
135,74,204,116
142,75,176,109
146,78,176,110
145,72,175,108
149,73,176,108
140,75,176,105
149,82,174,106
149,76,170,104
140,74,186,107
128,70,212,114
140,71,186,106
135,72,204,112
162,79,175,104
148,76,177,103
160,77,177,103
145,74,202,110
168,78,177,100
162,78,178,100
170,79,179,101
167,79,181,101
173,78,182,101
161,77,194,105
158,73,205,110
156,70,205,109
169,80,182,103
163,75,196,107
168,79,186,106
165,77,185,105
172,82,186,105
174,81,182,104
168,82,184,105
146,72,212,114
163,75,195,108
173,81,181,103
170,80,183,105
165,74,208,113
172,77,184,105
160,77,198,110
158,76,187,107
163,78,197,110
161,78,186,106
167,79,182,104
172,79,183,105
161,77,196,109
172,77,181,103
165,79,183,104
166,79,181,103
173,81,176,100
174,81,178,101
172,81,177,102
167,76,191,107
163,76,191,108
162,77,180,108
157,75,180,109
149,74,184,113
135,74,180,112
131,72,190,113
145,76,180,113
135,75,182,114
148,74,177,112
138,71,179,111
121,71,194,116
135,72,178,114
136,72,176,112
135,75,178,110
146,76,189,112
143,75,178,108
150,75,175,107
152,80,177,106
164,79,174,104
165,82,174,105
162,78,170,103
161,79,172,103
166,83,171,102
162,79,174,103
174,84,173,101
164,81,174,101
159,82,179,104
177,85,174,101
170,82,174,101
175,82,175,100
172,83,175,100
166,82,175,99
174,84,174,97
170,86,174,97
172,84,177,98
167,80,174,100
171,83,173,98
166,85,172,98
162,80,172,99
174,85,170,98
170,83,169,99
171,88,169,100
179,85,168,99
160,84,170,100
165,80,165,98
160,80,163,99
160,84,164,98
167,85,166,99
166,84,161,97
159,81,163,98
160,82,167,100
166,85,168,100
165,86,165,98
172,85,165,97
167,87,165,97
177,85,160,93
174,86,159,91
175,86,159,92
164,89,164,93
167,85,162,94
177,88,162,93
178,92,164,95
171,86,159,94
174,83,157,94
177,88,154,92
171,85,153,93
163,86,158,95
166,86,160,96
174,87,159,95
172,88,157,94
166,84,156,94
172,85,156,95
180,88,154,93
175,89,157,92
183,89,155,90
176,91,157,91
169,87,158,92
180,89,158,91
179,91,156,90
165,84,157,90
167,87,156,89
174,87,157,90
169,88,157,90
164,88,159,91
181,92,153,88
175,89,153,88
170,91,155,88
179,90,152,88
173,88,152,88
184,93,149,86
177,91,151,87
161,89,158,91
174,89,154,89
181,89,153,88
171,91,156,89
166,84,158,91
168,87,160,91
169,87,161,92
171,88,164,93
174,85,165,94
171,86,165,95
174,85,168,96
173,87,163,95
172,84,162,94
170,83,158,93
173,82,160,94
177,82,159,92
169,82,159,92
182,85,159,92
178,83,162,94
172,84,165,94
175,83,164,95
173,83,164,94
173,85,164,94
179,85,161,92
170,82,164,94
178,87,162,92
174,85,164,93
184,91,162,92
177,88,165,93
169,85,165,94
179,90,163,93
182,86,161,91
176,86,163,93
173,87,163,92
172,82,159,91
160,80,163,94
159,81,165,94
163,78,163,93
160,83,166,94
154,82,170,94
157,81,172,99
170,82,169,97
176,86,174,97
164,83,171,95
173,84,167,94
171,86,165,94
173,86,166,95
175,87,165,95
179,89,164,94
183,87,164,94
169,84,168,97
167,85,171,96
166,86,173,98
169,85,172,98
168,86,171,97
168,82,170,97
167,86,170,97
164,85,165,94
173,87,164,93
159,83,168,94
160,83,164,93
174,85,157,90
161,84,164,93
160,83,162,92
163,84,164,93
166,85,168,95
173,83,164,96
168,86,165,98
162,85,168,98
170,87,164,97
163,84,166,98
158,80,168,99
163,86,169,99
164,83,169,99
170,91,169,98
163,87,169,99
169,87,166,97
167,86,165,97
160,86,170,99
161,86,169,99
157,83,172,99
170,88,172,100
167,86,175,101
163,89,174,101
164,82,175,102
158,83,176,102
156,83,179,104
163,82,178,102
163,84,180,103
159,83,177,101
158,80,178,102
170,86,176,101
161,83,177,103
156,80,175,102
163,81,172,100
159,83,174,101
159,80,176,102
171,85,172,99
166,88,174,100
160,88,177,101
163,85,176,101
162,84,176,100
155,81,178,101
157,83,175,99
165,87,174,98
163,86,176,99
163,85,178,101
159,85,175,100
161,83,175,101
158,84,171,101
170,84,172,101
155,82,172,101
161,86,171,101
162,82,173,101
166,79,172,101
162,84,170,101
154,80,172,102
159,83,170,101
162,82,168,100
163,87,167,98
151,82,170,102
152,78,170,101
165,85,168,100
153,78,171,102
164,83,170,102
166,84,169,100
173,84,169,100
169,81,168,99
171,82,170,100
171,83,168,99
176,85,165,97
172,85,164,97
170,85,166,99
180,83,164,97
171,86,168,100
173,81,166,99
167,82,168,100
174,83,165,97
177,85,166,98
171,77,169,99
177,85,169,100
177,85,169,100
173,86,170,101
169,83,169,99
164,78,168,99
175,85,169,99
182,89,168,99
171,83,177,102
177,85,162,97
169,82,173,100
172,84,159,98
176,84,160,98
176,81,160,98
190,84,157,95
170,81,161,98
168,79,161,98
180,83,163,99
174,85,163,99
177,83,163,98
175,83,162,98
177,80,160,97
171,81,160,97
177,86,157,95
182,86,157,94
178,81,161,97
177,84,159,96
169,87,162,98
173,81,161,97
170,83,162,98
169,85,162,98
172,83,163,99
169,81,165,99
172,84,166,100
180,81,162,97
175,83,163,99
169,85,165,99
171,82,166,101
167,79,169,102
169,81,168,102
178,84,167,101
167,79,166,101
165,79,166,102
169,81,165,102
168,79,166,101
170,83,166,102
169,84,165,102
168,79,166,103
157,81,169,104
158,80,172,106
157,75,169,104
158,73,180,107
154,79,174,106
157,80,175,106
146,75,189,110
151,77,185,109
145,78,200,112
139,76,212,114
149,77,183,107
142,74,201,112
150,81,189,110
154,78,176,108
154,77,173,106
132,78,201,112
153,81,172,102
151,83,173,101
148,79,172,101
143,81,169,102
135,80,171,102
135,80,172,102
136,83,171,104
132,79,171,103
131,83,175,108
131,79,175,110
127,76,189,114
133,75,172,109
141,82,169,106
126,76,183,108
107,72,218,114
127,78,191,106
135,83,192,109
130,77,178,104
127,82,193,109
127,80,191,107
130,83,176,103
147,87,170,103
134,81,194,107
131,80,196,107
147,88,154,97
151,87,155,98
144,88,169,101
134,82,193,105
135,87,182,103
149,89,165,98
158,88,147,96
149,85,151,96
147,84,152,97
139,81,152,96
138,84,153,98
134,82,155,97
150,81,149,98
154,83,149,95
158,79,154,96
168,82,158,95
184,83,158,93
180,85,161,94
174,81,171,98
180,79,160,94
183,82,162,96
170,79,165,99
175,79,165,100
169,77,168,102
177,78,166,100
179,79,163,99
174,78,165,99
175,81,168,101
170,80,170,101
170,80,171,102
172,78,172,103
161,77,174,105
170,78,171,103
172,77,178,105
179,75,165,102
175,80,163,103
171,79,177,106
169,75,166,104
173,81,166,106
165,82,167,104
166,85,168,105
163,83,161,103
154,78,160,104
151,82,155,103
149,81,153,101
139,77,179,105
140,81,178,105
163,85,149,101
150,84,157,100
155,84,155,99
159,84,155,99
154,81,155,99
157,87,158,99
167,90,156,99
164,82,153,99
155,85,156,99
168,88,156,99
169,84,157,99
166,85,158,99
171,84,156,98
172,88,154,97
167,85,155,97
168,83,158,97
175,87,156,97
172,85,159,98
171,87,162,99
175,84,159,98
173,85,162,98
170,85,161,97
167,83,158,97
175,87,161,97
177,85,161,98
172,83,160,97
178,85,159,96
168,84,159,96
173,84,162,97
167,85,161,96
164,82,159,98
160,81,159,97
165,81,158,97
165,79,161,98
172,84,167,98
173,83,165,97
174,89,164,95
168,84,164,96
165,82,164,96
170,82,161,97
172,84,160,96
172,85,159,95
172,85,158,95
174,89,160,93
172,89,160,94
167,86,164,94
173,86,164,93
172,87,163,93
172,91,162,94
172,89,163,92
174,89,165,93
167,86,169,94
170,90,166,95
178,89,164,93
168,88,162,95
172,86,160,95
174,88,158,97
172,85,157,96
165,87,159,96
168,84,155,93
175,85,158,94
162,87,161,95
171,87,162,94
169,85,161,93
166,83,163,94
162,86,160,93
166,87,159,93
167,87,158,92
158,85,162,94
162,86,161,93
157,85,161,92
163,89,161,90
164,88,160,90
162,89,159,93
158,88,164,94
156,88,161,92
160,89,163,93
159,89,170,93
158,86,172,94
155,85,170,95
154,85,172,96
151,85,168,95
160,88,163,93
155,86,164,94
156,89,163,93
165,88,162,93
152,79,164,95
159,85,166,97
159,90,168,96
153,85,168,96
153,84,168,97
161,86,167,97
159,85,165,95
161,90,167,97
166,88,171,98
163,83,166,97
163,90,168,98
165,85,171,100
164,87,171,99
169,86,169,98
171,88,171,97
171,88,173,99
167,85,173,101
163,79,173,100
175,79,172,100
167,89,178,101
173,86,177,100
163,84,177,101
176,85,175,99
168,83,171,99
170,85,173,99
177,88,171,98
168,86,172,99
167,86,173,100
162,85,175,101
167,84,172,100
163,81,175,101
168,87,174,100
163,83,176,102
162,84,177,102
171,86,174,100
163,82,176,101
166,84,173,100
164,85,175,100
173,88,174,100
167,85,173,99
174,84,170,98
167,84,169,98
178,82,170,97
175,88,167,96
171,85,170,98
176,85,167,97
163,83,170,98
172,83,171,99
167,88,175,101
174,90,173,100
172,85,174,100
171,81,173,101
166,81,172,101
166,83,173,101
169,82,171,100
174,87,168,98
173,82,169,101
177,87,172,101
170,86,174,102
165,81,176,104
164,79,174,103
163,81,178,105
169,80,178,105
169,79,180,106
166,80,182,108
178,81,180,107
160,78,178,106
165,80,179,107
156,75,182,109
172,76,185,110
152,77,187,111
162,79,183,110
151,77,181,111
142,75,182,111
145,76,180,109
141,78,177,108
143,82,175,108
139,84,185,110
125,79,201,113
137,80,171,106
137,84,170,105
123,78,185,108
123,82,185,109
126,80,183,108
131,84,168,101
119,80,183,104
124,84,173,99
129,84,172,98
132,86,170,97
125,86,171,96
118,85,172,95
117,85,171,95
110,87,175,94
113,87,175,95
119,86,174,95
118,86,175,96
112,83,176,98
124,84,173,98
121,81,184,102
118,87,176,98
127,82,175,98
117,75,193,104
137,87,178,102
126,80,202,108
131,76,202,108
124,74,216,113
123,77,228,116
156,82,176,102
156,85,166,101
152,81,163,101
164,82,162,99
168,82,161,99
158,80,164,101
158,82,162,100
157,85,166,101
162,82,163,100
157,82,162,100
154,85,159,99
153,87,157,98
142,80,168,100
154,87,154,98
142,82,178,101
143,85,179,101
153,88,154,94
150,89,166,98
149,84,153,93
145,82,158,94
136,87,160,93
146,81,157,95
137,84,159,93
137,89,161,94
143,85,158,94
132,82,174,97
144,85,158,95
138,82,184,102
135,80,184,102
139,83,194,106
137,86,193,105
135,80,193,105
129,79,206,108
138,84,192,105
138,86,194,106
157,84,154,94
159,86,157,96
155,84,155,95
151,90,156,95
163,91,156,93
157,91,156,94
154,87,153,94
155,89,150,92
154,89,150,91
154,90,147,90
161,92,148,91
165,91,146,90
161,93,149,92
162,92,148,91
151,90,152,93
144,84,185,100
152,91,160,94
141,86,175,99
143,84,161,95
145,84,186,101
155,92,148,93
150,87,174,99
149,86,161,96
149,86,172,98
154,86,150,94
149,87,163,97
150,86,164,97
154,89,152,96
145,82,177,100
157,91,152,95
156,86,163,97
158,90,152,95
152,85,153,96
158,86,152,96
160,88,155,97
150,85,165,99
147,85,155,96
156,90,152,95
161,86,150,94
153,86,163,97
159,89,149,93
156,90,150,94
159,87,147,93
151,85,149,93
154,87,161,96
156,89,149,94
152,85,159,96
152,89,159,97
152,86,158,95
157,88,158,95
161,87,143,94
165,89,143,94
156,84,145,94
165,87,147,94
163,87,146,94
165,82,146,93
166,85,148,92
157,85,151,94
158,85,149,94
160,84,147,93
166,89,145,92
170,90,144,91
169,90,142,91
166,91,143,90
167,90,142,90
176,91,140,89
175,89,142,90
174,92,140,89
168,88,142,89
161,87,145,91
168,86,146,93
165,86,148,94
164,84,148,93
159,81,149,93
170,86,148,94
165,88,149,93
166,87,150,94
166,87,148,91
163,84,147,93
163,88,147,92
170,90,146,92
167,87,146,92
164,82,147,93
160,80,146,92
170,91,149,93
164,85,146,93
163,88,147,94
168,84,145,93
162,84,147,93
166,87,148,94
162,86,149,94
164,86,149,95
162,83,150,95
158,85,152,96
159,81,151,96
161,83,149,96
162,81,148,94
156,87,151,95
159,82,148,94
171,86,146,94
166,84,144,92
169,87,143,91
164,83,143,91
169,87,143,92
171,86,147,94
157,85,149,94
162,88,149,95
169,86,147,94
162,85,148,94
167,88,149,95
163,86,149,95
165,86,148,94
164,83,148,94
162,87,147,93
165,80,148,94
167,87,146,93
161,83,149,95
158,82,149,94
165,86,150,96
164,83,149,96
161,87,155,98
164,84,152,96
157,86,154,98
157,85,151,97
160,87,153,97
162,88,153,97
154,87,156,99
159,80,155,97
162,89,158,99
164,87,159,99
154,81,159,100
153,85,157,99
151,82,158,98
156,80,156,96
152,83,156,98
155,82,152,97
155,84,152,97
158,86,165,100
157,85,164,101
149,83,181,105
142,82,181,104
139,81,183,105
147,81,173,104
146,77,170,101
155,83,161,101
146,82,175,103
144,84,166,100
149,82,171,100
145,86,161,96
147,81,170,97
151,82,169,98
154,85,155,94
159,85,153,92
155,86,154,92
148,81,166,95
148,82,163,93
150,82,163,93
151,83,172,95
161,86,150,89
150,84,171,94
153,83,161,91
165,85,148,86
158,89,155,89
154,82,156,88
152,85,160,89
154,81,161,88
151,84,168,89
146,84,172,90
125,91,177,89
124,96,177,90
116,92,179,89
117,91,179,90
116,89,179,90
120,89,181,92
118,89,178,89
130,89,181,92
135,87,181,93
120,92,185,93
120,90,185,92
125,89,185,94
127,85,186,94
130,89,189,97
128,78,190,98
127,88,194,99
119,89,195,99
123,88,194,98
120,83,194,98
117,85,195,98
130,82,191,99
113,85,198,99
117,79,201,102
133,76,191,100
131,73,189,98
137,78,187,98
149,72,178,96
135,72,188,99
142,70,186,100
115,76,200,102
129,74,194,102
135,67,187,102
141,71,184,100
137,72,181,98
145,76,179,98
152,73,171,95
152,76,171,95
152,75,171,94
157,78,169,95
142,74,184,99
145,77,175,95
157,75,166,93
149,76,171,93
150,72,177,97
141,73,185,99
148,72,171,94
149,74,169,93
139,69,191,101
139,72,175,94
145,78,174,94
149,74,167,91
140,75,181,96
145,78,172,93
150,79,171,94
149,76,169,93
145,75,169,93
153,79,166,92
150,77,168,93
141,83,174,93
137,70,189,101
135,70,203,105
130,69,194,102
126,66,223,113
139,72,179,99
137,77,183,99
133,71,196,105
132,69,205,109
133,72,182,99
133,76,185,99
141,74,192,103
143,73,177,98
127,72,186,100
143,82,172,96
129,71,199,106
143,77,176,98
136,73,179,99
136,75,180,97
140,75,181,98
137,72,184,99
131,79,191,99
137,75,189,100
129,68,191,101
134,70,187,99
133,72,187,99
132,75,189,98
135,79,191,99
136,75,190,101
131,72,190,99
133,74,192,100
135,73,189,99
134,73,189,100
135,73,187,99
125,77,194,100
126,73,195,101
133,71,191,102
135,73,192,101
134,73,192,101
127,78,195,99
137,71,188,100
132,69,189,100
125,72,194,99
131,74,195,102
133,69,189,100
134,69,189,101
137,70,189,100
133,76,190,100
133,73,190,101
128,69,191,100
138,70,184,99
139,79,187,98
134,82,188,97
135,74,185,97
142,73,181,96
143,79,183,97
133,79,187,97
140,74,181,97
136,76,185,97
142,74,180,95
145,78,181,97
139,73,183,98
136,69,184,99
136,76,189,101
135,68,185,101
131,70,188,101
124,67,202,107
133,70,189,102
130,77,194,104
121,63,203,108
130,67,190,102
128,72,192,101
128,71,192,102
133,72,190,101
126,72,194,102
132,70,192,103
131,80,197,106
126,71,193,103
132,73,191,101
127,74,193,102
125,74,193,102
123,75,195,102
123,73,193,100
131,76,192,101
128,69,189,100
133,73,189,100
132,79,192,101
128,72,190,100
132,80,188,98
124,79,194,99
123,78,197,101
120,70,198,101
125,66,195,102
123,71,198,103
122,74,203,104
111,71,208,106
121,71,204,105
108,73,213,107
109,80,211,106
111,71,208,105
113,76,207,104
113,74,205,105
112,78,206,104
117,76,202,104
116,74,204,105
119,77,203,106
109,71,205,104
116,76,204,104
119,75,204,105
112,70,206,105
109,71,212,106
120,58,202,108
118,58,205,109
123,60,207,109
118,58,209,110
123,60,210,109
120,56,210,111
111,58,211,108
110,65,215,108
113,64,212,108
105,67,215,108
111,65,207,106
106,73,213,108
109,73,208,107
115,67,199,106
109,72,203,107
122,69,195,106
116,69,198,106
114,72,199,105
116,66,195,104
119,73,207,108
128,67,187,101
119,69,194,101
123,69,193,103
116,65,198,103
129,67,193,103
129,65,192,103
119,65,197,102
120,67,199,103
120,69,198,101
118,70,199,101
116,68,196,101
125,76,192,100
119,75,195,101
123,72,194,103
120,71,205,107
120,72,193,103
122,66,190,102
132,67,182,99
132,74,183,98
132,74,183,98
134,76,184,99
131,76,185,98
125,75,195,101
131,78,186,97
137,71,190,101
135,72,180,97
135,69,177,96
144,68,172,96
142,67,173,97
145,69,170,94
143,72,180,97
143,68,177,96
144,70,178,97
148,78,167,92
148,77,165,92
145,79,166,93
144,76,174,97
137,74,177,98
130,72,196,104
135,77,188,100
148,77,163,93
142,76,174,95
147,78,164,92
145,74,172,94
149,76,164,90
142,76,169,92
142,75,167,90
144,77,167,91
160,78,158,90
157,78,158,89
159,79,153,88
146,80,158,89
163,85,151,89
161,84,151,90
167,84,148,90
160,83,151,90
161,85,152,92
144,77,174,97
156,84,152,91
148,83,164,94
158,86,150,90
157,85,147,90
159,90,147,91
154,88,147,89
160,89,146,89
147,86,153,92
139,79,177,98
148,78,162,94
152,82,152,90
144,77,167,93
140,79,167,88
133,76,179,91
110,81,199,93
138,54,182,95
133,53,193,99
122,48,199,99
131,45,197,103
132,38,195,104
137,38,195,105
137,38,195,105
132,39,205,108
128,36,201,108
131,30,196,106
127,41,206,111
143,40,200,109
136,41,199,105
126,35,194,100
136,39,189,101
136,39,184,99
140,46,182,99
133,52,180,98
142,65,178,97
144,68,179,97
137,64,180,98
138,64,180,97
133,66,184,98
140,63,175,101
148,69,171,101
140,69,172,100
144,75,171,103
155,74,163,99
154,74,162,102
156,75,163,101
158,80,170,103
152,77,167,102
165,81,168,102
150,77,167,101
147,72,177,104
153,76,166,103
137,71,179,104
124,75,203,109
131,78,192,107
117,72,216,112
132,79,171,98
126,73,190,103
133,76,180,99
134,74,173,96
133,73,179,97
132,71,179,97
122,74,185,98
119,78,186,101
109,79,185,104
119,81,180,106
116,80,181,105
120,79,180,107
122,81,180,108
125,77,180,106
135,78,176,107
138,74,176,105
136,76,176,105
133,70,175,104
135,69,186,108
138,71,174,106
148,74,171,106
128,72,186,108
142,71,168,104
134,66,170,103
142,70,171,107
117,68,203,115
123,68,204,115
122,68,190,111
122,71,188,110
114,69,205,114
122,70,190,110
122,73,201,112
123,73,202,113
118,75,226,118
115,69,223,116
131,78,196,109
123,76,208,112
113,70,232,118
127,80,195,107
126,77,205,110
132,80,192,106
130,77,192,106
136,78,178,102
135,81,172,100
128,76,196,108
131,77,182,104
130,76,182,103
133,77,184,104
122,75,198,108
112,71,203,109
131,81,175,102
128,74,193,107
131,75,181,102
108,71,232,118
134,80,183,105
119,72,209,112
132,76,182,105
137,81,179,104
113,73,229,116
122,73,229,116
121,75,217,113
121,75,207,111
151,80,165,100
154,82,166,100
141,75,169,101
153,81,166,101
149,81,164,100
147,79,168,100
147,79,168,101
141,78,169,100
132,77,194,108
133,80,184,105
114,73,226,117
118,73,209,112
119,74,200,109
124,77,200,109
117,73,193,106
112,67,213,113
120,74,202,110
121,72,203,111
114,77,191,106
117,71,199,109
142,79,169,102
143,72,168,101
139,73,170,103
135,73,181,106
136,73,168,102
128,71,205,112
140,72,181,108
148,72,166,104
148,68,173,106
146,67,174,106
157,71,174,107
157,68,181,108
151,67,184,109
143,63,188,107
152,68,187,108
154,72,190,107
159,73,188,107
156,65,191,108
154,69,192,109
150,68,193,108
160,63,190,110
147,69,195,110
145,65,197,112
162,64,186,109
156,65,183,111
149,65,183,111
143,66,183,113
142,65,184,115
128,63,187,115
121,62,203,118
118,63,185,114
106,69,213,120
100,67,211,119
94,63,233,126
88,63,235,126
78,62,249,131
73,62,250,131
75,65,251,131
101,69,217,123
83,63,235,127
116,71,199,119
130,67,184,114
130,69,190,114
