257,123,385,337
256,129,379,332
254,117,379,341
266,112,382,342
260,102,382,344
268,95,379,339
274,94,374,337
267,93,376,338
267,93,376,338
284,66,366,300
285,69,368,303
280,72,370,300
265,78,379,296
257,79,383,303
257,79,383,303
265,76,373,308
265,77,370,312
268,74,364,304
269,73,360,304
260,75,363,303
250,77,365,306
247,73,366,309
245,71,370,303
248,69,368,304
237,69,381,306
240,65,380,304
250,61,372,306
253,66,369,309
257,65,365,311
264,63,361,316
275,57,354,310
273,57,357,315
270,61,360,315
266,62,370,321
259,67,374,321
251,70,381,327
243,71,389,328
232,77,396,324
223,78,399,326
204,76,409,322
197,77,413,326
187,79,424,335
178,82,427,333
176,88,425,330
194,88,433,333
202,93,433,333
195,98,434,338
198,98,443,347
204,93,445,358
213,92,437,360
211,90,441,360
216,88,444,361
216,88,443,358
211,84,449,359
206,84,452,356
201,86,450,353
203,86,451,351
205,82,446,350
197,81,446,354
193,81,445,356
206,86,437,354
202,88,442,353
181,89,451,355
137,81,448,366
117,82,452,365
113,79,459,372
148,55,441,377
168,44,431,378
175,42,434,382
191,36,437,393
178,40,439,385
167,45,444,383
163,45,449,381
171,46,446,380
142,55,450,385
130,56,454,392
136,56,451,386
155,54,453,379
150,61,455,383
157,65,458,381
156,65,461,381
158,67,465,383
161,67,466,383
161,67,466,379
170,66,462,377
176,66,457,379
181,67,456,378
181,66,459,379
190,66,457,377
190,70,457,371
185,67,459,374
199,62,460,379
194,58,458,376
199,53,456,376
201,52,452,376
203,50,453,384
208,47,456,387
211,48,463,385
218,54,457,378
201,36,497,420
157,1,561,491
209,32,491,415
214,45,472,388
241,52,445,361
242,53,448,363
242,53,449,365
243,52,445,362
243,51,445,366
248,48,439,364
243,49,441,359
247,49,434,355
249,51,430,355
239,42,451,376
255,53,425,345
256,49,424,336
246,52,432,346
242,55,437,352
228,61,441,354
184,14,527,455
183,28,513,439
182,30,512,437
198,55,470,389
222,58,437,365
229,50,431,367
239,44,423,369
233,48,425,366
235,49,425,364
232,50,428,362
232,50,435,362
222,54,445,361
190,37,490,406
203,67,445,358
181,40,495,417
147,0,560,490
163,12,528,460
170,17,531,462
186,43,480,410
161,15,531,461
153,2,551,483
172,15,524,455
163,1,547,479
174,14,523,453
177,14,526,456
158,0,559,490
152,0,559,489
153,0,559,489
168,2,554,485
181,0,554,485
170,0,558,489
169,2,561,491
169,0,560,490
164,0,567,496
164,1,568,497
169,3,565,495
167,0,572,501
175,1,566,495
164,0,566,496
161,0,569,498
165,0,567,497
162,0,570,499
174,0,570,499
172,0,566,495
161,0,566,496
173,0,562,492
180,2,557,487
167,0,566,496
180,1,557,488
175,0,567,496
175,1,558,489
164,1,565,495
173,2,564,494
166,1,567,496
175,1,557,487
171,7,561,491
170,0,565,495
164,2,572,501
168,2,571,500
163,0,575,503
166,2,572,501
162,0,568,497
160,0,566,496
157,0,565,494
161,0,562,492
160,2,560,490
192,29,479,420
195,34,476,414
193,22,495,435
202,31,474,417
199,34,474,414
206,35,474,412
224,55,430,368
214,58,436,369
192,33,486,418
182,22,517,447
149,1,564,494
164,12,536,465
144,0,557,487
149,0,561,491
147,1,566,495
155,0,570,499
166,0,570,499
164,0,565,494
147,0,563,493
158,0,556,487
152,2,546,478
161,0,545,477
158,1,541,473
188,30,463,405
202,41,441,390
207,42,436,386
207,57,416,363
211,57,411,361
214,55,407,358
211,56,408,357
201,43,432,378
210,55,408,353
210,56,404,348
213,54,403,354
217,54,399,351
214,47,423,372
230,46,415,363
230,54,422,355
228,56,422,355
185,11,514,449
174,0,538,471
171,0,540,473
171,2,545,477
169,4,546,478
174,4,540,472
177,0,536,470
175,0,535,468
180,1,527,462
171,0,530,464
170,0,536,469
188,0,516,452
189,0,517,452
183,0,525,460
181,1,526,460
181,0,522,457
190,0,514,450
189,0,507,444
191,0,503,440
186,0,506,443
191,3,501,439
188,0,500,438
186,0,501,438
187,0,505,442
203,28,471,402
180,0,523,458
180,13,518,447
164,0,547,479
154,0,550,482
157,0,546,478
150,0,550,481
154,0,546,478
162,5,551,482
152,0,557,488
151,0,562,492
148,2,564,494
156,2,566,495
152,2,570,499
153,1,570,499
159,2,571,500
162,2,565,495
161,3,564,493
162,0,566,496
165,0,569,498
159,0,566,495
163,1,555,486
163,0,547,479
156,2,552,483
151,2,551,482
158,0,563,493
160,0,564,494
160,0,566,496
162,1,567,496
164,2,569,498
159,0,569,498
162,0,573,501
163,0,573,501
154,0,571,500
157,0,569,498
145,2,571,500
143,0,579,507
147,0,577,505
153,14,550,477
190,73,451,380
194,71,444,383
191,72,440,392
194,69,438,401
198,69,435,405
201,67,441,407
193,68,456,405
191,67,457,403
184,73,460,407
181,72,472,410
182,73,464,410
195,71,460,410
211,71,456,410
216,71,449,410
222,72,446,403
225,73,457,404
212,56,493,424
214,55,490,423
226,71,466,400
219,79,475,401
209,79,486,399
205,81,485,396
208,85,485,396
209,86,484,396
206,88,484,398
215,88,486,397
205,86,487,398
206,85,486,396
210,86,487,396
221,91,477,399
207,68,495,422
197,47,513,442
186,30,532,461
169,15,556,483
184,29,529,459
175,14,555,484
194,45,503,432
160,1,576,504
160,3,578,506
171,23,550,481
197,48,498,428
175,30,531,458
176,30,525,451
184,45,500,426
172,30,527,455
157,15,553,480
170,31,526,454
163,14,550,477
147,0,581,508
157,15,557,483
150,0,587,514
151,0,587,513
146,0,587,514
142,0,589,516
152,0,586,513
155,0,592,519
146,2,601,526
148,0,596,522
152,0,582,509
163,0,574,502
177,16,549,475
178,21,557,480
159,0,580,508
165,0,580,508
159,0,581,508
157,4,579,507
156,1,585,512
164,16,564,489
155,0,584,511
154,0,590,516
155,0,587,514
165,16,565,487
169,16,554,479
175,31,537,457
194,47,514,431
150,15,565,489
198,61,499,411
215,76,474,385
201,62,501,412
154,0,590,516
156,1,593,519
186,32,538,458
196,50,521,435
190,48,520,435
169,17,575,495
174,18,572,492
177,36,543,458
196,70,507,409
186,71,510,410
179,69,508,414
196,79,480,388
188,81,468,384
193,79,468,387
185,60,493,412
190,65,491,409
197,60,490,408
158,31,539,462
196,59,493,411
184,59,496,414
171,79,469,388
163,74,462,388
139,29,531,458
158,27,521,451
150,0,570,499
166,0,559,490
192,35,483,419
167,2,556,487
181,23,516,447
194,36,488,419
190,37,486,421
205,64,439,374
203,61,440,376
185,55,467,405
195,68,445,384
191,68,448,391
160,45,498,434
159,27,521,455
167,42,504,439
181,57,473,411
189,74,449,386
176,56,474,405
183,72,459,391
186,73,458,391
181,76,459,392
186,76,458,392
181,78,464,395
180,83,467,393
187,85,462,393
189,62,493,423
207,79,456,396
207,79,461,400
202,81,464,403
203,84,467,411
202,82,473,414
189,68,502,443
204,89,467,415
198,81,476,408
193,60,487,422
199,60,477,422
207,75,447,400
206,74,444,396
196,76,448,387
186,55,469,408
188,69,446,386
182,70,451,395
179,74,450,402
187,75,448,398
198,66,446,400
185,52,470,419
188,56,469,417
169,45,504,445
183,83,449,401
182,81,463,401
177,80,453,400
177,83,452,398
184,82,459,406
180,81,456,412
179,88,461,418
182,87,469,420
178,89,473,419
168,71,489,435
165,50,523,464
174,68,479,426
148,30,536,470
159,52,496,438
197,80,445,397
168,43,496,441
196,76,436,396
158,44,489,438
189,76,436,401
190,75,446,402
175,60,478,427
189,73,446,404
194,74,443,403
200,64,443,401
203,64,441,397
205,62,449,400
207,59,457,403
210,56,458,405
215,52,461,409
208,55,461,417
215,53,462,415
220,49,458,412
226,52,458,409
229,55,461,405
234,59,460,395
235,67,457,387
233,70,456,378
233,73,457,380
238,70,458,373
240,70,454,369
237,74,457,372
234,74,459,373
232,73,463,373
231,76,468,378
229,76,468,380
221,78,471,380
221,77,480,384
213,75,484,389
202,74,490,393
207,75,494,398
190,77,500,398
188,79,501,401
181,75,505,399
179,77,502,403
184,78,510,409
187,88,516,415
164,85,531,422
168,91,532,427
159,102,537,431
147,101,545,433
161,103,539,435
157,103,534,427
144,110,542,427
152,109,536,426
145,95,545,426
144,100,541,425
142,95,542,420
145,95,542,425
161,101,525,424
151,94,521,416
145,86,521,415
152,85,513,411
144,71,542,437
133,57,568,469
157,106,526,433
113,43,614,521
93,33,628,532
76,15,658,560
85,33,631,534
97,34,630,532
96,22,651,552
78,25,649,550
81,21,653,554
75,17,658,558
64,6,664,562
70,9,656,555
73,10,667,561
77,7,653,549
74,3,661,556
83,7,658,553
66,4,658,552
74,14,665,558
69,14,666,555
98,18,663,553
83,5,660,550
78,6,663,550
89,1,668,555
88,3,667,551
86,0,667,551
100,0,654,541
99,0,646,534
103,0,634,524
162,62,507,420
184,74,475,393
190,65,480,405
192,66,483,406
187,70,490,410
181,67,490,412
168,74,497,414
174,71,488,411
173,74,488,409
167,79,492,405
161,85,499,404
152,85,500,404
140,92,497,416
127,94,507,417
137,90,498,414
132,90,490,411
147,84,474,409
154,77,459,409
152,79,460,406
149,78,470,408
145,79,477,408
146,80,471,407
165,73,467,411
174,73,471,414
173,71,475,416
171,75,482,419
172,78,490,427
172,77,494,427
175,78,497,434
178,84,499,435
190,93,495,427
192,88,494,411
206,92,490,396
197,96,494,396
178,97,510,404
168,115,510,417
154,103,548,444
144,83,559,446
153,95,536,416
144,87,541,415
154,90,539,413
164,94,519,405
161,85,516,404
147,73,537,427
150,76,537,431
153,70,540,434
122,39,603,491
159,89,529,416
162,94,533,417
137,70,560,440
145,90,531,409
148,90,527,399
138,93,531,406
156,87,562,442
141,71,586,470
119,48,619,500
107,36,648,530
128,55,612,499
143,88,552,449
141,82,558,451
150,96,526,420
156,103,519,425
161,90,523,422
156,92,523,418
152,93,531,421
169,104,516,421
154,92,522,414
162,98,525,421
137,77,560,443
153,92,537,421
154,96,539,427
162,105,537,423
166,100,538,419
158,109,537,417
162,112,539,420
162,117,544,417
161,113,551,421
162,119,550,419
155,116,555,421
155,116,561,421
155,116,561,420
149,118,558,414
125,97,575,436
81,15,681,560
89,47,633,496
80,32,655,525
66,15,687,560
70,6,689,560
56,6,698,563
80,11,686,553
80,5,683,551
77,11,678,547
77,9,692,556
70,9,702,563
80,10,701,562
89,21,694,554
97,17,692,552
88,23,689,550
133,67,603,459
113,50,635,493
81,28,677,541
81,35,676,540
80,28,685,546
80,28,681,543
74,34,678,541
81,29,684,546
72,29,685,546
83,25,685,546
79,26,687,549
74,20,695,555
81,21,697,554
75,22,697,553
71,18,701,557
64,15,708,560
64,15,708,557
77,9,708,557
74,15,710,558
71,8,708,556
94,34,672,522
76,23,702,551
71,30,696,545
87,34,690,541
85,35,684,536
82,27,696,545
103,50,641,487
120,66,600,456
90,17,661,515
69,2,705,552
63,6,707,553
72,16,710,556
71,11,711,557
74,8,696,545
85,0,693,542
96,1,681,533
112,17,639,499
149,47,576,446
106,16,645,501
119,29,614,469
85,7,672,526
100,8,666,522
117,32,622,467
135,41,585,433
105,8,655,513
135,48,583,435
138,62,585,438
161,86,535,391
171,86,534,399
163,96,533,404
162,92,549,407
141,81,564,412
136,93,564,419
130,81,577,420
132,80,579,417
140,90,579,425
129,92,574,425
128,89,575,429
109,83,581,430
131,97,581,434
151,102,574,429
164,101,574,428
141,106,575,420
120,72,623,470
72,22,706,553
82,34,669,521
75,18,693,542
72,35,683,534
87,39,683,534
72,27,686,536
73,18,697,545
62,6,708,554
72,4,698,546
108,48,616,458
85,22,671,516
96,19,679,522
108,43,658,499
80,4,717,561
106,30,696,534
88,17,714,554
73,10,731,561
78,10,728,558
77,12,725,555
66,12,733,560
66,13,734,559
75,12,729,556
82,11,736,561
89,13,729,555
68,17,719,547
77,21,721,549
81,13,722,549
84,11,713,542
90,19,714,542
83,15,725,551
78,12,723,550
85,9,716,544
75,11,722,548
83,18,728,553
72,9,724,550
72,12,732,556
76,13,728,553
70,13,730,555
65,10,733,557
51,10,743,562
60,10,727,550
66,8,736,557
60,14,723,547
61,23,723,547
74,41,689,517
72,33,696,522
81,29,696,521
55,14,731,553
72,22,695,519
63,21,703,524
83,36,666,492
53,3,735,556
101,40,670,493
123,70,639,467
84,26,683,511
92,45,621,450
113,65,595,420
124,65,598,421
106,51,615,445
116,61,592,420
94,31,647,480
113,64,592,429
128,60,611,453
101,34,647,483
97,40,651,483
76,21,688,514
86,54,632,457
68,23,696,519
78,53,652,459
76,33,682,493
83,24,705,521
69,15,708,525
54,1,729,549
80,7,705,531
84,2,702,528
104,0,683,514
97,5,687,517
82,7,690,520
77,3,689,519
88,9,687,518
86,4,690,520
91,9,689,519
85,7,687,517
93,2,685,516
96,0,668,503
117,27,635,475
95,0,663,499
82,6,666,502
110,49,587,437
135,54,582,433
146,71,555,408
131,59,596,439
149,75,564,409
121,38,628,465
104,5,686,517
114,24,653,488
146,77,545,381
105,36,633,465
144,83,543,382
144,82,540,376
146,83,541,378
147,86,541,381
137,82,545,377
132,82,550,377
133,80,550,380
134,82,551,382
137,82,554,383
127,80,550,378
137,86,545,380
137,85,543,380
146,92,543,381
133,89,553,381
134,88,563,384
116,76,594,409
114,70,598,411
97,50,643,466
109,60,648,469
121,71,592,416
122,66,588,414
111,67,592,418
112,53,612,445
123,69,583,419
121,65,585,420
107,49,615,447
103,49,612,444
114,67,592,420
107,55,612,442
79,21,667,496
86,43,645,474
102,50,606,442
99,49,612,446
81,33,647,478
86,32,643,475
103,59,609,446
80,22,668,501
75,12,689,519
81,26,674,506
98,31,678,507
71,16,725,546
64,23,735,552
61,18,741,557
61,23,734,551
65,23,732,550
68,26,729,547
83,43,702,524
67,19,738,552
62,20,742,555
52,14,743,556
67,18,744,557
53,7,739,553
49,19,736,550
55,13,729,545
70,12,729,545
72,22,696,516
102,41,651,481
93,46,682,505
58,19,726,543
54,12,744,555
63,12,728,544
76,10,713,532
88,27,673,498
75,20,679,504
71,16,710,530
66,19,692,513
66,14,730,545
61,21,729,544
69,14,735,549
60,23,740,552
72,30,711,525
68,15,741,554
78,25,725,533
67,18,745,553
68,22,713,525
65,20,751,555
66,14,753,557
64,18,744,550
65,12,744,550
69,17,756,557
74,8,770,563
47,7,762,553
61,10,775,559
72,9,787,563
54,8,787,561
63,8,792,561
90,41,731,503
49,12,793,557
35,12,797,559
38,19,762,529
64,62,650,438
53,33,704,489
90,73,601,405
83,69,590,406
101,80,590,404
97,78,593,402
107,81,579,402
127,79,585,402
109,70,608,426
121,84,570,403
117,76,602,425
111,73,597,421
140,97,548,392
138,78,563,394
142,86,558,395
94,61,608,420
126,77,571,399
100,68,583,402
108,71,588,401
101,63,589,402
106,67,588,400
129,80,584,398
119,80,583,398
133,88,577,397
94,68,585,405
109,74,610,422
129,83,580,397
108,62,656,455
106,66,657,458
77,50,694,482
84,42,737,516
59,31,751,524
40,21,788,553
30,14,793,557
21,12,788,553
52,25,770,541
57,27,767,539
57,15,762,535
57,24,763,536
69,17,766,538
61,19,764,537
62,27,767,539
59,21,763,536
48,23,770,541
48,30,773,543
48,28,778,547
40,18,783,550
53,17,788,553
37,27,755,530
43,60,687,473
4,16,798,559
56,15,785,550
53,14,788,552
50,15,791,554
22,9,806,563
54,29,770,535
43,12,806,563
32,6,806,563
74,32,771,533
87,60,700,474
48,31,765,529
38,10,810,563
37,13,811,562
93,44,743,510
63,25,773,531
34,9,813,562
64,28,779,535
56,12,810,559
50,17,809,556
55,14,816,561
48,9,821,563
43,14,823,561
45,11,829,564
37,13,828,562
21,13,824,559
30,16,830,559
19,15,830,556
3,16,835,556
23,18,827,550
45,36,791,527
49,58,668,430
28,37,738,486
57,42,756,504
23,14,798,531
23,16,805,536
15,32,815,543
40,26,808,538
24,26,821,547
21,24,824,549
9,21,830,553
0,26,825,549
26,34,782,525
3,22,824,548
19,26,765,509
1,6,799,532
11,12,807,537
19,13,810,539
58,35,728,484
37,20,816,543
23,14,821,547
21,13,815,543
35,21,808,538
36,15,813,541
13,8,828,551
38,3,821,546
53,7,808,538
22,4,810,539
20,10,807,537
25,8,813,541
23,9,811,540
31,7,804,535
49,17,753,500
62,37,681,457
45,25,747,498
78,53,630,428
75,65,599,403
66,58,598,396
103,64,611,407
113,65,615,403
133,72,572,386
129,70,580,393
114,70,585,403
145,79,569,409
105,71,614,426
116,73,616,423
132,79,610,421
79,29,749,499
81,31,688,457
73,4,771,513
59,12,771,513
55,6,778,518
42,7,778,518
68,27,730,491
66,27,750,505
46,24,789,525
95,35,699,471
123,72,617,428
121,79,587,406
129,79,591,414
108,77,604,417
95,68,605,411
133,83,596,417
118,84,601,417
110,88,614,413
102,84,610,410
102,85,614,417
107,92,619,421
106,99,626,427
120,88,639,432
93,88,648,434
114,87,648,436
90,83,652,434
82,72,687,458
75,85,650,432
63,72,679,452
69,71,687,457
79,69,691,463
99,87,645,432
81,75,679,456
37,42,761,506
8,20,833,553
40,29,801,533
25,22,823,545
27,43,781,521
13,23,820,543
52,51,747,500
31,29,801,533
7,17,840,557
38,32,793,526
22,19,833,552
28,24,831,550
4,20,838,555
22,36,792,529
73,73,674,455
86,73,673,456
90,86,636,432
94,91,627,434
97,76,664,456
88,77,666,458
44,49,746,503
62,65,694,476
25,38,785,525
75,56,739,501
45,29,789,529
117,74,672,465
90,65,701,482
85,61,711,484
116,72,675,462
148,91,620,437
89,65,703,479
76,53,735,494
75,55,737,498
113,82,646,449
95,78,680,470
28,42,804,533
31,33,805,533
41,45,795,527
37,35,798,529
37,44,796,527
33,37,812,538
37,30,810,536
32,42,804,533
6,23,819,542
6,27,828,548
0,8,829,549
4,24,817,541
0,22,827,548
12,18,833,552
13,26,829,549
0,16,831,550
6,21,834,552
3,21,832,551
0,28,822,544
5,17,830,550
13,26,811,537
0,22,821,544
3,9,822,544
5,17,813,539
8,8,820,543
0,11,816,540
1,17,815,540
21,15,828,549
9,27,820,543
6,17,837,555
4,5,837,554
2,12,829,549
1,12,820,543
11,14,809,536
2,17,812,538
0,20,818,542
15,9,822,544
0,12,834,552
12,10,834,552
11,17,824,546
3,13,836,553
6,18,837,554
0,13,824,546
17,18,813,538
9,28,820,543
16,31,783,519
1,16,827,548
3,19,833,550
2,26,828,547
4,17,834,551
13,1,854,563
12,3,844,556
10,8,830,547
9,11,823,543
8,12,831,548
11,7,821,541
6,9,847,558
3,5,843,554
1,2,838,551
1,15,820,539
0,15,815,536
4,27,814,535
0,20,815,536
2,19,817,537
6,25,820,539
0,12,842,553
5,27,823,541
1,22,826,543
1,21,828,544
0,22,828,544
0,26,836,549
3,23,832,547
0,25,821,539
0,30,823,541
0,29,827,543
0,26,828,544
1,20,837,550
0,9,840,552
0,15,835,549
0,13,839,551
0,9,837,550
2,14,837,549
0,3,844,554
13,30,795,521
68,73,643,418
58,72,647,418
52,72,663,420
55,82,665,423
66,82,672,428
60,85,667,429
63,84,674,431
68,91,674,438
63,86,670,433
65,79,659,426
62,72,648,420
57,73,646,421
56,82,644,422
70,95,639,422
64,88,651,421
0,18,846,555
53,67,700,445
45,66,708,449
24,35,783,508
42,49,736,478
59,73,671,422
56,71,681,428
55,74,676,432
47,75,675,429
42,74,674,433
46,80,673,436
47,77,664,434
53,72,666,436
60,79,663,442
67,86,653,434
79,96,642,435
58,75,686,456
23,49,753,493
37,54,713,467
13,24,779,513
4,17,814,535
1,2,792,520
1,9,801,526
5,10,803,527
0,12,808,531
3,10,809,531
7,11,837,550
2,7,856,562
0,11,859,564
0,9,864,566
1,6,853,559
0,9,852,558
3,0,857,561
0,2,856,561
1,1,850,556
0,3,858,562
0,0,844,553
2,3,841,551
3,8,832,545
3,7,825,540
19,17,785,513
17,14,762,498
0,0,782,512
22,29,749,492
0,7,791,518
0,20,797,522
0,24,808,529
0,23,809,530
0,13,818,536
0,7,824,540
0,18,833,546
0,17,837,548
0,16,836,548
0,5,823,539
2,31,817,535
0,17,821,538
0,14,828,542
0,3,838,549
0,7,828,543
0,3,824,540
3,13,827,542
0,10,830,543
2,6,843,552
5,8,849,556
8,12,849,556
1,1,846,554
5,14,847,555
1,12,833,546
2,3,825,540
1,1,834,547
11,9,827,542
1,6,827,542
7,7,834,547
6,4,839,550
3,10,853,559
5,5,851,558
0,9,846,553
2,7,838,548
1,5,835,547
1,3,839,549
6,2,836,547
0,3,835,547
0,9,827,541
0,0,820,537
2,10,820,537
0,16,845,553
0,15,835,547
0,15,850,556
0,11,835,546
0,5,834,546
0,9,844,552
0,4,845,552
0,3,838,548
1,11,839,548
8,22,834,545
3,8,851,557
1,7,863,562
1,7,859,559
0,1,863,562
0,15,850,553
3,5,860,560
1,4,855,557
4,10,842,548
0,0,856,557
0,0,861,561
0,0,860,560
0,4,853,555
0,2,861,561
0,0,863,562
2,3,859,559
1,1,861,560
1,2,827,539
0,11,836,544
2,0,832,542
5,3,839,546
12,1,835,544
3,10,857,557
3,11,870,562
1,11,867,560
0,0,862,557
0,5,864,558
0,9,859,555
3,8,862,557
4,2,858,555
0,1,863,557
0,14,868,561
0,10,868,560
0,15,864,557
0,16,854,551
1,12,862,556
1,15,860,555
0,19,863,556
0,20,860,555
0,19,862,556
1,17,860,554
0,17,862,556
0,11,875,564
1,5,871,561
1,8,871,561
0,4,872,562
0,9,874,563
0,8,871,561
1,14,866,558
12,27,826,535
0,13,869,560
4,20,858,553
2,19,852,548
0,18,861,554
0,25,855,550
54,73,687,454
59,87,650,425
65,93,662,430
13,33,821,529
13,31,820,530
15,21,834,536
14,29,821,526
16,33,824,530
25,47,791,503
0,13,876,562
0,6,875,562
1,11,872,560
0,11,877,563
0,5,874,561
0,10,877,563
1,20,864,555
0,18,867,557
2,22,852,547
1,28,848,544
2,21,863,554
1,9,864,555
0,1,867,557
4,21,853,548
11,23,822,527
15,26,826,528
0,12,873,561
12,21,821,525
0,0,869,558
37,49,756,474
50,61,726,451
58,75,695,425
57,73,687,418
59,74,687,419
55,71,694,420
61,74,698,422
57,72,699,423
49,68,691,417
52,69,684,417
55,74,666,416
49,59,692,442
13,21,791,508
16,19,782,503
0,8,826,531
0,8,811,521
5,12,826,531
5,19,829,532
4,18,840,540
4,14,850,546
0,17,848,545
0,11,839,539
0,15,819,526
5,13,825,530
13,5,825,530
3,1,812,521
19,0,792,509
38,0,789,506
97,30,655,452
59,19,709,478
37,15,755,495
74,23,704,474
27,0,795,510
31,9,790,507
68,0,777,499
80,0,762,489
88,0,748,481
95,2,752,483
86,6,738,474
83,0,739,475
75,3,746,479
66,0,769,494
79,2,751,482
70,0,744,478
71,3,752,483
67,1,752,483
78,0,763,490
69,0,775,497
55,0,774,497
37,0,789,506
52,2,784,504
34,0,790,508
54,0,788,506
52,0,782,502
59,1,759,488
43,0,758,487
54,0,769,494
58,2,762,490
45,4,766,492
58,0,763,490
55,3,765,491
74,0,770,494
83,0,765,491
83,0,760,488
77,0,766,492
85,0,761,489
82,0,755,485
50,0,762,490
47,2,772,496
57,2,781,501
76,3,771,495
72,1,768,493
91,2,755,485
109,0,754,484
100,0,757,486
88,2,769,494
97,0,756,485
113,0,753,484
107,1,742,477
123,0,742,477
113,0,729,468
118,1,730,468
118,0,741,476
100,2,747,480
109,2,734,472
120,2,738,474
98,4,748,480
84,1,746,479
84,2,747,480
102,0,742,477
95,0,748,480
86,0,741,476
87,1,751,482
93,0,753,483
93,1,740,475
96,4,740,475
97,6,747,480
133,35,644,409
161,57,579,370
146,54,578,371
170,54,572,366
174,55,562,364
154,44,600,391
134,34,614,399
117,33,615,402
132,35,609,401
152,51,566,383
140,37,592,394
149,51,563,377
122,37,593,390
99,12,659,426
94,0,688,442
87,0,688,442
101,1,677,435
110,0,669,430
102,0,666,428
100,1,670,430
104,0,667,428
111,0,658,422
111,0,647,416
166,20,575,380
164,20,562,372
213,52,459,327
211,51,457,330
210,51,456,329
226,51,447,323
219,50,446,321
223,50,445,317
215,51,457,319
210,50,463,326
215,50,458,320
220,48,458,327
204,39,495,343
244,48,461,332
181,19,550,369
206,26,514,356
216,35,477,342
248,45,449,333
240,46,457,339
234,44,462,338
223,46,480,345
185,47,503,351
223,51,487,350
204,52,493,342
203,53,485,336
223,53,482,335
231,54,483,334
254,53,478,333
255,42,499,346
233,31,534,364
189,11,604,394
204,11,595,390
206,21,566,379
197,11,594,391
163,0,619,398
152,3,625,401
179,10,593,387
187,25,567,373
215,40,510,342
215,32,540,360
263,50,474,333
259,52,479,332
262,55,474,333
248,54,480,330
257,53,480,333
244,54,482,335
233,51,492,338
259,49,478,334
241,43,480,338
222,42,482,344
209,37,481,340
187,40,494,345
192,42,495,353
204,42,492,354
157,49,508,358
200,51,493,357
171,49,500,358
215,54,487,354
188,51,499,358
148,56,521,364
169,59,526,367
138,58,547,370
124,58,549,366
133,58,550,365
158,57,541,361
167,54,537,357
141,45,564,372
155,53,524,347
135,33,597,389
100,3,687,441
128,36,597,386
129,47,585,370
139,49,586,375
120,49,591,376
84,17,694,446
66,0,735,472
63,0,735,472
72,2,737,473
70,4,741,476
51,1,744,478
66,2,749,481
49,2,764,491
43,0,760,488
47,0,755,485
31,0,769,494
24,0,764,491
24,1,764,490
26,0,766,492
40,1,751,482
48,0,743,477
41,0,747,480
55,0,744,478
63,0,730,469
49,0,737,473
81,0,727,467
90,0,723,464
80,0,744,478
81,0,747,480
77,0,754,484
72,0,758,487
71,0,759,487
78,0,754,484
76,0,754,484
73,4,762,489
69,0,765,491
71,0,761,489
72,0,758,487
75,1,760,488
73,0,747,479
81,0,744,477
85,0,737,473
90,0,731,470
95,0,723,464
103,0,720,462
102,1,729,468
105,1,723,464
113,0,725,466
119,2,719,462
117,0,724,465
115,0,732,470
117,0,735,472
119,0,732,470
109,6,726,466
112,4,746,479
84,3,761,488
96,1,744,478
93,0,751,482
85,1,749,481
98,2,748,480
75,0,763,490
96,0,750,482
86,2,760,488
66,0,768,493
71,2,770,494
87,1,764,491
90,0,760,488
81,0,759,487
63,0,771,495
97,0,758,487
95,0,765,491
80,0,770,494
103,0,752,483
116,0,742,476
112,3,748,480
104,3,758,487
98,0,760,488
86,0,767,492
79,0,777,499
78,0,776,498
64,1,767,492
66,2,762,489
77,1,759,488
71,2,765,491
60,0,787,505
56,0,796,511
64,1,784,503
52,1,788,506
55,3,779,500
45,0,780,501
38,1,779,500
44,0,777,499
47,1,783,503
56,0,758,487
72,0,743,477
64,0,744,478
63,0,752,483
67,0,740,475
61,0,742,476
64,0,743,477
48,0,750,482
59,0,758,487
41,0,766,492
48,0,759,487
45,1,758,487
47,0,773,497
44,0,760,488
50,4,759,487
62,0,756,486
48,0,751,482
60,2,761,489
68,0,749,481
52,0,746,479
66,3,756,485
66,3,762,489
67,0,767,493
68,0,770,494
64,1,774,497
53,2,776,498
64,0,764,491
58,0,763,490
64,2,757,486
74,0,759,488
62,1,771,495
65,4,765,491
70,2,770,495
73,1,780,501
72,2,783,503
84,1,767,493
84,0,771,495
88,0,772,496
97,1,767,492
90,0,763,490
76,3,773,496
73,1,791,508
76,0,796,511
82,0,795,511
74,0,799,513
74,2,810,520
63,3,818,525
87,4,793,509
69,0,796,511
75,0,791,508
63,4,783,503
70,0,790,507
89,2,786,505
79,0,784,503
92,0,780,501
85,0,793,509
80,2,804,516
92,0,787,505
84,2,786,505
93,2,780,501
71,0,792,509
69,2,782,502
79,3,779,501
63,3,780,501
67,1,786,505
66,0,778,499
62,0,784,504
65,2,780,501
51,1,783,503
44,0,777,499
56,0,769,494
63,0,764,490
61,1,759,487
72,0,752,483
50,0,749,481
40,1,754,484
45,3,772,496
26,0,769,494
49,5,767,492
57,6,760,488
35,0,774,497
50,0,781,502
48,3,774,497
36,1,790,507
52,0,782,502
56,0,769,494
46,1,765,491
37,0,766,492
38,1,763,490
46,0,768,493
62,0,762,489
64,2,770,494
55,1,765,491
58,0,782,502
61,0,780,501
60,0,790,507
77,0,776,499
78,2,775,498
86,0,768,493
69,2,777,499
76,0,769,494
73,0,778,500
75,0,783,503
84,0,782,502
76,0,785,504
73,2,787,506
83,0,788,506
78,0,787,505
72,4,795,511
65,6,796,511
60,0,804,516
59,0,812,521
58,0,820,526
59,2,818,525
55,2,808,519
37,0,815,523
47,3,814,523
46,0,814,523
54,2,819,526
50,0,811,521
62,1,815,523
70,0,816,524
65,6,815,523
49,0,812,522
83,0,819,526
82,2,818,525
99,2,800,514
91,0,789,507
94,0,791,508
94,2,794,510
68,1,788,506
89,1,794,510
92,3,800,514
73,3,797,512
77,2,799,513
71,0,799,513
90,0,794,510
65,1,786,505
58,0,802,515
51,0,797,511
50,0,802,515
51,0,782,502
37,0,790,507
15,1,813,522
7,1,819,526
0,0,825,530
0,1,816,524
3,0,812,521
13,0,796,511
5,0,811,521
15,0,805,517
22,0,797,512
20,2,795,511
21,0,788,506
11,0,798,512
20,2,790,507
22,0,791,508
29,0,789,507
13,0,803,516
10,0,815,524
12,2,812,521
5,1,828,532
9,2,824,529
20,0,820,526
20,0,822,528
32,0,816,524
28,0,827,531
18,2,826,530
35,0,806,518
30,0,815,524
15,1,803,516
22,5,812,521
22,1,809,520
12,4,822,528
16,0,836,537
19,0,832,534
22,4,827,531
18,1,824,529
24,0,824,529
9,5,836,537
10,0,841,540
4,8,843,541
3,6,845,542
0,2,837,538
17,2,832,534
35,0,824,529
16,0,833,535
49,2,827,531
45,2,836,537
37,5,830,533
23,3,839,539
29,0,828,532
40,2,830,533
36,2,833,535
35,0,828,532
56,5,810,520
42,8,826,530
69,0,814,522
78,5,805,517
48,0,817,525
72,3,805,517
54,2,811,521
48,6,824,529
43,0,828,532
33,5,846,543
46,0,834,536
42,4,830,533
58,0,820,526
54,2,826,531
49,0,824,529
52,1,811,521
48,0,819,526
58,1,814,523
58,0,800,513
62,0,799,513
55,0,798,513
55,0,804,517
47,0,803,516
46,1,799,513
45,0,796,511
51,0,796,511
57,0,787,505
53,0,787,506
46,0,794,510
36,1,795,510
32,1,798,512
38,0,786,505
32,1,788,506
35,0,789,507
41,6,768,493
34,6,771,495
25,0,778,500
21,0,775,497
12,0,790,507
9,0,790,507
4,0,794,510
13,0,796,511
0,0,798,513
12,5,791,508
0,0,799,513
0,0,798,512
3,0,798,512
0,0,797,512
4,1,797,511
12,2,800,514
19,0,802,515
19,1,810,520
7,0,826,531
12,0,821,527
19,0,811,521
49,0,799,513
65,1,778,499
59,0,788,506
56,3,790,508
49,2,805,517
48,0,806,518
56,2,803,515
51,0,804,516
50,4,797,512
58,0,789,507
53,0,807,518
35,0,832,534
44,3,825,530
27,2,839,539
33,1,831,534
47,5,812,521
18,0,831,533
21,2,832,534
46,0,829,532
42,1,832,534
48,6,831,533
42,2,836,537
50,0,829,532
68,0,811,521
55,3,823,529
53,0,830,533
51,2,816,524
48,3,817,524
63,2,820,527
47,3,817,525
68,1,818,525
60,2,822,528
51,0,822,528
67,0,820,526
66,1,821,527
57,1,806,517
57,0,800,514
68,0,803,515
59,4,804,516
58,3,794,510
58,1,818,525
59,5,801,515
84,1,797,512
64,4,793,509
77,0,795,511
90,0,775,498
78,0,780,501
91,5,772,496
78,0,771,495
90,0,771,495
74,6,765,492
76,0,766,492
71,1,762,489
62,0,761,488
62,2,756,485
56,0,745,478
59,1,760,488
43,0,754,484
41,0,750,482
42,2,767,493
5,8,788,506
12,8,806,517
7,0,796,511
4,0,796,511
0,0,793,509
1,0,791,508
1,0,786,505
41,1,766,492
16,0,766,492
0,0,784,504
23,7,787,505
7,5,795,510
7,4,791,508
2,4,796,511
8,0,791,508
0,1,793,509
4,0,797,512
0,0,798,512
14,0,799,513
1,0,797,512
1,0,795,510
19,1,795,510
3,0,789,507
22,1,784,504
7,0,795,510
8,0,794,510
0,0,799,513
3,0,791,508
14,0,789,506
12,0,790,507
1,0,794,510
2,0,785,504
8,1,792,508
22,0,776,498
23,0,777,499
20,1,777,499
16,0,773,496
14,0,790,507
0,0,798,512
0,0,790,507
0,2,788,506
8,5,777,499
10,0,769,494
14,3,762,489
21,1,757,486
12,1,768,493
4,1,777,499
25,2,780,501
26,0,776,498
20,0,767,492
39,0,758,487
49,0,766,492
22,0,762,490
39,1,755,485
9,2,760,488
16,1,785,504
17,0,793,509
21,1,801,515
24,1,787,505
0,2,795,510
5,2,796,511
0,0,795,510
0,0,794,510
0,0,806,518
0,1,798,513
4,0,791,508
7,0,800,513
30,0,796,511
15,4,795,511
2,2,797,512
22,1,808,519
6,0,798,512
18,3,791,508
9,0,798,512
0,0,801,514
2,1,814,522
1,1,799,513
3,0,799,513
9,0,798,512
0,0,810,520
3,0,799,513
4,0,796,511
0,1,793,509
17,2,801,515
29,0,799,513
33,0,799,513
37,0,799,513
46,1,786,504
49,0,787,506
43,3,792,508
28,5,790,507
23,11,785,504
25,0,793,509
19,6,793,509
0,0,801,514
15,4,788,506
0,1,800,514
32,1,786,505
24,0,794,510
15,1,796,511
18,0,796,511
33,0,797,512
39,2,789,507
35,0,800,514
41,0,786,505
36,0,768,493
47,5,763,490
56,0,746,479
64,9,745,479
47,0,751,482
33,1,768,493
28,2,779,500
21,0,790,507
23,0,800,514
29,0,797,512
13,0,796,511
29,2,792,509
23,2,794,510
9,0,794,510
6,0,795,511
3,0,796,511
18,1,789,506
35,0,792,508
22,0,792,509
39,0,790,507
17,0,798,513
31,0,795,510
57,0,795,511
22,4,791,508
26,0,796,511
62,0,799,513
48,0,795,511
44,0,793,509
15,2,795,511
23,0,795,511
6,1,797,511
33,0,795,511
25,1,801,514
19,2,798,513
15,0,809,520
17,0,798,513
19,0,796,511
6,0,815,523
21,0,801,514
7,0,793,509
1,1,795,511
8,0,808,519
7,0,792,509
8,0,784,504
11,0,782,502
0,0,800,514
3,0,797,512
3,0,804,516
6,1,802,515
16,0,794,510
22,2,800,514
12,0,798,512
0,3,800,514
8,4,801,514
1,0,801,515
12,0,789,506
17,0,786,504
10,4,773,496
0,2,793,509
0,0,798,513
0,0,804,516
6,0,793,509
2,0,800,514
0,3,811,521
11,1,789,507
5,0,801,515
21,0,802,515
25,0,787,505
37,0,786,505
36,0,781,502
7,1,791,508
8,0,792,508
13,0,807,518
17,1,798,512
14,4,800,513
33,9,788,506
1,3,803,516
0,4,806,517
0,0,807,518
0,0,801,514
0,0,793,509
10,0,796,511
0,6,800,513
0,3,798,512
0,4,796,511
11,4,789,506
0,6,792,509
1,2,804,517
0,4,806,517
6,0,796,511
19,2,785,504
0,0,790,508
27,0,785,504
5,1,784,504
4,1,796,511
13,0,795,510
35,3,784,503
40,0,792,509
26,1,796,511
22,0,793,509
25,0,796,511
21,0,802,515
14,4,795,511
0,0,808,519
6,0,794,510
0,7,797,511
1,0,791,508
0,3,796,511
0,0,791,508
1,2,786,505
0,1,799,513
16,1,796,511
17,0,805,517
0,0,795,510
11,0,802,515
20,2,801,514
12,1,806,518
25,0,805,517
24,6,799,513
22,7,798,512
14,5,815,523
0,4,799,513
6,2,795,510
6,6,785,504
10,13,790,507
73,34,659,452
98,42,616,429
88,36,659,447
0,2,797,512
3,1,795,510
13,2,795,511
17,11,795,511
24,3,790,507
21,0,790,508
17,0,788,506
15,3,798,512
8,0,796,511
10,2,793,509
2,3,801,514
7,4,804,516
14,0,792,508
35,2,771,495
35,4,778,500
22,9,784,503
14,7,782,502
32,3,785,504
42,7,773,496
39,3,769,493
47,3,769,494
124,58,569,395
62,16,742,483
30,3,780,501
42,0,784,503
18,1,777,499
14,0,780,501
21,0,783,503
13,1,792,508
1,0,797,512
22,2,798,512
5,0,787,505
7,0,786,504
12,1,783,503
16,0,786,504
25,0,783,503
4,0,793,509
25,2,798,512
32,0,787,505
17,3,785,504
14,2,791,508
15,0,795,511
30,1,792,509
35,1,784,504
32,2,785,504
38,0,791,508
9,0,804,516
21,0,793,509
6,2,797,512
12,2,785,504
0,0,789,507
9,1,792,508
0,1,797,511
15,0,785,504
16,0,797,512
40,30,730,480
11,2,796,511
6,1,794,510
0,0,790,507
17,3,794,510
3,4,788,506
3,4,796,511
30,2,796,511
48,2,800,514
40,1,807,518
24,0,797,512
4,2,798,512
6,2,792,509
1,1,800,514
22,0,809,520
35,6,804,516
25,0,801,514
7,0,781,502
10,4,782,502
15,4,783,503
0,0,797,512
5,2,795,510
0,0,792,509
13,6,782,502
11,1,783,503
14,0,788,506
20,0,781,501
6,0,792,509
4,0,803,516
0,2,801,514
19,0,793,510
7,0,798,513
3,0,780,501
0,0,792,508
10,2,800,513
0,7,808,519
0,0,809,519
9,3,804,516
23,4,807,518
28,0,791,508
16,0,795,510
31,4,787,505
29,4,777,499
17,8,793,509
20,3,800,514
17,5,799,513
17,3,812,521
4,4,839,539
15,0,849,545
0,9,839,539
4,10,835,536
0,0,843,541
0,2,846,543
0,14,869,558
3,11,874,561
0,1,849,545
0,2,844,542
1,0,845,543
1,0,846,544
13,7,844,542
0,2,842,541
4,0,835,536
85,22,730,483
148,52,605,419
99,31,690,460
58,21,732,478
90,41,654,431
89,57,642,415
100,55,641,411
83,61,650,415
88,58,656,416
81,61,657,412
15,13,798,512
72,60,666,418
80,60,662,417
16,12,801,514
97,55,650,418
83,28,706,460
106,27,686,458
59,10,770,499
114,55,613,417
121,58,630,420
123,62,634,420
112,58,635,419
122,62,623,407
69,26,721,466
39,3,790,508
34,0,797,512
39,0,789,507
107,39,669,439
95,26,703,458
106,42,677,441
122,60,641,413
31,0,791,508
43,0,794,510
30,3,806,518
17,2,832,534
8,4,834,536
5,5,835,536
5,2,839,539
13,4,834,536
5,0,839,539
9,3,836,537
7,0,836,537
32,2,830,533
47,0,815,523
48,0,799,513
54,0,800,513
64,0,790,507
53,0,789,506
59,2,784,504
57,7,786,505
63,1,774,497
64,4,781,501
68,0,784,503
69,0,792,509
69,0,793,509
62,0,808,519
65,0,794,510
43,5,810,520
43,0,814,523
43,0,819,526
63,2,808,519
53,0,810,520
38,0,806,518
54,0,805,517
61,3,805,517
67,0,798,512
66,2,795,510
72,2,801,514
77,1,802,515
64,1,804,516
72,3,795,510
61,5,795,511
67,0,806,517
63,2,804,516
60,0,811,521
64,3,804,516
59,4,802,515
56,3,803,515
63,2,805,517
62,0,804,516
54,0,806,517
78,3,807,518
72,3,807,518
63,1,802,515
61,3,810,520
61,2,807,518
62,0,800,513
70,3,783,503
71,0,797,512
69,2,805,517
62,0,814,523
58,1,812,521
48,0,806,517
74,1,798,512
59,6,796,511
58,0,798,513
70,2,788,506
80,2,784,503
77,2,779,500
76,3,784,503
62,0,797,512
63,0,804,516
65,0,803,516
65,6,808,519
64,4,802,515
71,0,803,516
63,5,810,520
65,0,806,518
63,1,809,519
65,2,807,518
72,2,798,512
67,2,797,512
68,0,803,515
70,2,802,515
52,0,807,518
46,1,808,519
66,0,805,517
47,3,812,522
47,0,816,524
45,0,816,524
62,0,820,527
52,0,810,520
54,0,810,520
53,1,815,523
51,0,813,522
56,0,808,519
46,0,812,521
67,0,795,511
68,0,799,513
78,1,780,501
82,2,779,500
92,0,773,496
85,0,784,504
78,2,791,508
82,0,790,507
73,0,788,506
77,4,778,499
84,0,780,501
79,0,781,501
78,0,774,497
77,3,781,502
79,0,780,501
73,4,795,510
76,2,801,514
61,0,801,514
78,4,790,507
58,0,803,516
81,5,786,505
74,0,780,501
87,1,774,497
73,2,781,502
63,0,782,502
71,3,777,499
80,0,782,502
77,0,793,509
72,0,796,511
55,7,800,513
65,4,800,514
67,0,794,510
53,0,799,513
57,7,791,508
49,6,798,512
38,5,813,522
51,2,812,522
28,2,821,527
32,2,809,520
16,0,820,527
17,6,822,528
8,0,811,521
31,5,818,525
29,0,827,531
55,22,779,505
78,18,773,502
65,13,781,505
56,18,780,502
0,0,817,525
18,0,814,523
17,2,824,529
29,0,816,524
36,4,816,524
12,0,848,545
21,2,847,544
18,0,844,542
10,1,848,545
25,2,851,545
10,2,854,547
9,6,872,559
8,8,884,565
28,5,881,561
26,6,876,557
19,1,873,555
16,10,866,551
30,4,858,545
36,9,858,545
36,1,844,537
41,0,846,538
39,9,848,539
38,0,847,538
49,3,840,534
63,0,836,531
44,8,843,536
20,4,860,547
21,0,866,551
35,6,866,550
30,0,868,552
26,2,866,551
10,0,864,549
6,0,855,543
3,1,849,539
15,3,831,528
6,0,843,536
6,1,846,538
7,0,845,538
10,2,841,534
7,6,842,535
9,0,842,535
18,3,822,523
44,3,814,518
38,0,817,520
53,0,819,521
