56,316,23,54
56,316,23,54
59,315,22,54
59,315,22,55
57,316,21,54
55,317,21,53
53,316,21,52
53,317,20,51
53,317,19,51
53,317,19,50
53,315,19,52
53,314,20,52
52,313,21,53
51,312,23,52
52,311,21,54
51,310,21,55
50,309,20,55
49,310,20,55
49,310,20,55
49,310,20,55
50,311,21,55
52,310,23,54
56,311,22,53
60,312,21,52
62,312,21,52
63,312,22,52
63,312,23,52
66,313,22,51
68,312,23,51
69,312,22,51
71,312,21,51
71,312,21,51
71,312,22,51
72,313,23,51
74,313,23,52
75,312,23,53
77,313,23,53
79,312,22,53
80,310,22,54
81,310,22,53
82,310,22,53
83,308,22,54
85,308,22,54
85,307,22,54
86,308,22,54
87,308,23,54
90,308,22,54
93,309,22,53
100,310,19,52
103,312,20,50
107,313,19,49
109,314,20,48
111,315,21,47
112,315,21,46
114,315,20,46
115,315,19,47
116,315,18,48
116,315,18,47
117,315,19,48
118,316,18,48
118,316,18,48
118,317,18,48
119,318,18,49
120,318,18,49
121,318,18,49
122,318,18,49
123,319,19,48
124,318,19,48
128,317,18,48
129,317,19,48
131,315,19,48
133,313,19,49
134,311,19,49
136,310,19,49
137,311,18,47
135,311,19,48
134,311,19,49
135,312,19,48
136,313,19,48
137,314,19,47
140,315,20,46
145,315,20,46
151,314,20,46
156,313,20,47
162,312,19,46
165,312,19,47
167,312,19,47
168,312,18,46
168,313,18,46
169,314,19,46
171,315,18,46
173,316,19,46
176,317,19,45
179,317,19,46
183,315,19,45
185,316,19,45
186,313,19,46
187,313,19,46
187,313,18,45
182,312,19,49
181,315,19,50
182,316,19,51
183,318,19,50
184,320,19,49
190,321,19,48
194,320,21,49
199,319,22,51
204,318,22,51
208,319,22,51
215,319,21,51
216,319,22,52
218,319,22,53
220,318,22,54
221,319,21,54
219,320,22,56
220,320,21,56
223,321,22,57
226,322,22,57
231,322,22,57
235,322,22,57
236,322,23,57
237,322,24,58
238,323,24,58
237,322,24,59
237,322,24,59
240,321,25,59
239,324,25,58
240,323,26,60
243,324,27,58
246,323,27,57
247,322,28,58
248,321,28,58
251,322,27,57
250,322,27,57
252,323,28,57
255,324,27,58
261,328,26,56
267,330,26,58
270,330,27,57
276,329,27,58
280,328,27,58
283,326,27,59
285,326,27,59
288,326,25,58
288,325,25,58
287,325,25,58
288,326,25,58
288,325,25,59
288,325,25,60
287,323,28,61
291,322,28,62
294,321,29,62
298,319,28,64
301,319,27,63
304,320,27,63
304,321,26,63
305,321,26,62
305,321,25,63
306,322,25,63
310,324,24,62
312,325,25,64
314,327,24,63
315,326,24,63
318,326,24,63
326,324,24,64
332,324,25,64
340,323,25,65
349,321,25,64
357,319,25,66
369,317,24,65
374,317,24,66
377,316,24,66
381,317,24,65
383,319,24,64
385,319,23,63
385,318,23,64
385,318,23,64
386,318,23,64
385,318,23,64
383,318,22,63
380,318,23,63
378,318,23,62
376,318,23,64
372,318,22,63
362,320,23,65
358,320,23,65
356,321,23,65
354,322,23,64
351,320,23,64
348,320,23,63
348,320,22,63
348,319,22,64
348,319,22,63
350,320,21,62
349,320,21,63
349,318,22,63
349,319,22,63
348,319,22,61
347,320,22,61
344,318,23,61
343,316,23,63
344,316,22,61
345,314,23,62
347,311,23,64
351,305,22,65
350,303,23,67
348,300,23,67
346,300,23,64
341,298,24,65
337,298,24,64
337,298,24,64
336,299,24,63
336,301,23,61
335,300,24,60
332,299,23,59
332,297,23,60
332,297,23,59
332,295,22,60
332,295,22,60
328,298,23,65
327,303,23,65
327,307,23,64
330,309,22,63
333,305,22,64
333,299,22,63
331,299,22,62
331,299,22,60
331,293,21,63
334,282,20,63
322,266,23,65
319,267,22,65
321,267,23,65
326,270,22,61
328,269,22,63
331,266,21,61
331,265,21,62
330,268,22,63
342,266,26,65
362,265,27,65
362,265,27,65
412,268,25,61
424,269,26,65
436,269,26,64
449,268,25,61
464,262,25,63
488,248,26,61
509,243,24,63
525,244,23,64
540,249,23,61
540,249,23,61
540,249,23,61
540,249,23,61
540,249,23,61
540,249,23,61
540,249,23,61
540,249,23,61
540,249,23,61
540,249,23,61
540,249,23,61
540,249,23,61
540,249,23,61
540,249,23,61
540,249,23,61
540,249,23,61
540,249,23,61
540,249,23,61
540,249,23,61
540,249,23,61
540,249,23,61
540,249,23,61
540,249,23,61
540,249,23,61
540,249,23,61
540,249,23,61
540,249,23,61
540,249,23,61
540,249,23,61
540,249,23,61
540,249,23,61
540,249,23,61
540,249,23,61
540,249,23,61
540,249,23,61
540,249,23,61
540,249,23,61
540,249,23,61
540,249,23,61
540,249,23,61
540,249,23,61
540,249,23,61
540,249,23,61
540,249,23,61
540,249,23,61
540,249,23,61
540,249,23,61
540,249,23,61
540,249,23,61
540,249,23,61
540,249,23,61
540,249,23,61
540,249,23,61
540,249,23,61
540,249,23,61
516,217,26,71
505,217,25,72
489,220,25,69
480,222,24,69
469,222,26,67
459,220,25,68
449,219,25,68
430,219,26,72
420,221,26,73
414,223,26,71
409,226,25,70
406,228,25,69
407,229,26,70
410,231,26,70
412,230,27,71
414,232,26,71
415,232,26,71
418,234,27,71
422,236,28,70
424,237,28,70
423,238,29,72
422,240,27,71
412,243,28,72
409,244,28,72
404,244,30,73
407,245,28,71
407,246,28,71
420,244,28,72
428,243,27,70
435,240,27,72
443,241,26,70
447,240,26,70
453,241,26,72
457,241,27,73
461,243,27,72
464,244,27,74
466,245,27,73
457,248,26,69
469,244,27,74
470,245,27,73
469,244,27,76
469,247,27,74
468,245,29,76
467,246,29,75
469,245,30,75
470,244,29,77
472,247,29,74
474,248,29,73
475,248,30,73
476,247,30,74
478,245,31,76
484,246,30,75
492,245,29,74
497,245,30,74
497,245,31,75
502,245,30,75
505,247,29,74
503,250,28,73
503,249,29,74
503,247,29,76
507,245,29,77
508,246,29,76
512,241,29,77
512,241,29,77
512,240,30,78
511,240,30,78
509,240,30,77
508,241,30,77
508,241,30,78
508,241,29,79
508,241,29,80
507,240,30,81
507,240,29,80
508,240,28,78
509,237,29,80
511,238,28,79
513,239,29,78
517,242,30,78
520,240,31,79
522,241,30,77
524,238,30,79
525,239,30,78
525,239,30,78
524,240,30,78
531,242,29,75
531,242,29,76
532,242,29,76
532,243,28,75
533,242,29,77
532,243,28,75
533,245,26,73
534,242,26,74
536,242,25,72
534,240,24,73
532,240,24,72
532,240,24,72
526,231,25,77
527,234,25,75
527,238,24,72
526,237,24,71
525,235,24,72
525,237,24,69
526,236,23,69
525,236,23,68
524,235,23,68
523,236,23,66
523,235,23,66
524,236,22,64
527,234,21,65
527,233,23,66
528,234,24,68
523,234,29,71
524,234,27,69
521,234,30,71
524,233,23,65
521,234,22,63
514,237,23,60
514,237,23,60
506,234,25,68
501,233,25,67
498,232,25,68
496,233,25,68
492,230,25,70
492,232,23,68
492,233,23,65
492,233,22,64
492,233,21,62
492,230,21,64
494,228,21,67
495,227,22,67
498,225,22,68
496,223,23,69
498,224,22,68
495,225,23,68
494,223,23,71
492,221,23,73
490,221,24,73
488,222,24,72
486,220,24,75
481,220,24,74
480,223,24,72
478,220,24,75
475,221,25,74
473,221,24,74
471,218,25,76
471,219,24,75
468,219,25,76
468,218,25,77
467,219,25,78
464,224,24,73
464,220,24,77
463,223,24,74
461,222,24,75
461,222,24,74
461,220,24,75
457,218,24,76
453,220,25,76
450,218,25,77
444,218,25,77
441,219,25,77
439,219,25,77
438,218,25,78
431,218,26,78
428,218,25,78
426,214,26,80
425,213,25,79
418,214,26,78
415,214,25,78
409,215,25,78
407,216,24,76
404,215,25,77
400,214,26,79
399,215,25,78
394,215,25,79
392,215,25,78
391,215,25,78
385,214,26,78
385,216,25,76
384,217,24,75
385,216,24,76
381,216,24,75
381,218,24,74
382,216,23,74
382,218,23,73
381,218,23,72
380,218,24,73
381,217,24,76
379,216,24,76
379,215,25,78
376,214,25,78
374,217,24,75
374,216,24,76
372,216,24,75
369,216,24,76
367,214,25,78
367,215,24,77
365,214,25,76
366,211,25,79
363,209,25,78
363,212,24,76
361,211,25,77
360,209,24,78
358,209,24,77
356,210,25,77
352,209,25,77
350,210,24,76
347,211,24,75
343,211,24,74
339,211,24,77
336,209,24,77
334,209,24,77
331,209,24,76
328,209,24,75
325,209,24,75
323,208,23,75
320,209,23,73
317,209,23,73
314,211,23,71
307,208,23,72
303,204,23,74
300,203,24,74
294,200,24,75
287,201,24,73
278,199,25,75
270,195,25,76
263,192,24,77
251,188,26,79
246,190,25,76
240,189,25,79
234,189,26,79
226,190,26,78
216,188,26,79
212,188,26,80
207,189,26,81
205,187,26,83
201,188,26,82
199,187,26,82
198,187,26,81
194,188,26,82
194,192,26,80
192,192,26,80
192,194,26,81
188,195,26,82
182,200,27,84
177,199,27,84
174,199,27,83
169,200,27,81
167,199,27,82
164,198,26,81
169,197,26,81
173,199,25,79
173,198,25,78
173,198,25,78
172,198,25,76
174,198,25,78
174,200,25,78
174,202,26,78
176,204,25,78
174,206,25,77
176,209,25,75
178,210,25,75
179,212,25,73
181,211,24,74
172,210,25,76
169,211,26,77
165,215,25,73
162,214,25,74
161,214,25,74
163,215,24,74
165,214,24,76
170,214,25,76
180,211,24,76
190,209,25,76
201,207,24,73
204,206,24,73
210,206,24,74
214,207,24,75
216,215,24,74
212,218,24,73
206,217,24,74
201,217,24,74
196,220,25,76
198,221,25,79
200,228,25,78
203,228,25,80
207,229,26,80
212,230,26,80
216,231,25,79
218,230,25,78
218,230,26,80
217,231,26,80
215,235,25,79
210,240,26,78
203,247,26,79
199,251,26,79
197,252,27,80
196,251,27,81
194,253,27,80
197,249,27,80
198,248,27,81
197,248,26,79
197,247,26,80
194,245,27,81
192,244,26,81
189,245,27,81
190,248,27,80
191,244,27,82
192,243,27,82
195,239,27,84
196,235,27,85
197,234,27,84
195,233,27,83
191,234,26,80
185,234,26,77
177,230,26,82
175,230,26,80
172,228,26,81
169,228,26,82
168,228,26,82
167,230,26,80
168,232,26,80
168,233,26,79
167,230,27,82
170,230,27,84
167,225,28,86
170,224,27,85
169,222,27,86
168,220,28,86
168,221,27,83
168,217,27,83
167,216,27,83
163,216,26,81
160,217,26,79
158,217,26,81
152,221,26,81
149,222,26,80
147,222,26,82
146,223,27,82
147,224,26,81
148,224,26,80
146,221,27,80
143,217,27,83
138,218,27,81
133,215,27,83
131,218,27,83
129,220,28,83
127,218,28,83
129,219,27,83
129,219,27,84
130,218,27,84
132,220,27,83
132,218,27,84
132,220,27,84
131,220,28,85
131,220,28,85
132,219,28,87
132,221,28,87
132,224,28,85
133,226,28,84
133,221,27,84
128,219,27,83
126,216,27,84
123,213,28,86
121,218,27,83
121,217,27,84
121,218,27,83
121,216,27,86
122,216,28,86
122,213,28,87
115,214,28,85
103,215,29,83
94,218,29,82
90,217,28,83
84,219,28,82
81,220,29,84
82,219,28,85
82,218,29,86
83,219,28,85
83,217,29,86
83,218,28,86
81,219,29,85
84,218,28,87
84,219,29,88
84,219,29,88
87,216,29,89
86,214,29,89
88,216,28,88
85,216,28,87
83,216,28,85
78,216,28,84
76,218,27,81
70,219,27,80
63,217,28,80
60,217,28,79
51,213,28,82
44,213,28,79
35,208,28,80
32,207,28,80
28,207,28,80
23,208,28,79
19,210,28,78
15,209,28,77
11,210,28,77
9,212,28,76
13,211,27,77
17,213,26,77
16,211,27,78
8,212,28,75
3,212,27,75
3,212,27,75
3,212,27,75
3,212,27,75
3,212,27,75
3,212,27,75
3,212,27,75
3,212,27,75
3,212,27,75
3,212,27,75
3,212,27,75
3,212,27,75
3,212,27,75
3,212,27,75
3,212,27,75
3,212,27,75
3,212,27,75
3,212,27,75
3,212,27,75
3,212,27,75
3,212,27,75
3,212,27,75
3,212,27,75
3,212,27,75
3,212,27,75
4,216,26,81
4,205,25,75
6,200,26,73
20,198,26,74
36,196,26,78
50,201,26,79
59,210,25,75
58,211,26,75
57,209,26,75
53,205,26,76
54,207,25,74
57,200,25,77
66,195,26,79
79,193,26,79
96,188,28,84
113,188,29,86
135,188,27,82
142,192,26,80
144,192,27,81
143,193,26,80
139,193,26,78
134,194,26,78
129,193,28,84
130,194,27,84
129,195,27,84
130,195,27,84
124,193,27,84
122,194,27,83
116,193,27,83
110,195,27,82
107,195,27,82
104,198,27,84
103,200,26,82
101,202,26,81
102,198,27,85
107,198,27,87
114,191,26,83
115,187,26,83
116,183,26,82
113,179,26,83
112,179,26,82
112,179,26,81
108,184,26,82
107,185,26,82
106,186,27,83
106,183,27,84
103,181,27,82
96,179,26,81
87,177,26,79
78,172,26,80
69,173,27,79
64,173,27,81
63,173,27,81
63,174,27,84
73,179,27,86
86,185,28,87
101,188,28,88
122,193,28,85
137,199,29,87
153,200,29,90
171,197,31,94
182,192,31,91
198,165,31,96
189,157,29,91
162,149,29,86
145,146,28,86
132,145,28,86
122,144,29,91
118,145,29,88
112,145,28,87
103,144,29,88
99,141,30,91
99,136,30,93
102,131,30,95
102,132,30,93
96,130,29,90
86,130,29,89
68,131,30,91
60,134,30,91
47,139,31,90
39,141,30,89
30,140,30,91
18,144,30,87
12,140,31,88
8,140,31,89
7,140,31,90
7,139,30,91
6,133,30,100
5,136,30,102
4,138,30,102
4,138,30,102
0,154,36,90
0,154,36,90
0,154,36,90
0,154,36,90
0,154,36,90
0,154,36,90
0,154,36,90
0,154,36,90
0,154,36,90
0,154,36,90
1,172,35,93
6,163,29,90
6,162,31,88
15,160,30,90
20,159,30,91
24,158,31,91
28,155,30,92
29,159,31,92
31,159,31,92
34,158,30,91
35,158,30,91
35,154,31,94
32,155,31,92
30,155,30,91
27,153,30,95
16,157,31,90
6,157,32,91
7,157,32,94
7,159,31,95
7,161,31,96
7,164,30,95
7,165,31,91
23,164,30,92
33,164,30,90
45,162,31,91
59,161,31,92
78,160,30,91
91,162,30,91
101,159,31,96
107,160,31,96
111,162,32,97
122,165,32,97
127,163,32,99
132,162,33,103
135,161,33,103
138,160,33,103
142,160,32,99
145,158,31,99
146,157,31,98
145,159,31,96
140,159,30,94
127,160,31,95
115,161,31,92
108,163,30,90
99,162,30,91
88,167,29,88
75,169,29,87
69,168,29,86
65,171,29,86
64,173,29,85
63,169,29,88
65,167,28,87
65,169,29,86
72,165,29,90
78,168,29,89
86,164,29,90
101,160,30,90
112,157,30,93
117,155,30,92
120,154,29,92
122,154,29,92
121,153,30,93
118,154,30,93
109,151,30,91
95,153,29,89
82,153,29,88
66,156,29,87
58,156,29,88
48,156,29,85
43,155,29,88
41,160,29,86
52,162,29,86
66,164,29,90
80,163,30,92
93,164,31,94
106,164,31,96
128,158,31,95
136,154,32,98
138,151,32,97
139,145,32,100
132,141,31,96
114,136,31,100
99,140,31,95
78,141,31,95
47,143,32,93
15,149,32,87
4,153,32,98
4,153,32,98
4,153,32,98
4,153,32,98
1,156,33,103
6,154,32,90
29,152,32,92
45,148,33,94
64,148,32,94
79,148,32,95
93,147,31,95
97,147,31,96
96,147,30,93
91,149,30,93
85,151,30,93
61,156,30,92
47,154,30,94
36,153,31,96
29,155,30,97
23,155,30,95
31,150,30,96
43,154,30,92
57,152,30,92
71,152,30,94
78,156,31,94
85,153,31,96
91,153,31,97
89,151,31,96
81,149,31,96
70,151,31,97
51,155,32,96
28,154,31,96
7,154,32,95
6,156,32,102
4,158,32,103
6,159,30,98
20,159,30,91
35,161,30,90
50,161,31,90
66,161,30,89
77,160,30,90
88,161,30,90
91,162,30,92
91,162,29,91
83,164,29,90
74,163,29,91
58,166,29,91
49,165,29,93
42,170,29,93
36,173,29,91
36,173,30,91
49,176,29,89
63,172,31,93
81,172,31,92
99,168,31,95
111,166,32,98
136,164,31,96
143,162,31,96
143,158,31,98
138,158,31,94
131,156,31,95
111,159,31,94
99,161,31,92
87,163,31,91
79,165,31,93
70,167,31,92
67,179,32,93
70,181,32,96
77,184,32,96
86,185,32,96
95,185,33,96
118,182,32,97
127,183,33,99
134,181,33,99
145,184,32,99
149,185,32,99
149,185,33,101
146,184,32,100
144,182,33,102
141,183,33,101
139,181,33,101
143,179,33,103
145,179,33,101
151,177,33,101
159,176,34,100
173,177,33,100
191,180,33,100
195,181,32,99
198,183,31,97
199,180,31,98
194,183,31,95
180,189,32,96
170,191,32,94
157,190,32,94
141,188,32,95
131,191,32,94
115,192,33,97
110,193,33,97
108,195,32,98
109,197,32,98
109,196,33,103
123,195,33,102
132,197,33,101
144,192,34,101
155,193,34,98
164,191,33,98
181,189,33,100
181,189,32,99
176,189,32,96
169,190,31,93
160,189,31,95
139,198,32,95
129,198,32,94
119,200,32,94
113,202,32,95
109,206,32,97
109,205,32,96
108,206,32,98
112,202,32,101
116,202,33,101
123,201,32,102
137,201,33,100
140,198,33,100
141,193,33,101
145,192,32,101
144,192,32,98
143,192,31,97
142,194,31,97
135,193,31,95
131,192,31,95
124,192,31,95
120,192,31,96
119,192,31,97
119,191,31,96
122,188,31,99
125,187,31,100
132,182,31,98
137,181,31,99
142,181,31,99
142,183,32,98
145,184,31,98
137,186,31,98
127,185,32,99
119,188,31,97
109,189,31,97
100,191,32,97
87,195,32,99
82,196,32,99
82,198,32,98
87,197,32,97
94,198,32,97
107,191,32,95
116,189,32,96
123,187,32,98
129,185,32,97
133,182,32,98
133,179,33,100
137,176,33,100
136,173,33,103
131,173,33,99
126,171,32,98
112,171,33,100
104,167,32,100
94,171,33,99
88,170,32,99
80,171,32,99
68,173,33,100
62,174,32,98
55,174,31,98
46,176,31,99
38,175,31,101
21,180,32,98
7,179,34,99
8,182,32,103
6,187,33,106
4,194,33,106
4,194,33,106
4,194,33,106
4,194,33,106
4,194,33,106
4,194,33,106
4,194,33,106
4,194,33,106
4,194,33,106
4,194,33,106
4,194,33,106
4,194,33,106
4,194,33,106
4,194,33,106
4,194,33,106
4,194,33,106
4,194,33,106
4,194,33,106
4,194,33,106
4,194,33,106
4,194,33,106
4,194,33,106
4,194,33,106
4,194,33,106
4,194,33,106
4,194,33,106
4,194,33,106
4,194,33,106
4,194,33,106
4,194,33,106
4,194,33,106
4,194,33,106
4,194,33,106
4,194,33,106
4,194,33,106
4,194,33,106
4,194,33,106
4,194,33,106
4,194,33,106
4,194,33,106
4,194,33,106
4,194,33,106
4,194,33,106
4,194,33,106
4,194,33,106
4,194,33,106
4,194,33,106
4,194,33,106
4,194,33,106
4,194,33,106
4,194,33,106
4,194,33,106
4,194,33,106
4,194,33,106
4,194,33,106
4,194,33,106
4,194,33,106
4,194,33,106
4,194,33,106
4,194,33,106
4,194,33,106
4,194,33,106
4,194,33,106
4,194,33,106
4,194,33,106
4,194,33,106
4,194,33,106
4,194,33,106
4,194,33,106
4,194,33,106
4,194,33,106
4,194,33,106
4,194,33,106
4,194,33,106
4,194,33,106
4,194,33,106
4,194,33,106
4,194,33,106
4,194,33,106
4,194,33,106
4,194,33,106
4,194,33,106
4,194,33,106
4,194,33,106
4,194,33,106
4,194,33,106
4,194,33,106
4,194,33,106
4,194,33,106
4,194,33,106
4,194,33,106
4,194,33,106
4,194,33,106
4,194,33,106
4,194,33,106
4,194,33,106
4,194,33,106
4,194,33,106
4,194,33,106
4,194,33,106
4,194,33,106
4,194,33,106
4,194,33,106
4,194,33,106
4,194,33,106
4,194,33,106
4,194,33,106
4,194,33,106
4,194,33,106
4,194,33,106
4,194,33,106
4,194,33,106
4,194,33,106
4,194,33,106
4,194,33,106
4,194,33,106
4,194,33,106
4,194,33,106
4,194,33,106
4,194,33,106
4,194,33,106
4,194,33,106
4,194,33,106
4,194,33,106
4,194,33,106
4,194,33,106
4,194,33,106
4,194,33,106
4,194,33,106
4,194,33,106
4,194,33,106
4,194,33,106
4,194,33,106
4,194,33,106
4,194,33,106
4,194,33,106
4,194,33,106
4,194,33,106
4,194,33,106
4,194,33,106
4,194,33,106
4,194,33,106
4,194,33,106
4,194,33,106
4,194,33,106
4,194,33,106
4,194,33,106
4,194,33,106
4,194,33,106
4,194,33,106
4,194,33,106
4,194,33,106
4,194,33,106
4,194,33,106
4,194,33,106
4,194,33,106
4,194,33,106
4,194,33,106
4,194,33,106
4,194,33,106
4,194,33,106
4,194,33,106
4,194,33,106
4,194,33,106
4,194,33,106
4,194,33,106
4,194,33,106
4,194,33,106
4,194,33,106
4,194,33,106
4,194,33,106
4,194,33,106
4,194,33,106
4,194,33,106
4,194,33,106
4,194,33,106
4,194,33,106
4,194,33,106
4,194,33,106
4,194,33,106
4,194,33,106
4,194,33,106
4,194,33,106
4,194,33,106
4,194,33,106
4,194,33,106
4,194,33,106
4,194,33,106
4,194,33,106
4,194,33,106
4,194,33,106
4,194,33,106
4,194,33,106
4,194,33,106
4,194,33,106
4,194,33,106
4,194,33,106
4,194,33,106
4,194,33,106
4,194,33,106
4,194,33,106
4,194,33,106
4,194,33,106
4,194,33,106
4,194,33,106
4,194,33,106
4,194,33,106
4,194,33,106
4,194,33,106
4,194,33,106
4,194,33,106
4,194,33,106
4,194,33,106
4,194,33,106
4,194,33,106
4,194,33,106
4,194,33,106
4,194,33,106
4,194,33,106
4,194,33,106
4,194,33,106
4,194,33,106
4,194,33,106
4,194,33,106
4,194,33,106
4,194,33,106
4,194,33,106
4,194,33,106
4,194,33,106
4,194,33,106
4,194,33,106
4,194,33,106
4,194,33,106
4,194,33,106
4,194,33,106
4,194,33,106
4,194,33,106
4,194,33,106
4,194,33,106
4,194,33,106
4,194,33,106
4,194,33,106
4,194,33,106
4,194,33,106
4,194,33,106
4,194,33,106
4,194,33,106
4,194,33,106
4,194,33,106
4,194,33,106
4,194,33,106
4,194,33,106
4,194,33,106
4,194,33,106
4,194,33,106
4,194,33,106
4,194,33,106
4,194,33,106
4,194,33,106
4,194,33,106
4,194,33,106
4,194,33,106
4,194,33,106
4,194,33,106
4,194,33,106
4,194,33,106
4,194,33,106
4,194,33,106
4,194,33,106
4,194,33,106
4,194,33,106
4,194,33,106
4,194,33,106
4,194,33,106
4,194,33,106
4,194,33,106
4,194,33,106
4,194,33,106
4,194,33,106
4,194,33,106
4,194,33,106
4,194,33,106
4,194,33,106
4,194,33,106
4,194,33,106
4,194,33,106
4,194,33,106
4,194,33,106
4,194,33,106
4,194,33,106
4,194,33,106
4,194,33,106
4,194,33,106
4,194,33,106
4,194,33,106
4,194,33,106
4,194,33,106
4,194,33,106
4,194,33,106
4,194,33,106
4,194,33,106
4,194,33,106
4,194,33,106
4,194,33,106
4,194,33,106
4,194,33,106
4,194,33,106
4,194,33,106
4,194,33,106
4,194,33,106
4,194,33,106
4,194,33,106
4,194,33,106
4,194,33,106
4,194,33,106
4,194,33,106
4,194,33,106
4,194,33,106
4,194,33,106
4,194,33,106
4,194,33,106
4,194,33,106
4,194,33,106
4,194,33,106
4,194,33,106
4,194,33,106
4,194,33,106
4,194,33,106
4,194,33,106
4,194,33,106
4,194,33,106
4,194,33,106
4,194,33,106
4,194,33,106
4,194,33,106
4,194,33,106
4,194,33,106
4,194,33,106
4,194,33,106
4,194,33,106
4,194,33,106
4,194,33,106
4,194,33,106
4,194,33,106
4,194,33,106
4,194,33,106
4,194,33,106
4,194,33,106
4,194,33,106
4,194,33,106
4,194,33,106
4,194,33,106
4,194,33,106
4,194,33,106
4,194,33,106
4,194,33,106
4,194,33,106
4,194,33,106
4,194,33,106
4,194,33,106
4,194,33,106
4,194,33,106
4,194,33,106
4,194,33,106
4,194,33,106
4,194,33,106
4,194,33,106
4,194,33,106
4,194,33,106
4,194,33,106
4,194,33,106
4,194,33,106
4,194,33,106
4,194,33,106
4,194,33,106
4,194,33,106
4,194,33,106
4,194,33,106
4,194,33,106
4,194,33,106
4,194,33,106
4,194,33,106
4,194,33,106
4,194,33,106
4,194,33,106
4,194,33,106
4,194,33,106
4,194,33,106
4,194,33,106
4,194,33,106
4,194,33,106
4,194,33,106
4,194,33,106
4,194,33,106
4,194,33,106
4,194,33,106
4,194,33,106
4,194,33,106
4,194,33,106
4,194,33,106
4,194,33,106
4,194,33,106
4,194,33,106
4,194,33,106
4,194,33,106
4,194,33,106
4,194,33,106
4,194,33,106
4,194,33,106
4,194,33,106
4,194,33,106
4,194,33,106
4,194,33,106
4,194,33,106
4,194,33,106
4,194,33,106
4,194,33,106
4,194,33,106
4,194,33,106
4,194,33,106
4,194,33,106
4,194,33,106
4,194,33,106
4,194,33,106
4,194,33,106
4,194,33,106
4,194,33,106
4,194,33,106
4,194,33,106
4,194,33,106
4,194,33,106
4,194,33,106
4,194,33,106
4,194,33,106
4,194,33,106
4,194,33,106
4,194,33,106
4,194,33,106
4,194,33,106
4,194,33,106
4,194,33,106
4,194,33,106
4,194,33,106
4,194,33,106
4,194,33,106
4,194,33,106
4,194,33,106
4,194,33,106
4,194,33,106
4,194,33,106
4,194,33,106
4,194,33,106
4,194,33,106
4,194,33,106
4,194,33,106
4,194,33,106
4,194,33,106
4,194,33,106
4,194,33,106
4,194,33,106
4,194,33,106
4,194,33,106
4,194,33,106
4,194,33,106
4,194,33,106
4,194,33,106
4,194,33,106
4,194,33,106
4,194,33,106
4,194,33,106
4,194,33,106
4,194,33,106
4,194,33,106
4,194,33,106
4,194,33,106
4,194,33,106
4,194,33,106
4,194,33,106
4,194,33,106
4,194,33,106
4,194,33,106
4,194,33,106
4,194,33,106
4,194,33,106
4,194,33,106
4,194,33,106
4,194,33,106
4,194,33,106
4,194,33,106
4,194,33,106
4,194,33,106
4,194,33,106
4,194,33,106
4,194,33,106
4,194,33,106
4,194,33,106
4,194,33,106
4,194,33,106
4,194,33,106
4,194,33,106
4,194,33,106
4,194,33,106
4,194,33,106
4,194,33,106
4,194,33,106
4,194,33,106
4,194,33,106
4,194,33,106
4,194,33,106
4,194,33,106
4,194,33,106
4,194,33,106
4,194,33,106
4,194,33,106
4,194,33,106
4,194,33,106
4,194,33,106
4,194,33,106
4,194,33,106
4,194,33,106
4,194,33,106
4,194,33,106
4,194,33,106
4,194,33,106
4,194,33,106
4,194,33,106
4,194,33,106
4,194,33,106
4,194,33,106
4,194,33,106
4,194,33,106
4,194,33,106
4,194,33,106
4,194,33,106
4,194,33,106
4,194,33,106
4,194,33,106
4,194,33,106
4,194,33,106
4,194,33,106
4,194,33,106
4,194,33,106
4,194,33,106
4,194,33,106
4,194,33,106
4,194,33,106
4,194,33,106
4,194,33,106
4,194,33,106
4,194,33,106
4,194,33,106
4,194,33,106
4,194,33,106
4,194,33,106
4,194,33,106
4,194,33,106
4,194,33,106
4,194,33,106
4,194,33,106
4,194,33,106
4,194,33,106
4,194,33,106
4,194,33,106
4,194,33,106
4,194,33,106
4,194,33,106
4,194,33,106
4,194,33,106
4,194,33,106
4,194,33,106
4,194,33,106
4,194,33,106
4,194,33,106
4,194,33,106
4,194,33,106
4,194,33,106
4,194,33,106
4,194,33,106
