118,341,53,129
119,341,51,127
120,342,50,127
122,343,49,127
122,343,48,128
123,343,48,128
123,343,48,128
123,344,48,127
123,344,48,128
124,345,48,128
126,344,46,130
127,344,46,132
128,344,46,133
128,344,46,133
129,346,47,132
131,346,46,132
131,347,47,131
132,347,47,130
133,347,47,131
135,348,48,130
136,347,47,130
136,347,49,129
138,346,49,130
138,346,50,129
139,346,51,127
140,346,51,127
141,346,52,126
141,348,50,125
143,348,49,124
143,349,50,127
145,347,49,129
145,349,49,128
146,347,50,130
147,345,50,133
147,345,50,135
146,344,51,138
147,344,51,140
149,345,50,141
149,345,50,142
150,344,49,143
151,344,50,140
154,344,50,143
155,345,50,143
155,346,51,143
155,347,52,141
157,345,53,136
158,346,53,137
157,345,54,140
158,342,54,140
162,339,54,139
166,341,53,141
165,342,53,144
168,341,53,144
168,345,52,146
169,346,52,146
168,347,52,146
171,348,53,145
171,349,52,143
172,349,53,139
174,349,54,139
175,348,53,141
176,349,54,141
180,351,52,137
179,350,53,140
181,347,54,141
184,349,53,139
187,353,53,137
187,351,54,139
189,351,53,141
189,356,54,136
191,354,54,136
195,356,54,133
196,356,53,134
198,358,53,132
199,360,52,131
200,360,52,131
199,357,52,133
200,357,51,134
202,358,51,131
200,357,50,133
201,356,50,131
198,354,51,136
199,352,50,134
201,352,49,134
201,349,50,133
201,348,50,132
200,345,51,132
200,345,51,131
200,345,51,131
200,342,53,128
202,342,52,131
202,339,51,134
202,339,52,131
202,339,53,132
200,337,53,133
202,340,54,130
209,344,53,127
209,339,54,132
211,340,54,133
217,345,52,131
216,343,52,135
219,344,52,134
224,345,52,130
226,344,52,134
229,343,52,137
233,342,52,139
234,338,54,144
239,341,53,137
239,338,53,139
241,335,55,142
242,334,57,142
246,332,57,141
248,332,58,140
251,332,58,141
252,327,59,144
256,334,60,147
257,334,59,145
262,336,59,141
262,337,60,142
268,340,61,137
270,341,62,142
274,340,60,146
282,341,56,144
282,338,56,143
290,343,55,142
292,342,55,145
295,341,55,147
297,340,56,151
299,341,57,154
306,342,56,152
304,337,58,153
307,337,57,155
311,336,58,154
312,334,58,152
314,335,58,153
317,335,58,151
322,335,58,148
325,340,59,145
330,342,59,143
333,342,60,143
334,346,62,146
339,346,62,149
344,346,62,150
345,343,63,156
348,342,63,154
353,343,64,152
358,344,62,149
362,342,62,150
364,341,61,153
367,341,60,155
366,334,62,163
365,331,63,167
365,330,64,167
367,330,65,169
369,330,67,171
371,328,66,174
373,330,67,175
373,327,69,175
379,330,68,171
379,330,68,173
386,329,68,171
394,330,66,166
398,334,65,166
399,330,65,170
408,335,63,166
404,328,62,177
405,326,62,177
405,327,63,177
404,329,65,173
404,329,68,171
395,326,71,174
380,328,72,176
365,328,74,180
361,327,74,181
349,323,73,179
350,327,72,188
345,325,71,190
341,325,71,195
335,326,74,198
322,322,78,194
320,326,77,199
314,328,77,201
309,328,77,202
303,327,77,201
302,327,78,202
307,329,74,206
307,326,72,212
300,326,72,212
297,323,73,210
291,325,75,205
288,322,76,206
287,323,74,206
283,324,75,207
290,329,74,204
294,326,75,205
298,324,75,206
299,324,75,208
299,322,79,206
295,325,82,203
290,327,82,204
276,334,84,204
253,342,84,203
234,339,83,203
223,335,83,206
226,336,84,204
228,339,85,207
237,334,85,214
242,333,85,216
242,331,87,218
252,334,79,231
249,332,79,232
244,333,78,228
243,337,78,224
242,330,81,226
234,330,81,224
238,331,83,223
224,334,86,223
216,330,90,226
205,333,93,227
198,331,93,227
187,332,91,227
181,331,91,231
175,331,92,232
172,329,93,238
168,330,91,238
159,330,92,237
155,328,91,235
157,331,89,235
155,332,93,237
162,329,92,245
170,322,89,253
174,328,90,253
178,328,90,253
173,329,90,249
174,323,91,253
171,324,91,255
172,324,90,257
170,325,90,258
170,328,91,250
177,324,93,253
177,323,100,248
187,321,100,251
193,322,102,249
201,322,99,246
206,322,100,245
212,325,101,242
218,324,102,243
223,325,103,242
230,325,104,243
238,327,103,241
246,333,103,234
249,332,101,234
249,332,103,233
247,326,102,243
252,330,100,246
250,328,99,251
248,327,100,252
242,323,103,254
234,319,106,258
221,320,105,255
212,318,106,257
203,317,106,258
193,314,107,262
185,310,108,269
186,307,106,275
188,303,104,277
188,304,104,277
184,302,106,277
175,299,107,274
170,300,102,268
170,306,102,262
176,310,105,261
186,311,107,258
197,313,109,258
206,310,113,263
219,297,115,277
233,294,117,278
243,285,115,286
255,275,114,292
264,270,116,297
286,266,114,299
303,251,116,318
315,223,119,327
328,209,126,307
344,190,125,313
356,177,124,308
373,192,120,303
383,190,116,312
392,205,121,309
410,199,116,304
432,215,119,296
448,217,117,293
458,205,118,294
474,211,119,292
488,196,116,279
509,207,118,279
532,226,115,289
542,246,120,301
556,252,127,289
577,267,129,280
595,234,126,285
616,243,126,291
622,215,121,285
632,188,119,286
647,194,119,285
660,193,122,288
689,199,123,291
703,194,125,292
718,192,124,290
728,179,125,292
747,184,123,295
763,194,125,295
785,214,121,301
785,214,121,301
805,204,118,305
805,187,117,301
798,189,114,304
808,203,108,288
806,215,113,288
840,227,107,277
840,227,107,277
840,227,107,277
840,227,107,277
840,227,107,277
840,227,107,277
840,227,107,277
840,227,107,277
840,227,107,277
840,227,107,277
840,227,107,277
840,227,107,277
840,227,107,277
840,227,107,277
840,227,107,277
840,227,107,277
840,227,107,277
840,227,107,277
840,227,107,277
840,227,107,277
840,227,107,277
840,227,107,277
840,227,107,277
840,227,107,277
840,227,107,277
840,227,107,277
840,227,107,277
840,227,107,277
840,227,107,277
840,227,107,277
840,227,107,277
840,227,107,277
840,227,107,277
840,227,107,277
840,227,107,277
840,227,107,277
840,227,107,277
840,227,107,277
840,227,107,277
840,227,107,277
840,227,107,277
840,227,107,277
840,227,107,277
840,227,107,277
840,227,107,277
840,227,107,277
840,227,107,277
840,227,107,277
840,227,107,277
840,227,107,277
840,227,107,277
840,227,107,277
840,227,107,277
840,227,107,277
840,227,107,277
840,227,107,277
840,227,107,277
840,227,107,277
840,227,107,277
840,227,107,277
840,227,107,277
840,227,107,277
840,227,107,277
840,227,107,277
840,227,107,277
840,227,107,277
840,227,107,277
840,227,107,277
840,227,107,277
840,227,107,277
840,227,107,277
840,227,107,277
840,227,107,277
840,227,107,277
840,227,107,277
840,227,107,277
840,227,107,277
840,227,107,277
840,227,107,277
840,227,107,277
840,227,107,277
840,227,107,277
