308,169,57,97
306,170,57,97
303,171,57,98
300,174,58,99
294,178,59,99
291,178,59,98
291,178,59,98
277,174,58,98
264,178,60,98
257,178,60,99
250,178,61,97
242,179,60,97
235,176,59,101
224,181,60,101
224,187,59,101
223,192,58,102
222,192,58,102
221,192,57,102
223,190,58,101
221,188,57,98
220,178,58,99
213,174,57,100
212,172,57,98
205,180,58,92
205,183,57,91
203,186,55,92
201,189,55,92
202,190,55,91
198,196,56,90
198,196,56,91
198,195,55,91
199,193,55,92
198,194,55,90
200,190,55,89
199,192,54,89
200,195,53,90
203,200,53,90
205,206,54,90
211,209,54,91
213,212,54,88
216,212,54,88
219,211,54,90
220,209,53,89
223,208,54,89
224,208,54,90
226,210,54,90
226,212,53,90
226,213,54,91
225,217,54,88
226,219,54,90
225,218,54,89
225,216,54,92
224,215,54,92
224,213,54,91
225,213,55,90
226,211,54,91
225,214,56,90
226,215,55,90
228,223,55,83
232,220,54,87
230,212,56,93
231,210,58,93
231,206,58,95
233,207,59,91
232,206,59,92
234,206,59,91
235,207,58,92
236,210,59,90
240,209,58,91
241,210,59,90
242,211,58,90
244,211,58,90
249,216,56,91
245,220,54,84
248,211,52,88
248,212,55,91
247,213,54,89
247,211,54,91
246,214,55,90
245,213,55,90
245,211,54,92
243,215,55,89
242,214,54,89
243,210,54,92
242,208,55,92
241,208,55,92
241,208,56,92
243,207,55,91
241,207,56,91
242,206,54,91
240,207,56,89
240,204,56,91
239,204,56,92
236,203,54,89
235,203,55,90
233,203,54,90
232,205,55,89
231,205,54,88
229,206,55,89
229,206,56,90
229,207,55,90
230,206,54,91
228,208,57,89
230,209,56,91
231,209,58,89
232,210,57,89
237,210,55,92
237,207,55,95
239,207,56,96
239,209,56,98
241,208,57,96
238,208,57,98
237,208,57,98
236,208,57,98
237,206,58,98
235,203,57,100
237,199,56,100
240,196,55,99
249,189,53,103
256,187,52,103
263,186,54,103
272,185,56,104
286,186,61,104
286,186,61,104
286,186,61,104
317,184,60,102
326,187,60,103
323,188,61,105
324,185,61,104
331,189,60,101
333,191,60,100
338,192,58,99
338,192,58,99
338,192,58,99
338,192,58,99
338,192,58,99
338,192,58,99
338,192,58,99
338,192,58,99
338,192,58,99
338,192,58,99
338,192,58,99
338,192,58,99
338,192,58,99
338,192,58,99
338,192,58,99
338,192,58,99
338,192,58,99
338,192,58,99
338,192,58,99
338,192,58,99
338,192,58,99
338,192,58,99
338,192,58,99
338,192,58,99
338,192,58,99
338,192,58,99
338,192,58,99
338,192,58,99
338,192,58,99
338,192,58,99
338,192,58,99
338,192,58,99
338,192,58,99
338,192,58,99
338,192,58,99
338,192,58,99
338,192,58,99
338,192,58,99
236,200,61,101
234,192,62,96
235,193,61,94
238,193,61,104
231,188,60,100
221,181,62,104
209,183,64,100
196,177,64,100
188,169,65,104
178,170,64,103
159,171,62,104
152,175,63,107
147,187,65,106
146,192,65,105
145,197,64,106
153,206,63,107
158,209,64,105
166,216,63,101
168,217,65,98
175,216,62,102
182,219,62,94
183,219,63,95
187,219,62,97
191,217,62,98
192,218,61,100
193,219,61,97
195,222,62,94
195,221,63,95
194,220,61,96
200,217,60,98
194,222,65,89
198,220,64,91
195,223,65,88
196,223,65,88
197,223,65,88
197,221,66,89
200,219,63,92
199,222,65,90
199,225,64,88
199,225,64,89
199,227,63,88
199,226,65,88
198,224,65,90
198,224,65,89
200,226,63,87
200,228,63,86
201,226,63,88
201,226,66,87
203,223,64,93
202,223,65,87
206,223,65,90
209,223,63,91
211,225,63,91
212,224,64,88
213,223,64,89
223,218,59,100
224,216,60,102
225,217,64,99
225,218,65,95
226,219,65,96
227,218,63,95
228,216,63,97
230,215,62,98
227,218,64,93
228,217,63,96
221,222,65,88
218,223,65,87
215,219,67,90
213,219,66,93
208,218,67,90
201,217,66,92
199,219,66,90
196,219,66,88
196,218,64,90
191,217,66,89
190,217,66,88
190,215,66,90
189,216,66,91
188,215,65,91
189,214,64,89
188,214,64,89
189,212,62,91
186,212,65,89
186,213,64,89
185,214,64,89
184,216,62,90
183,215,62,91
184,218,64,90
185,218,64,89
186,218,63,89
190,219,63,89
191,221,64,87
193,221,65,87
194,222,65,88
196,223,66,88
201,223,66,91
204,225,65,89
208,225,67,88
212,226,68,88
218,223,68,91
233,222,70,91
243,220,70,90
252,220,70,90
261,218,69,94
272,221,69,93
285,220,70,90
290,221,68,90
294,222,67,89
295,223,67,88
297,223,67,88
297,222,67,88
296,222,66,89
294,220,66,89
293,218,66,90
291,219,66,89
286,216,67,91
283,216,68,91
281,216,67,90
277,214,67,91
275,215,68,90
270,213,68,92
267,213,67,90
265,214,67,90
263,212,67,91
262,214,67,89
260,213,67,90
259,215,67,89
257,215,67,89
256,216,67,88
253,216,67,89
248,216,67,91
246,217,67,89
243,217,67,90
240,219,68,89
236,217,67,91
232,218,68,90
229,218,67,90
227,217,67,90
226,217,67,89
224,217,68,89
222,216,68,90
221,216,66,89
221,216,66,90
221,215,66,91
221,212,65,93
224,202,66,109
221,209,67,101
221,212,66,96
219,212,68,93
218,210,69,91
216,208,69,91
216,208,68,90
215,208,68,90
214,206,67,90
212,206,67,92
212,206,67,92
213,206,66,92
212,206,66,92
214,207,66,90
216,208,66,90
219,208,66,91
220,209,67,89
222,210,66,89
224,211,66,88
225,210,66,88
225,210,66,89
226,210,66,90
227,212,66,89
227,213,65,89
227,215,65,89
225,216,65,90
224,215,64,90
224,217,65,91
224,215,64,94
224,213,64,98
224,213,64,99
225,215,64,98
226,218,65,96
228,215,65,98
229,209,65,103
229,209,65,103
229,209,65,103
229,209,65,103
261,158,63,108
271,154,65,107
284,149,64,105
310,132,64,109
329,125,63,107
329,125,63,107
329,125,63,107
404,121,63,108
415,100,64,109
431,101,64,110
447,99,63,108
447,99,63,108
447,99,63,108
447,99,63,108
496,118,64,109
499,122,63,108
509,129,63,107
513,138,62,105
522,153,61,104
525,160,60,102
523,167,60,102
520,169,61,104
517,168,62,105
509,180,62,105
503,184,61,104
497,182,63,107
494,187,62,106
493,189,63,107
490,193,63,106
486,195,62,106
487,197,62,106
486,203,62,106
485,201,63,108
481,208,62,105
481,208,61,104
482,217,60,103
484,212,61,104
484,210,61,104
489,211,63,107
490,205,63,108
493,205,64,109
498,203,64,109
502,200,63,107
507,201,62,106
508,198,63,107
508,194,62,106
510,198,62,106
506,194,62,105
498,192,62,105
494,190,62,106
487,187,62,105
478,186,62,106
474,186,62,106
458,185,63,108
451,185,62,106
447,188,63,107
443,186,64,108
440,190,63,108
434,191,63,107
429,189,63,107
432,190,63,106
431,194,62,105
431,194,62,105
432,195,63,106
431,195,63,108
436,197,64,109
440,195,64,109
444,198,64,108
453,200,63,108
456,201,62,106
461,201,62,106
461,201,63,107
467,199,64,108
473,198,64,109
472,194,64,110
474,196,65,110
473,198,64,108
470,199,63,107
467,196,63,107
464,198,63,107
458,194,63,108
456,193,63,108
453,194,63,108
441,193,62,106
437,193,63,107
432,192,63,107
429,194,64,108
422,193,63,108
419,192,64,109
417,192,64,109
416,193,63,108
416,192,63,107
417,194,63,107
419,194,62,105
428,196,61,104
433,192,61,103
435,195,61,103
443,195,60,102
447,195,60,102
454,195,61,104
459,196,60,103
461,196,61,103
461,196,61,104
461,199,61,104
459,197,61,104
461,200,61,104
456,201,61,105
452,203,62,105
445,206,62,105
444,201,63,107
436,200,64,108
435,201,64,109
428,203,65,110
419,202,64,110
414,200,66,112
405,198,67,113
406,198,67,113
400,192,68,115
389,186,69,118
391,187,68,116
387,185,67,115
389,185,67,114
386,184,66,112
383,181,66,113
381,177,67,114
383,179,67,113
380,179,66,112
380,178,65,110
380,185,63,108
381,186,64,109
384,186,62,106
384,189,64,108
387,189,63,108
394,194,64,109
402,196,62,106
403,200,63,106
410,200,64,108
420,203,63,107
432,206,63,108
436,207,65,110
438,206,65,111
445,204,65,111
452,204,67,114
462,205,66,112
464,207,64,110
470,207,64,109
468,204,63,108
468,201,64,109
468,198,64,109
467,200,64,108
462,195,64,109
460,196,65,110
461,194,63,108
451,190,63,108
448,189,63,107
443,189,63,107
436,187,64,109
433,188,64,109
422,189,64,109
416,191,64,109
417,192,64,108
411,196,63,107
412,195,62,105
416,198,62,106
416,195,64,108
419,198,64,110
424,198,64,108
425,199,64,108
429,197,64,109
436,197,65,110
436,196,65,110
438,199,65,110
440,197,65,110
441,196,65,110
445,196,64,109
447,193,64,109
448,193,63,107
448,189,63,107
451,190,64,109
449,189,65,111
448,189,66,113
448,189,67,113
446,187,68,111
444,186,67,114
442,182,67,115
438,186,69,114
439,182,68,115
437,185,69,112
436,185,67,115
431,189,70,113
433,190,69,117
433,193,69,113
434,194,69,112
440,194,67,114
449,193,66,112
452,193,66,113
454,190,66,113
461,187,66,112
462,188,66,109
468,191,64,109
465,189,64,109
468,194,64,109
469,195,63,108
471,197,62,106
473,198,62,106
469,198,62,106
469,195,62,106
471,197,61,105
473,200,60,102
477,201,59,100
476,202,59,100
478,203,59,100
479,204,58,98
476,204,59,100
477,206,58,99
477,207,58,99
473,206,59,100
471,208,58,99
468,206,59,101
466,205,61,103
465,203,60,103
464,203,61,103
463,203,61,104
467,205,61,102
475,202,60,103
479,198,61,104
484,199,61,104
487,198,61,104
497,199,61,104
506,200,61,103
513,197,60,103
518,198,60,103
520,196,62,105
522,196,61,105
522,192,61,103
521,192,60,103
516,192,60,103
511,195,59,101
502,192,59,101
494,197,60,102
488,198,59,101
482,197,61,103
479,197,60,103
478,200,60,102
475,200,60,102
472,196,60,102
472,198,59,100
470,200,59,101
475,201,60,101
471,199,60,102
474,199,60,102
471,196,60,101
472,199,59,101
471,197,59,101
469,195,59,100
469,197,59,100
468,199,59,100
472,199,59,101
472,197,60,102
480,196,61,103
482,196,61,104
481,192,62,105
481,191,63,106
479,193,62,105
468,190,62,105
462,191,62,105
453,190,61,104
444,193,61,104
443,192,61,103
436,195,60,103
432,199,61,101
427,197,62,98
428,196,61,98
429,195,60,97
433,194,61,98
437,196,61,98
443,197,60,101
448,198,59,100
448,199,59,100
451,199,58,98
454,199,57,98
452,200,57,97
451,199,58,99
450,194,58,99
449,197,58,99
447,197,58,100
447,194,58,99
446,197,58,99
447,200,57,97
446,198,58,98
446,197,58,99
449,196,59,100
448,196,59,100
452,198,59,100
453,194,59,101
457,198,59,101
456,201,60,100
460,202,59,101
461,202,59,100
461,203,59,101
462,205,59,100
461,202,59,100
458,199,58,99
459,202,58,99
451,198,58,99
448,198,58,98
445,196,57,97
443,197,57,97
437,192,57,98
435,193,58,98
431,192,58,98
430,192,57,97
428,192,58,98
424,192,58,99
424,192,58,98
424,194,58,98
422,191,58,99
423,192,58,98
422,192,58,98
422,192,59,100
424,190,59,100
425,196,59,100
425,195,59,100
431,197,59,101
435,197,61,103
437,196,60,103
440,197,60,101
444,198,59,101
445,199,60,102
447,198,60,102
447,200,60,102
446,200,59,101
444,202,60,102
440,198,60,103
438,204,59,101
433,199,60,101
428,199,60,102
427,199,59,101
423,197,60,102
420,196,60,102
415,194,61,104
414,194,60,103
412,194,60,103
410,191,60,102
411,194,60,102
413,190,59,101
414,191,58,99
415,192,57,97
417,195,57,96
418,194,57,96
422,194,57,97
424,197,56,96
430,201,56,95
433,205,55,94
436,205,55,94
443,202,56,96
447,202,57,96
446,206,56,96
447,204,57,96
448,205,57,98
448,210,58,99
450,212,57,97
449,212,57,97
447,209,57,97
447,212,56,96
444,210,57,97
441,209,58,98
438,208,57,98
436,207,58,99
433,206,58,99
429,207,57,98
429,204,57,98
427,207,56,96
426,209,55,94
427,207,55,94
429,204,56,96
427,201,57,96
426,202,56,96
428,201,57,97
427,199,58,98
426,202,58,98
429,203,59,100
429,202,59,100
431,202,59,100
432,202,59,100
434,201,59,100
436,202,58,99
440,204,57,97
442,207,57,97
441,205,57,97
443,206,57,96
444,206,57,97
443,206,57,97
444,209,57,97
443,206,56,96
438,205,57,97
436,204,58,99
435,202,58,99
434,204,58,99
432,201,57,98
430,203,58,98
429,199,58,99
425,200,58,99
430,201,59,98
428,199,58,97
427,200,58,99
427,197,57,98
424,198,58,98
427,199,57,97
425,196,58,99
423,195,58,98
426,198,56,96
423,196,57,96
426,197,57,97
427,196,57,96
429,198,57,96
430,199,57,97
432,199,57,97
433,195,58,98
435,195,58,99
437,197,58,99
435,196,59,99
438,195,59,101
438,197,58,99
438,198,58,98
441,198,58,98
439,199,57,97
441,200,57,97
441,194,57,98
441,195,58,98
441,191,58,99
437,192,59,100
439,193,58,99
438,192,58,98
437,191,59,100
435,193,59,101
439,193,59,101
437,192,59,100
436,191,60,102
434,192,60,102
436,191,60,102
435,191,60,101
438,196,59,100
435,193,59,101
436,195,59,101
438,196,59,100
442,197,58,99
443,198,58,99
444,198,59,101
446,199,59,100
450,194,59,100
453,195,59,100
453,193,59,100
454,196,58,99
453,189,59,100
451,188,59,100
449,191,59,101
448,188,59,101
441,191,59,100
442,186,59,100
434,187,58,99
432,190,57,97
432,190,57,97
431,193,55,94
427,190,57,97
426,190,57,96
427,190,57,97
426,193,57,97
427,192,57,97
426,193,58,98
431,192,58,99
438,197,59,100
442,197,59,100
447,200,59,100
451,201,58,100
457,203,57,98
460,205,58,98
462,203,59,100
464,200,59,100
464,204,59,100
466,203,59,101
467,205,59,101
468,206,59,100
468,207,61,103
472,208,60,102
477,207,60,102
481,206,60,102
482,206,61,104
484,205,60,103
485,203,62,105
486,202,62,106
486,202,62,106
484,200,62,106
483,202,63,107
485,202,62,106
484,199,62,105
484,196,61,103
483,195,61,103
484,192,61,104
485,188,61,104
492,189,61,105
494,188,62,105
500,188,62,106
506,185,63,107
510,184,62,106
520,184,63,107
524,185,63,107
527,183,62,105
527,184,62,106
528,184,62,105
524,185,62,105
511,186,62,105
505,186,61,104
498,187,61,104
489,187,61,104
484,189,61,104
472,188,61,103
466,188,60,101
464,186,60,102
459,187,61,105
457,186,62,106
456,184,63,107
458,184,63,107
459,186,62,106
458,186,62,105
461,186,61,104
458,185,62,105
459,185,62,105
456,186,62,105
456,187,61,103
454,186,60,102
450,189,60,102
448,188,60,102
444,190,60,102
443,189,60,101
440,192,59,100
431,188,60,101
432,190,59,101
430,191,58,99
430,193,57,98
430,195,58,98
432,192,58,99
436,194,57,97
443,194,57,97
448,191,57,97
448,194,56,95
458,194,56,96
460,193,57,97
468,193,56,95
470,195,57,97
471,191,56,96
475,192,57,96
478,189,56,96
479,186,58,98
482,178,59,100
481,176,60,103
480,165,60,102
479,168,60,103
477,165,60,102
477,165,60,102
474,168,60,102
466,174,60,102
463,175,60,102
462,177,60,102
463,177,60,102
464,178,60,101
463,178,59,100
466,178,59,100
465,177,60,103
470,178,61,104
473,177,61,104
476,181,60,102
476,184,60,103
478,185,60,102
479,185,60,102
480,183,61,104
479,178,62,105
484,181,61,104
486,177,61,104
490,177,61,104
495,179,61,104
503,177,61,104
500,176,61,104
504,173,62,105
508,172,63,107
508,169,63,107
503,164,64,108
496,164,63,108
494,165,64,108
493,164,64,108
485,157,65,110
465,156,65,110
456,162,65,111
447,183,66,112
444,183,67,114
439,184,66,113
444,186,65,111
438,186,65,111
433,190,64,107
440,188,65,104
440,187,65,104
433,192,66,100
440,186,64,105
442,188,63,107
438,188,64,103
436,188,64,104
436,189,64,103
442,188,62,106
439,190,64,103
439,186,63,104
441,185,63,108
439,187,64,106
443,186,63,107
440,187,64,105
439,186,65,106
440,185,65,107
437,191,67,100
434,190,71,100
441,188,69,102
443,187,72,101
451,184,68,106
458,184,65,107
462,183,67,106
468,180,65,111
465,185,67,107
469,184,68,107
476,187,66,108
484,178,66,112
477,188,68,104
480,190,70,103
478,186,71,107
483,187,72,107
486,186,71,111
478,190,77,106
486,188,72,113
486,190,73,110
486,191,74,108
486,193,75,106
488,196,71,104
496,199,69,103
501,205,67,100
499,208,70,100
499,208,70,100
507,220,70,101
511,210,69,98
512,207,69,101
511,209,69,98
519,208,67,98
519,211,67,98
520,207,69,99
509,208,69,95
515,204,65,99
516,202,64,100
515,201,64,102
514,199,65,105
513,200,66,106
518,203,65,106
520,204,66,106
526,206,64,106
529,206,64,106
531,205,65,109
533,209,65,109
531,209,64,108
534,210,64,107
538,210,62,107
540,209,63,110
544,203,66,113
551,197,66,113
551,197,66,113
551,197,66,113
551,197,66,113
551,197,66,113
551,197,66,113
551,197,66,113
551,197,66,113
551,197,66,113
551,197,66,113
551,197,66,113
551,197,66,113
551,197,66,113
489,191,68,107
484,190,70,108
490,188,68,110
485,196,69,104
489,185,69,111
497,187,69,113
508,182,67,115
518,177,69,112
527,174,67,112
531,166,67,113
538,158,68,114
540,155,67,113
543,158,65,113
546,162,65,112
547,165,65,111
547,168,66,112
549,170,66,111
551,169,66,112
556,170,66,113
556,170,66,116
558,173,66,118
558,175,67,121
561,191,66,121
562,198,67,123
564,205,66,121
568,211,66,118
570,210,68,120
578,212,68,116
581,215,66,113
586,217,65,109
587,216,65,107
587,218,65,106
586,219,65,105
584,223,63,102
583,223,63,102
579,225,63,101
581,223,62,101
579,223,62,102
575,217,64,107
574,213,63,106
575,209,62,106
572,200,61,105
558,184,64,109
549,182,66,104
549,182,66,104
549,182,66,104
510,178,71,95
467,178,69,103
447,185,65,110
416,199,65,110
397,208,68,100
372,216,71,95
324,220,69,97
288,228,72,96
263,235,73,96
241,238,73,98
230,240,69,103
220,250,65,106
211,258,67,100
211,260,67,97
214,261,68,96
221,260,68,97
233,256,68,99
241,251,67,101
244,249,68,101
246,247,68,99
247,245,67,97
250,240,69,99
248,237,68,99
247,231,67,100
242,226,68,101
243,221,69,102
241,214,69,102
239,208,68,102
240,204,68,103
242,200,69,103
249,195,71,105
252,187,71,104
258,186,74,104
262,182,73,103
264,184,74,103
266,184,74,102
278,182,75,104
279,181,74,106
282,178,74,106
282,175,75,108
281,170,75,109
281,169,74,106
280,164,74,107
279,160,74,109
280,155,73,109
277,148,73,108
278,144,72,105
283,147,73,102
284,146,76,104
287,143,74,105
299,145,76,105
331,150,76,100
347,146,77,103
356,139,78,105
374,139,78,106
388,144,78,107
426,154,77,110
444,160,77,109
458,167,78,111
473,177,78,111
486,184,77,112
501,193,76,113
508,205,76,111
512,210,73,109
511,211,69,108
512,210,68,108
508,197,68,117
506,199,68,115
504,195,69,117
503,191,70,119
500,188,69,120
496,182,70,120
495,178,69,119
494,180,69,115
491,179,70,115
494,178,69,115
486,190,69,107
485,190,73,107
481,192,76,105
473,194,76,105
470,192,76,109
466,180,72,117
459,184,73,113
449,183,79,108
444,189,80,106
439,188,80,105
436,179,76,112
429,182,80,108
432,183,78,110
426,183,79,108
425,180,79,107
420,179,79,108
423,180,78,106
419,179,80,107
414,179,80,108
413,181,80,107
418,181,79,106
418,179,79,107
415,182,79,107
415,182,81,110
413,182,80,111
419,185,80,110
415,185,80,111
416,185,80,111
418,185,80,111
410,181,80,112
408,177,81,112
408,176,81,110
408,176,84,110
401,177,80,109
400,179,80,109
398,181,81,110
400,182,81,110
394,179,81,112
398,183,82,110
402,179,82,110
406,181,85,115
406,184,84,115
408,187,83,113
412,188,84,112
412,191,84,111
415,185,87,115
415,182,85,116
415,182,84,115
416,182,84,114
415,183,82,113
419,189,83,114
419,198,81,112
416,201,79,112
410,201,74,111
409,202,72,110
412,201,73,110
413,196,73,117
418,194,72,119
418,196,71,118
422,197,71,116
429,197,71,114
435,195,71,116
443,196,71,115
451,194,73,117
455,195,72,116
461,193,73,118
468,190,72,119
468,189,72,118
471,191,69,116
474,190,71,115
472,197,69,109
475,195,72,111
473,196,70,110
473,199,70,110
470,198,70,109
471,200,71,109
468,201,71,109
469,200,71,112
469,201,69,111
470,205,70,109
473,206,72,109
479,206,72,111
483,206,72,110
490,206,73,109
495,205,73,109
502,207,73,108
510,204,72,108
515,204,73,109
520,204,75,109
520,199,72,113
526,197,73,116
526,204,73,109
525,203,73,111
525,199,75,113
525,203,75,111
518,202,75,112
511,203,75,113
507,209,75,115
500,204,71,118
493,208,72,118
487,215,70,116
484,220,70,114
484,229,72,112
485,222,75,116
479,224,74,112
484,221,75,116
489,216,76,118
498,216,77,118
500,216,77,117
497,212,74,122
501,210,72,125
499,207,67,131
498,209,66,131
496,208,67,132
495,208,68,132
495,205,71,134
