283,164,36,60
284,166,36,58
279,166,36,60
277,164,36,60
277,164,36,60
275,165,36,59
275,166,34,57
273,167,36,56
271,168,35,58
268,168,35,59
265,169,35,59
265,168,35,59
263,169,36,57
263,169,35,58
260,169,35,58
258,170,35,59
260,172,36,60
264,175,35,59
269,177,35,59
269,177,36,60
270,176,36,60
270,176,37,58
274,174,37,60
276,175,36,60
280,174,36,59
283,175,35,59
286,173,36,60
288,176,36,59
290,175,36,59
291,179,35,58
294,177,34,57
293,179,35,56
294,181,35,58
294,180,35,58
295,180,35,58
296,180,35,57
296,178,35,57
298,179,35,58
300,182,37,54
300,182,37,55
300,185,37,55
299,186,36,58
300,189,36,58
299,190,36,57
300,189,36,57
298,188,35,58
298,185,35,59
299,186,35,59
298,185,35,59
300,188,35,58
304,188,34,57
304,188,34,57
305,190,34,56
304,186,34,57
304,187,35,55
302,185,35,58
303,186,34,57
300,186,34,57
300,185,34,57
300,184,35,57
297,185,34,57
298,184,34,56
295,185,34,57
295,186,34,57
291,187,35,56
291,186,34,57
288,187,34,57
284,186,35,59
284,187,36,60
281,187,36,59
282,189,36,59
279,190,36,60
277,192,36,60
278,191,36,60
279,191,36,60
274,192,36,61
273,192,36,60
269,194,36,60
268,194,37,61
263,195,37,62
257,196,37,62
256,196,37,62
260,196,37,61
258,196,37,61
258,197,37,61
259,196,37,61
255,199,36,61
253,198,37,62
252,196,37,62
248,195,38,63
247,194,38,63
245,194,38,63
239,201,38,64
238,202,38,64
235,203,39,64
235,204,38,63
232,202,38,64
237,194,38,64
237,193,39,65
238,192,39,65
236,197,39,65
238,199,40,66
243,204,41,68
247,205,41,68
252,204,40,67
252,206,40,66
256,206,40,66
259,206,40,66
261,208,40,66
265,210,40,66
264,211,40,67
266,211,40,67
270,212,40,66
272,212,39,65
271,211,39,65
272,212,38,64
272,213,39,65
268,213,40,66
271,214,39,65
275,215,39,65
276,216,39,65
279,217,39,66
280,220,39,66
279,221,40,67
280,223,41,68
283,222,41,69
295,221,42,70
304,220,42,70
313,221,42,70
317,221,42,70
316,220,42,70
316,220,43,68
319,220,43,67
319,221,43,67
322,221,42,68
326,221,42,70
331,223,42,70
338,225,42,70
342,226,43,70
345,227,41,67
348,227,41,67
348,227,41,67
353,228,41,68
361,229,40,67
363,229,39,66
364,229,38,65
364,229,38,65
369,229,38,66
369,229,38,66
369,229,38,66
369,229,38,66
369,229,38,66
369,229,38,66
369,229,38,66
369,229,38,66
369,229,38,66
369,229,38,66
369,229,38,66
369,229,38,66
369,229,38,66
369,229,38,66
369,229,38,66
369,229,38,66
369,229,38,66
369,229,38,66
369,229,38,66
369,229,38,66
369,229,38,66
369,229,38,66
369,229,38,66
369,229,38,66
369,229,38,66
369,229,38,66
369,229,38,66
369,229,38,66
369,229,38,66
369,229,38,66
369,229,38,66
369,229,38,66
369,229,38,66
369,229,38,66
369,229,38,66
369,229,38,66
369,229,38,66
369,229,38,66
369,229,38,66
369,229,38,66
369,229,38,66
369,229,38,66
369,229,38,66
369,229,38,66
369,229,38,66
369,229,38,66
369,229,38,66
369,229,38,66
369,229,38,66
369,229,38,66
369,229,38,66
369,229,38,66
369,229,38,66
369,229,38,66
369,229,38,66
369,229,38,66
369,229,38,66
369,229,38,66
369,229,38,66
369,229,38,66
369,229,38,66
369,229,38,66
369,229,38,66
369,229,38,66
369,229,38,66
369,229,38,66
369,229,38,66
369,229,38,66
369,229,38,66
369,229,38,66
369,229,38,66
369,229,38,66
369,229,38,66
369,229,38,66
369,229,38,66
369,229,38,66
369,229,38,66
369,229,38,66
369,229,38,66
369,229,38,66
288,231,39,70
285,239,38,72
282,238,39,72
265,243,42,70
278,240,40,72
275,240,41,71
268,240,40,68
267,242,41,68
263,244,41,68
264,243,40,68
262,243,40,68
258,245,40,66
257,246,40,66
258,248,40,65
255,248,40,66
254,248,40,66
255,245,40,67
256,245,41,68
259,241,40,71
264,242,40,70
270,243,39,71
281,246,37,68
284,244,37,68
285,248,37,65
282,246,38,67
282,246,37,66
282,246,37,66
282,246,37,66
282,246,37,66
282,246,37,66
282,246,37,66
282,246,37,66
282,246,37,66
282,246,37,66
282,246,37,66
282,246,37,66
282,246,37,66
282,246,37,66
282,246,37,66
282,246,37,66
282,246,37,66
282,246,37,66
282,246,37,66
282,246,37,66
282,246,37,66
282,246,37,66
282,246,37,66
282,246,37,66
282,246,37,66
282,246,37,66
282,246,37,66
282,246,37,66
282,246,37,66
282,246,37,66
282,246,37,66
282,246,37,66
282,246,37,66
282,246,37,66
282,246,37,66
282,246,37,66
282,246,37,66
282,246,37,66
282,246,37,66
282,246,37,66
282,246,37,66
282,246,37,66
282,246,37,66
282,246,37,66
270,285,40,67
267,283,41,68
268,285,40,67
272,287,41,69
278,292,41,68
286,292,40,67
283,292,41,68
285,292,41,68
293,292,41,68
302,288,39,70
323,285,38,72
325,283,39,72
325,283,40,71
327,284,40,70
325,283,41,68
324,284,41,67
321,284,41,68
318,285,41,67
317,285,41,68
311,282,40,68
310,281,41,69
307,281,41,69
304,283,41,69
302,282,41,68
299,281,41,67
297,282,41,69
295,283,41,68
295,286,41,67
293,288,40,66
293,289,40,66
293,289,40,66
292,290,40,66
291,289,40,66
291,289,39,66
291,289,39,65
291,290,39,65
292,291,39,65
293,291,39,65
295,292,40,66
296,294,39,65
298,297,39,65
301,299,39,64
305,300,39,66
307,297,40,66
311,300,40,67
313,299,41,69
316,298,41,68
319,298,41,68
322,298,41,68
328,300,40,67
328,298,40,67
330,302,40,66
334,304,39,64
336,303,39,64
340,302,39,64
342,302,38,64
344,302,38,64
345,302,39,65
344,300,39,66
344,300,39,66
343,300,40,67
343,300,40,66
342,302,40,66
343,304,41,68
343,309,40,67
343,311,40,67
347,316,40,67
353,314,40,67
357,319,41,68
355,314,40,68
351,312,41,69
351,307,41,68
349,306,41,68
346,303,41,69
340,296,41,69
339,294,41,68
341,287,41,68
342,286,40,68
342,285,40,67
344,288,40,67
345,292,40,67
344,292,40,67
346,294,40,67
345,294,40,67
346,295,40,67
348,296,39,66
351,296,40,66
350,297,40,67
348,297,40,68
342,293,40,69
341,294,40,67
337,295,41,68
337,294,40,68
335,292,41,68
328,293,41,69
328,296,41,68
322,296,41,68
320,296,41,69
318,297,41,68
314,300,41,68
312,301,40,67
309,300,40,67
310,302,40,67
309,306,40,67
306,304,41,68
302,304,41,68
300,305,41,69
296,304,42,70
294,303,42,70
289,304,41,68
289,307,41,67
291,307,40,68
292,310,39,67
293,311,38,65
288,306,40,67
288,308,39,67
285,307,39,66
286,305,40,67
287,304,40,68
287,305,41,68
286,303,41,68
285,305,41,68
285,307,41,66
286,309,41,68
288,309,41,68
289,305,40,68
290,305,41,68
290,307,41,68
290,307,41,68
293,309,41,68
295,306,41,68
295,307,42,69
294,307,42,69
295,308,42,70
297,310,43,71
297,312,43,69
299,312,44,69
300,311,43,70
301,310,42,71
303,311,42,71
303,312,43,71
304,314,43,71
305,317,43,71
305,319,43,73
306,325,42,70
306,326,42,70
306,328,42,70
305,330,41,70
303,328,42,70
303,333,42,70
301,332,42,70
300,335,41,68
302,339,41,68
305,342,41,68
303,342,42,70
301,342,41,69
300,343,41,68
300,340,41,69
301,342,40,68
305,346,40,68
304,347,42,69
304,349,42,70
304,350,42,70
305,349,42,71
311,350,42,70
310,352,43,71
312,347,42,71
313,349,42,70
311,349,42,70
314,351,42,70
314,352,42,70
313,349,42,70
313,348,43,71
315,350,43,71
318,347,43,72
319,346,42,73
321,345,43,73
322,346,42,72
320,346,42,71
320,347,43,73
319,348,42,71
320,349,43,71
319,351,42,71
320,349,41,72
317,351,42,72
312,355,41,74
312,353,41,77
312,357,42,74
308,360,43,74
313,359,40,76
310,362,41,73
311,365,40,73
306,367,42,73
306,367,42,72
304,372,42,70
302,371,43,71
302,372,42,70
303,374,43,71
304,377,41,69
305,378,41,68
308,377,42,69
309,380,41,68
310,382,41,69
312,383,41,69
310,385,42,69
318,387,41,69
318,388,41,68
320,386,42,70
323,387,42,70
324,388,43,71
327,389,43,72
329,388,44,73
329,385,44,73
330,385,44,72
329,383,43,73
333,385,44,73
333,385,44,74
334,382,44,75
336,381,44,76
337,379,44,77
337,383,46,76
340,383,46,76
343,383,46,77
346,384,46,77
348,384,47,78
349,386,46,76
347,386,46,76
348,388,45,75
348,392,45,74
350,393,44,74
353,394,44,74
354,397,44,74
356,394,45,74
359,396,45,75
364,398,44,73
371,399,44,74
376,402,44,73
374,403,44,73
373,403,43,72
375,403,44,73
377,403,43,72
378,405,44,73
377,401,44,73
379,401,43,72
379,402,43,72
378,404,43,71
378,404,42,71
377,404,42,70
377,404,42,70
377,403,41,69
377,405,41,69
377,405,41,69
379,404,41,69
378,404,41,69
378,402,42,70
378,404,42,71
379,406,43,71
376,405,43,72
375,405,43,72
375,407,44,73
375,405,44,73
374,406,44,74
375,405,44,74
375,411,44,73
376,413,43,72
377,412,44,73
377,413,44,74
379,416,45,75
380,418,45,75
383,419,44,74
388,419,44,74
388,419,44,73
387,417,44,73
388,418,44,72
387,417,43,72
381,424,43,72
379,424,44,73
375,427,44,74
372,432,44,73
372,435,44,73
368,443,44,74
366,449,44,74
361,449,44,74
356,453,45,74
357,452,45,75
355,454,45,75
356,455,45,75
355,455,45,76
354,452,46,76
354,450,45,75
361,440,45,75
365,439,44,74
368,438,45,75
376,440,45,76
381,441,45,75
