165,251,33,58
165,251,32,58
166,253,31,57
167,253,31,57
167,253,31,57
167,254,30,58
168,255,30,59
166,258,32,57
167,259,32,58
167,262,32,58
168,264,32,57
167,265,31,57
167,266,32,59
167,266,32,59
167,268,31,59
167,269,31,59
167,271,30,58
167,274,31,58
167,276,30,57
167,278,30,58
167,280,30,58
165,283,30,59
167,283,29,59
166,284,29,59
166,281,29,58
166,280,29,59
165,279,30,56
165,277,31,58
165,274,31,60
166,275,30,61
164,277,31,61
162,278,33,60
161,280,33,59
164,282,32,60
164,282,33,60
162,282,33,61
162,282,33,61
165,279,33,61
161,277,33,60
161,275,34,61
155,275,35,61
156,274,35,62
158,273,34,61
156,273,34,61
155,274,34,60
154,274,35,61
161,273,34,60
163,273,34,60
160,273,33,60
157,272,34,61
166,270,33,62
158,272,35,61
159,271,35,61
163,271,35,63
164,273,34,62
158,272,35,63
157,273,35,62
155,272,35,62
160,270,35,64
167,270,34,62
165,269,33,61
163,270,35,64
163,268,35,62
167,268,33,62
164,269,33,62
170,271,32,61
170,271,33,61
164,272,34,61
171,271,33,62
172,272,32,61
170,272,32,62
170,272,32,62
170,272,32,62
170,272,31,62
170,271,32,62
170,271,33,62
169,269,33,63
168,269,33,62
166,267,33,61
167,267,32,61
160,266,34,60
162,267,33,60
162,268,33,60
159,267,34,60
162,267,33,60
161,267,34,60
159,266,34,59
158,264,34,60
150,266,35,61
149,265,35,61
144,264,35,62
146,265,36,62
148,265,36,62
150,267,34,60
147,266,36,61
149,265,34,60
149,265,34,60
147,271,34,61
148,270,35,61
148,272,34,59
149,271,34,59
147,273,34,59
148,275,34,60
147,272,34,59
146,273,34,61
147,272,35,61
147,270,35,61
148,269,34,60
147,270,35,62
148,267,35,62
148,268,35,62
148,268,36,63
149,267,36,63
149,269,35,62
151,267,35,62
152,268,35,61
152,269,34,60
153,270,34,60
154,268,35,61
155,266,35,61
157,268,35,61
157,267,35,61
158,268,35,60
157,268,34,61
157,268,34,60
158,268,34,60
159,267,34,60
159,266,35,61
160,265,35,61
160,266,35,61
162,265,34,60
163,262,34,61
164,263,35,61
164,263,35,61
164,262,34,60
165,263,34,60
165,263,34,60
168,262,34,60
170,264,34,60
171,261,34,60
172,262,34,60
174,263,34,60
174,263,33,59
172,264,34,59
171,265,34,60
171,267,34,60
173,267,34,60
176,266,34,59
178,267,34,59
178,266,34,60
178,267,34,60
177,266,34,60
178,268,34,60
178,267,33,59
177,267,34,60
179,268,34,59
180,269,34,59
180,268,34,60
181,270,34,60
180,270,34,60
182,271,34,59
184,271,34,60
183,270,34,60
186,270,34,61
186,268,35,62
188,269,35,62
190,270,35,62
192,270,35,62
194,271,36,63
195,272,35,62
196,273,36,63
197,273,35,62
197,273,35,62
197,273,35,62
196,274,35,62
198,275,35,62
199,275,35,62
197,277,35,61
199,276,35,61
199,276,35,62
198,275,36,63
198,274,35,62
198,274,36,63
198,275,37,64
198,275,37,65
199,276,37,65
198,277,37,65
199,278,37,65
198,277,37,66
201,278,37,65
199,279,37,65
200,278,37,65
202,277,37,65
201,278,37,66
202,280,37,66
203,281,37,66
203,281,37,65
204,281,38,66
205,280,38,66
205,282,38,67
205,284,39,68
206,283,39,68
205,285,39,68
206,286,38,67
206,287,39,68
207,288,39,69
206,288,39,69
207,288,39,68
207,288,39,68
206,290,39,68
207,288,38,66
207,288,38,67
207,288,37,65
207,287,37,65
207,287,37,65
208,292,37,65
206,290,37,64
208,290,37,66
207,288,37,66
207,288,38,66
208,291,37,64
207,290,37,65
209,291,37,65
207,292,37,66
207,292,38,66
206,291,38,67
207,291,39,67
212,292,40,67
217,297,42,64
219,298,41,64
218,299,42,65
216,299,43,66
219,300,42,65
218,300,42,66
220,301,41,65
218,300,42,65
220,301,41,65
221,302,40,64
218,300,40,66
220,301,40,68
222,302,39,66
219,301,40,67
219,301,41,69
220,302,41,69
221,303,40,67
219,301,41,70
215,300,42,74
218,301,42,73
219,304,43,71
219,303,42,72
217,303,42,74
220,307,42,72
222,305,43,72
222,306,43,72
223,304,43,72
223,304,44,71
222,303,44,72
225,304,43,72
227,305,42,73
223,304,43,75
226,306,42,74
227,307,43,73
227,306,43,72
231,308,40,71
230,308,42,71
231,308,41,70
230,308,42,70
228,306,43,72
229,307,43,73
232,306,43,75
233,307,42,74
236,309,42,74
235,313,42,74
237,314,42,74
249,315,43,75
254,314,42,74
258,314,43,75
264,314,43,75
269,316,44,77
274,315,43,76
275,314,44,76
276,313,44,77
275,314,44,77
276,314,45,76
277,315,45,75
280,315,44,76
284,316,45,77
293,314,45,79
301,317,45,77
317,318,45,78
328,319,44,76
342,320,45,76
357,316,44,77
371,318,43,76
391,317,43,76
393,317,43,74
394,320,42,73
395,320,41,72
394,319,41,72
396,319,41,71
394,318,41,72
395,317,41,71
396,317,40,70
397,313,41,70
399,309,41,70
399,305,41,70
400,303,41,70
403,300,41,71
402,299,41,72
404,299,41,71
405,299,41,71
406,297,40,70
407,297,41,70
408,295,41,69
408,293,42,69
409,291,41,70
409,292,41,69
409,291,42,69
410,291,42,70
410,288,42,73
413,287,41,71
414,285,41,70
414,282,41,72
414,279,41,72
415,280,41,72
416,278,41,73
418,276,42,73
417,275,42,74
418,278,42,73
416,277,43,72
418,274,42,73
420,271,42,73
421,270,41,72
420,272,42,71
421,270,41,71
422,271,41,72
422,269,40,70
422,268,40,71
423,274,40,70
423,274,40,70
412,272,40,71
419,273,41,71
421,276,41,70
421,275,41,70
421,276,41,70
420,275,43,71
419,276,42,72
420,276,41,72
419,276,41,72
420,274,41,71
420,276,40,70
420,275,40,69
421,275,40,70
420,276,39,69
421,278,38,68
420,279,39,68
418,279,39,69
417,282,40,69
416,281,40,70
417,283,40,71
414,283,41,71
413,285,41,71
411,283,41,73
411,282,41,73
411,282,41,72
410,284,41,72
410,284,41,72
413,281,41,71
413,283,41,71
411,284,41,71
408,283,40,71
408,286,40,71
409,287,40,70
409,287,40,70
409,287,40,70
409,287,40,70
409,287,40,70
409,287,40,70
409,288,40,70
409,289,39,69
409,288,39,69
408,290,40,70
408,291,39,69
409,290,39,68
409,287,38,67
409,287,38,67
409,287,38,67
409,287,38,67
409,287,38,67
410,284,39,68
410,290,38,68
409,288,39,68
409,288,39,68
409,288,39,68
410,287,39,68
409,290,39,68
408,294,39,69
409,289,39,69
408,290,39,68
408,290,39,68
407,284,39,68
408,290,39,68
408,290,39,68
406,285,39,68
406,285,39,68
411,293,38,68
409,292,39,69
410,295,39,69
408,292,40,70
410,292,40,70
411,294,39,68
413,295,39,68
415,299,39,67
414,295,39,68
414,298,39,69
414,300,39,68
414,298,38,67
415,299,38,66
416,301,40,66
416,301,39,68
416,302,40,68
417,301,39,69
417,303,39,68
417,302,39,69
417,303,40,71
418,303,41,72
417,305,41,71
418,303,40,70
417,304,40,71
419,305,40,70
419,307,40,71
420,305,40,71
420,305,41,70
420,305,40,70
419,305,40,71
417,304,41,70
419,305,41,69
418,306,41,68
420,306,42,66
419,302,40,69
419,302,41,67
419,303,43,68
421,305,43,69
419,302,43,72
419,302,42,71
420,301,42,71
419,300,42,71
420,299,42,71
422,297,41,72
419,297,42,74
420,298,43,75
422,297,43,75
422,299,43,74
421,301,42,72
423,301,42,73
423,299,43,74
424,300,43,73
424,303,43,73
424,301,42,73
426,306,43,71
428,308,43,71
429,307,43,71
429,308,44,71
430,306,43,72
433,309,42,71
431,307,43,73
431,308,44,71
429,305,44,72
430,304,42,72
431,306,42,72
432,307,43,72
431,305,42,75
431,307,43,74
433,307,42,73
431,310,42,74
431,306,43,75
433,311,43,73
434,308,44,73
434,311,44,73
433,308,43,75
433,310,43,75
437,318,43,73
436,319,42,73
437,321,42,74
440,323,41,72
441,321,41,74
443,318,41,74
442,313,42,73
440,308,41,72
441,306,40,71
440,307,41,71
441,309,41,72
440,307,40,72
438,302,40,70
429,297,40,71
425,289,40,70
422,285,39,69
421,281,40,70
417,276,40,70
414,274,40,70
408,274,41,72
407,273,41,72
406,275,42,73
404,276,41,72
404,278,42,73
404,280,42,73
404,281,42,74
407,282,42,71
407,283,43,73
404,283,42,74
408,284,42,75
405,284,43,76
411,284,43,74
414,286,43,72
413,285,42,74
415,290,43,75
414,289,43,75
415,291,43,76
418,289,44,77
420,290,44,77
424,286,44,77
428,289,44,77
431,291,44,77
429,290,44,77
433,296,43,76
434,295,43,76
438,297,43,76
437,298,44,77
442,298,44,77
442,297,44,78
443,298,45,79
441,298,45,79
443,298,45,80
444,297,45,79
446,300,47,79
445,298,46,82
449,297,47,82
450,299,46,81
449,300,46,81
449,300,47,82
449,302,47,82
451,303,47,83
453,301,49,85
456,303,49,82
458,301,48,84
460,303,49,86
461,304,49,83
463,305,50,83
464,307,52,82
465,300,50,85
469,294,49,86
473,294,49,86
478,292,48,85
478,292,48,85
478,292,48,85
464,281,48,85
454,279,48,82
429,276,49,81
424,271,49,84
419,266,49,82
415,267,48,80
415,267,48,80
415,267,48,80
436,268,49,78
444,271,50,81
449,273,50,78
443,271,51,78
437,276,51,76
437,280,50,76
437,278,49,76
435,282,49,77
436,282,47,77
434,281,49,77
438,280,47,78
439,279,45,78
438,277,46,79
439,276,47,77
441,278,47,79
440,277,48,79
442,281,49,79
446,279,49,79
448,279,49,78
448,281,49,78
449,282,48,78
450,282,49,78
449,278,49,79
449,281,49,80
451,284,49,77
451,285,49,82
455,287,48,80
460,289,46,82
460,291,46,81
463,289,47,81
465,288,47,81
467,287,48,84
470,292,47,80
471,290,47,83
471,291,48,84
473,290,47,83
473,292,48,82
473,289,48,82
473,288,47,82
476,292,46,80
478,293,45,79
479,294,46,80
483,295,45,80
487,295,45,79
492,295,44,78
492,297,44,76
493,298,43,76
496,299,43,76
496,297,44,77
495,295,44,78
500,295,45,79
503,297,45,76
504,294,45,78
506,298,46,77
508,297,46,80
508,299,47,79
511,299,47,83
509,301,48,82
511,300,48,82
511,299,48,81
512,297,47,80
513,296,48,81
520,305,47,76
517,299,48,79
518,300,48,79
518,299,47,80
517,300,49,81
517,297,49,81
522,304,48,79
516,299,51,82
519,299,49,84
521,303,47,81
521,304,47,80
522,304,45,79
521,305,46,78
521,306,46,79
523,306,48,80
529,308,47,81
529,308,49,80
531,308,47,81
533,308,47,80
533,307,46,79
531,305,46,78
536,309,43,75
538,310,44,78
540,309,45,77
540,309,48,78
545,311,45,81
540,311,49,80
541,313,48,79
541,312,47,80
540,310,48,79
541,310,48,79
543,308,50,78
543,307,50,78
545,306,50,82
547,309,49,80
548,308,48,81
549,308,47,80
550,306,47,82
551,305,47,82
552,303,46,83
553,302,47,84
551,301,49,85
556,305,47,82
556,307,49,83
556,308,49,85
557,308,48,84
558,309,48,83
556,309,50,83
556,308,49,83
559,310,47,80
559,310,48,81
559,311,49,80
560,310,47,79
560,311,47,80
561,312,47,79
561,311,47,79
563,312,47,80
564,314,48,80
562,310,49,81
562,310,49,81
562,310,49,81
562,310,49,81
562,310,49,81
563,310,49,83
564,310,49,80
566,311,48,82
570,315,48,82
575,320,48,80
578,320,49,80
579,316,50,83
580,312,51,84
578,308,51,86
577,305,51,88
575,307,51,87
582,314,51,84
582,315,51,84
587,319,52,82
590,320,53,80
590,320,53,80
590,320,53,80
599,314,51,79
595,312,52,80
600,301,50,79
598,303,49,80
596,304,49,81
600,309,49,80
603,314,50,80
605,313,50,80
607,309,49,77
607,312,49,80
606,313,49,80
608,311,49,81
607,307,51,82
610,312,53,81
609,312,54,82
610,315,52,84
613,323,51,83
614,324,50,83
618,320,49,82
622,322,48,80
626,322,49,81
630,322,50,79
636,322,48,77
639,332,49,78
641,328,49,79
644,326,49,79
648,331,48,78
651,332,48,78
653,328,47,77
655,325,47,77
655,323,48,78
659,325,46,78
659,325,46,78
661,325,44,79
661,327,45,80
665,328,42,78
665,333,44,79
666,331,46,80
670,335,45,80
671,337,46,84
676,345,46,83
679,354,47,84
681,353,48,85
687,353,49,86
692,354,51,88
694,347,51,89
704,350,53,87
711,351,54,88
718,350,54,89
723,352,55,95
734,355,54,97
763,370,53,98
773,376,54,96
785,379,53,95
791,381,52,98
792,384,54,96
792,386,55,99
793,388,56,102
794,391,57,101
792,384,61,106
799,381,59,107
800,376,59,108
800,369,58,109
793,366,58,107
780,366,62,108
774,372,63,112
778,380,61,115
782,389,59,116
780,392,61,115
785,399,61,115
782,397,62,115
782,398,64,119
785,398,65,117
786,398,66,118
785,397,69,120
787,397,67,118
787,398,69,118
789,393,69,123
794,390,69,126
802,388,70,127
811,386,69,127
818,384,69,127
819,384,71,127
825,386,67,129
824,388,70,132
820,389,73,134
822,388,75,133
828,389,75,132
831,390,74,133
836,395,71,133
836,399,71,133
837,406,71,132
832,404,72,132
830,404,74,130
831,404,77,133
838,405,76,134
837,403,75,134
839,400,75,133
836,400,77,135
838,400,77,136
840,399,77,138
836,396,78,139
836,396,78,139
836,396,78,139
844,399,76,141
842,403,76,138
840,406,77,139
838,408,77,139
841,408,78,139
843,410,77,138
844,409,78,137
844,411,80,139
847,410,82,139
843,407,86,140
845,407,86,140
847,406,87,144
848,408,86,142
858,413,83,142
860,410,80,145
863,414,79,140
859,413,80,138
861,418,82,137
861,419,84,138
863,419,82,137
863,421,81,136
867,429,81,135
868,425,83,136
869,425,84,134
877,424,84,135
874,426,86,135
877,425,85,136
880,425,83,134
880,425,83,134
879,421,84,136
879,421,84,136
878,418,83,136
876,414,85,141
876,415,86,144
876,416,85,144
875,415,86,145
873,418,89,145
872,419,90,144
871,415,91,147
872,417,90,145
872,416,90,146
870,415,91,148
868,415,94,153
866,415,97,154
863,414,99,156
863,414,99,157
855,415,96,157
844,418,96,153
823,417,97,154
808,413,100,158
792,410,98,160
775,408,98,161
758,408,98,163
738,404,100,166
731,404,98,168
720,402,99,169
712,404,98,166
701,403,98,167
690,404,95,166
687,408,94,162
683,409,92,162
684,410,89,163
685,413,85,160
674,414,86,156
687,417,83,155
676,418,83,148
649,410,85,145
625,400,88,144
631,401,88,144
632,404,88,143
632,397,87,142
632,395,87,142
639,401,84,140
641,395,83,142
643,396,81,142
640,394,80,140
642,392,81,139
644,394,81,139
644,393,80,136
647,395,80,136
645,394,82,134
650,394,81,133
659,394,81,134
653,394,83,133
665,390,82,132
671,390,81,135
671,389,83,136
672,385,86,136
682,391,84,137
697,391,83,141
700,392,86,141
707,393,84,144
713,401,84,141
719,400,84,141
717,400,85,142
721,395,85,141
721,395,85,141
721,395,85,141
721,395,85,141
775,392,83,144
780,392,83,139
780,391,82,139
781,393,82,138
790,392,82,137
802,389,81,134
810,394,81,133
820,396,77,133
822,398,76,132
822,398,76,132
835,403,78,129
832,401,81,130
828,400,81,132
842,398,81,133
846,401,78,132
852,403,76,132
852,403,76,132
852,412,76,130
846,416,78,129
866,411,79,132
878,411,81,131
878,411,81,131
883,419,82,132
883,419,82,132
882,415,83,135
