65,280,26,47
66,280,27,48
68,278,26,48
70,280,26,47
71,279,26,46
75,279,25,45
76,280,25,46
80,280,25,45
81,280,25,45
83,281,25,45
86,281,25,45
88,281,25,46
90,280,26,46
90,279,26,47
93,278,26,48
95,278,27,48
95,279,26,48
98,279,26,47
100,279,26,47
100,279,26,47
103,280,26,46
106,280,26,46
108,280,26,46
110,280,25,46
112,280,26,47
112,280,26,46
114,280,25,46
117,280,25,45
118,279,25,45
120,280,25,45
121,279,25,46
123,280,25,45
126,280,25,46
127,280,25,45
129,282,25,45
131,281,25,44
134,281,25,42
137,280,25,43
138,280,25,44
139,279,25,44
143,276,24,42
143,278,24,43
144,278,26,44
146,278,25,44
148,276,24,42
149,276,24,43
150,275,23,43
150,275,23,43
149,273,23,45
150,274,24,46
150,272,24,46
150,272,24,47
149,272,24,47
148,273,24,47
148,272,23,47
147,272,23,47
147,273,23,47
149,273,23,46
151,272,24,47
149,272,24,48
146,273,24,48
146,272,24,48
147,272,24,49
146,271,24,50
147,271,24,50
147,272,24,50
147,271,24,50
146,271,24,50
147,271,24,50
147,272,25,50
148,271,24,50
148,270,24,50
147,272,24,49
147,271,24,50
148,271,24,50
149,271,24,50
147,272,24,50
149,270,24,50
149,271,23,49
149,271,23,49
149,270,24,50
149,271,24,50
150,270,24,50
148,272,24,50
149,271,24,50
148,270,24,50
148,271,24,50
147,271,24,50
149,271,24,49
148,271,23,49
147,271,24,49
148,272,24,49
149,270,24,49
148,271,25,49
149,271,24,49
149,271,25,49
148,271,25,50
148,271,25,50
148,271,26,50
147,270,26,50
147,271,26,51
149,269,25,51
148,269,26,52
149,269,26,53
149,271,28,52
149,269,27,54
148,268,27,55
148,269,28,55
146,269,27,54
145,270,28,54
144,270,27,53
144,272,26,52
144,271,26,52
144,271,27,53
145,270,26,52
146,272,26,52
145,272,26,51
144,272,26,50
146,272,25,51
145,271,26,51
145,271,26,51
145,270,26,52
147,271,26,52
145,271,26,51
145,272,26,51
146,272,26,51
146,271,26,51
146,271,26,50
145,272,26,51
146,271,26,51
146,271,26,51
146,271,26,51
146,271,26,51
146,272,26,51
147,270,25,51
149,271,25,51
148,272,24,50
149,271,23,49
147,272,22,47
143,272,23,47
141,273,24,47
142,273,23,47
143,273,23,47
144,273,23,47
144,273,24,47
145,273,24,47
145,273,24,47
145,274,24,47
146,274,25,48
148,273,25,48
148,274,25,48
148,274,25,48
148,273,25,48
147,273,25,48
146,273,25,48
146,274,25,48
147,273,25,48
145,275,26,48
144,274,26,48
143,274,27,48
143,274,27,48
147,274,27,46
146,274,26,45
146,274,24,43
145,276,26,42
144,277,25,42
144,276,24,42
142,277,25,42
144,274,25,45
142,275,25,44
142,276,26,45
142,276,27,45
148,276,27,44
148,274,26,44
149,272,27,46
149,272,27,45
148,273,26,45
149,273,25,44
151,272,24,46
150,273,24,46
148,274,24,45
150,273,24,47
150,272,24,47
147,274,25,46
149,272,25,47
149,272,25,48
149,272,25,48
149,273,26,49
148,272,26,49
148,273,26,49
149,272,26,49
150,272,26,49
149,273,26,49
148,273,26,49
148,273,26,49
149,272,26,49
148,272,26,49
149,272,26,49
149,272,26,50
147,272,26,50
147,272,26,50
147,272,27,50
147,271,27,50
147,272,27,51
147,271,27,51
147,272,27,50
147,272,27,50
148,271,27,51
149,270,27,51
149,270,27,51
148,271,27,51
148,271,27,51
149,271,28,51
149,271,27,51
147,271,28,51
148,271,27,51
146,273,28,50
148,272,28,51
149,271,27,51
149,270,27,51
150,271,27,51
149,271,27,50
150,271,27,51
150,271,26,50
149,272,27,50
149,272,27,50
149,272,26,49
149,272,26,49
151,272,27,50
151,272,27,50
150,272,27,50
151,272,26,49
151,272,27,50
152,271,27,50
150,271,27,51
151,271,27,51
151,270,27,51
151,270,28,52
152,269,27,52
152,271,27,51
152,270,27,52
150,271,28,51
151,270,27,51
152,270,27,51
152,270,27,52
152,270,27,51
153,271,27,51
152,270,27,51
152,270,28,52
153,270,27,52
152,270,27,52
154,270,27,52
152,271,28,51
154,270,27,51
153,271,27,51
153,270,27,51
153,271,27,51
153,271,28,51
153,271,27,51
153,271,27,51
154,270,27,51
153,271,28,51
154,269,27,52
154,271,28,51
154,270,28,51
154,271,28,51
153,271,28,51
154,270,28,52
154,270,28,52
155,271,28,51
155,270,28,52
156,269,28,52
155,269,29,53
154,270,29,52
153,270,28,52
156,271,28,51
155,270,28,52
155,270,28,51
156,270,27,51
156,272,27,50
156,271,28,50
157,271,27,50
157,271,26,50
157,271,27,50
158,271,27,50
156,271,27,50
157,270,27,50
157,270,27,51
156,270,27,51
157,271,27,51
157,270,27,51
157,271,27,51
158,271,27,51
157,270,28,52
157,270,28,51
156,270,28,51
157,270,28,52
157,271,28,52
158,270,28,52
156,270,28,52
157,270,28,52
157,271,29,53
157,270,28,53
156,270,28,52
157,270,28,52
158,270,28,52
156,270,28,52
157,271,28,52
158,270,28,53
157,270,28,53
158,270,28,53
157,270,28,52
158,269,27,52
158,269,28,53
158,270,28,53
157,270,29,53
156,269,29,54
156,270,29,53
156,270,30,53
154,269,29,54
155,270,30,54
156,270,30,53
158,270,29,53
156,270,29,53
155,271,29,52
157,270,29,53
156,270,29,53
157,270,29,52
156,271,29,52
157,271,29,52
158,270,28,52
158,270,28,52
157,271,28,52
157,270,28,52
157,270,29,52
157,271,29,52
156,271,29,52
156,270,28,52
157,270,28,51
157,271,28,52
157,270,28,52
157,270,28,52
157,271,29,53
157,269,29,54
156,269,29,54
156,269,28,54
156,270,28,53
156,271,28,52
158,271,28,50
156,272,28,50
158,269,27,52
159,270,27,52
157,270,27,51
158,269,27,51
157,270,27,51
157,269,28,52
157,269,28,53
157,268,28,54
157,268,28,54
157,269,29,54
156,269,28,54
157,268,28,54
157,268,28,53
157,269,29,52
157,270,28,52
158,270,29,53
160,268,28,54
160,267,29,55
160,268,29,54
158,268,29,54
160,268,29,54
161,267,29,54
161,268,29,53
161,268,29,52
162,269,29,52
162,268,29,51
163,269,29,51
164,269,29,51
164,268,29,51
164,269,29,50
163,270,30,51
164,268,29,51
166,269,29,52
166,270,30,52
164,269,30,53
165,271,30,51
165,271,30,50
165,270,30,51
166,269,30,52
167,269,29,53
163,270,29,53
167,270,29,51
167,272,29,49
166,272,29,49
166,271,29,50
167,272,29,50
166,269,28,52
167,271,29,51
166,271,29,50
167,271,28,49
166,274,29,47
165,272,28,51
164,272,28,50
