279,322,91,169
275,321,86,166
273,323,85,164
270,324,86,166
257,324,85,162
261,324,84,162
268,322,85,164
254,322,86,161
271,324,87,160
261,329,85,163
234,324,86,165
272,330,85,161
268,327,88,162
264,325,87,162
260,319,88,161
253,318,86,159
260,321,86,158
258,323,86,157
253,319,86,158
238,321,87,154
225,326,83,152
232,322,85,154
216,326,83,149
215,324,81,156
219,324,79,154
215,320,83,158
214,314,84,153
215,316,83,154
218,318,83,152
218,315,82,151
213,308,83,150
213,308,82,144
217,308,80,146
212,309,82,143
214,314,83,141
218,319,81,141
212,312,79,141
216,312,76,137
207,304,76,140
209,305,74,138
208,307,73,134
207,303,73,133
202,296,72,133
196,295,73,136
198,298,76,135
197,290,75,139
201,289,74,138
206,292,76,141
210,291,77,142
212,294,78,146
215,294,80,146
217,297,79,147
219,300,82,148
219,299,82,152
217,298,83,154
222,300,83,152
222,299,83,155
227,304,85,156
227,303,85,158
228,301,85,158
227,302,86,160
233,300,85,158
180,294,84,158
184,298,82,157
192,303,81,154
197,307,84,155
201,309,83,152
210,315,83,153
212,313,86,156
212,308,85,156
213,308,86,158
220,305,85,158
219,305,85,158
221,305,85,158
220,303,86,160
218,306,85,159
216,303,86,160
213,307,86,160
217,304,86,160
214,304,85,159
217,305,86,156
216,304,85,158
219,303,84,157
218,300,84,156
222,302,83,154
220,301,82,153
224,305,83,154
223,305,83,154
219,304,83,154
225,306,83,154
226,306,82,152
226,307,82,153
227,306,82,152
226,305,84,156
224,306,84,157
227,306,85,158
229,306,86,159
223,305,85,158
220,308,86,159
225,309,86,159
220,308,86,160
220,307,86,159
218,307,85,157
212,307,83,155
217,309,84,156
217,311,83,155
224,310,83,155
219,311,83,154
222,310,83,154
222,311,81,150
226,312,81,151
224,314,80,149
227,315,80,148
225,316,80,149
214,315,80,149
219,316,80,149
222,316,79,147
223,315,80,149
229,318,79,148
225,315,81,150
222,314,81,150
223,317,81,151
218,318,81,150
224,317,79,146
226,317,80,149
228,315,80,149
229,316,80,148
228,315,80,148
234,316,79,147
232,316,79,147
239,317,79,147
242,319,79,148
244,317,80,148
243,314,81,150
249,319,81,150
253,319,80,148
237,320,79,146
241,322,80,149
235,318,80,149
231,324,80,148
230,321,79,146
232,325,78,146
230,321,79,146
228,322,79,147
226,320,79,147
227,318,80,148
227,324,78,145
224,322,79,146
226,322,80,148
224,323,79,147
219,325,80,148
211,324,80,149
209,321,82,153
201,321,83,154
189,319,82,153
175,317,82,153
175,317,82,153
175,317,82,153
175,317,82,153
212,333,81,150
208,326,81,150
206,324,81,150
203,329,81,151
204,333,80,149
208,330,79,147
214,331,79,146
210,327,79,146
205,326,81,150
202,324,81,150
202,326,81,150
197,322,81,150
195,325,80,148
195,325,80,148
195,325,80,148
240,324,80,149
241,321,81,151
234,322,82,153
232,320,83,153
226,321,82,152
227,317,83,154
224,318,83,155
217,318,84,156
220,322,84,151
221,324,85,153
220,319,82,153
220,326,85,148
218,333,87,143
217,328,85,147
222,321,82,152
218,319,83,153
220,328,86,148
218,325,81,151
213,322,81,151
216,327,83,149
216,330,84,150
214,326,83,154
212,325,82,153
216,324,83,154
215,327,85,152
216,334,86,147
218,331,83,151
216,325,81,151
217,330,80,149
217,327,81,150
221,329,80,148
217,331,80,148
219,330,80,149
219,333,81,150
223,334,82,153
219,334,82,153
221,335,81,151
219,330,82,152
213,335,82,152
213,331,82,153
214,336,82,152
210,337,82,152
209,336,80,149
212,332,80,149
214,327,79,146
204,330,78,145
204,329,78,144
206,331,77,143
208,333,78,144
200,331,77,144
197,329,77,143
191,329,77,144
185,332,77,143
184,333,77,143
203,330,77,144
204,326,77,143
204,329,77,142
198,332,75,139
192,334,75,139
186,331,75,139
212,330,74,138
209,333,75,139
212,331,74,137
212,331,76,140
210,335,75,139
205,333,76,141
208,332,76,141
207,334,76,141
205,331,76,142
213,334,76,142
212,333,76,141
209,331,77,143
203,333,77,142
201,333,77,142
198,334,76,141
201,333,77,143
200,334,78,146
203,335,78,145
206,335,78,145
199,332,78,144
200,335,77,144
199,335,78,145
197,336,77,143
199,333,77,143
197,334,77,143
197,334,76,142
196,334,76,141
193,336,78,145
195,333,76,142
192,334,76,141
197,336,76,141
193,335,76,142
189,334,77,144
193,335,78,144
191,332,79,146
188,331,79,147
189,332,78,145
187,334,79,146
195,334,79,146
192,334,78,146
189,334,78,145
194,334,78,144
190,336,78,144
185,337,76,142
189,336,76,141
184,334,76,141
186,335,76,141
187,337,77,143
184,338,75,140
187,337,77,142
186,341,76,142
186,339,75,139
184,341,75,139
184,338,74,138
181,334,76,141
181,330,76,142
179,323,76,142
187,319,77,143
192,318,76,142
192,320,76,142
177,318,76,141
176,319,76,140
182,319,76,141
190,318,77,143
194,317,77,143
197,316,78,145
204,313,79,146
201,317,79,148
199,317,80,148
193,316,78,145
187,313,79,146
182,315,79,146
177,320,79,147
179,329,79,147
182,337,80,149
192,343,82,152
197,343,82,152
203,336,81,151
199,335,81,150
210,327,81,150
215,319,82,152
210,318,82,153
211,326,83,155
212,321,84,155
222,330,82,153
227,332,83,154
230,330,84,156
226,328,85,158
229,330,85,157
226,332,84,155
232,337,83,155
240,337,83,153
232,326,84,156
232,326,84,156
232,326,84,156
232,326,84,156
234,330,84,156
237,329,84,156
237,334,83,154
235,335,85,157
237,337,85,158
230,335,85,161
230,335,85,161
230,335,85,161
230,335,85,161
230,335,85,161
230,335,85,161
230,335,85,161
230,335,85,161
230,335,85,161
230,335,85,161
230,335,85,161
230,335,85,161
230,335,85,161
230,335,85,161
230,335,85,161
230,335,85,161
230,335,85,161
230,335,85,161
230,335,85,161
230,335,85,161
230,335,85,161
230,335,85,161
230,335,85,161
230,335,85,161
230,335,85,161
230,335,85,161
230,335,85,161
230,335,85,161
230,335,85,161
230,335,85,161
195,345,86,159
220,349,86,160
225,347,87,161
200,346,89,165
163,348,88,163
162,343,87,162
165,348,87,160
173,347,87,162
175,347,86,159
176,343,87,160
181,342,88,163
184,341,86,160
186,343,85,158
192,345,84,157
192,344,83,155
191,345,82,153
199,343,82,152
199,344,82,152
203,347,81,150
207,348,81,150
212,345,81,150
216,348,81,150
220,343,80,148
218,343,79,146
228,342,78,144
229,344,79,146
239,345,78,146
236,346,79,147
239,345,80,149
240,344,80,149
240,339,82,153
243,340,82,152
239,336,83,154
242,337,82,152
239,335,82,153
240,336,82,152
236,339,82,153
241,337,82,153
232,338,82,152
236,342,81,150
232,339,81,151
232,338,82,152
233,336,81,150
241,336,82,153
237,336,82,152
240,337,81,150
243,342,81,151
246,338,83,154
244,331,83,155
250,335,82,152
250,330,82,152
254,333,83,153
257,333,83,155
265,336,82,152
239,338,82,152
210,336,82,150
208,347,82,148
212,344,81,151
221,347,79,147
223,352,78,145
224,350,79,146
226,347,78,146
232,349,78,144
230,343,80,148
235,344,81,150
232,340,80,149
232,338,80,149
236,338,81,150
231,337,82,152
233,342,81,150
230,340,82,152
232,343,81,151
231,343,82,152
234,341,82,153
240,340,82,152
243,341,83,153
241,342,83,154
239,342,84,156
242,340,85,157
241,342,84,156
243,343,83,155
242,339,84,156
237,340,85,159
235,336,86,161
231,335,87,162
230,336,85,158
231,337,84,157
231,340,84,156
235,339,82,152
227,342,81,150
239,341,80,149
234,341,81,150
233,340,81,151
230,344,81,150
237,345,81,151
236,349,80,149
242,349,81,151
243,351,80,148
236,349,82,152
242,353,82,151
241,350,81,151
244,350,80,149
239,355,80,148
239,354,79,147
237,353,80,149
236,352,82,152
235,351,82,152
239,353,83,155
237,354,83,154
242,353,83,154
239,348,85,157
239,350,84,156
241,350,84,156
241,353,86,160
237,349,86,159
241,353,86,159
235,354,86,160
237,360,87,161
237,359,88,163
235,361,88,163
231,366,87,161
238,362,86,160
234,360,87,161
234,358,89,165
232,357,86,160
233,359,86,159
231,364,87,161
230,361,87,161
227,366,85,159
229,364,85,157
228,372,86,160
229,373,86,160
223,371,86,161
225,370,86,159
220,367,85,159
222,363,86,160
219,362,87,162
220,362,87,162
218,365,88,165
219,363,87,162
218,372,86,161
219,367,85,158
221,373,84,158
216,369,86,162
216,364,87,161
213,374,86,166
211,372,87,163
210,374,85,162
209,370,87,164
208,366,87,164
206,361,88,163
207,364,86,160
210,365,85,158
213,366,86,159
213,362,85,158
217,365,84,156
219,359,84,157
220,358,85,158
221,358,85,157
222,360,84,157
226,359,86,160
228,358,87,161
229,363,87,161
233,359,88,164
241,366,86,160
234,365,85,158
238,368,88,163
241,370,86,159
245,367,86,160
250,369,85,160
257,369,86,160
258,368,83,155
264,372,84,156
265,377,83,155
270,373,82,152
268,373,82,151
267,374,82,153
268,372,82,153
272,376,81,150
272,372,82,152
274,372,83,154
275,372,83,155
280,371,83,154
285,373,83,154
286,372,82,153
286,376,82,152
289,374,80,148
293,382,80,148
297,382,78,145
298,386,78,145
304,389,77,143
306,390,76,142
309,386,76,142
311,390,78,144
307,386,79,146
313,388,77,143
312,386,77,143
313,383,77,143
313,383,78,144
313,377,77,142
312,366,76,142
311,361,75,139
309,348,78,142
307,336,78,140
315,315,80,148
320,302,80,147
320,291,82,153
325,286,81,151
332,277,77,146
334,268,79,148
336,259,80,146
341,249,80,148
346,240,81,148
349,233,80,145
353,226,80,139
354,214,81,145
354,207,82,145
356,201,82,144
361,197,80,146
363,192,80,143
364,185,80,145
366,183,80,143
368,181,78,146
369,177,80,146
368,173,80,140
370,171,78,140
371,168,76,134
369,166,77,137
366,162,78,135
359,160,77,131
354,157,80,135
346,152,82,144
394,152,83,150
393,145,83,155
391,152,83,149
391,156,83,150
387,158,82,147
377,160,85,146
371,161,87,150
366,164,86,149
363,166,82,149
359,167,83,150
356,169,84,153
351,168,84,148
350,173,84,147
345,172,83,143
348,172,83,145
345,170,80,144
342,170,79,143
339,168,78,140
340,168,78,139
342,167,80,140
341,166,81,141
341,166,81,141
333,167,81,144
342,166,85,148
353,166,84,150
353,166,84,151
355,166,85,155
351,166,86,152
352,166,84,149
361,165,81,153
349,163,84,152
325,165,85,148
338,162,84,151
322,162,86,149
319,158,85,146
320,157,86,149
316,158,84,148
316,157,83,147
315,155,82,143
317,157,82,145
328,154,84,147
361,153,85,155
383,152,86,155
384,155,85,154
386,154,82,156
385,153,83,153
388,153,83,153
389,153,81,155
387,149,78,149
386,148,80,151
382,151,81,150
372,154,83,150
364,155,81,148
364,158,80,146
364,162,79,146
361,163,77,152
360,163,77,153
353,162,78,151
350,165,77,148
348,166,78,149
346,166,76,139
341,165,77,136
340,163,79,139
336,163,78,143
336,164,77,143
333,165,77,139
336,166,75,143
331,163,75,138
329,163,75,139
325,161,73,135
324,162,72,138
350,162,74,138
382,160,82,147
380,164,82,151
378,166,82,147
377,166,81,146
373,168,81,145
375,169,80,146
379,170,80,146
374,169,79,146
371,170,78,145
375,170,80,144
371,170,81,144
369,167,81,145
368,170,83,146
365,165,82,148
367,170,84,145
365,170,85,146
363,163,84,148
365,161,87,152
364,161,87,152
364,168,88,147
364,168,88,147
365,168,90,148
363,162,89,152
366,164,88,148
365,165,89,150
366,161,87,151
364,164,88,149
362,163,87,149
367,170,90,152
366,170,88,147
366,167,89,148
368,165,89,150
367,167,87,147
369,168,88,148
366,163,89,149
367,165,92,149
365,165,92,149
367,165,90,150
365,161,89,153
364,158,89,160
358,159,88,157
364,164,89,154
364,168,90,151
365,166,89,152
365,166,87,150
364,167,90,153
364,165,88,152
367,165,90,154
368,163,93,158
367,164,91,155
365,164,89,154
365,162,91,155
367,161,94,155
367,160,93,157
369,158,92,156
366,159,91,154
369,158,95,157
366,156,94,157
370,156,92,157
365,156,95,157
365,156,94,157
364,156,92,155
366,157,93,157
365,156,92,157
365,157,93,157
361,157,92,156
365,155,96,160
369,157,95,158
369,159,95,158
370,159,95,159
372,154,93,160
368,158,93,158
371,161,95,160
371,157,94,161
367,162,93,161
369,162,92,160
364,165,97,161
362,165,96,160
370,164,95,162
369,165,93,160
366,166,95,161
366,165,95,161
368,166,92,161
373,166,89,161
369,168,90,161
372,168,88,160
373,169,89,162
369,169,88,159
369,169,85,159
370,168,83,157
362,167,84,155
363,167,82,155
356,166,82,154
359,167,80,147
355,167,80,151
356,168,81,150
355,169,80,151
355,170,79,145
353,169,79,144
352,169,80,145
353,169,79,145
354,170,77,143
351,170,78,145
353,170,75,143
352,167,75,145
352,167,75,145
352,167,75,145
382,159,84,156
397,158,85,159
398,155,85,160
396,155,88,162
394,154,88,162
384,143,88,164
376,150,91,155
379,153,92,152
374,158,89,152
385,156,91,155
385,158,83,157
386,158,86,158
390,157,85,158
392,154,86,165
366,157,88,162
355,157,88,163
366,161,85,162
368,163,85,165
371,166,84,161
375,168,84,163
378,170,83,161
383,172,83,165
385,171,84,162
387,173,86,160
387,173,86,159
388,171,87,159
387,171,90,161
388,170,89,162
389,170,90,164
390,171,91,165
392,170,92,165
390,166,93,167
393,167,91,166
391,167,92,165
391,167,92,166
391,163,92,166
391,165,94,164
389,164,92,163
388,159,92,165
387,158,92,163
384,158,90,164
386,160,89,162
384,155,88,163
386,162,89,163
388,163,90,162
391,167,90,163
385,163,89,163
390,161,89,165
392,160,90,163
386,151,89,166
389,158,91,164
391,164,91,166
388,155,89,165
386,156,89,164
387,157,89,165
383,156,88,163
386,157,88,163
383,155,88,163
381,156,88,163
375,159,88,164
379,156,87,162
375,162,87,160
377,163,86,160
376,160,87,162
376,160,88,163
379,161,88,164
374,157,88,164
376,160,88,162
371,161,87,162
374,157,88,164
374,168,90,161
371,155,90,167
363,160,91,165
367,161,90,168
363,160,91,165
367,159,88,164
366,161,88,164
365,162,89,165
363,158,89,166
368,158,90,166
366,159,88,163
367,164,89,162
366,167,89,160
369,168,90,162
369,170,88,159
371,170,90,161
372,171,89,161
374,168,91,161
368,164,89,161
378,166,90,160
378,167,89,159
372,160,87,161
379,165,87,159
383,165,87,160
383,164,86,160
390,164,83,160
398,164,82,165
398,162,82,166
402,162,80,166
401,160,81,168
411,160,82,167
414,159,82,168
414,159,82,168
414,159,82,168
414,159,82,168
414,159,82,168
414,159,82,168
414,159,82,168
414,159,82,168
414,159,82,168
414,159,82,168
414,159,82,168
414,159,82,168
414,159,82,168
414,159,82,168
414,159,82,168
414,159,82,168
414,159,82,168
414,159,82,168
414,159,82,168
414,159,82,168
414,159,82,168
414,159,82,168
414,159,82,168
414,159,82,168
370,158,77,177
378,162,77,172
379,159,76,175
379,159,76,175
379,159,76,175
379,159,76,175
381,156,77,177
385,158,77,178
388,166,79,175
394,169,78,175
394,169,78,175
394,169,78,175
394,169,78,175
394,169,78,175
355,152,86,168
370,157,85,172
365,155,90,168
373,167,90,166
374,173,88,162
374,175,87,157
375,176,87,156
377,175,87,157
372,176,86,156
374,176,87,157
375,175,84,156
369,177,87,156
368,176,86,153
