148.0 170.0 179.0 170.0 179.0 267.0 148.0 267.0
151.01739501953125 174.793701171875 181.8638858795166 174.793701171875 181.8638858795166 265.6703643798828 151.01739501953125 265.6703643798828
150.93869018554688 174.96792602539062 181.98540115356445 174.96792602539062 181.98540115356445 265.6382598876953 150.93869018554688 265.6382598876953
153.7489471435547 174.67359924316406 185.04661178588867 174.67359924316406 185.04661178588867 264.9778289794922 153.7489471435547 264.9778289794922
153.96449279785156 174.7925567626953 185.0175895690918 174.7925567626953 185.0175895690918 264.5963134765625 153.96449279785156 264.5963134765625
157.42373657226562 175.02911376953125 187.7367343902588 175.02911376953125 187.7367343902588 267.0696487426758 157.42373657226562 267.0696487426758
157.99830627441406 176.8818817138672 187.43491744995117 176.8818817138672 187.43491744995117 267.02149200439453 157.99830627441406 267.02149200439453
160.30532836914062 175.2484893798828 188.64623641967773 175.2484893798828 188.64623641967773 269.2901916503906 160.30532836914062 269.2901916503906
160.5037384033203 176.0569305419922 188.5283603668213 176.0569305419922 188.5283603668213 269.5136032104492 160.5037384033203 269.5136032104492
160.2317352294922 175.5957794189453 188.61050033569336 175.5957794189453 188.61050033569336 269.3548126220703 160.2317352294922 269.3548126220703
162.83200073242188 174.5025177001953 190.51680946350098 174.5025177001953 190.51680946350098 269.44989013671875 162.83200073242188 269.44989013671875
162.4121551513672 173.78733825683594 190.15871810913086 173.78733825683594 190.15871810913086 268.747314453125 162.4121551513672 268.747314453125
163.67056274414062 172.80960083007812 191.17702102661133 172.80960083007812 191.17702102661133 265.2241973876953 163.67056274414062 265.2241973876953
164.784423828125 172.03152465820312 192.21542739868164 172.03152465820312 192.21542739868164 265.39546966552734 164.784423828125 265.39546966552734
165.85751342773438 169.44317626953125 193.6108283996582 169.44317626953125 193.6108283996582 263.09275817871094 165.85751342773438 263.09275817871094
165.5120849609375 168.20822143554688 193.2276668548584 168.20822143554688 193.2276668548584 261.5727996826172 165.5120849609375 261.5727996826172
170.05352783203125 168.84910583496094 196.63189125061035 168.84910583496094 196.63189125061035 262.9098205566406 170.05352783203125 262.9098205566406
170.03562927246094 169.43368530273438 196.5137538909912 169.43368530273438 196.5137538909912 263.9181594848633 170.03562927246094 263.9181594848633
169.7110137939453 169.34872436523438 196.12779808044434 169.34872436523438 196.12779808044434 263.44132232666016 169.7110137939453 263.44132232666016
175.970947265625 169.5704803466797 204.2872657775879 169.5704803466797 204.2872657775879 267.75286865234375 175.970947265625 267.75286865234375
175.8679656982422 170.55140686035156 203.76971054077148 170.55140686035156 203.76971054077148 267.6729202270508 175.8679656982422 267.6729202270508
175.4837646484375 171.95962524414062 202.9803924560547 171.95962524414062 202.9803924560547 267.6514434814453 175.4837646484375 267.6514434814453
181.0186309814453 169.00936889648438 209.82947158813477 169.00936889648438 209.82947158813477 267.0482482910156 181.0186309814453 267.0482482910156
181.3197021484375 167.11167907714844 210.25381469726562 167.11167907714844 210.25381469726562 267.1304702758789 181.3197021484375 267.1304702758789
185.74993896484375 169.14865112304688 214.4117832183838 169.14865112304688 214.4117832183838 267.6089859008789 185.74993896484375 267.6089859008789
185.56234741210938 169.16639709472656 214.1003475189209 169.16639709472656 214.1003475189209 266.88575744628906 185.56234741210938 266.88575744628906
185.68759155273438 168.71502685546875 214.56401443481445 168.71502685546875 214.56401443481445 267.22776794433594 185.68759155273438 267.22776794433594
188.1625518798828 167.899658203125 215.96357345581055 167.899658203125 215.96357345581055 269.0416946411133 188.1625518798828 269.0416946411133
188.342041015625 169.2493133544922 216.15006065368652 169.2493133544922 216.15006065368652 269.043212890625 188.342041015625 269.043212890625
191.45925903320312 170.86871337890625 217.78318214416504 170.86871337890625 217.78318214416504 267.49971771240234 191.45925903320312 267.49971771240234
191.32333374023438 171.7032012939453 217.73362350463867 171.7032012939453 217.73362350463867 267.29713439941406 191.32333374023438 267.29713439941406
191.40928649902344 171.46786499023438 217.5391731262207 171.46786499023438 217.5391731262207 267.46324920654297 191.40928649902344 267.46324920654297
194.83103942871094 170.37246704101562 222.0223274230957 170.37246704101562 222.0223274230957 263.3031311035156 194.83103942871094 263.3031311035156
194.2299346923828 171.51022338867188 221.2604160308838 171.51022338867188 221.2604160308838 262.4541702270508 194.2299346923828 262.4541702270508
194.63043212890625 170.9137420654297 221.78851318359375 170.9137420654297 221.78851318359375 263.5926742553711 194.63043212890625 263.5926742553711
196.6898651123047 171.59085083007812 224.15090942382812 171.59085083007812 224.15090942382812 264.56591796875 196.6898651123047 264.56591796875
196.35704040527344 172.1400604248047 223.76511573791504 172.1400604248047 223.76511573791504 264.31536865234375 196.35704040527344 264.31536865234375
196.56568908691406 171.1256561279297 224.31358337402344 171.1256561279297 224.31358337402344 265.39954376220703 196.56568908691406 265.39954376220703
199.06936645507812 170.1861572265625 227.70950317382812 170.1861572265625 227.70950317382812 266.6805648803711 199.06936645507812 266.6805648803711
198.64495849609375 170.13558959960938 227.28680419921875 170.13558959960938 227.28680419921875 266.0212097167969 198.64495849609375 266.0212097167969
206.75857543945312 170.429443359375 234.3920955657959 170.429443359375 234.3920955657959 268.22896575927734 206.75857543945312 268.22896575927734
207.53060913085938 170.60336303710938 235.13161277770996 170.60336303710938 235.13161277770996 270.0839080810547 207.53060913085938 270.0839080810547
210.00106811523438 169.8912811279297 236.99875831604004 169.8912811279297 236.99875831604004 268.5147705078125 210.00106811523438 268.5147705078125
209.90921020507812 169.78762817382812 237.13516807556152 169.78762817382812 237.13516807556152 267.9143753051758 209.90921020507812 267.9143753051758
209.860107421875 169.54306030273438 237.0475959777832 169.54306030273438 237.0475959777832 267.8207015991211 209.860107421875 267.8207015991211
210.9721221923828 171.28372192382812 239.5845603942871 171.28372192382812 239.5845603942871 267.7627410888672 210.9721221923828 267.7627410888672
210.77822875976562 172.7487335205078 238.25369834899902 172.7487335205078 238.25369834899902 267.9718780517578 210.77822875976562 267.9718780517578
213.90283203125 170.00692749023438 242.08435440063477 170.00692749023438 242.08435440063477 272.04276275634766 213.90283203125 272.04276275634766
213.635498046875 169.9416046142578 242.19870376586914 169.9416046142578 242.19870376586914 273.24901580810547 213.635498046875 273.24901580810547
216.39981079101562 167.2783966064453 246.45561599731445 167.2783966064453 246.45561599731445 274.26380920410156 216.39981079101562 274.26380920410156
216.0240478515625 166.60366821289062 246.33196640014648 166.60366821289062 246.33196640014648 273.80200958251953 216.0240478515625 273.80200958251953
215.9817657470703 167.18508911132812 246.59149169921875 167.18508911132812 246.59149169921875 275.2765426635742 215.9817657470703 275.2765426635742
219.6496124267578 167.26063537597656 250.40480613708496 167.26063537597656 250.40480613708496 271.0095520019531 219.6496124267578 271.0095520019531
219.47177124023438 167.3029022216797 249.97851943969727 167.3029022216797 249.97851943969727 271.0615692138672 219.47177124023438 271.0615692138672
222.2554473876953 164.82058715820312 252.94215393066406 164.82058715820312 252.94215393066406 269.47229766845703 222.2554473876953 269.47229766845703
222.2124481201172 162.982666015625 253.36499404907227 162.982666015625 253.36499404907227 269.9696273803711 222.2124481201172 269.9696273803711
222.0955810546875 163.47702026367188 253.3608455657959 163.47702026367188 253.3608455657959 270.4010314941406 222.0955810546875 270.4010314941406
224.70883178710938 166.15406799316406 255.4514560699463 166.15406799316406 255.4514560699463 271.7304382324219 224.70883178710938 271.7304382324219
225.26162719726562 165.10000610351562 255.74222946166992 165.10000610351562 255.74222946166992 271.38392639160156 225.26162719726562 271.38392639160156
228.2075653076172 166.65945434570312 259.07284927368164 166.65945434570312 259.07284927368164 272.69165802001953 228.2075653076172 272.69165802001953
227.4700927734375 166.40225219726562 258.23107528686523 166.40225219726562 258.23107528686523 272.0992965698242 227.4700927734375 272.0992965698242
229.60824584960938 167.8516387939453 259.7885990142822 167.8516387939453 259.7885990142822 271.50145721435547 229.60824584960938 271.50145721435547
229.6212921142578 168.0836181640625 260.1193332672119 168.0836181640625 260.1193332672119 272.3374786376953 229.6212921142578 272.3374786376953
231.6850128173828 168.57823181152344 262.4795436859131 168.57823181152344 262.4795436859131 270.42051696777344 231.6850128173828 270.42051696777344
231.79641723632812 170.5684051513672 261.8490810394287 170.5684051513672 261.8490810394287 269.8332061767578 231.79641723632812 269.8332061767578
231.65121459960938 169.66600036621094 261.6645317077637 169.66600036621094 261.6645317077637 269.9890594482422 231.65121459960938 269.9890594482422
232.0985870361328 169.00099182128906 262.23940086364746 169.00099182128906 262.23940086364746 270.7931823730469 232.0985870361328 270.7931823730469
232.2383575439453 169.36961364746094 262.3227195739746 169.36961364746094 262.3227195739746 271.23095703125 232.2383575439453 271.23095703125
232.14797973632812 169.4967498779297 262.038631439209 169.4967498779297 262.038631439209 271.49998474121094 232.14797973632812 271.49998474121094
233.77587890625 168.06715393066406 264.1687812805176 168.06715393066406 264.1687812805176 267.37854766845703 233.77587890625 267.37854766845703
233.39315795898438 169.21218872070312 263.563440322876 169.21218872070312 263.563440322876 269.433837890625 233.39315795898438 269.433837890625
236.71688842773438 171.0140838623047 265.51079750061035 171.0140838623047 265.51079750061035 270.51580810546875 236.71688842773438 270.51580810546875
235.8585968017578 167.65879821777344 265.18138694763184 167.65879821777344 265.18138694763184 267.6197204589844 235.8585968017578 267.6197204589844
237.8703155517578 170.2588653564453 267.2081546783447 170.2588653564453 267.2081546783447 271.89810943603516 237.8703155517578 271.89810943603516
237.6189727783203 169.50726318359375 267.13422775268555 169.50726318359375 267.13422775268555 271.7814178466797 237.6189727783203 271.7814178466797
236.5212860107422 167.7198028564453 266.8644504547119 167.7198028564453 266.8644504547119 270.27874755859375 236.5212860107422 270.27874755859375
240.837158203125 173.24781799316406 269.9771785736084 173.24781799316406 269.9771785736084 274.48292541503906 240.837158203125 274.48292541503906
241.43948364257812 173.81881713867188 269.7641143798828 173.81881713867188 269.7641143798828 273.7155227661133 241.43948364257812 273.7155227661133
243.4379425048828 170.91578674316406 272.13280296325684 170.91578674316406 272.13280296325684 275.47203826904297 243.4379425048828 275.47203826904297
243.18594360351562 169.2213897705078 272.45429611206055 169.2213897705078 272.45429611206055 275.1690673828125 243.18594360351562 275.1690673828125
244.0264129638672 170.31777954101562 273.7742557525635 170.31777954101562 273.7742557525635 275.71202087402344 244.0264129638672 275.71202087402344
243.61508178710938 169.60452270507812 273.7560176849365 169.60452270507812 273.7560176849365 275.7991027832031 243.61508178710938 275.7991027832031
243.2208709716797 167.71347045898438 273.6220817565918 167.71347045898438 273.6220817565918 275.91114044189453 243.2208709716797 275.91114044189453
243.97518920898438 168.80758666992188 275.7642631530762 168.80758666992188 275.7642631530762 273.34484100341797 243.97518920898438 273.34484100341797
244.95834350585938 169.0194549560547 276.6221733093262 169.0194549560547 276.6221733093262 273.2026062011719 244.95834350585938 273.2026062011719
244.11294555664062 168.09487915039062 275.83859634399414 168.09487915039062 275.83859634399414 273.67002868652344 244.11294555664062 273.67002868652344
245.6726531982422 169.4449462890625 277.19188499450684 169.4449462890625 277.19188499450684 273.1232681274414 245.6726531982422 273.1232681274414
244.9116668701172 168.81808471679688 276.57902908325195 168.81808471679688 276.57902908325195 273.6706237792969 244.9116668701172 273.6706237792969
245.8634796142578 169.21072387695312 276.8409767150879 169.21072387695312 276.8409767150879 273.7701950073242 245.8634796142578 273.7701950073242
246.2554473876953 170.3002471923828 277.32655334472656 170.3002471923828 277.32655334472656 273.0763854980469 246.2554473876953 273.0763854980469
246.69882202148438 167.43951416015625 278.07301330566406 167.43951416015625 278.07301330566406 274.6121368408203 246.69882202148438 274.6121368408203
247.27261352539062 169.10826110839844 278.6292362213135 169.10826110839844 278.6292362213135 274.23297119140625 247.27261352539062 274.23297119140625
246.617431640625 168.7860870361328 277.89777183532715 168.7860870361328 277.89777183532715 274.5347442626953 246.617431640625 274.5347442626953
244.4759063720703 168.0946807861328 276.3821620941162 168.0946807861328 276.3821620941162 277.3486022949219 244.4759063720703 277.3486022949219
245.2264404296875 168.31787109375 276.7036476135254 168.31787109375 276.7036476135254 277.9173126220703 245.2264404296875 277.9173126220703
243.67257690429688 170.6039581298828 276.11215591430664 170.6039581298828 276.11215591430664 278.90189361572266 243.67257690429688 278.90189361572266
243.6350860595703 168.0382080078125 276.5854263305664 168.0382080078125 276.5854263305664 279.0106964111328 243.6350860595703 279.0106964111328
243.42349243164062 170.05740356445312 276.0282211303711 170.05740356445312 276.0282211303711 278.43919372558594 243.42349243164062 278.43919372558594
242.85946655273438 167.23641967773438 276.0216293334961 167.23641967773438 276.0216293334961 277.85707092285156 242.85946655273438 277.85707092285156
243.0830535888672 167.5605926513672 276.2217712402344 167.5605926513672 276.2217712402344 278.24070739746094 243.0830535888672 278.24070739746094
243.9970703125 169.80799865722656 275.9139289855957 169.80799865722656 275.9139289855957 278.2869873046875 243.9970703125 278.2869873046875
243.36679077148438 169.81008911132812 275.25798988342285 169.81008911132812 275.25798988342285 278.0500946044922 243.36679077148438 278.0500946044922
243.2920684814453 169.13504028320312 274.8446617126465 169.13504028320312 274.8446617126465 279.1491012573242 243.2920684814453 279.1491012573242
243.6604461669922 170.72918701171875 275.121395111084 170.72918701171875 275.121395111084 279.37469482421875 243.6604461669922 279.37469482421875
243.0109405517578 169.23944091796875 274.8009490966797 169.23944091796875 274.8009490966797 279.197265625 243.0109405517578 279.197265625
244.1275634765625 171.02565002441406 275.3497009277344 171.02565002441406 275.3497009277344 281.454833984375 244.1275634765625 281.454833984375
244.16635131835938 169.79135131835938 275.6109924316406 169.79135131835938 275.6109924316406 280.9265441894531 244.16635131835938 280.9265441894531
246.0411376953125 166.27041625976562 277.4898872375488 166.27041625976562 277.4898872375488 280.3074645996094 246.0411376953125 280.3074645996094
246.23373413085938 169.6315460205078 277.0883846282959 169.6315460205078 277.0883846282959 280.2460250854492 246.23373413085938 280.2460250854492
247.7599639892578 167.49203491210938 278.74109268188477 167.49203491210938 278.74109268188477 280.2069625854492 247.7599639892578 280.2069625854492
247.7418975830078 167.5783233642578 278.3278102874756 167.5783233642578 278.3278102874756 279.3861389160156 247.7418975830078 279.3861389160156
248.76065063476562 168.26913452148438 279.94609451293945 168.26913452148438 279.94609451293945 278.9563522338867 248.76065063476562 278.9563522338867
248.600341796875 167.97262573242188 279.6967010498047 167.97262573242188 279.6967010498047 278.5108108520508 248.600341796875 278.5108108520508
248.2694091796875 163.88272094726562 279.62627601623535 163.88272094726562 279.62627601623535 279.8941192626953 248.2694091796875 279.8941192626953
249.12832641601562 164.10018920898438 281.3633804321289 164.10018920898438 281.3633804321289 279.37378692626953 249.12832641601562 279.37378692626953
247.9367218017578 161.3448028564453 281.19591903686523 161.3448028564453 281.19591903686523 280.31329345703125 247.9367218017578 280.31329345703125
250.1983184814453 166.64913940429688 282.09084701538086 166.64913940429688 282.09084701538086 278.8806915283203 250.1983184814453 278.8806915283203
250.0306854248047 165.21900939941406 282.18280029296875 165.21900939941406 282.18280029296875 279.25064849853516 250.0306854248047 279.25064849853516
249.4622802734375 161.131103515625 282.3552780151367 161.131103515625 282.3552780151367 277.85543060302734 249.4622802734375 277.85543060302734
249.7794952392578 162.26437377929688 282.4041519165039 162.26437377929688 282.4041519165039 277.87085723876953 249.7794952392578 277.87085723876953
249.46255493164062 161.72792053222656 282.0371894836426 161.72792053222656 282.0371894836426 277.1365051269531 249.46255493164062 277.1365051269531
249.9247589111328 163.3564910888672 282.26345443725586 163.3564910888672 282.26345443725586 277.7478256225586 249.9247589111328 277.7478256225586
249.8780059814453 163.28712463378906 282.23310470581055 163.28712463378906 282.23310470581055 277.4236831665039 249.8780059814453 277.4236831665039
249.03884887695312 166.21353149414062 281.3810348510742 166.21353149414062 281.3810348510742 277.47267150878906 249.03884887695312 277.47267150878906
248.698974609375 165.6892547607422 281.17505645751953 165.6892547607422 281.17505645751953 276.23594665527344 248.698974609375 276.23594665527344
250.63967895507812 168.06886291503906 282.4382572174072 168.06886291503906 282.4382572174072 277.0829162597656 250.63967895507812 277.0829162597656
250.205810546875 168.0627899169922 282.14594650268555 168.0627899169922 282.14594650268555 277.33167266845703 250.205810546875 277.33167266845703
249.24191284179688 167.75596618652344 281.8788299560547 167.75596618652344 281.8788299560547 277.53533935546875 249.24191284179688 277.53533935546875
249.22860717773438 164.28030395507812 281.36079025268555 164.28030395507812 281.36079025268555 275.7455368041992 249.22860717773438 275.7455368041992
248.90243530273438 161.6808319091797 281.26165771484375 161.6808319091797 281.26165771484375 277.7914047241211 248.90243530273438 277.7914047241211
249.35720825195312 162.41241455078125 281.57703018188477 162.41241455078125 281.57703018188477 278.5831298828125 249.35720825195312 278.5831298828125
249.5823516845703 162.20175170898438 281.83946228027344 162.20175170898438 281.83946228027344 278.06370544433594 249.5823516845703 278.06370544433594
249.39559936523438 162.813232421875 281.9231071472168 162.813232421875 281.9231071472168 279.2744903564453 249.39559936523438 279.2744903564453
249.58749389648438 162.07888793945312 281.39508056640625 162.07888793945312 281.39508056640625 277.5358581542969 249.58749389648438 277.5358581542969
248.55410766601562 162.45602416992188 280.93873596191406 162.45602416992188 280.93873596191406 278.02465057373047 248.55410766601562 278.02465057373047
249.54171752929688 162.49008178710938 281.69393157958984 162.49008178710938 281.69393157958984 278.08876037597656 249.54171752929688 278.08876037597656
249.03152465820312 165.04202270507812 280.4984893798828 165.04202270507812 280.4984893798828 277.7615203857422 249.03152465820312 277.7615203857422
248.6543731689453 163.7780303955078 280.32616233825684 163.7780303955078 280.32616233825684 276.15521240234375 248.6543731689453 276.15521240234375
247.96951293945312 162.91854858398438 279.9512062072754 162.91854858398438 279.9512062072754 276.5609817504883 247.96951293945312 276.5609817504883
247.9311065673828 162.0007781982422 279.92124366760254 162.0007781982422 279.92124366760254 277.30030059814453 247.9311065673828 277.30030059814453
249.21530151367188 161.97409057617188 280.68341064453125 161.97409057617188 280.68341064453125 277.3156433105469 249.21530151367188 277.3156433105469
249.075927734375 162.4181365966797 280.78822898864746 162.4181365966797 280.78822898864746 277.4592742919922 249.075927734375 277.4592742919922
247.68856811523438 162.0553741455078 279.5993347167969 162.0553741455078 279.5993347167969 276.5602111816406 247.68856811523438 276.5602111816406
247.03683471679688 162.24801635742188 279.2955665588379 162.24801635742188 279.2955665588379 276.2044143676758 247.03683471679688 276.2044143676758
246.2265167236328 161.13473510742188 279.1808662414551 161.13473510742188 279.1808662414551 275.7133483886719 246.2265167236328 275.7133483886719
244.68173217773438 163.70272827148438 277.97644424438477 163.70272827148438 277.97644424438477 275.68114471435547 244.68173217773438 275.68114471435547
245.53305053710938 162.81484985351562 278.4063034057617 162.81484985351562 278.4063034057617 275.83911895751953 245.53305053710938 275.83911895751953
245.3385009765625 162.5081329345703 277.9748115539551 162.5081329345703 277.9748115539551 274.805419921875 245.3385009765625 274.805419921875
246.3665008544922 163.2200469970703 278.7884216308594 163.2200469970703 278.7884216308594 276.35040283203125 246.3665008544922 276.35040283203125
243.84194946289062 162.2779998779297 277.6197738647461 162.2779998779297 277.6197738647461 273.7842712402344 243.84194946289062 273.7842712402344
241.59854125976562 163.11257934570312 275.8284492492676 163.11257934570312 275.8284492492676 273.5992736816406 241.59854125976562 273.5992736816406
243.2661895751953 165.08462524414062 276.7060356140137 165.08462524414062 276.7060356140137 274.7744598388672 243.2661895751953 274.7744598388672
241.3267059326172 162.32093811035156 275.7863464355469 162.32093811035156 275.7863464355469 275.59242248535156 241.3267059326172 275.59242248535156
242.01077270507812 160.4846649169922 275.9129638671875 160.4846649169922 275.9129638671875 274.7337646484375 242.01077270507812 274.7337646484375
242.5896453857422 162.47000122070312 276.3661766052246 162.47000122070312 276.3661766052246 275.8355255126953 242.5896453857422 275.8355255126953
240.85757446289062 162.5701446533203 274.8128242492676 162.5701446533203 274.8128242492676 274.9823532104492 240.85757446289062 274.9823532104492
241.0284423828125 161.8955841064453 274.7706718444824 161.8955841064453 274.7706718444824 274.5180358886719 241.0284423828125 274.5180358886719
240.8193817138672 159.62435913085938 274.68970489501953 159.62435913085938 274.68970489501953 274.0054397583008 240.8193817138672 274.0054397583008
241.9775390625 162.20309448242188 274.99528884887695 162.20309448242188 274.99528884887695 274.9811248779297 241.9775390625 274.9811248779297
241.50088500976562 161.9094696044922 274.57828521728516 161.9094696044922 274.57828521728516 273.98724365234375 241.50088500976562 273.98724365234375
240.8404083251953 161.02978515625 274.29674911499023 161.02978515625 274.29674911499023 273.56168365478516 240.8404083251953 273.56168365478516
240.23910522460938 161.79127502441406 273.92493438720703 161.79127502441406 273.92493438720703 273.89733123779297 240.23910522460938 273.89733123779297
239.5471649169922 164.9074249267578 274.16345596313477 164.9074249267578 274.16345596313477 275.93138885498047 239.5471649169922 275.93138885498047
238.51632690429688 165.5777587890625 273.95476150512695 165.5777587890625 273.95476150512695 275.1935272216797 238.51632690429688 275.1935272216797
237.29190063476562 167.1979217529297 274.3527488708496 167.1979217529297 274.3527488708496 275.4859924316406 237.29190063476562 275.4859924316406
235.542724609375 164.6975555419922 273.5025405883789 164.6975555419922 273.5025405883789 274.01599884033203 235.542724609375 274.01599884033203
237.432373046875 164.79373168945312 274.4503402709961 164.79373168945312 274.4503402709961 275.5404510498047 237.432373046875 275.5404510498047
238.15322875976562 168.5847930908203 274.7815818786621 168.5847930908203 274.7815818786621 274.4371109008789 238.15322875976562 274.4371109008789
238.98095703125 167.5655975341797 275.1495552062988 167.5655975341797 275.1495552062988 275.4908905029297 238.98095703125 275.4908905029297
237.61911010742188 168.2210693359375 273.5993461608887 168.2210693359375 273.5993461608887 273.39107513427734 237.61911010742188 273.39107513427734
239.7476043701172 168.587158203125 274.8570213317871 168.587158203125 274.8570213317871 276.34696197509766 239.7476043701172 276.34696197509766
238.962646484375 168.78335571289062 274.4104232788086 168.78335571289062 274.4104232788086 275.4965515136719 238.962646484375 275.4965515136719
240.03622436523438 170.08157348632812 274.6318588256836 170.08157348632812 274.6318588256836 275.68724060058594 240.03622436523438 275.68724060058594
239.9919891357422 167.88937377929688 274.89929962158203 167.88937377929688 274.89929962158203 276.3759307861328 239.9919891357422 276.3759307861328
240.14794921875 168.6253662109375 275.4918022155762 168.6253662109375 275.4918022155762 275.41873931884766 240.14794921875 275.41873931884766
242.19351196289062 171.044677734375 275.91830825805664 171.044677734375 275.91830825805664 276.89034271240234 242.19351196289062 276.89034271240234
244.02401733398438 170.35427856445312 277.3188247680664 170.35427856445312 277.3188247680664 277.73704528808594 244.02401733398438 277.73704528808594
244.50875854492188 172.10646057128906 277.3400573730469 172.10646057128906 277.3400573730469 278.20851135253906 244.50875854492188 278.20851135253906
243.51504516601562 171.24917602539062 277.3223648071289 171.24917602539062 277.3223648071289 277.3852081298828 243.51504516601562 277.3852081298828
243.84829711914062 171.48141479492188 278.22333908081055 171.48141479492188 278.22333908081055 278.59764862060547 243.84829711914062 278.59764862060547
244.7466583251953 171.27053833007812 278.49462509155273 171.27053833007812 278.49462509155273 279.53697967529297 244.7466583251953 279.53697967529297
245.0353240966797 173.06094360351562 279.39621353149414 173.06094360351562 279.39621353149414 282.4263000488281 245.0353240966797 282.4263000488281
244.70736694335938 172.62149047851562 279.23220443725586 172.62149047851562 279.23220443725586 282.04578399658203 244.70736694335938 282.04578399658203
245.91683959960938 173.8086700439453 281.15259552001953 173.8086700439453 281.15259552001953 284.3346710205078 245.91683959960938 284.3346710205078
245.4753875732422 174.1121063232422 281.00929260253906 174.1121063232422 281.00929260253906 284.50762939453125 245.4753875732422 284.50762939453125
246.7162322998047 168.8675994873047 282.5453414916992 168.8675994873047 282.5453414916992 283.23272705078125 246.7162322998047 283.23272705078125
246.2692413330078 168.81329345703125 282.17782974243164 168.81329345703125 282.17782974243164 283.47237396240234 246.2692413330078 283.47237396240234
246.41397094726562 170.69088745117188 282.65926361083984 170.69088745117188 282.65926361083984 284.2690963745117 246.41397094726562 284.2690963745117
246.02880859375 170.8798828125 282.4305839538574 170.8798828125 282.4305839538574 284.2717056274414 246.02880859375 284.2717056274414
244.7999267578125 167.64846801757812 281.9423599243164 167.64846801757812 281.9423599243164 280.8507385253906 244.7999267578125 280.8507385253906
245.5186004638672 171.24636840820312 282.0730743408203 171.24636840820312 282.0730743408203 280.7918243408203 245.5186004638672 280.7918243408203
247.09130859375 170.01034545898438 283.6623115539551 170.01034545898438 283.6623115539551 277.0373001098633 247.09130859375 277.0373001098633
246.353271484375 167.7873992919922 284.3352279663086 167.7873992919922 284.3352279663086 277.2699661254883 246.353271484375 277.2699661254883
247.9680633544922 167.16873168945312 285.05566024780273 167.16873168945312 285.05566024780273 279.3043746948242 247.9680633544922 279.3043746948242
247.19287109375 169.4357147216797 284.54955291748047 169.4357147216797 284.54955291748047 277.9934387207031 247.19287109375 277.9934387207031
249.35220336914062 167.15403747558594 285.0727424621582 167.15403747558594 285.0727424621582 279.0330810546875 249.35220336914062 279.0330810546875
249.46975708007812 167.67572021484375 285.29943466186523 167.67572021484375 285.29943466186523 278.5389175415039 249.46975708007812 278.5389175415039
252.46578979492188 167.39971923828125 285.7341842651367 167.39971923828125 285.7341842651367 275.33673095703125 252.46578979492188 275.33673095703125
252.97824096679688 166.81671142578125 286.3889045715332 166.81671142578125 286.3889045715332 276.09422302246094 252.97824096679688 276.09422302246094
252.76309204101562 167.2230224609375 286.05340576171875 167.2230224609375 286.05340576171875 275.1594009399414 252.76309204101562 275.1594009399414
255.58236694335938 166.821044921875 287.5449867248535 166.821044921875 287.5449867248535 276.4072265625 255.58236694335938 276.4072265625
254.2861785888672 164.5750274658203 286.4728889465332 164.5750274658203 286.4728889465332 273.5379943847656 254.2861785888672 273.5379943847656
254.0497283935547 165.82473754882812 286.14242935180664 165.82473754882812 286.14242935180664 272.90111541748047 254.0497283935547 272.90111541748047
257.2709655761719 166.24757385253906 288.7914123535156 166.24757385253906 288.7914123535156 276.28641510009766 257.2709655761719 276.28641510009766
257.1129150390625 165.00772094726562 288.7585792541504 165.00772094726562 288.7585792541504 276.2788391113281 257.1129150390625 276.2788391113281
256.1458435058594 166.05751037597656 288.7388725280762 166.05751037597656 288.7388725280762 276.7282409667969 256.1458435058594 276.7282409667969
256.3952941894531 167.22518920898438 288.710205078125 167.22518920898438 288.710205078125 277.6114959716797 256.3952941894531 277.6114959716797
257.8919372558594 167.35354614257812 289.90229415893555 167.35354614257812 289.90229415893555 279.0674591064453 257.8919372558594 279.0674591064453
256.7969055175781 166.62721252441406 289.16597747802734 166.62721252441406 289.16597747802734 277.59593963623047 256.7969055175781 277.59593963623047
257.31689453125 168.2278594970703 289.7522163391113 168.2278594970703 289.7522163391113 278.46502685546875 257.31689453125 278.46502685546875
258.6745910644531 165.6489715576172 290.6354637145996 165.6489715576172 290.6354637145996 278.34656524658203 258.6745910644531 278.34656524658203
257.7443542480469 167.8085174560547 289.6884574890137 167.8085174560547 289.6884574890137 278.5798797607422 257.7443542480469 278.5798797607422
256.70782470703125 166.93820190429688 290.0425224304199 166.93820190429688 290.0425224304199 275.7029495239258 256.70782470703125 275.7029495239258
256.6371154785156 166.47659301757812 289.9946823120117 166.47659301757812 289.9946823120117 275.50987243652344 256.6371154785156 275.50987243652344
258.801513671875 168.5479278564453 291.3343849182129 168.5479278564453 291.3343849182129 275.43312072753906 258.801513671875 275.43312072753906
258.38006591796875 170.3152313232422 291.0217704772949 170.3152313232422 291.0217704772949 275.8286361694336 258.38006591796875 275.8286361694336
257.76544189453125 167.17210388183594 291.02281951904297 167.17210388183594 291.02281951904297 273.37644958496094 257.76544189453125 273.37644958496094
260.50787353515625 169.13597106933594 292.5407829284668 169.13597106933594 292.5407829284668 272.71566009521484 260.50787353515625 272.71566009521484
259.76519775390625 166.73321533203125 292.39921951293945 166.73321533203125 292.39921951293945 272.0265121459961 259.76519775390625 272.0265121459961
259.1614990234375 166.3043212890625 292.06983947753906 166.3043212890625 292.06983947753906 271.1013412475586 259.1614990234375 271.1013412475586
261.7350769042969 167.70809936523438 293.5042839050293 167.70809936523438 293.5042839050293 271.94004821777344 261.7350769042969 271.94004821777344
261.8826904296875 169.59963989257812 293.3118896484375 169.59963989257812 293.3118896484375 273.07727813720703 261.8826904296875 273.07727813720703
264.737060546875 172.40452575683594 295.8085689544678 172.40452575683594 295.8085689544678 276.9879608154297 264.737060546875 276.9879608154297
263.992431640625 170.45806884765625 296.01622772216797 170.45806884765625 296.01622772216797 276.00992584228516 263.992431640625 276.00992584228516
266.8785095214844 171.095703125 297.67824935913086 171.095703125 297.67824935913086 279.1848602294922 266.8785095214844 279.1848602294922
265.5616760253906 170.59951782226562 296.8834228515625 170.59951782226562 296.8834228515625 277.97582244873047 265.5616760253906 277.97582244873047
267.5685729980469 175.44918823242188 298.1746463775635 175.44918823242188 298.1746463775635 280.45055389404297 267.5685729980469 280.45055389404297
267.0125427246094 174.6109619140625 298.0496826171875 174.6109619140625 298.0496826171875 279.4920425415039 267.0125427246094 279.4920425415039
268.88616943359375 173.98448181152344 299.32764625549316 173.98448181152344 299.32764625549316 279.0753860473633 268.88616943359375 279.0753860473633
269.78900146484375 173.9832305908203 299.9152030944824 173.9832305908203 299.9152030944824 280.1277618408203 269.78900146484375 280.1277618408203
268.0595397949219 173.93203735351562 298.9600772857666 173.93203735351562 298.9600772857666 279.5179748535156 268.0595397949219 279.5179748535156
269.88641357421875 172.6822509765625 300.97021102905273 172.6822509765625 300.97021102905273 279.29473876953125 269.88641357421875 279.29473876953125
270.1246032714844 173.82054138183594 301.10862159729004 173.82054138183594 301.10862159729004 279.3055877685547 270.1246032714844 279.3055877685547
269.8083801269531 173.35482788085938 301.03382873535156 173.35482788085938 301.03382873535156 279.2906188964844 269.8083801269531 279.2906188964844
270.65069580078125 173.00424194335938 302.56525230407715 173.00424194335938 302.56525230407715 280.85118103027344 270.65069580078125 280.85118103027344
269.0016174316406 171.42544555664062 301.87181854248047 171.42544555664062 301.87181854248047 281.4546585083008 269.0016174316406 281.4546585083008
270.6221618652344 173.61001586914062 302.8018989562988 173.61001586914062 302.8018989562988 281.2389221191406 270.6221618652344 281.2389221191406
269.30767822265625 172.74114990234375 301.7877960205078 172.74114990234375 301.7877960205078 281.5068130493164 269.30767822265625 281.5068130493164
270.0990295410156 173.13934326171875 302.4616050720215 173.13934326171875 302.4616050720215 281.16119384765625 270.0990295410156 281.16119384765625
270.7093505859375 173.61215209960938 303.46853256225586 173.61215209960938 303.46853256225586 281.36305236816406 270.7093505859375 281.36305236816406
270.3791198730469 174.245849609375 302.98030853271484 174.245849609375 302.98030853271484 281.7245330810547 270.3791198730469 281.7245330810547
269.59271240234375 177.09976196289062 302.5797882080078 177.09976196289062 302.5797882080078 285.3037872314453 269.59271240234375 285.3037872314453
268.13226318359375 174.32196044921875 301.7583808898926 174.32196044921875 301.7583808898926 284.7462921142578 268.13226318359375 284.7462921142578
266.55047607421875 172.95542907714844 301.15170669555664 172.95542907714844 301.15170669555664 283.55963134765625 266.55047607421875 283.55963134765625
267.3110656738281 174.26681518554688 301.75489044189453 174.26681518554688 301.75489044189453 283.87681579589844 267.3110656738281 283.87681579589844
267.25286865234375 175.66140747070312 301.51013565063477 175.66140747070312 301.51013565063477 285.6419143676758 267.25286865234375 285.6419143676758
265.94927978515625 175.38018798828125 300.72637939453125 175.38018798828125 300.72637939453125 283.9604721069336 265.94927978515625 283.9604721069336
266.5957336425781 173.0097198486328 301.3386573791504 173.0097198486328 301.3386573791504 282.51190185546875 266.5957336425781 282.51190185546875
264.644287109375 164.75137329101562 300.5463333129883 164.75137329101562 300.5463333129883 283.4383239746094 264.644287109375 283.4383239746094
263.3616943359375 164.99609375 300.0683822631836 164.99609375 300.0683822631836 283.9352798461914 263.3616943359375 283.9352798461914
263.3958740234375 169.9733123779297 299.9708786010742 169.9733123779297 299.9708786010742 285.89453887939453 263.3958740234375 285.89453887939453
263.2410888671875 167.91030883789062 300.06005096435547 167.91030883789062 300.06005096435547 284.9765167236328 263.2410888671875 284.9765167236328
263.6161804199219 168.63772583007812 299.9955406188965 168.63772583007812 299.9955406188965 285.77882385253906 263.6161804199219 285.77882385253906
263.6561279296875 165.1526641845703 301.25067138671875 165.1526641845703 301.25067138671875 284.1889190673828 263.6561279296875 284.1889190673828
264.85101318359375 164.89456176757812 301.8569869995117 164.89456176757812 301.8569869995117 284.4781188964844 264.85101318359375 284.4781188964844
267.34881591796875 165.82437133789062 304.4314842224121 165.82437133789062 304.4314842224121 285.0681610107422 267.34881591796875 285.0681610107422
266.54925537109375 164.48324584960938 304.454833984375 164.48324584960938 304.454833984375 285.43138122558594 266.54925537109375 285.43138122558594
269.97320556640625 163.01661682128906 308.29219818115234 163.01661682128906 308.29219818115234 286.6937561035156 269.97320556640625 286.6937561035156
270.7489318847656 164.51153564453125 309.0302925109863 164.51153564453125 309.0302925109863 285.74666595458984 270.7489318847656 285.74666595458984
269.7176513671875 165.5534210205078 307.8210754394531 165.5534210205078 307.8210754394531 286.0966567993164 269.7176513671875 286.0966567993164
271.9660949707031 167.73788452148438 310.8593559265137 167.73788452148438 310.8593559265137 287.1819152832031 271.9660949707031 287.1819152832031
272.5274963378906 168.8245086669922 310.8370132446289 168.8245086669922 310.8370132446289 287.0853576660156 272.5274963378906 287.0853576660156
275.5252990722656 165.33837890625 311.6651153564453 165.33837890625 311.6651153564453 283.7017059326172 275.5252990722656 283.7017059326172
278.70697021484375 167.5821990966797 314.3296928405762 167.5821990966797 314.3296928405762 284.57640075683594 278.70697021484375 284.57640075683594
277.76702880859375 171.46121215820312 312.4406280517578 171.46121215820312 312.4406280517578 284.4778594970703 277.76702880859375 284.4778594970703
280.91851806640625 167.84722900390625 316.08423614501953 167.84722900390625 316.08423614501953 279.58170318603516 280.91851806640625 279.58170318603516
279.8157653808594 166.63613891601562 315.4665641784668 166.63613891601562 315.4665641784668 279.22203063964844 279.8157653808594 279.22203063964844
281.88671875 167.16502380371094 318.0810203552246 167.16502380371094 318.0810203552246 280.0941467285156 281.88671875 280.0941467285156
282.0850830078125 168.4168243408203 318.13858795166016 168.4168243408203 318.13858795166016 280.0608901977539 282.0850830078125 280.0608901977539
285.86895751953125 167.93453979492188 320.9265441894531 167.93453979492188 320.9265441894531 282.7543258666992 285.86895751953125 282.7543258666992
287.44415283203125 168.10499572753906 321.8905563354492 168.10499572753906 321.8905563354492 284.37786865234375 287.44415283203125 284.37786865234375
292.87176513671875 167.05490112304688 327.0452079772949 167.05490112304688 327.0452079772949 284.66392517089844 292.87176513671875 284.66392517089844
292.5151062011719 168.71963500976562 326.3318214416504 168.71963500976562 326.3318214416504 284.22154998779297 292.5151062011719 284.22154998779297
292.5331115722656 167.8298797607422 326.7862739562988 167.8298797607422 326.7862739562988 285.30992126464844 292.5331115722656 285.30992126464844
297.9394226074219 169.38070678710938 332.78113555908203 169.38070678710938 332.78113555908203 284.71104431152344 297.9394226074219 284.71104431152344
298.95208740234375 167.55380249023438 334.9659194946289 167.55380249023438 334.9659194946289 285.1927185058594 298.95208740234375 285.1927185058594
301.96337890625 167.46728515625 336.4340705871582 167.46728515625 336.4340705871582 284.187744140625 301.96337890625 284.187744140625
301.9505615234375 166.7535400390625 336.3100051879883 166.7535400390625 336.3100051879883 284.3410186767578 301.9505615234375 284.3410186767578
302.79351806640625 167.46951293945312 336.53812408447266 167.46951293945312 336.53812408447266 283.0950393676758 302.79351806640625 283.0950393676758
302.40716552734375 166.66830444335938 336.5193672180176 166.66830444335938 336.5193672180176 282.51331329345703 302.40716552734375 282.51331329345703
302.8851013183594 169.41551208496094 336.71237564086914 169.41551208496094 336.71237564086914 283.9777526855469 302.8851013183594 283.9777526855469
301.71832275390625 162.44033813476562 337.57956314086914 162.44033813476562 337.57956314086914 278.3214569091797 301.71832275390625 278.3214569091797
302.533203125 164.1959686279297 337.7785873413086 164.1959686279297 337.7785873413086 280.162109375 302.533203125 280.162109375
305.3301696777344 165.44186401367188 340.35584259033203 165.44186401367188 340.35584259033203 281.7947082519531 305.3301696777344 281.7947082519531
305.2632141113281 162.8570098876953 340.58557510375977 162.8570098876953 340.58557510375977 280.6204376220703 305.2632141113281 280.6204376220703
305.2621765136719 165.0346221923828 340.6251754760742 165.0346221923828 340.6251754760742 281.9424591064453 305.2621765136719 281.9424591064453
310.8798828125 167.2822265625 344.85083770751953 167.2822265625 344.85083770751953 285.7425994873047 310.8798828125 285.7425994873047
310.93682861328125 169.70181274414062 345.2718048095703 169.70181274414062 345.2718048095703 287.1106719970703 310.93682861328125 287.1106719970703
312.7278137207031 171.84542846679688 346.4602851867676 171.84542846679688 346.4602851867676 285.5434265136719 312.7278137207031 285.5434265136719
314.11981201171875 173.3455047607422 347.607666015625 173.3455047607422 347.607666015625 285.8135223388672 314.11981201171875 285.8135223388672
315.9964599609375 172.4300994873047 349.6480026245117 172.4300994873047 349.6480026245117 283.0044631958008 315.9964599609375 283.0044631958008
316.94708251953125 172.1867218017578 350.7886199951172 172.1867218017578 350.7886199951172 282.48797607421875 316.94708251953125 282.48797607421875
318.4194641113281 174.0591278076172 352.8336372375488 174.0591278076172 352.8336372375488 283.53279876708984 318.4194641113281 283.53279876708984
318.02899169921875 171.40011596679688 352.80674743652344 171.40011596679688 352.80674743652344 284.2779006958008 318.02899169921875 284.2779006958008
316.65301513671875 171.76463317871094 351.1718101501465 171.76463317871094 351.1718101501465 284.6178894042969 316.65301513671875 284.6178894042969
320.0810546875 174.28988647460938 355.5916976928711 174.28988647460938 355.5916976928711 287.2294616699219 320.0810546875 287.2294616699219
319.9778747558594 176.06143188476562 355.58108139038086 176.06143188476562 355.58108139038086 288.0527648925781 319.9778747558594 288.0527648925781
320.89453125 171.55215454101562 356.5096969604492 171.55215454101562 356.5096969604492 284.8322296142578 320.89453125 284.8322296142578
322.24664306640625 172.60891723632812 358.15601348876953 172.60891723632812 358.15601348876953 286.0403518676758 322.24664306640625 286.0403518676758
322.6847229003906 173.9033966064453 358.0921401977539 173.9033966064453 358.0921401977539 286.37279510498047 322.6847229003906 286.37279510498047
321.97906494140625 172.69175720214844 357.6215133666992 172.69175720214844 357.6215133666992 285.9847106933594 321.97906494140625 285.9847106933594
321.98138427734375 173.94564819335938 358.0943603515625 173.94564819335938 358.0943603515625 287.40331268310547 321.98138427734375 287.40331268310547
323.9471740722656 174.76150512695312 359.1173400878906 174.76150512695312 359.1173400878906 285.9021682739258 323.9471740722656 285.9021682739258
323.78900146484375 174.51272583007812 358.9902572631836 174.51272583007812 358.9902572631836 285.1914978027344 323.78900146484375 285.1914978027344
327.2821350097656 178.19366455078125 362.7271194458008 178.19366455078125 362.7271194458008 289.69696044921875 327.2821350097656 289.69696044921875
326.52093505859375 176.8843231201172 361.9345893859863 176.8843231201172 361.9345893859863 288.5050354003906 326.52093505859375 288.5050354003906
329.45782470703125 177.27012634277344 365.2235794067383 177.27012634277344 365.2235794067383 289.06004333496094 329.45782470703125 289.06004333496094
329.344970703125 176.88482666015625 364.86263275146484 176.88482666015625 364.86263275146484 287.7001953125 329.344970703125 287.7001953125
334.203125 177.8644561767578 369.5875930786133 177.8644561767578 369.5875930786133 290.3417663574219 334.203125 290.3417663574219
333.1775817871094 175.0149383544922 368.7767562866211 175.0149383544922 368.7767562866211 288.9853820800781 333.1775817871094 288.9853820800781
337.9114685058594 172.45278930664062 376.2807312011719 172.45278930664062 376.2807312011719 287.4413299560547 337.9114685058594 287.4413299560547
337.0042724609375 172.10366821289062 375.1384735107422 172.10366821289062 375.1384735107422 288.2367477416992 337.0042724609375 288.2367477416992
338.23236083984375 171.2016143798828 376.84721755981445 171.2016143798828 376.84721755981445 287.8235855102539 338.23236083984375 287.8235855102539
344.2762145996094 170.62957763671875 384.5710220336914 170.62957763671875 384.5710220336914 287.05589294433594 344.2762145996094 287.05589294433594
344.06353759765625 171.7823028564453 384.0894203186035 171.7823028564453 384.0894203186035 286.9409942626953 344.06353759765625 286.9409942626953
344.09454345703125 171.9813995361328 383.9775733947754 171.9813995361328 383.9775733947754 287.1425323486328 344.09454345703125 287.1425323486328
351.0073547363281 173.25338745117188 390.5180473327637 173.25338745117188 390.5180473327637 289.72106170654297 351.0073547363281 289.72106170654297
349.6632385253906 172.16213989257812 388.90592193603516 172.16213989257812 388.90592193603516 289.81846618652344 349.6632385253906 289.81846618652344
357.36236572265625 173.52784729003906 395.6997871398926 173.52784729003906 395.6997871398926 291.0320587158203 357.36236572265625 291.0320587158203
356.81268310546875 175.4781951904297 394.7861557006836 175.4781951904297 394.7861557006836 290.89813232421875 356.81268310546875 290.89813232421875
