0.044941
0.071948
0.087788
0.072526
0.077545
0.087804
0.074746
0.084837
0.083932
0.075344
0.083672
0.074902
0.075986
0.084865
0.073518
0.085997
0.067187
0.093836
0.067535
0.067914
0.071109
0.077235
0.072742
0.072373
0.070279
0.074454
0.072601
0.068366
0.081473
0.080203
0.075059
0.073500
0.074010
0.070082
0.073148
0.072344
0.089896
0.076050
0.085137
0.075964
0.086339
0.082260
0.071682
0.078001
0.068627
0.072202
0.074450
0.079209
0.071667
0.076254
0.077492
0.083164
0.087475
0.072022
0.066411
0.075884
0.074956
0.075283
0.076678
0.087859
0.065457
0.087221
0.063805
0.075563
0.071764
0.067045
0.071851
0.067767
0.083883
0.076591
0.123159
0.065602
0.064322
0.071114
0.070495
0.069509
0.074563
0.075032
0.054265
0.068725
0.071018
0.062530
0.076760
0.070550
0.070322
0.065128
0.062690
0.089558
0.075029
0.070045
0.064810
0.069345
0.082603
0.116856
0.065271
0.097234
0.074092
0.114635
0.070372
0.112213
0.087915
0.100060
0.067647
0.101090
0.092524
0.103209
0.069941
0.127250
0.072870
0.116901
0.088990
