0.035758
0.047977
0.055769
0.060253
0.066298
0.057630
0.078891
0.059267
0.073845
0.061982
0.072109
0.053720
0.065949
0.069895
0.065614
0.069822
0.056596
0.079315
0.074495
0.053829
0.071998
0.066511
0.048953
0.057498
0.062541
0.063591
0.054914
0.059578
0.060860
0.062315
0.063066
0.068610
0.070677
0.075478
0.067308
0.084211
0.072273
0.080231
0.059523
0.065447
0.069408
0.064534
0.075481
0.074287
0.074914
0.075608
0.072252
0.058266
0.066917
0.071776
0.058738
0.063589
0.063565
0.062560
0.075141
0.070017
0.062975
0.091922
0.075386
0.082996
0.078400
0.078158
0.060855
0.066616
0.062365
0.062912
0.063147
0.069014
0.063136
0.064457
0.109862
0.059337
0.084678
0.068778
0.082588
0.069395
0.070805
0.085327
0.068638
0.062289
0.053797
0.069283
0.067643
0.082152
0.084493
0.080258
0.067842
0.064374
0.059121
0.061571
0.065098
0.074578
0.068750
0.067416
0.080055
0.075568
0.084131
0.068654
0.065114
0.064320
0.078001
0.064010
0.062544
0.066072
0.073247
0.061126
0.070657
0.068339
0.081355
0.073349
0.070649
0.075341
0.075487
0.073653
0.063520
0.078214
0.079382
0.071456
0.066988
0.080119
0.078631
0.064971
0.064591
0.074145
0.068901
0.074791
0.083522
0.062932
0.095668
0.065515
0.072200
0.072023
0.093462
0.070446
0.089465
0.068756
0.068990
0.078164
0.061782
0.089944
0.111595
0.067730
0.076683
0.070863
0.064596
0.067968
0.069993
0.067748
0.080167
0.062227
0.061558
0.065364
0.083590
0.076253
0.070224
0.066634
0.076079
0.064207
0.068037
0.080928
0.069236
0.078640
0.071414
0.074488
0.064525
0.062949
0.083614
0.075787
0.069596
0.060561
0.078715
0.069267
0.068228
0.066958
0.064490
0.067552
0.079663
0.061473
0.061932
0.061185
0.067651
0.060736
0.067482
0.057706
0.081515
0.062805
0.064663
0.069370
0.062588
0.054882
0.077317
0.075317
0.066134
0.061026
0.059099
0.064681
0.069134
0.056681
0.062635
0.070409
0.068820
0.073968
0.067910
0.057662
0.084164
0.059931
0.080229
0.064974
0.062915
0.059633
0.123858
0.069073
0.081567
0.063908
0.062089
0.059186
0.067896
0.054028
0.064812
0.076085
0.069258
0.065333
0.062826
0.052758
0.067271
0.056069
0.062272
0.057071
0.064110
0.065860
0.067933
0.080483
0.064837
0.067490
0.071093
0.072071
0.082624
0.066333
0.060369
0.063504
0.068670
0.074334
0.078284
