0.061011
0.063298
0.068838
0.062674
0.063297
0.060247
0.055147
0.069243
0.076600
0.064436
0.059065
0.048692
0.060931
0.074519
0.071454
0.060720
0.078695
0.073733
0.072166
0.064172
0.062300
0.057523
0.059045
0.055029
0.081523
0.072004
0.068692
0.071028
0.059842
0.056343
0.063355
0.066440
0.059066
0.066380
0.075511
0.057351
0.057298
0.070311
0.081339
0.066906
0.060710
0.063875
0.063368
0.062930
0.060920
0.056453
0.076072
0.083798
0.082735
0.066928
0.062064
0.066400
0.069950
0.072299
0.073812
0.075171
0.071215
0.083557
0.061919
0.066198
0.070263
0.078576
0.071615
0.076588
0.077494
0.080719
0.061632
0.076262
0.074386
0.070981
0.068574
0.082969
0.063221
0.067418
0.067044
0.059557
0.065477
0.066325
0.071702
0.067317
0.061338
0.068743
0.065320
0.081277
0.066471
0.061683
0.076372
0.063124
0.071989
0.057501
0.074112
0.091335
0.062581
0.064887
0.072323
0.068876
0.067668
0.073739
0.072996
0.083335
0.071218
0.065463
0.075963
0.070759
0.070278
0.064821
0.067610
0.066420
0.069386
0.065442
0.059795
0.064230
0.065676
0.066420
0.060776
0.069129
0.064622
0.069646
0.065727
0.067360
0.072057
0.071727
0.068918
0.085173
0.077110
0.071525
0.075960
0.061332
0.069456
0.060891
0.077509
0.076372
0.074473
0.088446
0.072673
0.084825
0.059939
0.106803
0.080785
0.097924
0.080322
0.085553
0.070064
0.082239
0.066372
0.105937
0.061427
0.065623
0.067964
0.070477
0.068420
0.069146
0.069833
0.066354
0.073959
0.084012
0.078524
0.069724
0.088145
0.077538
0.070013
0.067504
0.075702
0.069990
0.077025
0.070260
0.075868
0.069745
0.073595
0.073162
0.079751
0.094511
0.082702
0.061669
0.070419
0.063338
0.074875
0.067297
0.061758
0.067866
0.069818
0.069137
0.071685
0.067811
0.067010
0.068233
0.069300
0.075963
0.082744
0.077172
0.077297
0.066625
0.090345
0.065388
0.090230
0.068677
0.068559
0.067723
0.063314
0.083066
0.081021
0.073346
0.069465
0.069689
0.072914
0.069381
0.067591
0.062227
0.075437
0.080206
0.070552
0.077783
0.077118
0.075791
0.068307
0.065538
0.060901
0.072016
0.064699
0.071132
0.064262
0.067766
0.064990
0.065159
0.064443
0.069813
0.067527
0.075193
0.066879
0.080312
0.059602
0.055406
0.056067
0.063200
0.067862
0.056878
0.068756
0.063851
0.073268
0.067852
0.068131
0.058270
0.059968
0.066938
0.057612
0.057864
0.063067
0.064323
0.065248
0.067006
0.058106
0.056506
0.065864
0.083455
0.068195
0.062468
0.070301
0.070283
0.066470
0.073920
0.070953
0.067525
0.070024
0.061180
0.061509
0.069010
0.063185
0.059594
0.066529
0.069856
0.062669
0.067264
0.072076
0.100232
0.067492
0.067976
0.070110
0.062089
0.068172
0.081117
0.069038
0.075126
0.057111
0.059385
0.066380
0.061491
0.063558
0.064220
0.064008
0.064435
0.065309
0.065676
0.066210
0.071318
0.061728
0.062084
0.063835
0.077607
0.092826
0.063142
0.092648
0.066421
0.106470
0.070263
0.073295
0.066275
0.061520
0.088380
0.075587
0.092813
0.062673
0.096115
0.089268
0.071939
0.072472
0.069945
0.079880
0.072769
0.073593
0.074092
0.081742
0.060570
0.062510
0.066017
0.063195
0.070196
0.068756
0.082338
0.060728
0.068883
0.069232
0.083624
0.076615
0.069174
0.087453
0.080147
0.065202
0.062189
0.060585
0.073417
0.061637
0.068681
0.067796
0.065273
0.083668
0.066110
0.066450
0.070454
0.062897
0.072614
0.063916
0.066544
0.065369
0.066110
0.079157
0.072231
0.064520
0.069427
0.069193
0.072625
0.076270
0.074033
0.075500
0.095545
0.069002
0.083591
0.076225
0.073419
0.075840
0.074116
0.069821
0.070142
0.079910
0.087764
0.068956
0.067821
0.064365
0.101228
0.071748
0.068942
0.073427
0.084970
0.090357
0.064832
0.059344
0.070588
0.071445
0.071040
0.070777
0.079148
0.072344
0.067520
0.097158
0.072609
0.065744
0.065757
0.062476
0.062974
0.072705
0.060992
0.066503
0.089333
0.073837
0.061677
0.060323
0.065935
0.074001
0.064157
0.071300
0.074645
0.071808
0.069022
0.069100
0.066494
0.067842
0.067409
0.071312
0.068733
0.068969
0.077026
0.076135
0.072029
0.078361
0.063441
0.066615
0.093973
0.063601
0.068577
0.072028
0.062750
0.085415
0.082395
0.068257
0.075726
0.074318
0.072861
0.078643
0.080700
0.069530
0.072837
0.071905
0.068351
0.085630
0.080321
0.068949
0.064651
0.090449
0.072538
0.068654
0.067338
0.065772
0.066947
0.083447
0.063984
0.077290
0.072475
0.063866
0.064967
0.078244
0.066650
0.067105
0.068618
0.061765
0.069010
0.064280
0.064951
0.063204
0.071995
0.063363
0.071072
0.071662
0.065553
0.059343
0.079920
0.067944
0.057641
0.082015
0.063382
0.068867
0.065133
0.062960
0.073155
0.072774
0.080991
0.077961
0.070411
0.068285
0.069488
0.068206
0.069388
0.074639
0.061982
0.076444
0.071857
0.064014
0.063425
0.060394
0.077545
0.056895
0.071431
0.085401
0.073711
0.067046
0.058293
0.067356
0.078689
0.078048
0.080310
0.081482
0.069830
0.072679
0.077462
0.070326
0.066599
0.063076
0.070007
0.092074
0.064442
0.080020
0.076160
0.065385
0.066870
0.073537
0.074285
0.070423
0.068667
0.069610
0.069514
0.062554
0.107191
0.075929
0.072638
0.069079
0.075286
0.082432
0.080126
0.071339
0.062891
0.073291
0.072641
0.076817
0.073089
0.077514
0.071710
0.075343
0.070960
0.085803
0.065098
0.081448
0.068009
0.069235
0.064271
0.085869
0.065574
0.063416
0.062374
