0.048311
0.057674
0.081030
0.071867
0.072228
0.095409
0.076365
0.086423
0.075370
0.067691
0.069497
0.082389
0.072230
0.071613
0.060474
0.058914
0.070759
0.075866
0.078038
0.075624
0.070997
0.061831
0.073233
0.068471
0.079941
0.067378
0.066546
0.073163
0.062968
0.059495
0.058240
0.061991
0.065967
0.068624
0.063981
0.065696
0.082601
0.068853
0.072118
0.067874
0.064341
0.073288
0.078501
0.070129
0.062142
0.059425
0.060485
0.067434
0.072539
0.074506
0.075871
0.091148
0.073202
0.067955
0.063120
0.081531
0.066808
0.065283
0.063950
0.065821
0.075938
0.074668
0.069865
0.067743
0.068794
0.080110
0.073242
0.070374
0.070063
0.068381
0.112334
0.066818
0.073533
0.079620
0.079421
0.071977
0.069938
0.069683
0.077364
0.083943
0.073704
0.072880
0.070536
0.077551
0.071668
0.066764
0.070118
0.082996
0.065002
0.073969
0.071634
0.065521
0.075362
0.069781
0.082512
0.079804
0.073014
0.077820
0.067603
0.066890
0.076287
0.076699
0.071503
0.078779
0.079272
0.075590
0.073076
0.069812
0.074544
0.077067
0.072791
0.070421
0.075567
0.089948
0.072338
0.065935
0.072604
0.077074
0.076056
0.075443
0.062383
0.067492
0.072329
0.065635
0.063922
0.070331
0.085295
0.078841
0.069607
0.075015
0.067910
0.069131
0.076988
0.065989
0.070404
0.071847
0.073768
0.079714
0.070091
0.083328
0.147044
0.067702
0.065165
0.072576
0.062180
0.060920
0.079128
0.081433
0.074741
0.069090
0.070451
0.062678
0.065439
0.071879
0.079201
0.086583
0.062224
0.065239
0.082545
0.074775
0.087310
0.063845
0.060424
0.059369
0.087164
0.070765
0.066638
0.079045
0.078823
0.069978
0.069676
0.069822
0.080992
0.079919
0.080357
0.086342
0.070468
0.069448
0.077697
0.072994
0.069969
0.071827
0.087198
0.079008
0.082651
0.078644
0.056308
0.060274
0.075902
0.075683
0.074529
0.077868
0.065510
0.070701
0.077153
0.063517
0.089470
0.064689
0.078056
0.058870
0.079590
0.061832
0.072796
0.072911
0.080535
0.061633
0.056922
0.053563
0.060131
0.058472
0.127453
0.065490
0.065177
0.063613
0.083692
0.065448
0.062198
0.067062
0.068981
0.085401
0.076523
0.070533
0.072031
0.075331
0.065109
0.084906
0.085963
0.073691
0.072957
0.069063
0.062889
0.051515
0.062320
0.063976
0.083024
0.067493
0.072411
0.078390
0.086015
0.068740
0.073971
0.064810
0.056509
0.067458
0.057991
0.056023
0.074862
0.058935
0.081896
0.069776
0.063378
0.055245
0.078930
0.082902
0.068970
0.067942
0.065436
0.081874
0.066742
0.055991
0.065201
0.075530
0.078837
0.069186
0.070924
0.066210
0.068759
0.082629
0.070888
0.068056
0.068041
0.075539
0.081966
0.083128
0.067030
0.080158
0.072029
0.066465
0.079933
0.064379
0.110735
0.079108
0.077230
0.080621
0.074905
0.073617
0.067757
0.069062
0.057077
0.060992
0.069957
0.061451
0.062346
0.062788
0.073592
0.085675
0.062741
0.063380
0.069390
0.079651
0.072188
0.071350
0.067996
0.076244
0.063461
0.068826
0.067465
0.067884
0.074412
0.070627
0.071603
0.063329
0.067364
0.073181
0.075656
0.093623
0.062206
0.067915
0.065730
0.075978
0.074419
0.081679
0.077796
0.080965
0.076350
0.063029
0.077464
0.069338
0.080755
0.063775
0.069854
0.062387
0.085048
0.081056
0.073919
0.082494
0.075581
0.067312
0.069548
0.060370
0.071756
0.068928
0.077703
0.081574
0.065906
0.080158
0.065268
0.075359
0.066341
0.076417
0.130455
0.065246
0.082210
0.069264
0.081093
0.064436
0.061424
0.065899
0.063137
0.078793
0.075337
0.069162
0.068790
0.069077
0.069510
0.062543
0.071278
0.067447
0.077347
0.080079
0.078707
0.074196
0.070912
0.068881
0.072500
0.074023
0.084505
0.064669
0.059116
0.061809
0.068170
0.073211
0.070225
0.067399
0.070438
0.084835
0.077132
0.079512
0.070803
0.075460
0.085840
0.072293
0.070711
0.083378
0.065087
0.062508
0.079136
0.090193
0.062621
0.072281
0.082685
0.065942
0.084350
0.075759
0.073155
0.080425
0.064988
0.060252
0.081369
0.076878
0.087784
0.068935
0.063826
0.082415
0.079710
0.072653
0.073401
0.054521
0.063811
0.064962
0.069820
0.075113
0.072792
0.081484
0.081088
0.059877
0.083107
0.081641
0.073951
0.078235
0.064204
0.066565
0.074980
0.063607
0.091486
0.074374
0.076130
0.068556
0.065450
0.059537
0.061919
0.064052
0.054158
0.066140
0.068826
0.065133
0.055319
0.059842
0.086316
0.075178
0.060773
0.065844
0.069080
0.068273
0.067270
0.057151
0.057952
0.076922
0.077449
0.087196
0.097596
0.080204
0.060264
0.110013
0.063105
0.116626
0.054936
0.099867
0.061622
0.078355
0.104575
0.085720
0.109945
0.078063
0.086656
0.058464
0.085312
0.061484
0.087102
0.078091
0.098548
0.082701
0.087563
0.087216
0.085027
0.079126
0.083054
0.064535
0.066650
0.074087
0.078172
0.065297
0.069873
0.066741
0.061769
0.058642
0.062538
0.067122
0.070457
0.086223
0.074793
0.088850
0.089692
0.072971
0.071309
0.084833
0.072070
0.079298
0.077384
0.080498
0.095819
0.080210
0.078888
0.074982
0.076235
0.061603
0.088975
0.068305
0.068552
0.064670
0.076576
0.064710
0.080434
0.071056
0.068745
0.068664
0.080962
0.078693
0.069933
0.082952
0.068994
0.074636
0.064412
0.065189
0.089062
0.060579
0.065751
0.073391
0.066640
0.079615
0.072680
0.082396
0.077982
0.077639
0.080238
0.103115
0.070855
0.107131
0.081293
0.070636
0.113315
0.065678
0.072558
0.075063
0.076474
0.075132
0.078406
0.072290
0.069189
0.080104
0.074718
0.073393
0.118520
0.094189
0.087543
0.066330
0.063421
0.084484
0.103559
0.065727
0.073126
0.066812
0.079913
0.062084
0.069266
0.084055
0.074443
0.065790
0.069661
0.070314
0.070015
0.062786
0.063834
0.067224
0.064059
0.080676
0.083941
0.087655
0.078268
0.078987
0.075750
0.074175
0.086894
0.069068
0.081683
0.078319
0.063777
0.075306
0.067649
0.069414
0.082903
0.081927
0.079242
0.073409
0.065220
0.080080
0.079783
0.074220
0.067085
0.071701
0.069783
0.080369
0.076638
0.070982
0.064922
0.066489
0.077274
0.065984
0.079910
0.094981
0.078466
0.107550
0.063643
0.098283
0.074631
0.112822
0.063997
0.093099
0.071923
0.105818
0.084004
0.106049
0.074905
0.114272
0.070701
0.109611
0.077887
0.106676
0.077543
0.099869
0.087151
0.105545
0.065420
0.104947
0.082697
0.101847
0.080575
0.110479
0.079892
0.105326
0.065990
0.103774
0.080039
0.113333
0.086919
0.084608
0.087566
0.081315
0.064451
0.095559
0.078964
0.067274
0.073475
0.076328
0.099837
0.068898
0.104464
0.079756
0.117969
0.074960
0.094354
0.068850
0.101630
0.081787
0.075455
0.102084
0.066516
0.104442
0.070984
0.088611
0.074234
0.075662
0.069206
0.108758
0.082119
0.079963
0.096770
0.077223
0.086412
0.068074
0.109018
0.062910
0.079778
0.103781
0.066474
0.111927
0.063221
0.088638
0.101496
0.073550
0.115806
0.067348
0.105095
0.067180
0.072993
0.086124
0.074215
0.103951
0.067551
0.103390
0.063863
0.072287
0.074605
0.066099
0.070463
0.083673
0.088696
0.076042
0.090626
0.085474
0.120611
0.066881
0.084349
0.074063
0.081436
0.065234
0.069290
0.070832
0.075443
0.066214
0.104432
0.063620
0.084027
0.108349
0.064611
0.078367
0.089204
0.068079
0.073446
0.068479
0.114260
0.069972
0.067448
0.081175
0.077989
0.080788
0.066461
0.071249
0.073986
0.096869
0.070831
0.066341
0.067649
0.106414
0.075590
0.070673
0.107130
0.066367
0.091325
0.082281
0.126916
0.070480
0.076075
0.067054
0.076547
0.069672
0.076779
0.068755
0.067178
0.065468
0.058461
0.079776
0.085859
0.072331
0.076409
0.078615
0.076083
0.069088
0.070521
0.110061
0.071623
0.086694
0.118298
0.078395
0.094337
0.082732
0.092487
0.071142
0.089885
0.079116
0.095066
0.069272
0.074723
0.077276
0.076629
0.068192
0.069040
0.066963
0.074224
0.065078
0.114161
0.077399
0.067749
0.081171
0.102581
0.069607
0.069706
0.058352
0.066974
0.086360
0.068043
0.063987
0.068487
0.058771
0.065641
0.063765
0.058806
0.073174
0.074760
0.072501
0.089340
0.065560
0.068976
0.072760
0.063965
0.063019
0.075155
0.073456
0.080792
0.070204
0.066980
0.070526
0.081238
0.074407
0.084614
0.087811
0.073350
0.070273
0.055873
0.068468
0.063870
0.081815
0.057396
0.081020
0.071929
0.062878
0.073694
0.067368
0.062586
0.062177
0.067265
0.061591
0.062859
0.065114
0.061446
0.061152
0.078427
0.071984
0.065124
0.071492
0.071628
0.072549
0.056726
0.084649
0.074014
0.071345
0.070992
0.086781
0.078765
0.073852
0.061101
0.062711
0.067196
0.074322
0.071441
0.071933
0.078230
0.060680
0.067121
0.064082
0.064797
0.066847
0.065379
0.062869
0.066974
0.064338
0.064579
0.079669
0.078927
0.071513
0.071899
0.070515
0.074899
0.068263
0.070205
0.073570
0.076402
0.080336
0.082169
0.070672
0.080958
0.078149
0.078239
0.072976
0.072873
0.070472
0.078507
0.076550
0.070333
0.075558
0.075775
0.064515
0.066795
0.065049
0.069473
0.080079
0.078851
0.085005
0.080920
0.081996
0.074013
0.069008
0.073185
0.077685
0.065694
0.081682
0.069542
0.076230
0.072035
0.072059
0.090264
0.086371
0.057520
0.069050
0.069113
0.072009
0.073919
0.066748
0.061843
0.060791
0.060080
0.081684
0.061429
0.062924
0.077054
0.069830
0.068152
0.068398
0.071949
0.065490
0.084873
0.077548
0.067581
0.065853
0.073501
0.071229
0.068012
0.066673
0.074717
0.065903
0.079203
0.070563
0.066479
0.064954
0.060108
0.065603
0.084417
0.082715
0.065601
0.066501
0.069219
0.074229
0.084091
0.115527
0.065876
0.074439
0.069102
0.066959
0.067779
0.079776
0.068192
0.071299
0.103682
0.064867
0.107865
0.072207
0.111257
0.075895
0.110589
0.080804
0.101413
0.072550
0.103066
0.069228
0.094077
0.060288
0.129557
0.067173
0.099859
0.077726
0.105279
0.068005
0.097536
0.067438
0.067981
0.065726
0.064521
0.085451
0.073988
0.089035
0.077198
0.105132
0.077263
0.103305
0.066907
0.087695
0.087519
0.120273
0.069211
0.126065
0.080590
0.066622
0.107541
0.073825
0.104707
0.086302
0.100339
0.093632
0.123296
0.069433
0.094935
0.063131
0.098008
0.072180
0.099197
0.079591
0.083551
0.073343
0.084000
0.070437
0.066074
0.082264
0.068533
0.098530
0.080219
0.107226
0.077240
0.108151
0.076147
0.066163
0.072351
0.068372
0.070972
0.071752
0.070021
0.065891
0.100676
0.074326
0.090584
0.113913
0.070055
0.083570
0.074661
0.109084
0.076545
0.094962
0.065306
0.077349
0.086205
0.084888
0.086392
0.063553
0.080314
0.064242
0.062686
0.063273
0.062910
0.063085
0.059687
0.073583
0.059245
0.087606
0.065998
