0.040449
0.087327
0.072708
0.081668
0.077778
0.083530
0.100930
0.083828
0.079995
0.079711
0.091306
0.068286
0.080817
0.087033
0.084211
0.082754
0.085537
0.093668
0.082096
0.097852
0.096983
0.080801
0.099948
0.083650
0.077080
0.092561
0.103235
0.097890
0.082869
0.078240
0.088460
0.091486
0.088846
0.088839
0.085832
0.078000
0.105408
0.096677
0.111443
0.096292
0.088886
0.095260
0.094503
0.083769
0.104900
0.115002
0.084433
0.091175
0.089346
0.094789
0.089120
0.090911
0.099700
0.102465
0.099724
0.102709
0.105339
0.093638
0.096198
0.084314
0.083227
0.093071
0.097797
0.094096
0.098404
0.088281
0.096169
0.087129
0.083378
0.100617
0.126050
0.087278
0.092063
0.081020
0.086739
0.078994
0.084881
0.099800
0.077287
0.081371
0.103442
0.105941
0.075944
0.084028
0.116675
0.094296
0.091422
0.096665
0.088089
0.087389
0.084090
0.097659
0.085816
0.085032
0.095922
0.101610
0.093635
0.075608
0.090686
0.083456
0.087579
0.079612
0.079998
0.092286
0.073824
0.077705
0.079088
0.076079
0.076894
0.083571
0.083293
0.097387
0.074650
0.081006
0.085890
0.085536
0.093646
0.087895
0.076765
0.080746
0.080578
0.082967
0.080369
0.073704
0.072293
0.091341
0.081709
0.075990
0.073164
0.070052
0.081530
0.091369
0.072318
0.076402
0.080980
0.101060
0.080747
0.080562
0.085486
0.097299
0.122011
0.078828
0.083565
0.087672
0.079971
0.071739
0.070681
0.074263
0.066652
0.076090
0.072921
0.083947
0.072222
0.079582
0.071009
0.085263
0.070054
0.077467
0.075277
0.074890
0.082782
0.084533
0.080453
0.095274
0.072406
0.079679
0.077244
0.076116
0.074955
0.073050
0.079232
0.075649
0.082886
0.086154
0.076031
0.071536
0.069534
0.058826
0.069388
0.080765
0.071111
0.090652
0.082223
0.068337
0.077685
0.089628
0.064882
0.074984
0.070740
0.063172
0.067595
0.060297
0.061489
0.075281
0.069853
0.064161
0.067844
0.072087
0.079168
0.070214
0.061650
0.073547
0.075527
0.079684
0.083569
0.082471
0.068347
0.070091
0.058892
0.059388
0.116364
0.064794
0.067679
0.070723
0.066367
0.057450
0.070696
0.078354
0.077436
0.070116
0.065718
0.057386
0.067912
0.071167
0.064203
0.062371
0.061090
0.066231
0.064710
0.071009
0.071097
0.059642
0.066856
0.066538
0.072877
0.079365
0.065798
0.063234
0.063681
0.064636
0.069459
0.072171
0.083609
0.079374
0.066892
0.073662
0.065217
0.080108
0.082627
0.078940
0.072651
0.079852
0.077250
0.076082
0.072716
0.083119
0.061557
0.075324
0.081241
0.089575
0.073144
0.073767
0.073850
0.070145
0.076084
0.071527
0.065100
0.079398
0.079282
0.072728
0.066804
0.075580
0.061873
0.078168
0.076850
0.070602
0.060829
0.087008
0.078462
0.071500
0.121195
0.086277
0.071653
0.063150
0.075008
0.071488
0.068053
0.067076
0.064818
0.073691
0.083417
0.066490
0.075753
0.086280
0.076172
0.063064
0.066386
0.079145
0.076325
0.066956
0.063871
0.067508
0.074573
0.058176
0.056467
0.060718
0.070806
0.065794
0.064016
0.073014
0.061487
0.063221
0.069694
0.074555
0.053244
0.063025
0.069677
0.067946
0.065354
0.076281
0.061177
0.082583
0.069955
0.074813
0.064278
0.079662
0.064719
0.061831
0.077900
0.070453
0.071465
0.068768
0.052736
0.064054
0.079316
0.074701
0.081131
0.069450
0.070317
0.080720
0.066982
0.063605
0.074339
0.073972
0.063082
0.073405
0.064215
0.081030
0.069147
0.070663
0.115905
0.069962
0.078844
0.078771
0.081467
0.073091
0.062922
0.054440
0.066102
0.071475
0.071053
0.063380
0.085025
0.060324
0.075242
0.064491
0.060242
0.074651
0.070773
0.079822
0.070475
0.063820
0.070208
0.080422
0.062804
0.066686
0.068866
0.077258
0.077838
0.060745
0.067685
0.067964
0.059982
0.087163
0.063820
0.068057
0.078437
0.076088
0.066846
0.068069
0.078294
0.065456
0.077229
0.086217
0.073299
0.066316
0.071877
0.081702
0.071723
0.073018
0.073319
0.062623
0.072395
0.068449
0.083355
0.094348
0.066470
0.077792
0.075475
0.072837
0.069911
0.065591
0.089676
0.085874
0.068580
0.075567
0.062708
0.063344
0.066204
0.062163
0.102365
0.076255
0.064833
0.060994
0.074684
0.064115
0.055083
0.067687
0.080584
0.063010
0.073453
0.069446
0.073649
0.054103
0.073388
0.074159
0.069918
0.086049
0.072321
0.063313
0.076820
0.071634
0.078504
0.083643
0.068189
0.065830
0.081129
0.078961
0.087680
0.071667
0.083215
0.074332
0.066072
0.061224
0.088552
0.068400
0.087847
0.085490
0.069815
0.075085
0.069109
0.065158
0.061223
0.087880
0.073217
0.075492
0.066153
0.065482
0.073529
0.071801
0.077896
0.073950
0.074305
0.069757
0.069127
0.080832
0.064540
0.080655
0.079505
0.069107
0.063893
0.069112
0.068725
0.064779
0.086026
0.076488
0.076614
0.071327
0.072936
0.078327
0.126378
0.080712
0.073762
0.063085
0.087300
0.079228
0.079120
0.080785
0.066199
0.088105
0.069870
0.083238
0.088872
0.070643
0.080118
0.077444
0.076856
0.082622
0.066526
0.069545
0.069628
0.076195
0.074338
0.077929
0.073846
0.071521
0.074209
0.086899
0.091929
0.069710
0.091482
0.093501
0.071282
0.087630
0.089060
0.100144
0.080752
0.084066
0.085841
0.093029
0.081386
0.084479
0.069592
0.072093
0.076016
0.073328
0.077837
0.071653
0.078715
0.080709
0.079481
0.084288
0.087010
0.075132
0.073720
0.101465
0.072346
0.086295
0.078158
0.087438
0.085736
0.088145
0.082726
0.105542
0.103013
0.094737
0.078395
0.103925
0.088562
0.103863
0.141195
0.077388
0.088292
0.094063
0.087217
0.095595
0.093560
0.082947
0.088788
0.092652
0.084329
0.090300
0.090882
0.084881
0.104023
0.107578
0.102987
0.083033
0.086111
0.095213
0.101785
0.085031
0.096978
0.087159
0.099059
0.096951
0.117369
0.114602
0.105304
0.098175
0.109973
0.111058
0.093883
0.094163
0.119971
0.093589
0.089475
0.114631
0.101426
0.146668
0.109450
0.107105
0.097646
0.098948
0.117870
0.111667
0.092778
0.108019
0.112698
0.091372
0.106458
0.107363
0.094787
0.111228
0.106329
0.111476
0.109516
0.098137
0.107262
0.107021
0.102180
0.103319
0.104088
0.104329
0.093276
0.111268
0.104310
0.103649
0.098694
0.098289
0.148278
0.108918
0.105741
0.106934
0.098581
0.087764
0.100533
0.101502
0.104821
0.094117
0.092967
0.092217
0.093675
0.111245
0.099259
0.095260
0.110022
0.099345
0.121315
0.089980
0.102487
0.102513
0.097642
0.111460
0.103043
0.092926
0.104275
0.111533
0.104336
0.094562
0.108821
0.114312
0.110108
0.112267
0.112147
0.099185
0.109637
0.092249
0.101479
0.096502
0.093584
0.117773
0.091947
0.108840
0.092501
0.093825
0.108679
0.103381
0.085442
0.118029
0.084681
0.092521
0.092907
0.093561
0.090565
0.105341
0.091518
0.086389
0.088155
0.089774
0.092089
0.087492
0.089633
0.104907
0.103810
0.094944
0.095281
0.110220
0.096202
0.082469
0.124545
0.084123
0.084096
0.088214
0.082216
0.095716
0.087024
0.078246
0.092955
0.080361
0.090232
0.073424
0.075459
0.096264
0.082777
0.091235
0.106957
0.069815
0.075380
0.079338
0.074202
0.069513
0.072011
0.079998
0.084613
0.077653
0.071466
0.075139
0.083147
0.067014
0.076234
0.074281
0.067079
0.077200
0.093209
0.077015
0.089121
0.071840
0.072409
0.083358
0.073183
0.088174
0.069422
0.096086
0.074076
0.083195
0.076050
0.074250
0.083368
0.066542
0.077700
0.069739
0.068758
0.070379
0.079325
0.088339
0.079879
0.072862
0.091881
0.086542
0.074992
0.089240
0.078185
0.072709
0.074466
0.082839
0.080605
0.070204
0.067444
0.078393
0.137465
0.077082
0.082805
0.086797
0.075880
0.098271
0.078127
0.088053
0.085828
0.064857
0.063421
0.062106
0.075523
0.063614
0.071414
0.069970
0.080607
0.070313
0.072519
0.065598
0.079207
0.075505
0.065664
0.086443
0.063263
0.075905
0.074625
0.075051
0.075558
0.079483
0.079221
0.070327
0.075218
0.089756
0.075859
0.084197
0.068407
0.072076
0.087651
0.081476
0.064352
0.067421
0.071353
0.069541
0.065169
0.070928
0.070585
0.080568
0.067621
0.087946
0.067368
0.074061
0.079994
0.088062
0.061324
0.064287
0.076760
0.064765
0.073869
0.072360
0.080748
0.079602
0.070410
0.085175
0.081279
0.074837
0.073417
0.083239
0.089015
0.074393
0.126466
0.058008
0.062579
0.074286
0.068153
0.074113
0.080807
0.064585
0.075456
0.090086
0.071040
0.080850
0.066658
0.068840
0.064573
0.067696
0.076306
0.069113
0.072819
0.071401
0.067076
0.073917
0.069005
0.073078
0.077853
0.070261
0.065915
0.077503
0.078289
0.072416
0.074980
0.067189
0.073133
0.076654
0.076989
0.084007
0.060690
0.068268
0.076552
0.075931
0.072498
0.077572
0.070476
0.074080
0.074832
0.080127
0.062113
0.081774
0.069419
0.066824
0.062421
0.082650
0.072612
0.077406
0.061996
0.070414
0.069451
0.078078
0.075744
0.059732
0.071629
0.071514
0.067904
0.070454
0.072952
0.064179
0.075774
0.083642
0.065779
0.065066
0.123191
0.068134
0.062150
0.066068
0.060796
0.068996
0.071013
0.072736
0.060277
0.069588
0.068977
0.068733
0.078156
0.061262
0.082165
0.057853
0.064908
0.062938
0.080100
0.057911
0.066566
0.070005
0.057107
0.070750
0.065587
0.080131
0.080641
0.066260
0.064955
0.078636
0.077003
0.069428
0.077034
0.068691
0.066045
0.067184
0.075542
0.067875
0.066155
0.056407
0.071903
0.067644
0.071006
0.076341
0.065931
0.068420
0.068079
0.084607
0.064773
0.075958
0.086681
0.063096
0.075436
0.073098
0.082872
0.082730
0.068121
0.067014
0.069383
0.063368
0.070324
0.072545
0.067160
0.072681
0.076259
0.081942
0.063802
0.072814
0.078897
0.079499
0.130072
0.069354
0.076020
0.066364
0.066592
0.079284
0.082490
0.068653
0.088318
0.058781
0.070084
0.069917
0.064008
0.081412
0.076829
0.058545
0.065000
0.076214
0.068245
0.076158
0.056706
0.064804
0.061548
0.064395
0.072867
0.065370
0.085175
0.089436
0.073605
0.069168
0.060441
0.060997
0.070014
0.066961
0.076655
0.054291
0.072918
0.070677
0.066564
0.079618
0.068009
0.067364
0.058512
0.068836
0.076936
0.082163
0.060266
0.063113
0.073440
0.066188
0.076886
0.082373
0.073125
0.071569
0.069494
0.070718
0.073235
0.072357
0.067417
0.071620
0.069277
0.075395
0.074276
0.062777
0.064736
0.077038
0.081537
0.068482
0.065204
0.061693
0.102670
0.067307
0.071838
0.065273
0.066879
0.073337
0.071554
0.087771
0.078739
0.077711
0.076500
0.085898
0.077587
0.074530
0.070381
0.078980
0.080313
0.070329
0.063177
0.086262
0.082432
0.068170
0.071640
0.073521
0.068900
0.082821
0.083466
0.089598
0.083007
0.074178
0.071991
0.067832
0.068009
0.087565
0.097460
0.072531
0.085547
0.070264
0.072362
0.088838
0.081471
0.066778
0.075809
0.070296
0.065100
0.065048
0.076018
0.074573
0.078411
0.061507
0.073590
0.080523
0.077478
0.088758
0.070809
0.068487
0.071669
0.086479
0.091939
0.093968
0.071975
0.086130
0.082747
0.078691
0.070426
0.065975
0.072138
0.094516
0.096340
0.081909
0.148619
0.082155
0.071195
0.076965
0.083323
0.077009
0.082304
0.091111
0.083664
0.078339
