0.048094
0.065901
0.075966
0.062653
0.050842
0.056407
0.066128
0.052816
0.049547
0.070460
0.070153
0.066250
0.081854
0.069593
0.071273
0.076160
0.066144
0.063797
0.074124
0.067315
0.062475
0.084369
0.069961
0.075247
0.069971
0.075331
0.064635
0.078975
0.071376
0.069939
0.062896
0.067905
0.081545
0.072762
0.072685
0.073923
0.078429
0.070809
0.075561
0.081313
0.080384
0.065655
0.070934
0.083230
0.065804
0.081761
0.067294
0.068538
0.067303
0.062146
0.059012
0.056682
0.066404
0.070968
0.067168
0.067520
0.081363
0.065343
0.065333
0.070497
0.073149
0.072453
0.079618
0.076450
0.073762
0.091378
0.071345
0.071341
0.083968
0.065689
0.065032
0.065589
0.061535
0.075996
0.086658
0.058775
0.081952
0.069445
0.063016
0.077708
0.065773
0.077150
0.068467
0.083348
0.069790
0.066700
0.073666
0.069263
0.075541
0.078594
0.077153
0.078309
0.069560
0.074415
0.086058
0.067047
0.068019
0.067982
0.064915
0.079515
0.068735
0.080494
0.068070
0.069988
0.077346
0.074858
0.076834
0.068392
0.074275
0.074675
0.063335
0.064898
0.079702
0.080395
0.074563
0.070892
0.069300
0.071018
0.073647
0.064031
0.070727
0.077988
0.080335
0.079596
0.072826
0.064387
0.074502
0.073875
0.076987
0.070551
0.068537
0.078148
0.070480
0.062569
0.070623
0.060259
0.066396
0.066611
0.070185
0.066764
0.078801
0.057981
0.066644
0.086871
0.058984
0.060457
0.070018
0.084429
0.067543
0.071441
0.066588
0.069276
0.078325
0.068891
0.073617
0.086608
0.071429
0.076172
0.063108
0.068752
0.074410
0.076937
0.070834
0.078274
0.064283
0.089427
0.086828
0.068664
0.068379
0.088757
0.081133
0.074090
0.069680
0.084700
0.072358
0.070075
0.063577
0.086594
0.064855
0.062148
0.065007
0.064575
0.069378
0.070956
0.075213
0.067603
0.081565
0.071338
0.064218
0.069730
0.063216
0.061484
0.068051
0.064465
0.085955
0.072989
0.068427
0.068618
0.078326
0.070276
0.075288
0.080844
0.071429
0.068170
0.077965
0.072098
0.063800
0.065350
0.064925
0.077937
0.082481
0.066127
0.070660
0.073122
0.067167
0.064368
0.067636
0.082567
0.063508
0.070768
0.086099
0.075851
0.078275
0.082173
0.094938
0.074813
0.083104
0.065403
0.067743
0.067944
0.071497
0.067040
0.083765
0.079869
0.067371
0.070710
0.086129
0.069850
0.070601
0.074671
0.071584
0.072815
0.075653
0.073237
0.072423
0.071347
0.062624
0.070276
0.066687
0.071509
0.066534
0.064195
0.081671
0.071798
0.071361
0.079331
0.069705
0.068297
0.075296
0.069227
0.070400
0.074175
0.082289
0.084899
0.081222
0.074569
0.077116
0.063137
0.064116
0.070934
0.067624
0.072228
0.074940
0.065938
0.067162
0.082440
0.074050
0.072242
0.068075
0.085329
0.061683
0.073965
