0.054979
0.065407
0.063493
0.092440
0.070222
0.074671
0.078473
0.073519
0.060846
0.064206
0.065167
0.056663
0.065168
0.066030
0.062932
0.060646
0.070920
0.067871
0.085080
0.086896
0.067362
0.078868
0.059480
0.062030
0.078974
0.078779
0.067320
0.060843
0.083440
0.086647
0.073627
0.077371
0.061044
0.064102
0.067058
0.073447
0.073552
0.068029
0.064894
0.079856
0.081101
0.072139
0.074275
0.075449
0.073188
0.072125
0.065059
0.064831
0.064723
0.072978
0.064886
0.058791
0.078272
0.064478
0.062937
0.063450
0.069654
0.069857
0.068037
0.064099
0.070756
0.069740
0.084336
0.074686
0.068083
0.070921
0.071618
0.062032
0.067857
0.066405
0.070634
0.067195
0.081638
0.059484
0.059928
0.069124
0.071035
0.073148
0.074412
0.066504
0.069398
0.080625
0.069643
0.064327
0.070537
0.071081
0.068508
0.081041
0.076342
0.079541
0.071894
0.075668
0.065015
0.072191
0.065632
0.076929
0.071276
0.068830
0.063539
0.071975
0.078646
0.073691
0.071235
0.063692
0.066155
0.060569
0.071837
0.073978
0.073851
0.070343
0.147801
0.079975
0.080082
0.077617
0.077195
0.069974
0.064559
0.060917
0.062148
0.077401
0.067607
0.069411
0.062468
0.067584
0.057749
0.085996
0.074977
0.073318
0.083881
0.076935
0.075840
0.066758
0.080328
0.079251
0.080724
0.067987
0.069216
0.060520
0.069185
0.064973
0.071099
0.070378
0.074879
0.080962
0.070503
0.063867
0.079215
0.067936
