0.047377
0.071870
0.064041
0.063525
0.069548
0.063808
0.058808
0.064814
0.067037
0.080159
0.057229
0.055403
0.063943
0.077209
0.085863
0.064452
0.068425
0.075231
0.077169
0.071416
0.074264
0.068141
0.076347
0.071595
0.077370
0.070157
0.069005
0.068972
0.083683
0.075530
0.070773
0.073849
0.073377
0.066468
0.070606
0.080226
0.075397
0.068332
0.077967
0.062078
0.081912
0.069888
0.081593
0.071689
0.068437
0.067446
0.073635
0.072871
0.071954
0.070185
0.065248
0.075197
0.062268
0.074399
0.081311
0.076845
0.076536
0.075686
0.071817
0.078196
0.077771
0.064018
0.071836
0.061781
0.066605
0.081284
0.060432
0.069096
0.075917
0.060212
0.076755
0.084779
0.070226
0.082104
0.078892
0.074461
0.075758
0.083045
0.065586
0.094317
0.074735
0.093398
0.065306
0.068343
0.074220
0.068992
0.072181
0.076232
0.070692
0.083637
0.074025
0.080378
0.069130
0.076512
0.077991
0.064775
0.058143
0.081737
0.067110
0.082059
0.063767
0.078421
0.073751
0.072687
0.077770
0.075331
0.073946
0.089096
0.072052
0.072423
0.069261
0.073548
0.080736
0.072396
0.072598
0.068336
0.078532
0.068688
0.066766
0.073242
0.069707
0.076313
0.065569
0.068033
0.074885
0.065634
0.083774
0.076104
0.071728
0.075722
0.073991
0.069445
0.062522
0.083953
0.064368
0.064510
0.068300
0.119459
0.082220
0.078830
0.074671
0.072423
0.064096
0.067083
0.069096
0.073119
0.073063
0.077878
0.076000
0.078084
0.069509
0.067397
0.069988
0.070320
0.089079
0.066001
0.065796
0.063536
0.068867
0.073940
0.066153
0.070460
0.065763
0.068255
0.066220
0.072807
0.078688
0.078177
0.069668
0.064741
0.064348
0.063478
0.059838
0.081718
0.070322
0.078683
0.062298
0.085672
0.072653
0.076908
0.071645
0.069478
0.069429
0.068675
0.066070
0.066278
0.064283
0.075752
0.063488
0.070715
0.065914
0.065121
0.063337
0.057462
0.056156
0.075583
0.058148
0.070449
0.071583
0.083773
0.076774
0.082161
0.082944
0.081798
0.067204
0.086109
0.079690
0.113235
0.059398
0.058993
0.080453
0.072857
0.062247
0.060961
0.061622
0.069591
0.080244
0.062604
0.082734
0.076253
0.075167
0.066652
0.084752
0.064231
0.070559
0.067227
0.060204
0.061517
0.089320
0.059431
0.062856
0.061315
0.073704
0.066148
0.066118
0.064077
0.069148
0.064430
0.058859
0.070077
0.060035
0.070675
0.077332
0.075021
0.081598
0.070205
0.066019
0.064021
0.079246
0.073965
0.064010
0.083381
0.075778
0.073398
0.071769
0.073236
0.085093
0.063861
0.063928
0.066084
0.082254
0.064691
0.063110
0.066128
0.063696
0.080101
0.072305
0.085940
0.087492
0.083481
0.064536
0.059401
0.086204
0.056819
0.080916
0.066086
0.074970
0.143328
0.070385
0.071005
0.075116
0.067456
0.073553
0.072370
0.080592
0.070169
0.073254
0.084313
0.070920
0.076025
0.062159
0.064771
0.083387
0.082535
0.069317
0.066798
0.069503
0.064763
0.074965
0.062957
0.068633
0.073748
0.076486
0.074605
0.070877
0.075693
0.084320
0.067520
0.083576
0.071498
0.066010
0.065065
0.061969
0.073774
0.074240
0.076006
0.077749
0.074786
0.075513
0.063828
0.076833
0.069235
0.080498
0.076638
0.070993
0.074086
0.067159
0.064272
0.071925
0.060876
0.079760
0.074457
0.070332
0.062798
0.064952
0.064265
0.072121
0.087252
0.083054
0.063181
0.086811
0.069544
0.061123
0.068624
0.061631
0.066149
0.080407
0.068434
0.070286
0.064561
0.084499
0.072806
0.065983
0.090338
0.074313
0.068148
0.066731
0.095312
0.063215
0.059728
0.084670
0.086471
0.064703
0.081152
0.059591
0.059325
0.060008
0.070751
0.081797
0.063506
0.063698
0.084116
0.065337
0.062805
0.066310
0.065155
0.060765
0.066359
0.065796
0.059695
0.077105
0.081499
0.063059
0.060663
0.066592
0.064605
0.065077
0.068958
0.073137
0.071301
0.080702
0.060727
0.061175
0.069912
0.066645
0.065826
0.064483
0.070346
0.065088
0.063169
0.061959
0.073738
0.062215
0.065930
0.087974
0.080554
0.084301
0.079529
0.079176
0.059565
0.062334
0.065306
0.067933
0.060410
0.075783
0.067415
0.068530
0.061836
0.073769
0.070779
0.074922
0.067422
0.072565
0.067999
0.064907
0.076565
0.081168
0.069906
0.075043
0.072831
0.079007
0.086083
0.074636
0.063030
0.080263
0.074202
0.074289
0.078234
0.070995
0.063946
0.061454
0.064716
0.066735
0.073479
0.077334
0.072731
0.067593
0.064677
0.073974
0.094123
0.075662
0.086314
0.082017
0.076381
0.078088
0.073874
0.075640
0.079065
0.074244
0.085311
0.076116
0.065864
0.067608
0.065217
0.064454
0.079178
0.065864
0.068291
0.084757
0.078788
0.068738
0.086234
0.080956
0.068559
0.075027
0.065242
0.070220
0.069307
0.086989
0.074548
0.073524
0.072120
0.066921
0.076585
0.070814
0.077601
0.071211
0.067553
0.077725
0.089699
0.069859
0.072915
0.068642
0.056582
0.060304
0.064803
0.065761
0.064138
0.077147
0.069352
0.068085
0.069870
0.070908
0.059878
0.074788
0.075173
0.061134
0.076815
0.072742
0.080455
0.057121
0.073663
0.068944
0.076983
0.072841
0.097308
0.066586
0.062027
0.060276
0.068282
0.086171
0.088546
0.082467
0.074473
0.075755
0.071538
0.073658
0.069257
0.066406
0.064248
0.084744
0.057662
0.062221
0.060068
0.066709
0.065654
0.074345
0.068150
0.072519
0.078207
0.076706
0.069112
0.073342
0.066398
0.067618
0.073490
0.071408
0.074819
0.076117
0.062073
0.062920
0.080811
0.058815
0.075993
0.068980
0.078829
0.059326
0.075310
0.066813
0.061579
0.078432
0.069361
0.075483
0.070391
0.071931
0.078260
0.075113
0.073457
0.067078
0.068929
0.062128
0.062325
0.060642
0.060308
0.065351
0.076941
0.098260
0.063035
0.073857
0.081426
0.069636
0.065669
0.086368
0.067441
0.083044
0.073930
0.072475
0.070322
0.073589
0.074453
0.083260
0.084490
0.070173
0.067712
0.085958
0.074603
0.078433
0.084825
0.083444
0.081126
0.076022
0.072442
0.079318
0.070766
0.074697
0.077373
0.072388
0.071496
0.082377
0.067150
0.063601
0.065804
0.068187
0.068120
0.068231
0.068407
0.068540
0.071346
0.063609
0.075012
0.083384
0.063924
0.065416
0.057250
0.064908
0.072348
0.069619
0.075745
0.073792
0.060509
0.069887
0.069078
0.062416
0.072701
0.062798
0.070174
0.061922
0.081553
0.062778
0.093859
0.068954
0.070705
0.066418
0.070073
0.069286
0.074638
0.080340
0.062982
0.071308
0.072875
0.075632
0.051982
0.061168
0.064889
0.068121
0.071694
0.064834
0.071223
0.057934
0.070750
0.061925
0.063586
0.072558
0.072962
0.076907
0.062406
0.069535
0.067263
0.074255
0.077908
0.080771
0.073712
0.075866
0.077392
0.073196
0.088786
0.069531
0.069034
0.078255
0.076821
0.070975
0.071076
0.072623
0.074864
0.082624
0.074779
0.067266
0.060805
0.061868
0.131989
0.070097
0.060838
0.083797
0.064016
0.072063
0.067522
0.073905
0.066136
0.066480
0.074609
0.064137
0.085096
0.067123
0.072234
0.082214
0.069093
0.066378
0.082532
0.069765
0.071330
0.079841
0.082317
0.084291
0.072232
0.082654
0.075269
0.066976
0.084750
0.074464
0.063477
0.071085
0.065727
0.084409
0.067064
0.068658
0.086272
0.064459
0.056739
0.083601
0.086145
0.082675
0.080044
0.077296
0.062215
0.061276
0.064746
0.076645
0.067719
0.072523
0.072178
0.080022
0.076644
0.095990
0.077469
0.077345
0.079474
0.069962
0.072371
0.065565
0.069316
0.059897
0.068991
0.057403
0.062793
0.077103
0.086677
0.088388
0.073423
0.070746
0.080781
0.070651
0.068145
0.063641
0.065977
0.074502
0.068134
0.068146
0.072014
0.079837
0.076033
0.069730
0.069348
0.072995
0.080235
0.070050
0.063511
0.069661
0.067248
0.092676
0.078576
0.073269
0.072824
0.072444
0.077532
0.085668
0.085388
0.070287
0.067326
0.068127
0.064703
0.060540
0.087383
0.069381
0.082155
0.073704
0.066109
0.076318
0.068179
0.057862
0.067595
0.076759
0.067959
0.059651
0.061086
0.059618
0.066436
0.058797
0.075455
