0.051152
0.056955
0.063795
0.069084
0.058475
0.070513
0.078637
0.068012
0.071483
0.064235
0.061086
0.067667
0.057346
0.078992
0.063397
0.065210
0.083725
0.086984
0.064190
0.061186
0.079289
0.082735
0.073342
0.079547
0.059778
0.090119
0.069215
0.097054
0.061641
0.079868
0.068573
0.109658
0.066577
0.105612
0.078163
0.094864
0.075484
0.097564
0.085324
0.109072
0.064147
0.096640
0.071290
0.096250
0.076067
0.113486
0.056819
0.115615
0.078100
0.102200
0.065681
0.094258
0.068133
0.104727
0.068763
0.109137
0.062895
0.096733
0.079190
0.090869
0.064077
0.093449
0.063907
0.101350
0.066720
0.102741
0.083680
0.114036
0.082874
0.109967
0.072541
0.075597
0.082854
0.086898
0.072371
0.073408
0.064852
0.068596
0.083048
0.071317
0.056887
0.062690
0.074782
0.076768
0.069379
0.081094
0.065348
0.067731
0.064116
0.068105
0.067573
0.053751
0.094198
0.069324
0.106077
0.059702
0.101447
0.066569
0.087662
0.063096
0.095370
0.048968
0.108216
0.060672
0.086896
0.076289
0.071321
0.063219
0.079717
0.087415
0.095405
0.069679
0.089971
0.071431
0.107696
0.079585
0.114126
0.057886
0.096279
0.078874
0.110795
0.068827
0.106417
0.077076
0.078965
0.061451
0.070158
0.080660
0.069884
0.061366
0.078344
0.069192
0.066731
0.065719
0.062316
0.061640
0.070593
0.070908
0.087968
0.067846
0.096953
0.079553
0.120367
0.082026
0.097827
0.069050
0.072360
0.106378
0.064488
0.095051
0.063580
0.063388
0.087131
0.066146
0.074684
0.067593
0.068499
0.080836
0.072480
0.070829
0.106935
0.071754
0.087789
0.080378
0.084914
0.062606
0.118829
0.061981
0.103399
0.066285
0.097810
0.077188
0.102605
0.085085
0.100067
0.071364
0.121445
0.092376
0.091696
0.083093
0.108857
0.063120
0.092841
0.075297
0.074054
0.123283
0.078089
0.069144
0.083258
0.062404
0.098495
0.075922
0.068405
0.091235
0.069402
0.068683
0.063961
0.073066
0.109511
0.073572
0.094908
0.067869
0.088523
0.064136
0.106159
0.072065
0.072377
0.104575
0.086395
0.064211
0.086737
0.071929
0.075974
0.068337
0.071409
0.067872
0.062887
0.094461
0.065074
0.084696
0.064594
0.113164
0.068243
0.095821
0.073919
0.075652
0.063190
0.076659
0.079010
0.120593
0.084892
0.124986
0.074049
0.083830
0.074223
0.097724
0.066716
0.117853
0.072120
0.107512
0.066514
0.114257
0.078310
0.105912
0.068516
0.100628
0.085908
0.095814
0.086781
0.105658
0.083812
0.098085
0.071127
0.096435
0.077673
0.103893
0.074952
0.099383
0.063557
0.124866
0.085153
0.104503
0.086302
0.093056
0.071086
0.104400
0.080803
0.089503
0.061877
0.101534
0.069777
0.088035
0.062961
0.086974
0.065598
0.099460
0.077509
0.109112
0.066167
0.093872
0.087259
0.089999
0.055459
0.090691
0.064909
0.120959
0.066050
0.096517
0.075307
0.096066
0.083972
0.104351
0.063020
0.110587
0.074912
0.101231
0.070989
0.121204
0.085708
0.120254
0.077070
0.088991
0.071110
0.114112
0.065766
0.097915
0.062709
0.098116
0.065866
0.097431
0.076518
0.105062
0.063963
0.068355
0.071830
0.089423
0.088170
0.118791
0.056154
0.096607
0.060517
0.061693
0.094030
0.071834
0.105052
0.078375
0.112221
0.075036
0.119225
0.057955
0.109073
0.065270
0.105403
0.072885
0.095923
0.064948
0.113898
0.071452
0.104507
0.062893
0.063265
0.080256
0.094579
0.081224
0.121958
0.079224
0.097098
0.066422
0.070625
0.079797
0.074253
0.115579
0.079437
0.108895
0.074779
0.107294
0.083701
0.085060
0.074551
0.095111
0.065940
0.107405
0.072847
0.106229
0.066400
0.108107
0.073767
0.094420
0.067883
0.094527
0.086499
0.071462
0.064129
0.079582
0.081109
0.099407
0.064114
0.102324
0.084280
0.088709
0.073807
0.111709
0.064993
0.114198
0.064873
0.098074
0.067025
0.097763
0.065448
0.112920
0.061874
0.116221
0.062697
0.094622
0.074035
0.094998
0.063114
0.113060
0.067230
0.085786
0.083568
0.099786
0.072001
0.098271
0.067701
0.099995
0.065155
0.101262
0.075528
0.093230
0.079556
0.098412
0.073475
0.071945
0.076058
0.106637
0.084473
0.095180
0.081961
0.097680
0.073184
0.098805
0.072606
0.117491
0.068208
0.095158
0.069851
0.113236
0.071673
0.087590
0.080261
0.100317
0.065068
0.100914
0.071177
0.067021
0.056790
0.067131
0.071141
0.062354
0.063226
0.098151
0.072649
0.099729
0.070902
0.087044
0.072415
0.110026
0.070179
0.117916
0.065407
0.073934
0.069363
0.079774
0.067854
0.078294
0.068886
0.097816
0.082244
0.098233
0.063550
0.104374
0.067141
0.120348
0.070150
0.115875
0.079039
0.093972
0.068718
0.073291
0.073284
0.067508
0.064276
0.061684
0.066975
0.100659
0.072966
0.100450
0.062093
0.098485
0.059798
0.096320
0.078655
0.067883
0.067493
0.092835
0.072671
0.093624
0.071230
0.099679
0.061825
0.097775
0.070997
0.085783
0.060668
0.105780
0.065341
0.066469
0.062285
0.062152
0.067745
0.075760
0.062474
0.084743
0.063276
0.065038
0.065983
0.074388
0.083241
0.092853
0.057300
0.092582
0.057634
0.107479
0.062353
0.090596
0.081714
0.091954
0.076496
0.099094
0.075592
0.109470
0.087643
0.085913
0.082606
0.075189
0.081215
0.106598
0.137722
0.137603
0.131728
0.136222
0.155633
0.140069
0.150225
0.146470
0.154365
0.131698
0.124781
0.143962
0.134703
0.126798
0.129283
0.129483
0.130119
0.135017
0.132901
0.125995
0.139028
0.135814
0.137394
0.154461
0.123639
0.148991
0.128398
0.139997
0.119750
0.130618
0.159465
0.132798
0.130851
0.119243
0.116176
0.112175
0.115582
0.114419
0.121920
0.133705
0.114690
0.133193
0.133237
0.121613
0.108144
0.100524
0.122228
0.124885
0.128043
0.109225
0.127136
0.118494
0.131283
0.147287
0.116119
0.112783
0.109877
0.112313
0.127162
0.161901
0.124465
0.137211
0.132410
0.137569
0.205040
0.100656
0.116050
0.118408
0.119845
0.136569
0.110264
0.104061
0.113197
0.104188
0.104517
0.108463
0.102465
0.100929
0.118807
0.101957
0.100803
0.101591
0.133868
0.100681
0.094930
0.107193
0.106129
0.104036
0.115316
0.104408
0.119708
0.115392
0.108295
0.109817
0.108358
0.098489
0.105326
0.106678
0.102079
0.123263
0.114697
0.133551
0.093735
0.103684
0.117511
0.106530
0.140312
0.133645
0.146102
0.119548
0.109629
0.112072
0.130703
0.101918
0.134430
0.114457
0.118361
0.142584
0.141041
0.119787
0.119020
0.118849
0.140111
0.112865
0.114560
0.136344
0.121635
0.135544
0.125016
0.129368
0.121555
0.125246
0.111418
0.148979
0.187589
0.107604
0.114086
0.114548
0.101874
0.111990
0.102600
0.107584
0.119612
0.133346
0.106959
0.144127
0.100972
0.112463
0.114836
0.108840
0.112881
0.112408
0.105309
0.116166
0.128622
0.120908
0.108845
0.107167
0.099656
0.113113
0.118989
0.106964
0.104383
0.100406
0.139547
0.145131
0.117407
0.122161
0.114436
0.101382
0.111149
0.129141
0.100465
0.101194
0.118047
0.102501
0.118840
0.109482
0.112821
0.106747
0.113616
0.110196
0.118875
0.114094
0.115243
0.104172
0.104851
0.104745
0.127839
0.111906
0.108150
0.116419
0.112247
0.105664
0.114248
0.101837
0.113295
0.124754
0.129765
0.117223
0.135056
0.122212
0.118829
0.145627
0.194407
0.141644
0.125684
0.118070
0.142903
0.108549
0.128430
0.124778
0.110666
0.117584
0.130879
0.109148
0.133329
0.136085
0.106287
0.104618
0.122404
0.102829
0.110429
0.125464
0.125760
0.093114
0.116808
0.109090
0.106734
0.096154
0.102731
0.105593
0.108546
0.111013
0.123801
0.118328
0.107541
0.115705
0.131181
0.110116
0.101436
0.105568
0.102479
0.109869
0.115514
0.096643
0.096337
0.115922
0.131230
0.136638
0.097127
0.121280
0.113885
0.113313
0.097146
0.096335
0.101161
0.113026
0.107476
0.099680
0.110512
0.117084
0.117527
0.104401
0.114665
0.105608
0.109819
0.119576
0.126085
0.123641
0.139150
0.098049
0.102890
0.105951
0.160279
0.112603
0.106134
0.136919
0.121526
0.100384
0.130795
0.102980
0.112324
0.116674
0.101106
0.134031
0.106568
0.128403
0.128283
0.096491
0.112741
0.123368
0.117420
0.103300
0.092479
0.101592
0.108315
0.096825
0.121297
0.114104
0.101363
0.100628
0.117840
0.100403
0.133806
0.096353
0.099842
0.095869
0.102042
0.110471
0.100180
0.102951
0.127176
0.092818
0.110080
0.106736
0.131621
0.104227
0.113114
0.104565
0.118416
0.119684
0.099847
0.090788
0.093654
0.094245
0.106584
0.106270
0.107659
0.118134
0.102940
0.104251
0.104729
0.108844
0.098076
0.101589
0.109094
0.121062
0.111606
0.097177
0.094583
0.130266
0.097404
0.103739
0.169858
0.095829
0.110474
0.119001
0.097343
0.093237
0.114142
0.096091
0.100345
0.090914
0.100025
0.103838
0.113272
0.126391
0.103777
0.118603
0.102301
0.079686
0.125360
0.108064
0.101412
0.104750
0.116775
0.103728
0.122244
0.107657
0.108102
0.098814
0.098547
0.121413
0.102148
0.087674
0.094495
0.097313
0.090520
0.090478
0.102827
0.101544
0.098989
0.104506
0.101699
0.102714
0.100120
0.095557
0.125417
0.120132
0.091989
0.106321
0.113324
0.092836
0.113697
0.105193
0.102331
0.104435
0.116912
0.102180
0.107415
0.107404
0.108797
0.130409
0.132766
0.133153
0.106744
0.110755
0.121571
0.100410
0.103031
0.109375
0.092029
0.101753
0.171211
0.101644
0.106827
0.102625
0.109260
0.098449
0.096093
0.095852
0.102789
0.102996
0.101158
0.104803
0.123032
0.098316
0.099754
0.101580
0.101840
0.117881
0.103108
0.104241
0.116324
0.099264
0.087692
0.101120
0.105303
0.100982
0.102447
0.094590
0.131104
0.089250
0.092628
0.107552
0.107088
0.111034
0.104947
0.132161
0.111561
0.133860
0.123260
0.127750
0.126976
0.104052
0.103297
0.095126
0.116650
0.100523
0.094079
0.086690
0.097485
0.081756
0.101533
0.092590
0.107896
0.096142
0.098446
0.111281
0.115365
0.107308
0.121909
0.096150
0.121655
0.111752
0.098661
0.095283
0.111429
0.127373
0.100799
0.141306
0.107446
0.125893
0.172930
0.108700
0.127374
0.126977
0.115290
0.100506
0.097556
0.100779
0.099691
0.099376
0.096566
0.101725
0.094230
0.085203
0.099466
0.099037
0.110037
0.104857
0.098130
0.100802
0.099813
0.096620
0.100254
0.101263
0.095818
0.099394
0.094220
0.093383
0.102072
0.111454
0.094404
0.096334
0.121955
0.089302
0.101984
0.103229
0.092633
0.127144
0.110975
0.088092
0.115284
0.094918
0.104623
0.095388
0.099748
0.104786
0.105746
0.139176
0.111692
0.098176
0.103458
0.103789
0.112588
0.117896
0.113716
0.110818
0.107497
0.095631
0.090414
0.088135
0.083776
0.096591
0.089719
0.100886
0.082834
0.110330
0.091737
0.090404
0.089004
0.088062
0.157460
0.115049
0.105155
0.080191
0.104203
0.106471
0.086334
0.103088
0.093695
0.102338
0.097826
0.103920
0.084342
0.122777
0.093926
0.097866
0.097740
0.087198
0.088690
0.108987
0.074806
0.069809
0.089156
0.100558
0.108552
0.086914
0.091854
0.074719
0.084212
0.088832
0.096325
0.089448
0.098003
0.089856
0.092721
0.093514
0.083117
0.091433
0.097892
0.098807
0.103179
0.089143
0.086890
0.083635
0.089950
0.088991
0.082014
0.082069
0.102836
0.087178
0.088529
0.091372
0.092760
0.083875
0.087828
0.095700
0.084434
0.077229
0.080337
0.097572
0.090882
0.082103
0.104204
0.087742
0.103311
0.082783
0.088712
0.078412
0.092035
0.098484
0.138983
0.084498
0.085216
0.083858
0.085466
0.081356
0.076931
0.083336
0.098287
0.086406
0.096359
0.078594
0.103596
0.097738
0.085818
0.083048
0.086117
0.116877
0.091967
0.094717
0.098847
0.103360
0.106586
0.093105
0.117680
0.102520
0.098417
0.090668
0.103869
0.081434
0.085225
0.098576
0.088351
0.099424
0.084961
0.095049
0.096986
0.091696
0.113755
0.086155
0.094508
0.091581
0.099480
0.098381
0.088160
0.093482
0.104956
0.099986
0.101435
0.114131
0.106500
0.091101
0.116440
0.089421
0.089037
0.087708
0.087014
0.113212
0.087817
0.113134
0.090407
0.091516
0.102245
0.102008
0.088273
0.095358
0.094142
0.090364
0.107367
0.084372
0.142616
0.095248
0.108704
0.096522
0.093269
0.092081
0.086837
0.094886
0.101365
0.093051
0.091698
0.078178
0.111800
0.093057
0.086748
0.082582
0.084352
0.088765
0.083104
0.075836
0.074978
0.077208
0.078487
0.097748
0.080337
0.104358
0.090497
0.088387
0.085405
0.080121
0.084131
0.082811
0.078678
0.097108
0.079845
0.087565
0.090737
0.091559
0.093078
0.084919
0.087038
0.097208
0.084941
0.078396
0.096267
0.100284
0.100571
0.092288
0.101523
0.103935
0.111342
0.101733
0.095206
0.091999
0.103438
0.090338
0.086683
0.100085
0.102636
0.094848
0.101789
0.090700
0.103757
0.101290
0.089728
0.101835
0.097916
0.108238
0.124361
0.098730
0.167399
0.097832
0.097032
0.096531
0.090485
0.111957
0.106891
0.104135
0.088658
0.102648
0.112243
0.103387
0.103967
0.119081
0.104551
0.103282
0.131895
0.113290
0.118878
0.116480
0.116520
0.105612
0.123694
0.131594
0.120197
0.106605
0.116719
0.143724
0.122328
0.125237
0.102006
0.115103
0.110140
0.112071
0.130562
0.123665
0.108595
0.114611
0.118290
0.116086
0.138445
0.124290
0.115986
0.118216
0.134871
0.119672
0.127655
0.102056
0.111239
0.133230
0.131533
0.124210
0.123425
0.111452
0.130164
0.160844
0.147708
0.124755
0.130783
0.139546
0.117224
0.124993
0.117332
0.119122
0.127493
0.147703
0.150728
0.132879
0.147382
0.131190
0.196701
0.140767
0.117035
0.134693
0.119263
0.136105
0.133699
0.126919
0.137080
0.139023
0.122547
0.128763
0.139730
0.140035
0.125526
0.132988
0.160758
0.145834
0.143815
0.143519
0.164936
0.138523
0.162814
0.177240
0.134680
0.135674
