0.057320
0.065315
0.081421
0.070006
0.065229
0.066786
0.067298
0.072358
0.070647
0.066059
0.070455
0.071772
0.071364
0.062917
0.064857
0.076287
0.082950
0.073864
0.065856
0.070048
0.071029
0.066757
0.070211
0.069757
0.067859
0.063448
0.062898
0.064765
0.065996
0.061620
0.083472
0.074056
0.070713
0.081770
0.085995
0.070122
0.069973
0.068364
0.073600
0.068826
0.078482
0.079570
0.069471
0.077927
0.069293
0.082341
0.074719
0.074457
0.082716
0.064077
0.059739
0.069642
0.076842
0.056966
0.062547
0.067212
0.064156
0.080932
0.086939
0.077677
0.066938
0.086227
0.076668
0.081627
0.072473
0.068024
0.071891
0.071754
0.075224
0.082903
0.112642
0.062833
0.075357
0.074305
0.063526
0.062359
0.068415
0.083777
0.084480
0.074010
0.081537
0.063003
0.069293
0.072767
0.061432
0.059432
0.076931
0.079490
0.074181
0.073797
0.081500
0.069130
0.066495
0.080356
0.082430
0.070331
0.090107
0.066556
0.081397
0.060608
0.062979
0.065883
0.080758
0.067289
0.062115
0.064550
0.076941
0.069304
0.066675
0.061712
0.063434
0.062237
0.068370
0.069834
0.068291
0.074806
0.065629
0.064369
0.064753
0.061409
0.063606
0.064219
0.067686
0.070894
0.064555
0.065640
0.066038
0.074326
0.068155
0.084502
0.068494
0.067100
0.068555
0.067267
0.068212
0.070866
0.077243
0.072143
0.094114
0.081847
0.073535
0.067817
0.074137
0.072681
0.075891
0.068792
0.071246
0.065688
0.120523
0.062591
0.093601
0.074030
0.096133
0.071063
0.094011
0.065465
0.109780
0.075285
0.100557
0.077950
0.073821
0.077917
0.080831
0.089051
0.085916
0.084900
0.072062
0.079320
0.065463
0.068747
0.081701
0.087270
0.077106
0.091349
0.078395
0.084396
0.074363
0.076536
0.085179
0.090611
0.072180
0.082329
0.075682
0.075759
0.072820
0.064853
0.080730
0.079076
0.081182
0.080611
0.064388
0.068467
0.076623
0.075054
0.080549
0.073665
0.068538
0.080496
0.066991
0.064504
0.079106
0.071359
0.087014
0.072611
0.066002
0.076015
0.079519
0.092903
0.065848
0.063365
0.069694
0.107712
0.076755
0.071244
0.061081
0.075071
0.073503
0.086990
0.071032
0.077073
0.081424
0.073629
0.066190
0.084453
0.061298
0.063953
0.071289
0.076787
0.077339
0.074486
0.074046
0.065830
0.072169
0.076405
0.080906
0.075627
0.068270
0.068554
0.066411
0.066091
0.066266
0.083961
0.085124
0.066286
0.065700
0.069294
0.058400
0.075798
0.078407
0.061378
0.070594
0.072873
0.065464
0.075228
0.071963
0.070525
0.058121
0.055578
0.060566
0.077424
0.055427
0.080677
0.062808
0.066300
0.073046
0.068771
0.062533
0.057507
0.056793
0.061071
0.072850
0.058086
0.061584
0.060520
0.073068
0.063823
0.080566
0.084665
0.066271
0.069530
0.067682
0.067578
0.062450
0.069384
0.068728
0.062401
0.070197
0.130845
0.074127
0.058142
0.068685
0.060265
0.067783
0.067701
0.076521
0.067112
0.078666
0.078561
0.067054
0.074469
0.080609
0.077131
0.068074
0.075448
0.071980
0.063093
0.086405
0.073498
0.078396
0.070416
0.079687
0.067134
0.068289
0.071459
0.058840
0.068750
0.074274
0.064800
0.083303
0.063461
0.070621
0.075674
0.072223
0.068158
0.085750
0.063367
0.079555
0.064828
0.080515
0.080019
0.073040
0.080244
0.068932
0.073645
0.078350
0.075034
0.080167
0.073812
0.071718
0.070110
0.067590
0.069975
0.070469
0.071557
0.065064
0.065384
0.070726
0.079947
0.083926
0.069413
0.083006
0.069812
0.069528
0.067834
0.068413
0.066311
0.076924
0.130753
0.065617
0.071869
0.075228
0.075706
0.078642
0.066768
0.070776
0.081707
0.088994
0.073008
0.065491
0.072115
0.078437
0.074570
0.058843
0.071311
0.065957
0.073984
0.069414
0.066132
0.063818
0.082569
0.064561
0.059939
0.068319
0.082712
0.066731
0.078546
0.082706
0.075823
0.083432
0.073799
0.081969
0.073238
0.078215
0.072859
0.061523
0.067099
0.068555
0.068734
0.065870
0.083505
0.063900
0.065893
0.069643
0.086005
0.074338
0.077188
0.085941
0.064053
0.061105
0.069346
0.062748
0.068647
0.063920
0.080650
0.090537
0.064307
0.064757
0.075054
0.078856
0.072719
0.073245
0.088746
0.064421
0.069294
0.064460
0.068481
0.072565
0.142627
0.073470
0.080116
0.076846
0.077529
0.078429
0.079662
0.065307
0.072644
0.067082
0.066503
0.072308
0.070228
0.073893
0.063699
0.072657
0.064491
0.080283
0.067991
0.067633
0.083523
0.070580
0.068391
0.068376
0.072654
0.069513
0.072790
0.074995
0.068460
0.064564
0.082241
0.068391
0.065104
0.072045
0.077280
0.068059
0.092172
0.057719
0.065367
0.069850
0.074943
0.073262
0.068332
0.073734
0.084438
0.068316
0.063355
0.092750
0.069907
0.063562
0.060121
0.058497
0.065212
0.079034
0.064397
0.062143
0.061643
0.058700
0.055229
0.070316
0.066081
0.072402
0.073868
0.073451
0.078647
0.071360
0.070090
0.076113
0.082708
0.066918
0.134759
0.080166
0.083114
0.073443
0.071192
0.081652
0.067304
0.078082
0.075304
0.073194
0.073396
0.074293
0.068349
0.065711
0.060565
0.070337
0.079324
0.073075
0.070195
0.066112
0.067842
0.071497
0.054550
0.066994
0.062196
0.070754
0.072807
0.068209
0.072002
0.068560
0.065109
0.058647
0.064083
0.060882
0.065186
0.069058
0.084446
0.078297
0.068084
0.061773
0.066529
0.064221
0.086093
0.067691
0.082973
0.068342
0.070021
0.085077
0.082652
0.075570
0.067350
0.067335
0.074859
0.070652
0.068810
0.062602
0.062798
0.061474
0.068166
0.073283
0.063396
0.079144
0.066844
0.082707
0.067892
0.076489
0.074875
0.079281
0.072393
0.085407
0.140579
0.072665
0.072327
0.070090
0.072043
0.063554
0.070944
0.073308
0.075482
0.065099
0.068069
0.063578
0.067819
0.061189
0.059084
0.068124
0.081398
0.067644
0.063623
0.062913
0.066815
0.078825
0.061272
0.065884
0.082160
0.065844
0.080535
0.067346
0.069030
0.068445
0.067162
0.060797
0.062731
0.073904
0.069956
0.064246
0.070906
0.078766
0.072303
0.070689
0.074806
0.069312
0.073542
0.083442
0.081511
0.088068
0.070189
0.069789
0.079743
0.073255
0.071926
0.072201
0.082016
0.076353
0.080358
0.076619
0.067716
0.065721
0.073092
0.073470
0.080634
0.077587
0.074463
0.067243
0.087265
0.064908
0.092210
0.068764
0.077662
0.070360
0.118874
0.065472
0.071167
0.075851
0.072677
0.074136
0.085721
0.070704
0.069829
0.076455
0.076010
0.065914
0.074102
0.072044
0.075988
0.087231
0.083506
0.072729
0.075351
0.080202
0.082846
0.070084
0.068571
0.065848
0.085273
