219,100,17,40
219,102,17,40
219,101,17,40
220,101,17,39
219,102,17,39
219,101,17,39
219,101,17,40
220,101,16,39
220,101,16,39
220,101,16,39
220,101,17,38
220,100,16,39
220,100,17,40
220,100,17,40
220,101,17,39
219,101,17,39
220,102,17,39
219,102,16,39
220,101,15,39
219,101,16,39
219,101,15,38
220,101,14,38
220,101,14,38
220,101,13,39
220,102,15,38
220,102,14,38
220,102,14,38
219,101,15,39
220,102,14,38
220,103,15,36
219,103,15,36
219,102,14,37
220,103,15,36
220,104,15,35
220,103,15,36
220,103,15,36
220,103,16,37
219,103,15,36
221,104,15,36
219,103,15,36
219,103,15,37
220,104,14,37
220,104,15,36
220,102,14,39
219,102,14,40
220,101,14,39
220,103,16,37
220,100,14,39
220,100,14,41
219,101,15,39
219,103,15,38
219,101,14,38
219,101,15,40
219,100,14,41
219,101,15,39
219,100,14,40
219,100,14,41
219,99,14,42
219,99,14,41
219,100,14,42
219,100,14,40
219,99,14,41
219,100,14,39
219,99,14,42
219,101,14,38
219,100,14,41
219,100,15,41
219,100,14,41
219,100,14,40
219,101,14,39
219,99,14,42
220,100,13,39
219,101,14,39
219,101,13,39
219,100,13,38
219,100,13,38
219,103,14,35
219,103,16,37
220,102,15,37
219,101,15,39
219,99,14,41
219,101,14,39
219,100,14,41
219,101,14,41
219,100,14,40
219,100,15,40
219,100,14,41
219,99,14,42
219,100,14,40
219,101,15,39
219,100,14,42
219,100,13,40
219,99,14,41
219,99,15,43
218,101,15,41
219,99,14,43
218,99,15,42
219,99,15,41
218,99,15,43
219,99,15,43
218,98,15,43
218,99,16,42
219,101,14,40
218,99,14,42
218,99,16,42
218,99,15,42
219,99,14,42
218,98,14,42
219,100,14,41
218,99,15,42
219,100,15,41
218,99,15,41
218,99,15,40
219,99,14,43
218,100,15,42
218,99,14,42
218,100,15,40
218,98,15,43
218,101,15,39
218,98,14,43
219,98,14,42
218,98,14,42
218,99,15,42
218,98,15,42
218,99,15,42
217,99,16,42
218,99,14,42
218,100,15,39
218,98,15,42
218,99,15,42
218,99,14,44
218,99,15,42
218,99,15,42
218,98,15,43
218,98,14,43
217,98,15,43
218,98,14,43
217,98,15,43
218,99,15,43
217,98,15,44
217,98,15,44
217,100,16,42
217,99,15,42
217,99,15,42
217,100,15,42
218,99,14,42
217,100,15,42
217,99,15,41
217,98,15,43
217,100,15,42
217,100,15,43
217,98,15,43
217,99,15,43
217,98,15,43
217,99,15,42
217,99,15,43
217,100,15,41
217,99,15,42
217,98,15,42
216,99,16,41
218,99,14,42
217,99,15,41
217,99,15,42
217,99,15,43
217,98,15,44
217,98,14,43
217,98,14,42
217,99,14,42
217,99,15,41
216,99,15,42
217,98,15,43
217,99,15,42
217,100,15,42
216,98,15,43
217,98,15,43
216,99,16,42
216,99,15,42
216,99,15,41
216,99,16,43
216,98,15,44
216,99,15,42
216,99,15,42
216,99,15,42
217,98,14,44
216,99,15,43
216,99,15,41
216,99,16,41
217,99,14,41
216,99,16,41
216,99,15,42
217,100,14,41
216,99,14,42
217,99,14,41
216,99,15,41
216,99,15,43
217,99,14,41
216,99,15,40
216,99,15,42
216,99,15,41
217,100,14,41
217,99,15,41
216,98,15,43
217,99,15,42
216,100,15,42
217,99,14,43
216,99,16,43
217,98,14,43
217,100,15,41
217,100,15,40
216,99,16,42
217,98,14,44
217,97,15,45
217,98,15,42
217,99,14,41
217,99,14,42
218,99,15,40
217,99,16,41
217,98,15,41
217,99,15,40
217,99,16,41
218,99,14,40
218,99,14,39
218,99,16,40
218,99,15,40
218,98,13,42
219,99,14,40
218,98,15,42
218,99,16,40
218,100,15,38
218,98,17,43
217,100,16,39
218,99,15,42
218,99,18,43
218,100,15,39
218,99,15,40
218,99,16,41
218,98,19,45
218,99,16,41
219,100,15,38
218,99,15,40
219,99,14,40
219,100,15,39
219,99,15,38
219,98,15,40
219,100,14,38
219,99,14,39
219,99,14,39
220,99,19,44
219,99,17,42
219,99,14,41
219,99,16,42
219,99,16,41
219,100,16,39
220,99,17,41
219,100,17,41
220,100,16,40
220,98,17,42
220,99,16,41
220,99,15,39
220,100,15,38
221,100,15,37
220,101,14,37
220,98,15,41
220,100,15,37
220,100,14,39
220,100,15,38
220,100,14,38
220,100,15,37
220,100,15,38
220,100,16,39
220,98,17,42
220,98,17,41
220,99,16,40
219,96,20,46
220,98,17,42
220,97,18,43
220,100,15,37
220,99,15,39
220,100,15,38
220,98,15,40
220,100,16,39
220,100,13,39
220,99,14,38
220,98,14,40
220,99,14,39
220,99,15,39
220,99,15,40
220,98,14,41
221,99,14,39
220,100,15,37
220,100,15,41
221,100,14,39
221,100,14,37
221,100,13,37
222,100,12,38
221,100,13,38
221,101,14,37
221,102,14,34
221,101,13,37
221,101,13,37
221,102,15,37
221,101,14,38
220,99,18,42
221,102,16,41
220,102,17,40
220,103,18,42
220,103,18,42
220,104,19,44
220,103,19,44
220,103,18,43
219,105,18,43
220,105,18,43
219,106,18,43
220,106,18,43
