483,163,41,131
478,165,40,127
473,160,38,127
468,157,40,128
461,153,40,128
458,156,40,125
451,155,40,129
444,153,41,130
441,158,38,129
435,153,35,124
429,149,36,123
422,156,33,123
413,150,34,124
404,147,34,137
396,146,35,134
387,146,35,133
382,142,32,129
368,142,37,141
367,136,35,131
361,134,35,129
353,129,32,136
344,132,36,127
338,136,37,127
327,139,38,123
322,140,36,115
313,143,33,114
304,138,39,123
301,144,33,107
325,131,38,122
346,120,38,122
367,124,38,122
355,128,34,110
346,129,35,102
335,123,36,110
328,129,33,111
322,123,36,111
308,126,39,115
297,127,38,114
288,123,35,110
278,120,39,112
295,123,38,121
302,119,36,113
290,114,38,117
272,108,38,120
264,108,37,119
260,104,37,119
288,89,37,118
274,86,37,119
275,82,38,117
277,79,37,112
304,77,36,115
310,96,32,116
327,103,35,116
326,111,36,114
314,109,33,108
303,110,34,115
294,106,35,114
286,105,35,115
276,107,32,109
266,108,34,113
271,109,33,111
300,105,33,114
334,109,34,110
358,100,33,113
377,102,35,108
358,91,36,103
351,88,35,111
337,96,35,107
327,88,34,103
318,94,33,101
308,98,30,102
302,92,33,105
294,90,33,101
287,89,33,103
282,87,33,104
270,90,33,105
254,91,33,106
244,85,33,106
264,85,33,105
282,88,32,105
318,85,31,104
343,85,32,103
333,84,32,102
330,84,32,103
313,89,31,106
312,80,32,103
300,82,32,100
295,79,33,104
286,77,32,102
282,81,32,101
272,82,31,99
267,88,31,96
259,80,31,98
250,81,31,99
240,81,30,100
228,79,31,101
219,87,30,100
216,92,31,100
235,89,31,100
274,90,31,100
303,92,31,100
326,86,31,99
321,69,30,106
313,74,31,100
302,75,31,100
295,74,31,101
288,75,31,101
274,75,31,95
272,60,28,104
257,74,31,98
247,80,31,98
239,100,30,97
233,114,30,97
228,127,31,98
220,126,30,95
221,122,30,96
200,119,30,97
192,130,30,97
177,129,31,98
167,121,31,99
159,130,31,100
149,127,32,102
170,125,32,102
195,126,31,100
225,114,32,101
261,120,32,101
264,135,32,102
281,132,32,101
301,123,32,101
292,122,32,102
293,115,32,100
295,115,31,100
291,124,32,102
290,109,29,102
286,119,32,101
281,115,32,101
270,115,31,100
288,117,28,99
280,122,31,100
284,119,31,100
312,125,28,98
287,124,29,98
272,119,28,99
253,115,30,98
262,114,31,97
313,129,31,98
275,128,31,87
270,127,33,83
286,133,29,94
288,138,29,93
330,130,29,93
346,125,30,94
346,120,29,94
345,126,26,89
347,125,24,88
348,124,24,93
346,126,27,98
322,135,30,95
302,164,30,95
337,225,30,94
339,236,30,96
345,237,30,96
345,231,30,96
325,229,30,96
321,230,30,95
335,236,29,94
331,230,29,94
336,233,30,95
352,237,30,95
343,235,30,95
344,229,27,88
349,234,26,88
354,234,24,87
355,234,23,84
355,238,26,88
354,232,29,92
353,233,25,89
355,234,24,84
354,232,23,89
354,234,24,88
354,231,24,91
354,235,25,87
355,232,23,87
354,234,23,89
355,233,24,85
354,235,24,88
354,232,23,89
354,232,24,88
355,235,25,87
354,233,24,90
355,234,23,89
355,234,23,87
354,235,25,88
354,237,24,86
355,237,23,84
354,236,23,86
355,238,23,87
354,269,23,93
349,305,29,92
328,321,25,92
340,358,28,91
350,375,28,90
354,372,23,84
354,371,23,89
354,370,23,86
353,375,23,86
353,373,23,90
353,368,23,91
353,366,23,93
353,371,24,90
353,366,23,92
353,367,23,90
353,369,25,91
353,369,24,93
354,369,23,90
353,366,23,90
353,369,23,89
353,367,23,87
353,371,24,87
354,372,23,86
352,366,24,92
353,370,23,89
354,371,24,89
353,368,24,90
353,368,23,90
352,368,24,94
353,371,23,88
353,369,24,90
352,368,24,93
352,369,23,93
