449,331,71,134
446,324,71,134
445,325,68,135
443,327,68,138
443,330,69,137
442,325,70,133
437,321,68,135
437,323,71,138
437,323,72,135
437,323,71,139
435,322,72,137
431,322,72,141
430,322,72,143
430,322,74,139
428,319,74,140
431,321,75,141
427,318,75,141
422,311,75,141
422,316,75,141
418,313,74,145
420,315,75,141
411,316,77,145
415,313,74,151
409,312,76,150
404,310,79,149
406,309,77,146
406,310,78,147
405,310,76,149
400,310,74,151
398,302,77,146
394,309,76,148
388,305,72,157
388,305,71,153
390,306,74,147
386,305,70,158
386,301,69,153
385,302,69,156
390,300,67,162
383,298,67,163
382,303,82,155
381,298,70,164
381,294,70,170
386,301,68,164
388,299,68,162
390,300,65,157
402,305,63,149
398,301,67,148
398,300,67,153
407,300,64,155
409,302,66,164
409,303,66,168
415,305,63,166
403,303,68,171
388,297,71,170
417,300,65,171
406,297,64,172
392,301,66,174
409,304,64,170
394,302,84,158
383,301,64,173
393,305,64,170
388,301,65,175
387,304,63,169
385,297,63,173
389,300,65,171
389,300,63,175
389,305,64,166
389,302,67,173
391,304,68,175
387,303,65,171
387,299,68,174
384,305,79,149
385,303,74,160
382,304,76,153
388,298,65,172
386,298,68,166
382,299,77,156
380,296,72,165
380,299,75,152
382,300,71,159
377,301,76,153
372,296,79,149
378,305,78,146
377,298,71,155
369,284,66,166
371,292,62,167
376,295,68,163
403,317,79,148
395,306,78,147
363,282,70,155
370,307,68,145
408,329,65,140
429,325,77,146
358,291,77,144
361,296,78,148
358,277,69,165
351,278,71,168
366,300,69,168
345,284,79,149
365,297,68,164
358,287,63,166
365,295,63,162
365,301,66,161
363,294,61,162
364,309,63,156
376,307,60,153
400,301,56,149
404,300,55,144
396,292,54,149
397,299,56,148
393,294,56,143
388,296,60,159
389,291,59,156
385,287,58,158
385,293,60,155
388,299,61,152
384,294,61,159
388,296,61,157
383,295,59,161
380,295,64,156
375,292,71,154
380,296,65,161
376,290,63,164
376,293,64,163
374,297,70,152
379,300,73,145
375,291,66,159
371,295,73,147
372,295,69,156
377,301,73,146
379,294,71,148
375,300,70,150
374,302,75,141
374,298,76,144
375,293,71,159
376,300,77,146
377,294,75,149
377,303,77,146
378,295,75,155
378,301,78,147
376,293,75,149
374,297,75,148
376,300,76,144
378,296,76,144
379,296,73,151
378,300,77,146
377,299,77,146
378,297,75,149
377,298,77,144
373,296,78,148
381,295,79,149
380,291,74,155
379,298,78,147
374,293,76,151
379,293,73,153
379,296,76,150
376,293,79,148
375,298,78,147
374,294,79,149
372,294,79,150
377,297,79,149
376,290,78,155
376,294,79,148
380,298,77,146
378,299,76,143
376,299,76,143
379,290,77,145
374,296,78,147
380,298,78,147
377,300,77,145
375,298,77,146
377,297,78,147
380,297,77,145
378,298,76,143
377,300,76,143
380,299,75,141
379,299,75,142
383,295,75,141
383,291,71,150
385,291,71,149
376,297,76,143
379,297,77,145
380,294,78,147
377,297,77,146
376,300,77,145
378,296,79,149
375,299,79,149
379,296,80,151
372,298,79,150
377,296,79,148
380,295,79,149
375,300,79,150
374,297,80,152
374,294,82,155
371,293,84,159
371,296,83,157
372,295,83,157
372,293,82,155
370,295,82,155
371,297,83,156
369,297,81,153
373,296,80,152
371,301,80,151
375,300,79,150
376,298,79,149
377,302,80,150
374,304,81,152
379,303,82,154
379,298,82,155
375,301,82,154
371,299,83,156
374,299,84,159
375,297,82,164
375,296,85,160
379,295,80,167
376,297,85,161
370,303,85,161
367,296,86,163
373,297,86,163
378,296,82,169
380,300,84,159
377,301,85,160
382,297,83,164
375,300,84,159
379,300,85,161
381,301,83,165
381,302,84,165
385,300,85,167
384,302,83,165
384,302,84,167
382,299,85,160
388,306,82,163
389,301,81,170
390,299,79,171
383,305,85,164
382,294,82,176
389,300,82,176
387,296,81,173
386,304,84,170
391,297,79,176
387,295,81,180
378,300,87,169
392,296,79,174
390,303,78,178
382,301,86,167
381,301,86,162
387,302,80,167
384,303,83,161
383,302,82,162
382,305,84,159
383,302,83,157
390,304,77,165
387,307,80,157
391,304,77,156
390,306,75,160
379,306,79,149
388,312,76,150
388,313,76,149
389,312,77,145
388,313,77,144
388,316,76,144
383,309,77,146
390,312,75,153
384,312,77,146
388,311,75,152
385,310,77,145
383,305,76,148
379,307,76,144
383,312,77,145
385,311,73,149
392,304,69,160
385,303,75,157
378,303,79,154
380,299,77,156
383,303,76,155
398,311,76,149
439,309,74,149
446,315,70,145
427,307,75,141
438,308,71,145
437,310,73,145
433,306,74,140
445,309,68,139
445,312,70,143
435,311,72,139
439,308,70,144
432,312,73,140
443,307,68,142
437,310,71,138
441,310,68,135
440,310,69,134
434,310,69,133
444,313,66,139
441,314,68,135
438,308,68,133
437,313,67,129
436,316,68,128
437,310,66,129
443,315,65,130
436,313,67,129
439,308,66,128
439,311,65,129
439,313,67,127
438,315,66,125
438,312,66,128
438,314,67,127
439,308,64,129
441,310,64,135
435,311,68,127
437,310,68,132
441,308,66,134
440,308,66,133
439,308,67,135
438,313,68,134
435,304,67,130
439,314,66,132
439,312,66,129
437,311,67,126
439,318,67,130
437,308,69,130
440,310,66,130
439,316,66,127
438,312,67,127
438,314,67,130
441,308,64,133
443,313,64,132
441,314,65,128
444,311,61,131
439,315,65,127
439,318,65,124
447,313,59,134
439,315,66,125
441,313,66,124
441,312,64,131
442,314,65,127
441,315,64,129
439,315,66,125
440,315,65,127
443,317,64,130
441,310,64,131
441,315,64,130
440,308,67,126
446,309,58,140
441,315,65,127
443,316,63,128
444,310,61,131
437,313,67,126
441,316,63,129
440,311,62,131
441,315,63,125
444,316,59,127
444,317,61,128
441,319,64,121
443,314,62,122
445,318,58,128
439,320,61,120
448,318,58,125
442,318,61,120
449,317,54,128
446,322,59,122
444,316,61,119
443,324,61,115
445,328,61,115
445,325,59,115
443,322,61,115
442,325,60,113
447,325,57,118
444,326,61,114
445,326,60,112
446,325,57,117
444,325,60,113
444,326,61,114
448,326,59,115
444,324,61,115
445,321,60,116
441,324,61,116
443,325,61,115
447,325,59,116
445,328,61,114
445,328,61,115
439,326,61,116
445,326,61,115
444,323,62,117
446,323,60,121
445,324,62,117
446,326,61,115
443,320,62,117
447,324,60,116
446,326,61,114
445,326,59,112
448,328,58,110
447,329,59,112
448,323,58,114
447,325,59,112
448,327,60,113
447,328,60,113
447,328,59,111
450,326,57,112
450,328,57,111
448,329,58,109
448,330,57,108
450,326,57,107
449,329,56,106
449,330,57,108
451,329,57,107
449,328,57,107
451,329,57,108
447,329,57,107
449,330,57,107
447,332,56,106
449,329,55,104
450,331,56,105
449,326,54,111
451,329,55,104
449,330,55,104
451,329,56,106
450,330,57,107
449,328,57,108
450,324,55,111
449,328,57,108
447,328,58,109
450,325,57,108
451,329,56,108
449,330,57,108
451,326,54,111
451,331,56,105
450,329,56,105
448,330,55,103
453,329,54,106
449,331,56,105
449,327,56,106
451,326,53,109
451,326,54,112
452,323,52,115
451,323,53,113
451,328,55,110
451,325,57,111
450,324,55,115
450,324,54,117
452,324,55,118
450,321,54,125
449,319,52,126
447,326,61,114
446,323,59,118
443,325,61,115
447,319,57,128
447,318,60,118
448,320,61,119
447,320,60,118
445,321,61,115
447,324,57,117
448,323,57,118
447,321,58,120
445,328,61,116
444,321,60,123
445,320,63,118
446,320,59,122
448,323,59,122
446,314,56,125
445,319,59,122
444,319,61,120
445,318,57,128
445,315,60,129
443,319,62,127
443,313,61,127
442,315,62,128
447,317,60,128
