576,114,21,26
570,112,21,26
564,112,21,26
555,112,21,26
546,113,21,27
538,113,21,27
528,115,21,27
515,117,22,27
497,124,21,26
482,125,21,26
472,127,21,27
467,127,21,26
465,126,21,27
465,125,21,28
465,124,22,27
464,124,22,27
463,125,22,27
462,125,22,28
463,127,20,28
462,127,21,27
462,128,21,27
462,127,21,27
463,127,21,26
462,125,20,25
462,123,20,28
462,122,21,28
462,120,21,28
462,120,21,28
462,121,21,28
461,122,22,28
462,123,22,28
463,125,21,27
463,126,22,28
463,128,21,28
463,129,22,29
463,128,23,28
463,129,22,28
463,129,22,29
464,128,21,27
463,128,22,27
465,127,22,27
470,126,21,26
477,126,22,26
485,125,23,27
489,126,22,28
492,128,22,27
493,132,21,27
493,133,22,28
494,137,21,28
496,140,21,27
496,140,22,28
495,139,23,28
496,139,22,29
497,137,21,29
497,135,20,29
496,133,21,29
496,132,21,27
496,130,20,27
496,128,22,28
495,128,23,30
496,129,23,29
496,132,23,27
496,134,22,28
498,138,21,27
498,140,21,27
497,140,22,28
497,140,22,28
497,139,22,28
497,136,20,28
497,134,21,28
496,132,21,28
496,131,23,29
495,129,24,31
495,130,24,30
495,130,25,30
496,131,23,30
496,134,23,29
496,134,24,30
497,136,22,29
497,136,24,31
497,138,24,29
497,139,24,29
497,139,23,29
498,138,23,29
498,138,23,28
497,137,23,31
497,136,23,29
497,135,23,29
497,135,24,31
498,137,23,29
498,139,22,28
498,140,23,30
498,143,24,29
499,144,23,29
498,144,24,30
498,144,24,30
498,144,24,32
498,145,24,31
498,146,24,30
499,146,23,31
499,147,24,31
499,147,24,30
499,146,24,31
499,146,22,30
500,145,22,30
499,143,23,30
500,141,23,31
499,140,23,32
499,139,24,31
499,140,24,30
499,142,23,29
500,144,23,29
500,146,23,29
500,147,23,31
500,148,24,31
500,147,24,31
500,147,24,31
500,148,24,31
500,147,24,31
500,146,24,33
500,147,25,32
499,147,25,33
500,148,24,32
500,147,24,32
500,148,24,31
500,147,24,32
500,146,25,32
499,147,26,32
501,149,24,31
501,150,24,31
502,150,23,32
501,152,25,31
501,152,25,32
502,153,25,30
502,154,25,30
502,153,25,31
502,154,26,31
502,155,25,31
502,154,26,31
502,153,25,33
502,153,25,32
504,154,25,31
507,154,25,31
509,154,24,31
511,155,23,32
511,157,24,32
511,159,24,32
512,160,25,32
511,162,25,32
511,162,26,32
512,160,25,31
512,158,23,32
512,155,23,33
511,152,22,31
511,148,24,31
511,148,24,30
510,146,25,30
511,145,24,31
510,144,25,31
511,143,26,32
510,143,26,32
511,144,26,32
510,144,25,31
511,145,25,30
512,150,23,30
513,152,24,31
513,155,23,30
513,157,24,30
513,158,25,30
513,158,25,31
512,157,26,32
512,155,25,31
512,154,25,31
512,152,24,30
513,151,25,30
513,149,25,30
513,148,25,31
513,148,24,30
513,147,24,30
512,147,24,30
513,147,24,30
513,148,24,30
513,148,24,30
513,150,24,30
513,149,24,30
513,150,24,30
514,149,24,30
513,149,24,30
513,149,24,30
513,151,24,30
514,153,24,30
514,155,25,30
513,156,25,31
513,157,25,31
514,160,25,31
515,161,25,31
514,160,25,32
514,160,26,32
515,160,26,32
514,160,26,32
515,159,26,32
514,158,26,32
514,159,26,33
514,157,26,33
514,157,27,33
513,155,27,33
511,156,27,33
506,156,27,33
501,157,26,32
496,160,26,32
496,162,26,32
496,160,26,32
494,159,26,32
494,152,25,32
495,143,25,32
493,136,25,31
491,133,25,31
486,131,25,31
483,132,25,31
482,134,25,31
483,136,25,32
483,141,24,31
484,143,25,31
483,146,26,32
484,148,25,32
483,150,26,33
484,149,26,32
484,151,26,32
484,151,27,33
483,153,26,34
484,156,26,34
485,160,26,34
485,166,24,31
486,169,25,33
486,173,26,34
485,175,27,34
485,174,28,35
485,174,28,35
485,173,27,34
485,171,27,34
484,168,28,35
485,165,28,34
485,163,27,34
485,160,27,33
486,156,27,33
486,156,27,33
485,158,27,33
486,162,27,32
486,165,27,33
486,173,27,33
487,176,27,33
487,177,27,33
487,178,27,33
487,176,27,33
486,173,27,33
486,173,26,32
487,172,26,32
486,168,27,33
486,167,27,33
486,164,26,33
485,162,27,33
486,162,26,33
486,161,26,33
485,161,26,33
486,162,27,33
485,162,27,33
486,163,27,34
487,165,27,33
486,166,27,33
487,169,27,34
487,172,27,34
486,175,27,33
486,176,27,35
486,177,28,34
485,177,27,34
487,174,27,34
486,172,27,33
485,168,27,33
486,164,28,34
485,162,27,34
486,161,28,34
485,161,28,34
485,163,28,34
486,163,28,34
485,166,28,35
486,168,28,35
486,167,28,34
485,167,28,35
485,167,28,34
486,166,28,34
486,164,28,34
485,162,27,34
485,161,28,34
485,160,28,35
486,159,28,35
485,159,28,35
485,158,28,34
485,158,28,35
485,158,28,35
485,160,29,35
485,161,28,35
485,162,28,35
486,162,29,35
486,163,29,36
486,162,30,37
485,162,30,37
485,162,30,37
485,161,29,37
486,161,29,36
485,160,29,36
483,159,29,36
485,159,29,36
486,161,29,36
484,161,29,36
486,163,29,36
486,163,30,37
486,164,30,37
485,164,30,37
485,166,30,37
485,165,30,37
486,165,30,38
485,164,30,38
485,164,31,38
485,164,30,37
485,164,30,37
485,164,30,38
486,162,31,38
485,162,30,38
484,162,30,38
485,162,30,37
485,161,30,37
486,163,30,37
485,164,30,37
486,165,30,37
486,166,30,37
486,168,30,37
486,167,30,37
486,167,30,37
486,167,30,37
486,165,30,37
486,163,30,37
486,163,30,37
485,162,30,37
485,161,30,37
486,161,31,38
486,162,31,38
485,163,31,39
486,162,31,38
486,163,31,39
485,163,32,39
486,163,32,40
484,162,32,39
485,162,32,40
484,161,32,40
484,161,32,40
485,162,33,40
486,164,32,40
486,166,33,40
486,168,33,40
485,169,33,41
485,170,33,41
485,171,33,41
487,171,33,41
489,169,33,42
491,168,34,42
491,169,34,42
492,169,34,42
494,169,34,42
497,168,34,42
497,168,34,42
497,167,34,43
498,167,35,44
498,165,35,44
497,164,35,44
496,163,36,44
497,162,36,44
498,162,36,44
497,161,36,45
496,163,36,45
497,163,36,45
498,169,34,45
499,172,35,46
502,172,34,46
505,176,33,46
506,177,33,45
506,177,35,45
507,178,37,45
510,180,36,44
511,184,36,44
513,192,35,44
513,199,35,44
512,204,36,45
510,206,36,46
512,205,37,45
507,201,37,45
485,186,36,46
471,180,36,45
464,175,36,45
461,168,37,45
460,164,37,46
462,162,37,46
464,160,37,46
465,158,38,47
466,157,37,46
464,155,38,47
463,153,38,47
463,153,38,46
465,152,38,46
464,152,38,47
465,152,38,47
468,152,38,48
470,151,39,47
471,151,40,47
473,148,39,49
474,148,39,49
474,149,41,47
475,147,40,50
475,146,41,50
476,146,41,49
477,147,40,48
478,146,40,48
479,146,41,47
482,146,40,47
485,147,39,49
490,151,39,49
493,155,39,51
494,156,40,50
494,158,41,50
493,160,42,51
494,159,41,51
494,157,41,51
493,157,40,52
493,154,39,53
493,151,41,52
494,151,41,51
494,150,42,51
493,148,42,52
494,150,42,52
492,152,43,50
493,152,41,50
494,151,43,52
494,153,43,51
493,154,43,52
494,154,42,52
494,154,42,52
494,155,43,50
494,154,43,52
494,156,42,51
494,157,42,51
495,160,43,52
496,162,40,52
495,164,43,53
495,166,43,53
495,166,45,54
495,167,45,54
495,166,45,55
495,167,45,54
495,167,44,55
494,168,45,54
495,167,45,55
496,171,45,51
495,169,44,53
497,169,44,53
496,170,45,52
496,167,44,54
496,168,45,53
496,168,46,52
496,166,45,54
496,166,45,54
496,165,45,55
496,166,46,54
498,163,45,55
498,161,45,55
498,161,45,54
499,160,45,55
497,161,46,53
498,159,46,53
498,159,46,54
499,156,45,55
500,154,45,56
500,153,45,55
499,153,45,55
499,153,44,54
499,155,43,53
499,154,43,54
502,156,43,54
499,157,44,54
501,156,44,54
500,156,45,56
499,156,46,57
499,154,46,58
498,154,47,57
498,157,48,57
499,156,47,57
499,159,47,56
499,160,48,56
500,162,45,59
500,163,46,59
500,166,47,58
500,166,47,60
501,167,48,59
501,168,48,59
501,168,49,59
501,169,48,60
501,169,48,59
502,166,48,59
501,167,48,59
501,168,48,58
502,171,49,56
503,172,47,58
504,176,47,59
505,180,45,58
504,183,49,57
504,181,48,59
505,182,49,59
504,179,48,60
505,181,47,58
506,176,48,59
506,177,49,60
506,177,48,59
509,180,48,58
507,180,47,59
507,182,50,59
507,184,50,59
508,185,48,61
508,188,49,58
510,194,47,63
510,196,49,63
511,203,48,62
511,206,48,62
512,209,50,62
511,212,48,64
510,211,52,65
511,213,53,66
511,214,52,65
511,213,53,65
511,212,52,64
511,208,52,64
512,209,53,65
512,209,51,65
513,208,52,63
514,207,52,64
516,210,51,63
516,213,52,63
516,215,53,65
515,217,53,62
516,218,53,64
517,217,53,66
516,215,53,66
518,218,53,65
519,214,53,65
519,214,53,65
519,215,52,65
520,212,53,65
518,210,54,65
519,210,55,67
519,210,54,66
519,211,54,65
520,209,54,66
519,210,55,66
519,211,55,66
520,212,56,66
522,214,55,65
521,211,56,67
522,216,57,65
523,212,56,68
522,215,55,67
522,217,58,66
522,219,58,65
523,218,58,66
523,215,57,67
524,219,57,65
524,217,58,68
525,214,58,69
526,214,57,68
526,214,58,66
527,210,57,67
528,206,56,68
528,210,56,66
530,208,56,68
529,211,58,65
531,215,56,63
531,216,55,65
531,215,58,67
532,217,58,68
532,216,59,70
533,219,58,67
534,219,58,68
534,220,57,68
535,224,57,66
534,225,59,65
534,226,60,66
536,224,60,71
536,226,60,70
535,229,62,67
536,226,60,70
538,223,59,70
536,225,62,69
539,220,60,72
537,220,60,72
540,219,60,75
538,220,63,71
541,218,60,73
541,218,61,73
540,221,63,71
540,224,64,70
541,227,62,72
542,228,63,71
544,226,62,74
542,227,64,73
544,228,62,71
546,222,62,73
545,222,67,70
545,215,65,76
545,215,65,73
546,213,66,74
546,209,65,75
546,213,66,71
546,212,68,73
549,214,66,71
549,217,65,71
552,220,61,75
551,221,66,75
552,224,66,74
552,226,66,75
552,227,68,75
553,228,69,75
554,229,67,76
557,230,67,74
556,229,69,73
556,228,69,74
557,227,67,75
557,228,69,74
558,227,69,74
560,228,67,73
560,230,67,71
562,229,67,73
562,230,67,72
562,230,68,71
564,230,67,72
563,228,67,74
565,227,68,74
567,229,68,71
568,230,67,72
569,233,67,71
570,233,68,72
571,231,67,75
572,234,67,74
569,232,71,74
571,233,72,74
571,230,72,75
574,229,69,75
574,226,70,77
577,229,68,74
576,226,70,77
576,230,72,73
578,228,71,73
578,230,71,73
579,233,72,71
580,236,73,68
582,236,72,68
580,237,75,69
584,237,71,71
583,240,73,68
586,239,72,69
587,241,72,69
590,242,69,69
589,242,71,70
591,244,71,69
590,245,74,70
592,246,72,71
592,248,73,70
593,249,71,71
594,248,73,74
596,250,74,73
594,253,78,70
595,254,77,71
596,252,77,74
598,255,75,73
599,254,74,74
600,250,72,77
599,252,76,74
601,250,74,77
601,247,73,81
601,252,79,73
604,254,76,72
606,252,75,75
611,254,69,76
609,258,75,69
611,255,73,74
612,254,74,78
615,259,72,75
620,262,70,74
620,259,72,79
621,262,73,79
626,269,71,74
624,269,73,73
629,270,68,74
631,270,66,76
632,271,68,74
635,273,67,73
633,271,70,75
633,273,72,71
633,270,73,75
632,271,75,73
639,271,71,77
641,271,69,76
640,271,72,76
644,271,69,77
647,276,68,73
647,277,71,73
647,279,72,72
650,281,69,73
653,283,69,74
654,283,69,76
656,279,66,82
655,279,68,81
658,281,69,80
658,281,69,80
663,283,68,82
666,283,68,80
665,285,69,77
668,288,67,74
668,291,69,73
669,294,68,74
670,296,69,73
673,297,68,74
673,300,69,72
676,300,67,75
677,301,68,74
674,299,72,75
676,298,72,78
680,299,68,76
679,299,72,74
683,302,70,74
687,302,68,75
688,302,69,75
691,302,68,78
691,304,70,78
692,307,69,75
694,310,69,75
695,310,69,77
699,313,65,74
695,311,73,74
698,312,72,75
696,309,76,76
699,309,73,80
703,310,71,77
705,316,70,72
704,314,74,75
706,317,73,74
705,315,74,76
702,317,79,76
704,314,79,80
701,316,81,82
701,314,83,80
694,314,86,82
692,314,85,82
688,311,89,84
690,311,87,85
696,314,87,85
695,313,87,86
702,312,82,90
705,309,78,90
702,310,79,89
707,312,74,87
711,319,70,89
717,327,61,88
719,333,64,87
720,338,65,88
721,342,65,88
724,346,63,89
726,352,64,87
727,355,66,85
730,356,65,87
730,357,67,85
732,355,67,86
733,353,68,89
733,352,68,89
735,350,70,91
733,347,75,88
737,345,72,89
738,343,77,89
740,342,76,89
742,341,78,89
746,340,75,90
748,343,77,88
753,346,75,86
757,349,74,90
759,352,76,90
761,354,77,90
764,357,79,88
764,357,82,90
769,354,78,93
771,352,78,92
775,350,79,92
776,345,78,93
780,341,77,96
784,338,76,97
785,334,76,95
790,334,78,96
789,334,79,94
793,336,76,91
795,339,77,93
798,341,78,98
799,344,79,96
800,349,81,91
807,351,74,93
812,354,72,90
814,355,74,92
811,358,81,89
813,358,81,89
821,359,75,89
822,360,76,94
824,362,76,93
827,365,77,96
828,363,78,99
830,365,80,101
831,367,82,97
834,370,82,100
833,370,84,99
840,371,82,101
844,375,82,100
847,375,82,103
846,377,85,103
850,380,85,98
851,381,88,101
854,380,89,105
856,381,91,105
859,381,92,106
863,384,90,107
868,385,90,110
864,394,91,102
868,397,90,100
869,393,89,104
868,395,90,100
873,390,86,107
876,389,83,103
877,389,82,101
879,386,80,99
880,393,79,98
882,397,77,95
884,402,75,93
883,408,76,94
885,410,74,92
887,416,72,89
888,415,71,88
888,421,71,88
884,420,73,91
865,418,74,91
854,417,74,92
837,418,76,94
822,421,76,94
804,419,79,94
802,422,81,100
798,420,82,101
791,415,81,101
789,414,81,101
778,410,82,101
775,408,84,104
766,408,82,105
765,407,83,105
768,410,87,108
766,409,86,107
768,413,88,108
769,416,89,109
769,416,88,109
768,420,89,110
767,419,90,110
764,419,88,109
766,421,89,110
762,419,91,110
761,420,91,108
769,421,89,109
763,423,92,108
759,421,94,109
762,426,93,112
757,425,99,103
760,426,97,107
757,425,101,108
758,429,103,102
759,429,106,103
762,430,104,103
764,432,102,101
763,431,102,104
766,429,102,105
768,430,100,106
771,432,98,102
770,429,102,99
774,433,99,102
775,431,101,97
776,431,100,100
774,434,101,102
779,430,100,100
778,431,101,100
777,428,103,101
779,429,101,102
780,429,105,103
779,433,103,106
774,433,111,104
778,437,109,105
780,445,105,104
782,445,105,104
784,447,103,104
782,449,108,101
787,450,102,110
781,447,109,103
784,451,105,109
785,450,103,103
788,451,100,103
789,452,100,103
789,453,101,103
787,454,103,105
790,457,101,101
792,457,99,98
796,461,95,95
796,460,99,101
798,464,97,95
800,465,97,92
803,466,93,95
802,467,96,94
803,466,93,97
805,466,93,95
803,459,94,100
800,455,97,104
802,451,94,101
800,449,95,106
798,444,99,104
805,444,96,108
811,445,99,103
822,444,101,105
835,446,101,109
843,445,103,108
853,445,102,110
854,448,100,106
853,448,100,109
854,449,99,105
862,444,97,121
850,443,100,108
844,438,97,116
827,438,101,110
807,438,100,106
780,443,94,106
750,434,98,112
737,429,98,121
731,425,100,123
721,418,100,125
710,418,102,126
703,417,102,130
702,418,104,130
695,422,105,131
684,423,104,129
667,430,104,130
654,443,104,129
633,441,108,122
623,445,111,124
620,447,103,128
602,451,110,115
605,450,101,125
600,450,101,125
594,448,103,127
591,445,104,129
585,443,106,132
580,439,109,135
574,430,106,131
567,432,112,129
560,432,114,133
549,428,117,134
536,430,118,135
525,428,123,128
526,429,116,138
519,427,121,137
512,428,124,133
514,432,116,143
505,428,119,135
502,429,119,137
503,434,113,139
498,432,116,132
499,435,113,133
494,437,114,129
503,441,109,133
502,444,109,124
505,443,107,125
503,442,107,125
499,445,108,119
499,443,108,125
504,440,104,129
513,442,104,129
530,427,105,130
531,426,104,129
532,423,106,131
536,417,104,129
546,416,106,131
553,414,105,131
552,401,107,132
561,399,107,133
565,394,109,135
568,388,110,136
575,379,109,135
582,374,110,137
593,375,112,139
603,376,112,139
612,377,113,140
623,381,112,139
627,380,112,139
630,375,112,139
628,380,112,139
625,380,112,138
623,382,112,139
626,383,111,138
623,375,111,137
616,375,110,136
613,372,109,135
614,374,109,135
616,380,109,134
608,380,107,133
607,383,108,133
602,384,106,132
604,382,107,132
602,388,106,131
599,385,106,131
604,383,105,130
606,382,107,133
607,382,105,131
616,384,105,130
623,387,106,131
629,384,107,132
633,392,106,132
641,399,108,133
646,397,107,132
656,403,109,134
649,399,108,134
647,401,107,133
650,405,106,131
648,402,107,128
651,408,106,131
647,396,107,130
647,394,107,130
645,388,105,129
643,391,104,131
642,382,107,132
639,381,104,130
639,376,103,130
640,373,102,129
638,372,101,128
633,363,105,131
633,355,102,134
638,357,103,130
638,357,99,128
641,346,97,128
643,343,97,129
645,339,96,130
644,340,102,130
642,338,99,133
637,336,98,128
629,331,98,129
625,333,98,127
618,328,103,128
616,326,101,129
609,325,100,128
605,322,101,128
603,324,99,128
602,326,100,127
601,325,101,129
605,331,103,129
605,327,103,129
608,334,103,128
607,334,101,126
601,331,100,129
599,328,102,129
592,326,101,130
593,321,101,132
590,318,102,128
594,319,100,128
589,319,99,126
591,322,100,126
591,324,99,127
597,319,97,125
596,327,96,119
593,322,95,118
594,321,95,118
591,315,96,119
594,313,92,122
590,313,95,118
592,309,94,117
591,304,96,119
589,302,94,117
590,299,93,119
589,302,94,120
589,302,93,121
593,305,89,120
589,309,94,117
594,314,92,118
598,315,90,119
607,318,91,118
616,318,89,120
622,319,88,118
626,321,88,114
630,319,89,115
635,319,86,117
632,318,88,112
629,319,90,115
630,316,88,116
629,315,84,118
624,314,88,115
625,310,84,117
616,312,86,115
605,313,88,109
600,312,87,108
589,313,87,107
588,310,83,112
581,310,80,112
566,310,84,112
555,314,84,110
547,306,80,111
538,308,80,112
531,309,79,113
520,308,81,113
517,308,79,113
507,306,81,111
500,306,82,109
486,310,82,103
490,304,76,109
485,307,75,108
482,302,74,108
479,303,73,108
479,299,73,109
479,301,72,108
479,301,71,108
483,300,70,107
487,294,71,109
488,293,73,111
488,295,76,104
498,294,71,106
497,294,74,105
500,292,73,106
500,287,72,105
500,289,71,103
498,284,70,105
495,289,74,97
494,289,75,98
499,287,71,101
499,287,67,100
501,289,68,98
502,287,67,100
502,284,67,97
499,286,72,96
498,286,70,96
499,284,68,95
500,279,72,98
498,278,71,98
499,278,72,96
500,279,72,97
500,285,70,93
505,280,72,96
504,280,70,97
503,283,70,98
503,284,69,97
503,284,69,98
502,286,67,97
501,287,71,95
501,285,68,92
501,284,69,92
501,282,67,90
497,281,68,89
495,278,66,87
492,275,64,84
490,275,64,85
490,276,63,82
493,274,60,82
492,275,58,83
495,274,57,85
495,275,57,83
496,274,57,85
496,269,56,84
500,269,54,81
501,265,54,80
501,261,53,81
504,258,53,80
503,254,52,81
505,252,52,82
505,251,54,81
505,252,55,80
503,248,56,79
497,249,56,79
490,251,53,73
487,246,58,77
483,244,57,78
484,246,55,74
483,244,59,75
473,247,63,78
480,242,54,80
477,245,58,77
472,248,54,75
469,250,52,73
468,246,54,74
468,246,56,75
466,246,58,75
471,239,59,76
471,239,55,76
473,240,53,75
474,242,51,74
476,241,51,73
478,241,49,71
478,240,51,69
481,241,49,70
486,246,47,72
491,244,50,72
493,243,48,70
496,239,53,69
498,238,49,67
498,233,48,67
499,231,47,67
501,227,48,69
504,230,46,65
510,231,48,68
514,233,48,69
514,233,50,70
514,232,53,71
515,235,53,72
516,235,53,70
515,234,53,70
516,237,51,68
518,240,51,68
521,239,52,68
526,237,54,69
528,239,49,66
531,235,50,65
533,232,50,65
533,229,48,62
529,223,50,65
521,219,51,67
513,225,48,65
516,221,52,69
524,231,49,64
533,232,52,64
537,237,52,67
538,238,52,68
538,241,53,67
540,240,53,68
533,243,50,66
526,243,50,67
523,241,52,67
520,241,53,66
516,239,51,65
507,232,51,62
504,230,48,62
500,223,50,63
498,219,53,65
499,217,50,65
498,216,48,61
501,211,50,66
500,213,49,64
496,210,49,65
491,210,47,61
489,207,48,65
483,207,46,63
480,208,45,63
480,208,47,61
480,208,45,62
478,207,46,63
472,207,43,60
466,206,44,58
467,206,45,60
462,205,46,60
459,204,45,60
457,202,45,60
451,200,46,58
448,198,44,60
447,199,45,57
449,197,47,61
454,200,48,60
459,201,45,58
460,204,43,56
461,201,46,58
458,200,44,56
455,195,45,59
451,194,44,56
447,193,43,60
444,193,41,57
441,190,43,59
435,190,41,57
429,189,39,56
423,187,39,55
421,187,39,55
419,182,41,55
418,182,43,57
418,182,43,55
418,180,43,56
416,180,44,56
415,180,41,53
414,178,42,56
413,175,41,57
412,177,42,54
412,177,41,55
412,175,44,57
412,175,41,55
415,175,41,55
417,175,40,54
414,173,39,52
412,169,40,53
409,167,42,53
408,166,40,52
406,166,39,50
403,163,39,52
399,164,39,52
397,164,38,53
393,165,40,53
388,167,38,52
384,170,37,51
379,171,40,52
373,172,40,53
371,173,40,53
366,174,40,51
365,172,43,53
363,173,43,51
361,173,43,51
359,173,43,51
357,172,42,51
355,171,41,49
355,170,39,53
352,169,40,53
349,168,40,52
347,169,39,51
346,171,38,52
347,172,39,53
346,171,39,52
344,173,38,51
342,174,39,51
339,173,39,51
337,174,37,48
334,173,37,48
332,172,37,48
330,168,38,48
328,162,39,49
326,160,38,48
324,156,36,47
327,154,37,49
328,154,36,47
328,154,35,46
330,151,35,48
329,148,35,50
326,147,35,49
322,146,35,46
322,148,35,46
322,150,36,46
323,154,34,45
320,156,33,42
318,155,34,44
313,154,35,45
309,155,34,44
307,154,34,45
306,155,32,44
306,155,32,41
308,153,32,44
308,151,33,45
308,150,32,44
306,150,33,43
302,149,32,42
299,150,31,40
297,151,31,41
294,153,30,40
292,157,29,41
289,159,30,41
289,161,30,41
287,164,31,40
281,167,30,39
276,168,29,40
272,171,29,40
269,173,29,40
265,177,27,40
255,181,30,40
255,184,27,37
249,190,27,37
246,192,29,39
242,194,28,39
242,195,28,38
240,195,29,39
239,194,30,40
237,195,30,39
231,194,30,38
224,195,29,36
219,193,32,36
213,195,32,36
208,197,32,39
205,197,32,35
204,196,32,40
198,196,32,40
196,196,32,33
189,197,31,32
179,194,32,39
179,197,29,34
170,196,29,33
167,193,32,33
164,193,32,32
163,191,32,33
158,191,32,32
153,188,30,31
147,187,31,33
142,187,30,30
136,187,30,29
132,187,29,31
132,188,29,29
127,185,31,32
128,185,30,31
127,182,31,32
127,181,30,31
126,182,29,31
127,183,29,32
126,184,29,32
125,184,29,33
124,185,29,33
126,186,29,34
128,185,30,35
128,184,30,35
125,183,30,34
121,182,29,31
117,181,28,30
113,180,28,30
110,183,27,30
105,184,26,30
99,183,26,29
89,182,26,29
81,182,26,28
73,181,26,30
66,178,26,28
57,175,26,30
46,175,26,30
37,175,27,30
25,178,26,30
17,179,27,31
11,179,28,33
9,182,28,33
11,179,27,29
8,182,26,27
8,180,27,29
7,187,27,30
