827,228,100,234
821,222,102,240
804,226,104,240
801,230,106,235
788,233,108,231
773,238,104,220
757,238,109,216
749,235,108,218
735,237,109,213
711,236,108,210
704,240,102,210
697,241,101,207
686,240,99,204
679,243,96,200
666,239,96,201
658,238,91,198
652,241,88,192
646,243,89,192
638,241,92,194
627,240,90,194
614,223,100,234
602,243,93,175
596,244,92,188
581,242,94,184
559,245,101,186
551,244,100,186
543,248,97,178
532,255,96,169
523,257,96,168
503,260,92,174
492,254,94,181
481,255,97,181
470,255,93,183
460,249,95,185
443,257,92,183
433,267,89,177
425,257,88,175
420,260,89,182
411,270,91,171
401,271,90,173
391,266,93,180
381,260,92,181
376,264,92,182
367,258,92,185
352,258,91,190
345,258,90,180
338,268,94,175
330,261,91,174
329,259,87,174
320,259,86,173
313,260,86,171
308,264,88,165
303,264,87,168
295,265,87,165
287,265,85,169
282,265,85,170
278,269,86,166
278,276,86,170
273,266,83,169
271,274,85,170
270,269,85,177
270,279,86,173
267,281,86,175
263,275,88,171
265,278,85,168
262,275,80,162
262,272,82,176
264,275,80,158
264,272,80,154
264,273,77,151
266,273,77,162
271,274,76,163
273,274,77,151
271,279,74,152
271,288,75,148
273,290,71,147
275,292,72,145
276,293,71,149
277,296,73,150
282,282,70,155
281,290,76,158
279,288,74,158
281,284,70,149
274,281,78,171
277,279,78,158
279,287,72,148
277,289,73,154
277,283,72,154
277,288,72,150
274,283,74,160
278,293,73,159
279,295,72,151
279,297,70,146
279,295,69,147
274,286,77,165
264,281,82,191
264,291,76,160
262,293,75,157
261,287,76,167
256,276,82,192
261,286,75,161
261,288,79,172
257,286,79,174
262,282,79,175
256,277,83,193
266,292,73,149
261,277,81,185
261,273,84,196
263,278,81,186
268,284,79,172
273,285,78,163
278,287,75,150
276,278,82,171
276,275,82,187
278,271,83,189
281,272,83,187
284,277,81,173
282,269,83,187
283,278,85,187
286,277,85,199
292,284,83,187
289,265,87,204
290,276,88,207
295,270,87,204
295,268,87,204
300,277,87,203
299,276,84,197
302,277,84,185
304,278,83,184
301,276,84,197
308,292,81,171
305,284,84,198
313,287,81,175
314,277,85,199
329,296,74,154
336,303,78,160
340,298,82,185
346,301,79,173
355,297,82,185
359,290,83,195
369,282,83,194
372,285,83,194
375,286,82,193
380,286,83,194
383,288,82,192
389,296,79,181
389,294,79,185
386,292,79,185
382,291,79,185
382,257,79,185
386,287,78,183
431,362,77,181
472,394,77,181
558,333,77,180
638,282,76,177
626,295,76,177
634,286,76,177
638,293,76,177
669,297,75,175
771,284,74,156
781,290,82,153
769,288,76,146
760,285,78,154
753,290,77,149
742,294,73,147
724,290,74,140
710,289,79,138
693,275,75,176
718,280,78,153
664,285,84,155
626,303,75,159
620,308,76,177
625,306,75,175
616,317,74,174
607,322,69,138
596,305,72,146
583,310,73,138
569,307,76,148
556,316,77,139
542,320,81,141
511,328,72,135
503,317,77,169
502,311,75,176
511,313,72,138
510,312,72,143
506,315,67,132
497,313,69,140
491,322,72,124
483,325,75,125
474,326,75,126
463,323,74,136
459,326,74,131
458,322,76,130
455,324,77,126
451,314,74,146
451,325,73,127
448,334,69,130
440,320,70,164
440,327,72,147
439,321,71,153
439,322,70,154
435,320,70,155
437,328,67,142
437,334,67,132
433,331,67,134
431,334,66,133
431,338,66,124
432,339,67,126
430,336,69,137
436,345,68,119
434,345,69,127
436,344,68,124
437,342,68,132
438,345,67,131
439,335,66,138
446,340,66,131
443,337,64,137
449,338,64,122
450,343,65,116
450,344,65,114
444,340,64,134
451,347,63,111
449,344,63,125
450,346,64,116
450,346,62,122
453,349,61,110
453,347,62,109
453,350,62,107
453,351,61,108
453,348,63,106
453,350,63,107
455,351,61,104
456,351,58,104
456,351,60,105
456,352,59,103
457,353,57,100
456,353,58,102
456,354,58,100
457,352,56,100
457,352,58,98
457,348,56,99
460,349,58,97
461,347,59,94
460,350,61,93
459,345,58,95
456,347,59,98
458,347,57,96
458,350,56,92
456,347,55,92
458,346,56,90
459,342,54,91
461,344,54,92
458,345,52,93
458,346,54,93
459,347,52,91
457,346,51,88
455,344,52,90
458,342,51,91
462,340,49,92
468,339,48,91
473,333,48,113
452,328,48,111
445,335,48,113
425,338,48,111
399,352,48,112
305,354,53,89
281,349,55,94
279,351,54,93
278,350,57,95
279,347,57,95
279,347,58,94
280,341,56,94
281,343,55,95
281,340,54,97
280,337,54,97
276,336,54,99
264,339,54,96
258,339,55,98
252,341,56,97
251,336,55,101
246,342,57,98
242,340,57,97
240,341,55,97
239,335,54,99
239,339,55,96
235,342,54,95
231,336,54,97
228,339,53,96
224,340,54,95
223,333,52,99
221,335,51,97
218,335,51,97
217,332,53,99
218,333,52,98
217,332,53,98
219,333,52,96
222,331,52,96
221,324,53,98
220,324,55,98
220,324,54,99
218,322,53,99
218,320,52,101
218,320,52,99
218,324,54,99
219,322,52,99
220,325,52,101
222,323,53,102
223,324,52,99
222,322,51,100
224,324,51,101
227,326,54,99
228,327,53,99
231,322,51,100
231,320,52,100
232,321,52,101
232,320,53,102
225,319,54,103
222,319,53,103
216,320,54,104
210,318,56,106
204,324,55,104
196,322,55,103
193,321,56,104
190,320,55,104
185,323,55,101
181,324,55,103
177,319,55,103
171,320,56,103
166,324,55,102
162,323,53,102
160,322,55,102
154,328,55,100
151,330,54,99
148,328,55,101
147,328,53,100
144,334,54,98
139,332,53,99
137,331,52,100
133,330,51,101
131,331,51,98
127,330,52,100
122,325,51,102
120,328,50,100
118,325,50,100
116,328,51,100
113,326,51,103
109,324,49,102
105,325,50,104
