2,355,45,67
15,356,46,65
29,352,45,67
0,353,44,56
4,352,46,54
17,349,51,57
31,347,48,64
41,351,50,62
51,352,51,60
57,353,53,63
73,351,47,70
117,357,47,70
115,357,48,71
100,350,47,70
136,355,47,70
128,350,47,70
127,352,47,71
132,356,49,64
140,349,48,71
146,348,49,68
156,347,48,72
160,342,47,71
180,346,47,69
193,351,47,69
225,349,47,70
237,349,48,66
247,351,50,65
256,356,51,57
247,349,50,66
268,354,52,61
248,351,52,63
252,352,52,63
257,353,52,65
265,357,52,62
273,355,51,66
282,352,50,70
281,355,55,64
285,352,52,67
287,355,55,64
294,350,51,72
292,356,54,60
304,349,51,73
308,350,50,75
312,349,50,74
321,347,50,74
314,349,49,74
342,363,51,64
343,353,49,72
351,349,49,74
358,350,49,74
364,352,49,73
370,357,48,72
383,353,49,73
388,357,48,72
392,355,49,72
409,364,51,66
413,361,52,70
413,363,54,68
418,363,55,68
419,360,53,71
424,358,53,74
424,356,52,75
428,359,54,70
434,365,58,62
439,363,56,67
445,365,58,66
447,365,56,67
450,369,55,65
454,370,55,64
464,363,54,72
456,366,55,66
459,364,54,69
460,363,54,69
463,364,54,66
486,361,52,77
481,361,52,78
497,367,53,78
497,368,52,77
494,366,52,77
492,369,54,70
486,367,54,70
490,367,51,76
488,363,51,76
486,364,52,75
485,364,52,75
479,366,57,70
480,365,56,72
481,365,57,73
484,370,57,72
482,370,57,72
481,368,55,72
484,371,55,70
482,369,57,68
485,366,52,74
482,371,56,66
478,373,56,62
475,372,54,64
463,368,54,70
455,372,50,75
450,366,50,75
443,361,51,76
437,368,50,75
438,363,49,73
435,361,49,74
452,363,49,73
479,365,50,69
482,365,48,72
478,370,49,64
480,370,49,62
480,369,49,63
481,370,49,62
481,369,50,64
482,370,51,64
481,370,52,64
481,369,52,65
480,372,52,61
478,369,54,64
478,370,52,67
478,372,52,67
477,369,53,71
474,367,53,71
469,365,52,70
469,366,50,71
462,371,55,62
468,366,50,71
465,368,52,69
461,376,56,62
463,371,51,71
458,377,53,67
463,374,49,73
460,380,52,63
461,376,52,68
466,374,50,71
465,370,49,73
464,371,48,72
464,372,49,70
466,369,50,71
464,372,50,71
463,374,52,68
463,372,51,72
460,375,54,68
459,374,52,69
456,375,54,68
461,373,49,74
457,376,52,69
458,372,51,71
460,374,50,71
463,371,49,70
462,373,51,68
464,369,48,71
465,369,48,72
466,367,48,72
471,368,48,71
472,367,48,72
476,372,47,70
476,378,47,67
477,380,47,66
477,381,46,68
478,380,46,68
481,380,45,68
480,379,46,68
479,378,46,69
473,377,46,69
472,380,46,69
471,378,47,71
470,379,49,70
470,377,48,71
467,372,49,73
461,372,49,74
457,371,50,74
453,372,50,75
446,377,54,66
443,374,54,69
438,373,54,67
433,374,54,66
427,375,55,64
422,372,56,67
420,373,58,65
420,369,57,67
416,364,55,73
413,366,55,68
415,367,54,67
412,368,54,66
412,367,56,71
415,362,53,77
414,362,54,78
413,363,54,81
415,362,54,80
414,360,54,80
415,363,54,77
412,363,56,76
411,360,53,79
410,363,53,79
408,364,56,75
401,365,58,72
399,365,58,72
395,364,56,73
395,360,55,81
388,365,60,75
388,356,56,80
385,363,58,74
382,365,59,71
384,360,55,78
377,365,57,73
374,369,58,67
370,371,58,67
366,369,56,69
364,367,54,69
360,371,55,68
359,368,54,71
356,368,52,66
354,366,52,68
351,367,53,67
348,365,51,68
347,356,51,77
326,361,51,76
299,355,52,78
297,355,52,77
262,352,52,77
278,358,51,76
299,362,51,76
299,361,51,76
300,364,51,75
309,355,50,75
337,364,50,75
339,364,51,76
348,366,51,76
347,362,51,76
351,372,52,77
357,348,52,78
362,344,52,78
349,343,52,77
355,347,52,78
359,366,52,77
383,352,52,77
369,372,51,76
386,374,51,75
409,367,51,76
405,359,51,76
424,345,50,74
436,357,49,73
416,349,49,73
413,376,49,73
414,376,48,72
420,374,49,73
433,378,49,72
433,377,48,72
441,379,48,71
449,385,47,71
456,383,47,70
476,378,48,71
475,377,48,71
477,374,49,73
472,376,50,66
478,375,49,69
481,374,49,69
484,376,50,69
488,373,50,74
490,371,50,74
490,376,49,73
489,372,49,72
491,374,48,72
493,373,48,72
486,373,48,72
486,363,48,72
506,361,47,70
519,372,45,71
517,370,48,72
515,372,49,72
515,370,48,71
513,377,48,67
513,376,48,68
509,379,53,61
509,378,52,63
510,377,53,64
514,372,49,73
512,372,52,69
511,371,54,68
509,372,54,65
512,372,54,66
509,371,55,65
509,369,54,68
511,370,54,65
510,372,55,66
512,369,51,72
511,369,51,74
512,367,50,75
515,366,51,73
516,367,52,72
519,368,52,73
523,370,52,69
524,373,54,66
532,370,50,72
537,366,50,75
542,366,51,76
545,365,51,76
552,367,50,75
559,365,51,76
562,366,52,77
562,372,59,70
567,368,56,75
570,369,58,72
574,364,56,76
576,364,56,79
578,358,54,80
581,361,54,81
579,369,57,75
583,371,57,77
586,370,56,78
588,375,57,74
592,373,58,77
594,373,55,81
599,373,55,80
606,371,55,82
607,374,55,82
607,371,56,83
610,370,57,84
621,372,57,84
617,369,57,84
620,373,55,82
626,373,57,80
629,375,57,80
633,374,56,84
632,372,56,84
634,377,57,81
635,374,56,81
637,373,55,82
635,372,56,83
632,380,58,78
631,381,58,79
632,376,56,83
629,380,54,81
628,381,53,79
622,378,52,78
619,382,56,73
623,380,52,77
622,385,54,73
623,382,52,78
618,385,52,75
616,380,54,73
613,379,51,76
609,375,54,73
608,377,56,74
609,373,55,79
610,370,54,79
612,372,56,77
614,372,55,80
614,377,55,80
613,380,57,78
611,383,58,76
611,373,56,83
603,378,61,75
597,377,58,75
587,377,61,75
582,379,62,73
577,377,59,76
570,380,63,73
562,381,63,71
557,387,61,64
551,383,64,68
546,381,65,66
544,374,59,78
535,380,63,69
530,377,62,77
524,382,64,69
516,378,62,72
512,384,60,66
503,376,64,71
497,374,65,76
488,375,66,72
482,376,63,70
474,377,64,72
467,375,65,75
459,374,67,79
446,375,70,71
438,371,67,76
428,370,66,74
421,369,63,79
413,369,63,80
405,367,61,83
399,361,59,88
387,367,61,83
370,371,64,76
365,360,61,83
365,351,59,88
349,354,60,81
354,358,60,77
356,357,59,86
360,355,60,83
358,357,60,82
358,356,62,82
357,356,61,84
363,356,61,83
365,356,61,85
370,357,60,85
372,358,62,83
374,360,61,83
376,360,62,84
380,358,63,85
380,355,69,88
387,353,68,88
393,355,66,84
397,357,67,84
401,357,67,84
407,358,64,84
412,359,65,84
417,360,65,82
423,359,66,85
425,358,68,85
431,360,64,82
433,358,66,86
438,360,66,84
442,361,68,84
450,359,67,85
456,360,67,86
464,362,64,87
469,363,67,84
476,365,65,87
480,363,69,86
489,367,66,86
494,367,67,85
499,368,65,85
504,366,68,84
516,368,66,83
524,368,66,88
535,367,68,87
547,372,65,83
557,372,67,86
566,372,66,86
576,376,65,85
583,375,66,86
592,377,67,86
601,379,66,87
606,380,68,85
612,381,68,88
619,382,69,88
624,382,71,91
635,386,69,89
642,384,72,91
655,387,69,90
662,387,69,89
670,389,69,90
676,389,70,91
681,390,70,90
685,391,69,92
685,390,70,93
679,392,72,90
673,390,73,93
672,392,71,90
669,390,72,90
668,387,72,92
663,387,73,87
659,387,73,87
665,384,70,95
657,388,70,85
659,390,67,86
661,386,67,90
658,388,66,87
656,386,67,87
655,385,67,89
653,382,70,91
656,381,68,94
651,382,70,87
655,384,68,89
656,385,67,90
655,385,68,89
655,383,69,95
658,379,69,98
657,383,68,94
655,382,67,93
655,383,66,92
656,384,67,92
655,384,68,91
654,382,67,93
653,382,68,94
652,380,66,96
648,378,66,97
647,380,69,96
645,380,67,96
641,379,73,97
641,377,70,97
637,377,71,97
635,379,71,95
631,377,72,98
629,376,75,95
629,377,70,94
629,376,68,98
625,376,70,96
622,375,73,99
622,376,70,95
619,373,73,96
619,375,72,95
615,373,72,95
614,375,70,94
612,375,72,95
609,379,70,91
606,375,70,94
601,377,74,93
598,374,69,94
594,373,68,98
592,371,71,99
588,367,68,101
587,367,69,94
584,367,70,91
582,366,69,94
578,371,66,92
577,370,66,94
574,373,67,91
575,372,67,96
570,374,68,94
565,372,68,94
561,370,66,95
559,370,63,93
556,366,65,95
550,364,64,99
545,363,65,100
539,365,66,96
531,360,63,103
526,363,67,98
520,362,67,100
521,360,69,101
516,360,69,100
509,360,69,100
507,361,67,95
499,362,69,95
497,360,68,94
496,361,68,93
498,361,68,98
495,361,65,94
491,362,66,94
485,364,65,91
485,365,60,91
484,364,64,92
484,367,67,98
478,366,64,94
483,365,66,97
482,363,66,98
478,363,63,94
477,367,63,89
476,365,66,93
474,363,70,97
477,365,71,98
482,363,71,102
476,364,74,94
479,365,73,95
482,364,68,101
477,361,68,101
476,364,69,91
478,364,69,91
477,359,68,95
476,360,65,92
479,361,65,92
480,363,63,91
480,361,64,94
479,358,65,93
479,357,67,94
480,360,67,93
484,359,68,99
481,361,69,100
479,360,72,97
487,360,69,100
482,360,70,94
484,362,68,97
486,362,69,97
487,365,68,93
488,358,68,96
493,365,69,90
493,362,67,92
499,364,66,93
506,357,70,104
505,367,67,88
510,366,65,88
514,365,64,90
516,365,63,86
520,366,64,85
528,355,70,101
524,365,63,91
523,366,65,88
523,369,63,84
530,364,67,93
525,368,66,87
525,365,66,86
524,364,67,89
524,366,65,91
527,361,68,99
528,361,70,99
528,366,64,89
528,365,67,89
530,366,65,88
536,364,67,95
531,367,65,89
536,362,67,94
538,359,69,99
539,360,64,92
543,359,63,91
546,361,62,86
548,363,59,85
549,362,64,85
553,362,66,88
551,368,64,80
552,367,63,84
555,369,60,81
558,370,62,83
558,371,62,83
560,371,61,81
561,370,61,85
562,371,61,84
562,369,61,84
566,370,62,84
568,370,62,85
577,362,66,98
577,367,66,99
581,367,66,99
572,370,66,83
578,373,65,83
584,371,66,90
589,365,68,97
596,363,68,101
592,367,67,92
598,361,68,101
596,369,65,91
597,368,64,86
599,374,64,85
606,370,65,92
611,369,65,96
609,373,64,92
607,375,64,86
605,380,63,78
603,382,61,75
606,381,60,78
607,379,61,78
610,377,62,84
614,378,59,82
615,377,62,79
623,376,61,83
628,376,61,88
627,379,58,80
633,383,58,81
634,379,61,86
634,383,60,76
633,382,62,77
634,381,62,79
634,373,62,89
627,373,62,89
623,375,61,81
620,375,62,72
625,372,63,80
631,371,62,88
630,372,62,85
631,368,62,93
632,372,63,94
634,369,64,95
637,369,63,94
635,368,64,87
633,371,63,79
638,363,64,91
636,366,63,86
644,361,65,97
645,365,63,92
642,369,60,76
646,368,64,85
650,366,64,88
647,371,65,79
657,364,64,91
659,367,64,88
661,369,63,82
673,363,65,96
673,366,64,91
679,369,64,95
684,371,62,82
690,371,63,85
696,371,63,91
695,377,62,73
699,379,62,73
703,380,62,73
709,381,62,71
715,381,61,70
717,380,61,74
721,378,60,78
724,376,61,84
724,380,61,71
728,382,59,72
737,375,61,90
739,375,60,90
731,386,63,68
733,386,65,71
740,386,64,70
745,390,64,68
748,390,64,71
753,393,65,71
756,393,62,72
759,393,65,74
761,393,61,75
763,392,61,74
767,394,63,74
777,394,64,72
782,396,61,72
787,394,64,72
791,392,63,78
794,394,66,74
798,398,65,72
801,397,63,71
803,397,63,74
804,398,63,75
807,400,62,72
807,398,64,74
816,401,61,73
821,398,60,76
824,400,63,73
830,399,63,75
833,400,64,72
844,397,61,79
847,400,61,72
855,398,60,77
865,396,61,88
864,402,61,74
873,400,61,78
879,400,59,77
879,402,60,71
886,407,62,68
887,408,62,68
892,412,60,66
899,403,58,81
896,411,57,68
902,404,55,78
905,403,54,80
897,416,53,61
899,416,52,59
902,416,50,60
904,415,49,63
906,414,48,63
908,411,47,63
911,410,46,65
912,410,46,66
914,409,45,67
909,415,45,60
916,413,43,64
917,417,42,62
919,418,40,60
920,420,39,58
919,421,39,54
921,418,38,56
922,417,37,55
923,419,36,53
924,419,35,52
925,419,34,51
925,420,34,51
925,422,34,48
926,422,33,45
927,423,33,44
927,422,32,48
926,422,33,49
926,419,33,49
925,422,33,44
905,406,32,48
919,415,32,47
928,424,31,46
928,426,30,45
921,425,30,45
926,426,30,45
894,415,30,45
852,412,31,46
829,413,30,45
831,417,30,42
832,416,29,43
835,417,29,42
849,407,32,47
856,408,32,46
848,416,32,46
859,409,33,49
857,415,32,47
863,415,33,49
866,413,32,49
871,411,33,49
872,417,33,49
874,418,33,50
875,418,32,48
881,416,34,49
891,412,34,51
886,416,34,50
890,417,34,51
892,415,34,51
889,415,34,51
897,408,35,52
891,416,34,51
893,419,35,50
893,420,34,50
897,419,35,51
901,421,35,51
901,420,35,52
903,420,35,51
904,421,35,50
910,420,36,49
912,417,35,50
892,418,33,52
891,419,33,51
889,418,33,51
887,417,35,53
885,417,35,51
884,415,35,52
884,416,35,51
881,416,35,52
881,418,38,50
883,418,37,52
890,418,36,53
905,418,36,54
899,420,36,51
891,418,37,53
898,414,37,54
911,417,37,54
908,418,39,54
910,415,39,57
905,417,40,57
906,414,40,58
908,416,39,58
905,416,38,57
908,417,38,57
906,416,38,56
908,412,41,57
906,411,40,58
912,410,40,60
911,409,41,59
910,411,38,57
910,412,38,55
912,410,40,58
915,410,41,59
914,412,40,58
915,412,41,59
915,412,42,59
915,412,42,59
915,409,44,66
913,409,45,62
913,407,45,67
915,405,44,66
912,402,45,67
911,401,47,68
896,402,48,68
887,404,49,69
885,403,49,68
888,403,48,69
887,404,50,67
900,404,50,67
899,408,48,72
901,408,48,72
901,408,48,70
907,407,49,71
904,406,51,70
899,406,53,75
898,405,55,73
900,405,54,76
899,401,53,76
901,405,52,74
899,404,53,72
899,404,55,72
901,403,54,78
896,406,55,74
894,406,53,75
894,408,55,72
895,405,53,79
892,406,54,80
888,405,54,77
893,407,55,79
879,401,56,78
875,396,55,82
875,396,56,82
872,397,56,81
876,399,57,80
873,400,55,77
872,399,55,78
875,400,55,77
879,401,57,76
881,401,57,78
880,404,53,76
881,395,53,83
891,394,58,88
899,398,59,82
896,398,64,85
897,397,63,85
897,394,62,92
892,396,62,88
893,395,63,90
895,394,64,93
891,395,65,89
892,395,65,89
892,394,63,91
892,397,63,88
892,395,64,89
894,388,64,92
886,393,63,90
887,390,63,93
885,393,62,93
887,388,64,96
886,389,65,96
882,393,66,93
864,390,68,90
869,391,68,88
848,390,71,84
846,393,70,82
842,393,69,83
854,394,67,84
858,392,64,84
869,389,64,88
867,388,65,86
878,392,68,84
883,394,71,81
878,393,73,86
871,392,69,90
869,393,67,93
871,389,72,95
874,390,75,94
872,387,72,93
862,384,70,94
861,383,72,90
882,386,74,90
883,385,74,87
884,383,74,91
885,382,75,95
887,383,72,98
889,382,69,96
888,386,66,94
880,385,67,91
874,380,67,97
867,383,68,94
859,383,67,88
846,384,73,82
838,383,71,86
831,384,69,84
827,380,67,90
818,383,67,78
813,380,66,82
809,379,67,83
810,378,65,83
812,379,64,81
813,377,63,78
815,372,64,84
823,372,66,84
827,373,68,84
834,375,67,82
842,377,64,83
851,379,63,80
855,378,65,81
861,379,67,79
861,380,68,78
857,376,65,79
850,372,63,77
846,373,61,79
838,370,62,77
834,368,61,81
827,367,59,82
816,365,60,82
803,362,62,82
794,357,60,81
784,360,60,79
772,356,59,78
759,356,60,78
750,362,58,75
735,359,61,74
727,358,60,76
723,361,57,72
713,357,60,75
706,355,60,75
704,356,59,75
701,357,58,74
699,359,57,72
695,357,56,73
694,357,56,73
691,354,52,75
689,352,54,78
686,353,55,76
683,352,52,75
681,353,52,78
681,354,53,77
679,356,53,76
678,358,54,74
672,357,54,75
673,357,57,76
673,357,56,76
675,359,56,77
678,359,57,79
683,360,56,78
685,355,55,78
687,354,56,80
688,352,57,80
689,354,55,83
679,359,58,79
689,356,57,84
695,353,58,86
699,355,58,86
698,357,58,84
697,359,56,80
696,353,58,86
693,357,59,80
688,354,58,82
681,353,60,81
683,354,58,80
680,353,63,86
677,350,62,87
670,350,63,81
661,352,62,81
654,351,62,82
645,352,65,78
631,347,65,82
627,351,63,81
629,350,62,86
620,349,60,85
612,348,60,79
606,348,57,77
601,349,57,79
597,352,55,75
593,353,57,76
569,350,60,74
573,349,60,79
572,350,61,76
