31,143,29,71
31,142,29,72
30,143,29,71
31,143,29,73
30,143,30,74
31,142,30,75
32,143,29,75
32,143,28,75
33,142,28,75
32,142,30,76
33,141,31,76
33,141,30,76
33,141,29,74
33,140,29,74
34,139,29,75
34,139,30,73
35,140,30,73
35,138,30,75
36,136,30,75
36,133,30,75
36,131,31,74
36,134,31,75
36,134,32,75
36,135,32,74
38,138,31,73
38,135,32,74
39,135,32,74
39,136,32,73
40,137,32,73
41,137,32,72
41,134,32,79
43,134,33,73
43,134,32,73
45,134,32,74
46,133,31,73
50,136,29,72
54,137,30,70
57,137,30,73
56,138,31,76
58,136,32,75
57,135,32,74
58,134,32,73
60,133,31,74
61,134,31,74
61,136,31,76
59,139,31,74
59,143,31,72
62,143,31,74
67,146,32,79
62,147,32,77
69,149,31,75
73,155,30,74
72,151,30,74
61,155,31,75
79,152,31,76
82,152,30,74
85,145,30,74
110,147,31,76
123,147,31,76
144,150,32,78
144,150,32,77
122,144,31,76
121,144,31,76
140,148,31,76
121,147,31,75
159,147,31,75
151,149,31,75
152,145,31,76
148,147,31,76
153,149,31,76
154,146,31,77
163,148,31,75
156,144,31,76
162,147,31,76
171,141,32,78
168,139,31,77
162,143,31,76
176,134,31,77
174,138,31,76
149,143,31,76
149,146,30,74
140,144,30,74
142,141,30,75
152,146,30,74
163,146,29,72
188,147,30,72
173,148,29,72
174,146,29,72
190,151,30,68
193,151,27,69
192,157,28,68
193,153,28,68
192,156,28,68
193,153,27,67
193,157,26,65
193,159,26,67
192,157,27,66
191,157,27,66
191,154,27,66
188,152,27,66
186,146,28,68
186,147,28,67
186,148,27,66
193,146,26,67
194,149,27,65
202,147,28,66
192,151,26,63
192,153,25,62
191,153,24,65
192,151,24,66
193,150,24,65
194,152,24,62
193,153,25,62
193,152,25,64
194,151,25,63
194,153,24,62
194,151,25,64
195,150,24,63
194,150,26,64
194,149,26,64
195,147,24,64
195,147,25,63
195,146,25,64
196,145,25,65
196,148,24,62
197,149,24,64
197,148,25,62
197,149,24,62
197,153,25,60
197,150,24,61
198,154,24,61
198,152,23,63
199,153,23,62
199,153,24,60
199,154,24,60
200,154,22,61
200,154,22,60
200,152,22,60
201,153,23,58
200,153,22,58
200,154,22,58
200,153,21,57
200,153,21,57
199,155,21,58
201,157,22,55
199,157,23,56
197,153,23,57
197,154,23,56
197,153,23,56
194,157,23,56
193,161,23,57
193,162,23,57
192,163,23,57
191,156,24,58
190,160,24,58
189,161,25,58
188,160,25,56
189,155,24,59
189,154,24,59
189,155,23,59
189,158,24,59
187,158,25,59
187,157,24,61
185,159,25,57
185,157,25,56
184,159,24,56
183,158,24,56
182,159,25,54
182,156,25,58
181,155,24,58
181,157,24,57
180,155,25,61
180,155,24,59
179,153,24,61
178,153,24,61
177,155,24,60
177,154,24,60
177,154,25,60
177,151,25,64
176,154,25,59
177,155,26,61
175,155,26,59
175,157,26,58
175,157,25,58
174,157,25,58
174,160,24,60
173,158,24,60
174,157,24,60
173,157,24,58
172,158,24,58
170,158,24,59
171,157,24,59
171,156,24,59
169,155,24,59
168,155,24,58
167,156,24,58
166,156,24,58
165,155,24,59
164,156,24,58
163,158,24,58
163,161,24,58
164,160,23,57
163,160,24,58
163,161,23,57
163,160,24,58
164,160,23,56
164,159,23,55
162,160,23,55
163,161,23,56
162,160,23,56
160,159,23,57
159,163,22,56
159,163,23,56
159,164,23,55
158,164,23,53
158,163,23,53
158,164,23,53
159,163,23,56
159,160,23,55
159,160,23,56
159,161,23,53
158,162,24,55
158,162,23,52
158,161,23,54
158,162,24,55
159,161,23,55
159,161,22,55
158,162,22,54
159,162,21,54
158,162,22,56
159,165,21,55
159,166,21,52
158,165,21,53
158,164,22,54
159,163,22,53
159,161,21,54
159,159,21,54
158,157,21,55
157,157,21,55
157,156,20,54
157,156,20,53
157,155,20,54
157,155,20,54
156,155,21,52
155,154,21,54
156,157,21,51
154,157,21,51
154,158,21,50
154,157,21,48
156,157,22,54
156,153,21,51
156,155,21,50
159,156,19,49
157,157,22,53
157,159,22,53
158,159,21,51
155,158,21,52
153,157,21,52
151,156,22,53
150,155,22,53
150,157,22,53
149,155,22,53
151,158,19,47
152,157,18,45
154,157,18,47
154,156,18,46
156,158,19,44
154,159,19,44
155,161,19,44
153,162,19,45
153,160,20,44
153,161,19,44
154,160,19,43
154,160,19,43
153,159,19,43
152,156,20,45
149,155,21,49
153,157,20,47
150,156,21,48
151,156,21,49
150,155,21,50
149,154,21,49
149,156,21,50
149,155,21,51
148,156,21,51
149,156,21,49
149,156,20,51
148,157,20,49
148,156,21,51
149,157,20,51
130,169,21,52
128,168,22,53
127,167,22,54
126,167,21,53
126,167,22,53
126,169,22,53
126,167,21,54
125,168,21,52
126,167,21,52
125,169,21,53
125,169,21,52
125,166,20,53
123,169,21,53
124,168,21,52
123,170,22,53
123,170,21,51
123,167,22,51
125,164,21,52
124,165,21,52
122,167,21,50
124,162,21,52
125,164,21,52
123,163,21,51
122,165,21,51
123,164,21,52
120,164,22,53
118,165,23,51
116,167,24,48
115,167,23,49
115,166,22,52
114,167,23,50
116,164,23,52
116,165,22,55
116,165,22,54
116,165,22,54
116,166,23,55
116,165,22,55
115,165,23,55
115,164,23,56
115,165,23,56
116,165,23,56
114,166,23,55
114,166,23,57
114,165,23,57
114,165,24,55
114,165,24,54
114,167,24,51
113,164,23,52
112,165,23,53
111,165,22,55
111,164,21,56
111,164,20,56
109,164,21,55
108,163,20,57
107,162,21,59
106,159,22,60
106,159,22,60
106,159,21,58
106,158,20,58
106,159,20,57
106,159,21,55
101,169,24,56
99,171,23,54
98,171,24,54
98,171,23,54
99,168,23,54
99,167,22,54
98,165,22,54
98,164,22,53
98,163,22,52
97,164,22,53
96,166,22,51
93,169,22,53
93,166,22,52
92,166,22,51
91,167,22,50
91,167,22,49
89,166,23,51
89,167,23,51
87,169,24,50
86,172,23,55
86,170,23,52
87,169,23,51
86,169,22,51
85,167,22,51
85,170,22,51
84,170,21,52
83,171,21,51
81,172,22,53
81,171,22,53
80,171,22,52
78,172,22,52
77,172,22,53
76,173,21,51
75,174,22,52
73,173,21,51
73,170,21,51
71,170,22,51
71,169,22,50
71,169,21,48
71,167,22,47
70,168,21,45
69,169,22,44
69,170,21,43
69,170,20,42
68,170,21,42
69,171,20,42
66,175,19,46
65,175,19,47
66,173,19,47
67,172,20,43
68,173,19,46
67,173,19,47
67,174,20,47
67,177,20,49
67,176,20,48
67,180,20,47
67,182,20,46
70,185,20,44
73,188,20,45
76,191,20,44
77,192,19,44
77,190,20,47
76,194,20,43
75,195,21,43
74,197,20,43
74,197,19,43
72,198,19,44
72,198,19,42
72,198,18,41
69,198,18,42
69,199,18,41
67,200,18,42
67,197,17,44
65,193,18,43
65,190,17,42
64,189,18,40
62,187,19,42
62,189,19,42
61,191,20,43
60,193,19,45
60,197,20,42
60,200,20,41
59,200,20,40
60,202,19,39
59,202,19,40
60,202,18,41
59,200,18,42
59,201,19,41
58,199,18,40
58,200,18,41
57,202,18,42
57,203,18,41
56,205,19,41
57,203,18,42
56,202,18,44
55,202,19,43
55,200,18,43
54,201,19,43
54,205,19,43
53,205,19,42
55,209,18,44
59,209,19,41
63,211,19,42
67,214,19,42
69,218,19,42
69,220,19,45
70,224,19,46
68,226,19,42
68,226,19,45
68,224,18,45
68,220,19,45
66,218,18,45
67,214,18,44
68,212,18,45
71,210,19,43
74,211,19,42
78,212,19,42
82,214,20,37
87,217,19,37
90,217,20,37
96,213,19,39
101,207,19,41
101,206,20,41
101,204,20,43
100,203,20,44
101,202,20,42
100,201,19,47
100,202,19,47
99,201,19,46
31,143,29,71
31,142,29,72
30,143,29,71
31,143,29,73
30,143,30,74
31,142,30,75
32,143,29,75
32,143,28,75
33,142,28,75
32,142,30,76
33,141,31,76
33,141,30,76
33,141,29,74
33,140,29,74
34,139,29,75
34,139,30,73
35,140,30,73
35,138,30,75
36,136,30,75
36,133,30,75
36,131,31,74
36,134,31,75
36,134,32,75
36,135,32,74
38,138,31,73
38,135,32,74
39,135,32,74
39,136,32,73
40,137,32,73
41,137,32,72
41,134,32,79
43,134,33,73
43,134,32,73
45,134,32,74
46,133,31,73
50,136,29,72
54,137,30,70
57,137,30,73
56,138,31,76
58,136,32,75
57,135,32,74
58,134,32,73
60,133,31,74
61,134,31,74
61,136,31,76
59,139,31,74
59,143,31,72
62,143,31,74
67,146,32,79
62,147,32,77
69,149,31,75
73,155,30,74
72,151,30,74
61,155,31,75
79,152,31,76
82,152,30,74
85,145,30,74
110,147,31,76
123,147,31,76
144,150,32,78
144,150,32,77
122,144,31,76
121,144,31,76
140,148,31,76
121,147,31,75
159,147,31,75
151,149,31,75
152,145,31,76
148,147,31,76
153,149,31,76
154,146,31,77
163,148,31,75
156,144,31,76
162,147,31,76
171,141,32,78
168,139,31,77
162,143,31,76
176,134,31,77
174,138,31,76
149,143,31,76
149,146,30,74
140,144,30,74
142,141,30,75
152,146,30,74
163,146,29,72
188,147,30,72
173,148,29,72
174,146,29,72
190,151,30,68
193,151,27,69
192,157,28,68
193,153,28,68
192,156,28,68
193,153,27,67
193,157,26,65
193,159,26,67
192,157,27,66
191,157,27,66
191,154,27,66
188,152,27,66
186,146,28,68
186,147,28,67
186,148,27,66
193,146,26,67
194,149,27,65
202,147,28,66
192,151,26,63
192,153,25,62
191,153,24,65
192,151,24,66
193,150,24,65
194,152,24,62
193,153,25,62
193,152,25,64
194,151,25,63
194,153,24,62
194,151,25,64
195,150,24,63
194,150,26,64
194,149,26,64
195,147,24,64
195,147,25,63
195,146,25,64
196,145,25,65
196,148,24,62
197,149,24,64
197,148,25,62
197,149,24,62
197,153,25,60
197,150,24,61
198,154,24,61
198,152,23,63
199,153,23,62
199,153,24,60
199,154,24,60
200,154,22,61
200,154,22,60
200,152,22,60
201,153,23,58
200,153,22,58
200,154,22,58
200,153,21,57
200,153,21,57
199,155,21,58
201,157,22,55
199,157,23,56
197,153,23,57
197,154,23,56
197,153,23,56
194,157,23,56
193,161,23,57
193,162,23,57
192,163,23,57
191,156,24,58
190,160,24,58
189,161,25,58
188,160,25,56
189,155,24,59
189,154,24,59
189,155,23,59
189,158,24,59
187,158,25,59
187,157,24,61
185,159,25,57
185,157,25,56
184,159,24,56
183,158,24,56
182,159,25,54
182,156,25,58
181,155,24,58
181,157,24,57
180,155,25,61
180,155,24,59
179,153,24,61
178,153,24,61
177,155,24,60
177,154,24,60
177,154,25,60
177,151,25,64
176,154,25,59
177,155,26,61
175,155,26,59
175,157,26,58
175,157,25,58
174,157,25,58
174,160,24,60
173,158,24,60
174,157,24,60
173,157,24,58
172,158,24,58
170,158,24,59
171,157,24,59
171,156,24,59
169,155,24,59
168,155,24,58
167,156,24,58
166,156,24,58
165,155,24,59
164,156,24,58
163,158,24,58
163,161,24,58
164,160,23,57
163,160,24,58
163,161,23,57
163,160,24,58
164,160,23,56
164,159,23,55
162,160,23,55
163,161,23,56
162,160,23,56
160,159,23,57
159,163,22,56
159,163,23,56
159,164,23,55
158,164,23,53
158,163,23,53
158,164,23,53
159,163,23,56
159,160,23,55
159,160,23,56
159,161,23,53
158,162,24,55
158,162,23,52
158,161,23,54
158,162,24,55
159,161,23,55
159,161,22,55
158,162,22,54
159,162,21,54
158,162,22,56
159,165,21,55
159,166,21,52
158,165,21,53
158,164,22,54
159,163,22,53
159,161,21,54
159,159,21,54
158,157,21,55
157,157,21,55
157,156,20,54
157,156,20,53
157,155,20,54
157,155,20,54
156,155,21,52
155,154,21,54
156,157,21,51
154,157,21,51
154,158,21,50
154,157,21,48
156,157,22,54
156,153,21,51
156,155,21,50
159,156,19,49
157,157,22,53
157,159,22,53
158,159,21,51
155,158,21,52
153,157,21,52
151,156,22,53
150,155,22,53
150,157,22,53
149,155,22,53
151,158,19,47
152,157,18,45
154,157,18,47
154,156,18,46
156,158,19,44
154,159,19,44
155,161,19,44
153,162,19,45
153,160,20,44
153,161,19,44
154,160,19,43
154,160,19,43
153,159,19,43
152,156,20,45
149,155,21,49
153,157,20,47
150,156,21,48
151,156,21,49
150,155,21,50
149,154,21,49
149,156,21,50
149,155,21,51
148,156,21,51
149,156,21,49
149,156,20,51
148,157,20,49
148,156,21,51
149,157,20,51
130,169,21,52
128,168,22,53
127,167,22,54
126,167,21,53
126,167,22,53
126,169,22,53
126,167,21,54
125,168,21,52
126,167,21,52
125,169,21,53
125,169,21,52
125,166,20,53
123,169,21,53
124,168,21,52
123,170,22,53
123,170,21,51
123,167,22,51
125,164,21,52
124,165,21,52
122,167,21,50
124,162,21,52
125,164,21,52
123,163,21,51
122,165,21,51
123,164,21,52
120,164,22,53
118,165,23,51
116,167,24,48
115,167,23,49
115,166,22,52
114,167,23,50
116,164,23,52
116,165,22,55
116,165,22,54
116,165,22,54
116,166,23,55
116,165,22,55
115,165,23,55
115,164,23,56
115,165,23,56
116,165,23,56
114,166,23,55
114,166,23,57
114,165,23,57
114,165,24,55
114,165,24,54
114,167,24,51
113,164,23,52
112,165,23,53
111,165,22,55
111,164,21,56
111,164,20,56
109,164,21,55
108,163,20,57
107,162,21,59
106,159,22,60
106,159,22,60
106,159,21,58
106,158,20,58
106,159,20,57
106,159,21,55
101,169,24,56
99,171,23,54
98,171,24,54
98,171,23,54
99,168,23,54
99,167,22,54
98,165,22,54
98,164,22,53
98,163,22,52
97,164,22,53
96,166,22,51
93,169,22,53
93,166,22,52
92,166,22,51
91,167,22,50
91,167,22,49
89,166,23,51
89,167,23,51
87,169,24,50
86,172,23,55
86,170,23,52
87,169,23,51
86,169,22,51
85,167,22,51
85,170,22,51
84,170,21,52
83,171,21,51
81,172,22,53
81,171,22,53
80,171,22,52
78,172,22,52
77,172,22,53
76,173,21,51
75,174,22,52
73,173,21,51
73,170,21,51
71,170,22,51
71,169,22,50
71,169,21,48
71,167,22,47
70,168,21,45
69,169,22,44
69,170,21,43
69,170,20,42
68,170,21,42
69,171,20,42
66,175,19,46
65,175,19,47
66,173,19,47
67,172,20,43
68,173,19,46
67,173,19,47
67,174,20,47
67,177,20,49
67,176,20,48
67,180,20,47
67,182,20,46
70,185,20,44
73,188,20,45
76,191,20,44
77,192,19,44
77,190,20,47
76,194,20,43
75,195,21,43
74,197,20,43
74,197,19,43
72,198,19,44
72,198,19,42
72,198,18,41
69,198,18,42
69,199,18,41
67,200,18,42
67,197,17,44
65,193,18,43
65,190,17,42
64,189,18,40
62,187,19,42
62,189,19,42
61,191,20,43
60,193,19,45
60,197,20,42
60,200,20,41
59,200,20,40
60,202,19,39
59,202,19,40
60,202,18,41
59,200,18,42
59,201,19,41
58,199,18,40
58,200,18,41
57,202,18,42
57,203,18,41
56,205,19,41
57,203,18,42
56,202,18,44
55,202,19,43
55,200,18,43
54,201,19,43
54,205,19,43
53,205,19,42
55,209,18,44
59,209,19,41
63,211,19,42
67,214,19,42
69,218,19,42
69,220,19,45
70,224,19,46
68,226,19,42
68,226,19,45
68,224,18,45
68,220,19,45
66,218,18,45
67,214,18,44
68,212,18,45
71,210,19,43
74,211,19,42
78,212,19,42
82,214,20,37
87,217,19,37
90,217,20,37
96,213,19,39
101,207,19,41
101,206,20,41
101,204,20,43
100,203,20,44
101,202,20,42
100,201,19,47
100,202,19,47
99,201,19,46
