204,240,52,52
206,239,52,52
210,240,49,52
213,241,51,52
218,240,51,52
220,239,52,52
222,237,52,53
227,239,50,54
228,240,52,54
235,242,46,54
239,241,44,55
241,240,45,55
244,238,43,56
238,235,52,52
237,236,52,52
240,231,52,52
276,247,52,52
276,249,52,52
271,242,53,53
279,242,53,53
280,243,52,52
279,238,52,53
285,241,53,53
286,242,53,53
282,240,53,53
275,238,51,55
255,239,54,54
241,238,50,53
230,237,47,54
221,238,45,53
209,235,45,54
197,235,42,54
184,234,43,56
173,238,55,55
169,239,54,54
175,239,53,53
170,237,54,54
163,237,54,54
185,241,54,54
188,237,55,55
197,234,54,54
188,236,53,53
181,236,52,52
168,234,57,49
172,237,54,54
166,234,54,54
167,239,55,55
170,242,55,55
173,238,55,55
170,239,55,55
170,240,55,55
169,240,55,55
172,240,55,55
164,238,55,55
155,236,55,57
149,236,56,60
140,238,58,58
138,237,58,58
133,240,58,58
125,237,59,59
119,237,60,60
109,236,61,61
99,237,61,61
93,237,64,64
93,235,65,65
89,235,65,65
81,234,65,65
76,234,66,66
75,233,67,67
72,233,68,68
72,231,68,68
69,233,69,69
65,232,70,70
67,233,70,70
67,233,71,71
61,233,71,71
61,233,72,72
60,231,73,73
54,231,74,74
54,231,74,74
53,231,75,75
47,232,76,76
36,234,77,77
31,234,77,77
24,227,79,75
15,224,75,77
14,224,77,77
10,226,76,75
8,228,85,71
6,225,81,74
1,226,82,76
0,229,87,75
0,228,85,76
0,228,95,71
0,228,92,71
1,232,83,83
0,228,92,71
0,226,88,76
0,225,92,73
0,222,95,74
0,224,98,74
0,219,92,79
0,216,88,88
74,198,88,88
108,221,89,89
128,241,87,87
99,213,87,87
3,242,80,70
3,249,92,70
0,245,93,76
0,248,97,70
0,247,96,75
0,247,87,87
0,257,96,65
0,262,99,67
0,266,97,63
0,271,92,72
0,287,83,69
0,295,86,74
20,303,84,75
55,313,84,82
91,317,83,78
112,321,82,78
123,325,77,75
137,317,79,80
148,319,80,77
156,307,80,82
200,308,84,79
207,302,94,73
221,305,85,72
254,311,93,78
216,318,88,68
221,322,97,66
228,326,99,68
228,330,99,76
238,338,88,84
236,341,99,76
237,346,89,89
228,349,92,83
218,346,89,88
200,344,92,84
180,343,87,86
166,338,84,86
167,326,91,91
174,325,92,92
173,327,92,92
190,327,93,93
194,328,94,90
188,322,93,93
204,324,95,81
210,321,89,82
216,309,101,81
220,307,99,80
223,307,97,82
236,304,104,76
250,303,95,82
273,304,96,83
300,298,94,86
329,297,96,82
353,300,100,79
370,307,89,79
381,312,96,68
379,318,92,71
389,318,95,65
396,313,93,78
420,309,89,75
462,300,93,74
480,303,90,72
493,304,94,69
501,303,91,70
515,302,92,74
533,304,94,68
551,305,88,73
560,306,97,73
575,305,89,72
592,306,92,66
606,303,83,78
623,304,86,67
632,304,81,74
643,306,82,72
654,307,83,67
666,306,85,71
676,310,81,71
687,307,82,69
699,304,81,72
707,306,75,74
719,307,79,73
731,310,72,71
736,310,79,74
748,308,78,74
753,312,75,70
763,304,80,75
768,313,81,67
774,313,83,68
784,309,80,71
790,312,82,67
797,313,80,66
806,314,75,68
812,313,77,68
817,314,77,68
825,308,75,73
830,309,75,71
844,298,80,77
845,311,73,69
855,312,71,67
861,308,72,68
868,316,73,63
866,314,75,64
867,317,78,63
869,317,79,61
870,314,73,63
872,310,73,70
867,314,74,70
851,307,71,71
833,301,72,71
829,303,68,70
828,305,67,69
835,309,62,69
838,311,65,65
836,312,71,68
852,301,66,71
846,289,77,77
760,313,77,77
801,306,78,78
823,301,79,79
863,302,67,69
872,308,61,68
875,312,66,64
878,314,66,61
879,312,70,64
881,299,75,75
887,315,69,62
889,306,71,68
