718,246,59,139
720,250,58,134
723,252,57,131
727,252,55,132
732,253,56,135
736,260,57,131
739,264,56,133
742,266,58,130
746,264,59,132
752,266,60,130
761,263,62,136
765,261,65,143
771,263,64,141
776,263,65,142
781,263,65,146
789,259,64,151
795,260,65,152
798,257,67,148
802,257,67,151
803,256,67,153
803,257,70,148
804,255,66,148
802,257,69,150
800,257,69,147
798,258,69,146
796,262,63,143
794,265,65,145
794,265,60,146
783,253,70,164
794,262,56,149
788,249,70,165
792,253,65,159
798,251,62,153
808,256,52,136
813,257,56,136
822,255,59,136
827,255,61,137
834,254,62,136
841,254,63,136
850,250,64,141
860,251,68,138
870,251,65,138
879,254,64,138
883,258,64,141
887,255,61,140
887,252,59,144
884,254,63,138
880,252,59,136
876,251,59,139
870,252,60,144
862,251,59,139
857,250,63,141
854,250,64,142
851,251,66,141
853,251,67,141
853,246,68,143
857,247,72,144
860,248,73,140
866,247,72,138
875,244,71,141
885,248,71,138
891,249,69,139
899,246,64,140
895,248,64,151
898,250,61,145
870,250,60,142
899,247,60,141
862,252,59,138
874,249,60,141
898,244,61,144
898,246,61,143
898,250,61,143
898,243,61,144
897,244,61,144
899,247,60,141
900,247,59,138
903,244,57,135
907,242,56,132
907,245,56,126
909,249,53,123
910,250,52,118
912,249,48,116
914,248,49,120
913,247,51,118
915,249,46,119
919,249,40,125
920,246,39,120
920,248,38,113
918,242,40,105
915,242,42,99
916,246,44,110
911,246,42,109
907,247,43,108
903,248,43,114
898,250,45,113
884,244,44,112
880,247,45,113
873,246,44,112
868,247,45,116
866,247,48,117
861,248,49,118
861,250,50,121
856,247,47,118
855,249,48,116
854,249,49,121
851,247,49,120
850,247,49,121
853,249,49,121
850,247,50,118
853,248,48,119
854,248,49,118
854,246,50,118
854,244,50,125
855,248,50,124
851,248,53,126
848,252,53,126
851,254,53,125
853,259,53,125
854,258,53,125
851,260,52,122
851,260,52,123
852,261,53,125
850,252,54,128
849,259,55,130
847,257,55,129
853,257,55,128
856,252,55,130
860,254,56,127
865,250,57,129
871,255,57,126
878,256,55,118
884,257,52,114
892,257,52,118
898,253,53,112
907,253,53,118
914,247,51,125
906,256,53,125
907,255,52,124
907,258,52,123
895,257,53,124
773,261,52,121
772,263,52,123
783,262,52,121
799,261,51,123
799,258,50,125
810,262,51,122
818,260,52,124
821,255,51,123
832,261,51,123
836,259,51,122
844,258,50,120
841,257,51,123
844,255,52,122
844,257,52,123
844,262,52,121
842,260,51,120
843,257,52,121
847,258,51,120
846,261,51,117
846,264,50,115
847,264,49,113
846,259,47,111
845,259,45,111
844,257,44,113
844,257,44,111
843,258,45,115
840,257,47,111
839,260,47,113
836,260,45,113
834,260,42,114
832,258,42,115
831,267,46,109
831,262,42,111
829,266,46,109
830,263,43,112
829,269,45,105
835,274,44,102
837,269,44,102
841,270,44,103
839,264,46,108
838,263,45,108
841,262,44,105
841,261,45,102
843,260,43,107
845,261,44,102
845,262,43,102
844,262,43,104
841,263,42,106
837,266,44,107
831,265,43,108
826,266,43,107
816,266,44,104
808,264,43,107
802,267,44,104
795,268,44,103
791,271,44,103
782,267,44,104
775,274,45,106
765,277,44,104
755,271,44,103
772,286,44,103
769,289,44,104
762,274,43,102
760,280,43,101
760,278,42,102
756,277,42,98
751,272,41,97
749,273,41,96
746,277,41,96
742,277,40,95
740,278,40,95
739,288,40,95
739,289,40,95
738,285,40,95
738,287,40,98
741,289,38,99
742,290,39,96
744,293,40,94
746,290,41,96
748,288,41,96
749,287,41,97
750,285,41,96
751,285,40,95
750,288,41,96
747,283,41,96
744,287,42,98
739,285,42,99
735,287,41,97
731,291,41,96
725,288,40,95
716,282,40,95
706,280,41,96
696,278,40,95
689,282,41,96
679,283,41,97
666,277,41,97
656,275,41,97
651,278,41,97
646,276,40,95
643,278,41,96
640,284,41,96
640,282,40,95
640,278,40,94
641,284,40,93
640,282,39,93
641,282,40,93
641,284,39,92
643,286,40,94
643,284,40,94
645,284,40,94
648,288,40,93
651,290,40,93
653,286,40,94
659,288,41,96
663,285,41,98
667,287,42,98
673,288,42,98
680,288,42,99
685,288,42,99
690,288,42,98
698,289,41,97
701,289,41,97
703,287,41,98
707,283,43,100
706,278,43,100
706,280,43,102
707,282,43,101
701,279,43,101
687,278,43,102
675,277,43,101
675,284,42,99
668,275,42,99
667,277,42,98
656,266,41,98
652,269,41,96
646,279,40,95
645,281,40,95
643,280,40,95
643,283,41,96
645,282,40,94
644,284,39,92
643,279,39,93
648,279,40,95
653,281,40,95
657,280,40,93
657,279,40,94
661,275,40,94
668,275,41,96
670,275,41,96
672,279,41,97
677,276,41,97
677,270,41,97
682,275,41,97
682,276,41,97
681,273,42,98
678,275,42,100
674,276,41,97
669,275,41,96
668,275,40,95
662,274,40,95
661,275,40,95
656,270,41,96
654,272,41,97
655,273,41,96
654,267,41,97
654,270,41,98
655,273,41,97
659,275,41,97
662,277,41,96
668,271,41,97
672,275,42,98
677,279,41,96
681,274,41,96
684,278,41,96
687,277,41,95
689,276,40,95
689,275,40,94
689,272,40,95
690,270,40,95
694,273,39,93
698,272,39,92
700,272,40,93
699,274,40,95
696,273,40,94
689,269,41,96
685,270,41,96
684,272,41,97
682,275,41,96
680,276,40,94
678,278,40,93
678,278,40,94
682,274,40,93
688,276,39,93
693,271,39,95
698,271,38,95
708,279,39,92
709,275,39,91
721,277,39,91
730,287,38,91
726,284,38,90
735,275,30,110
752,287,36,94
751,295,38,89
728,293,36,92
712,297,38,89
766,298,38,88
729,293,34,92
724,292,29,96
695,303,37,87
690,307,36,85
684,304,34,87
676,304,36,85
665,302,35,83
656,306,36,84
644,308,36,85
636,308,36,85
626,305,36,85
620,299,34,92
615,295,32,93
611,294,31,91
609,295,29,90
607,305,34,81
609,305,35,82
609,307,28,78
610,300,29,83
613,302,34,81
625,305,34,80
625,306,34,80
634,303,34,79
636,296,30,83
642,296,28,83
644,297,31,85
648,304,33,81
651,300,32,82
653,301,32,80
652,304,32,76
653,304,32,76
650,304,32,75
648,305,32,75
646,301,28,77
639,303,28,78
628,306,31,76
623,304,29,80
614,307,32,75
611,302,29,81
607,305,31,73
603,304,29,76
601,303,26,80
604,303,25,79
604,305,25,75
606,306,24,75
612,309,23,71
616,311,23,68
619,312,23,70
623,311,24,71
627,312,24,70
629,310,24,73
633,308,25,75
634,310,25,75
636,312,25,70
640,316,24,65
635,314,25,67
624,317,24,63
617,316,25,65
611,317,27,65
604,319,27,65
561,333,27,64
564,298,27,64
566,301,27,63
566,310,27,62
546,330,24,64
529,342,26,62
525,341,25,59
516,337,26,61
507,326,22,67
500,324,20,66
501,328,23,66
502,328,22,67
497,321,21,69
494,323,21,72
488,330,23,70
474,340,26,62
467,333,23,66
470,334,22,67
469,334,27,65
471,340,25,68
467,338,23,65
462,339,25,64
464,341,25,62
452,342,27,62
449,345,27,63
443,344,26,59
450,351,26,57
451,348,23,60
451,351,24,59
452,352,27,63
451,350,24,59
451,354,25,53
444,337,23,63
442,337,24,65
438,338,22,64
433,342,26,61
422,339,26,60
406,337,25,60
399,341,26,60
383,344,25,60
368,344,25,59
358,337,18,63
352,347,25,60
350,344,22,62
342,343,21,63
335,344,21,62
325,348,25,60
317,347,24,63
306,349,25,60
300,348,25,59
296,346,24,53
298,349,20,51
278,348,23,57
275,352,23,56
284,346,24,55
304,346,19,56
307,345,19,59
312,347,20,56
315,349,21,56
318,348,23,52
320,349,23,52
323,351,22,53
313,354,23,53
324,350,20,50
322,345,20,58
322,343,21,59
322,346,19,56
320,346,20,57
317,347,20,57
311,347,20,56
305,343,18,59
303,343,18,56
301,344,20,55
299,343,19,55
299,346,19,54
299,346,18,53
299,347,18,49
283,357,20,48
282,357,21,49
288,360,21,49
295,362,21,50
300,361,21,50
305,358,22,52
308,356,22,53
311,356,20,55
314,355,23,53
324,354,20,53
323,353,20,58
329,358,21,54
335,362,23,54
357,350,23,54
356,350,22,57
358,349,21,57
366,352,24,57
381,345,21,52
391,346,21,49
398,341,22,54
408,344,25,58
415,345,25,59
424,348,26,60
433,347,26,61
436,348,27,60
439,343,26,63
441,341,24,64
442,344,25,62
442,342,26,65
442,345,25,62
444,338,25,64
443,340,27,62
442,338,27,64
440,337,28,64
436,335,26,62
434,338,23,58
432,340,22,58
429,340,22,59
426,343,22,59
425,341,20,61
437,336,22,62
431,338,21,61
423,340,22,59
409,342,24,55
407,341,26,55
404,340,27,56
403,338,28,60
405,338,27,62
406,337,27,63
406,335,26,65
414,337,27,64
413,332,26,62
418,337,27,65
423,337,25,63
421,335,25,63
422,341,27,64
424,338,26,62
428,339,27,64
430,336,27,60
434,332,27,61
438,337,27,62
442,332,24,63
445,333,22,60
451,331,22,61
456,332,23,63
463,335,24,61
463,331,23,60
463,332,22,66
461,333,23,63
464,340,26,61
466,334,25,61
469,333,25,62
471,332,26,59
474,334,24,56
490,335,25,59
522,335,25,60
531,340,25,60
526,333,24,59
526,334,25,59
531,335,25,59
531,332,23,60
530,332,24,59
528,332,25,58
519,332,23,62
517,332,22,60
515,329,21,63
512,331,21,62
513,336,24,59
512,339,24,57
526,341,24,57
527,339,24,56
528,334,21,57
525,337,20,57
519,336,19,57
517,337,20,56
517,338,19,56
518,338,19,56
522,339,19,53
528,343,23,53
541,340,23,53
518,341,22,53
515,343,23,54
501,343,23,54
504,343,23,54
519,344,23,55
519,344,23,54
515,341,23,54
516,342,23,54
520,339,23,54
530,335,23,54
543,345,22,53
546,340,22,53
550,336,22,53
555,337,22,52
561,348,22,52
567,345,22,51
570,347,22,51
574,346,21,50
579,329,21,49
585,349,20,48
588,348,20,48
591,348,20,47
592,346,20,48
592,341,20,47
591,330,20,47
577,326,20,46
582,303,20,47
579,307,20,48
570,278,20,48
571,285,20,48
568,286,20,48
559,298,20,48
549,341,21,48
551,337,21,49
562,336,21,49
564,337,21,49
563,336,21,49
560,338,21,49
557,336,21,49
559,338,21,49
545,339,20,48
537,339,20,47
533,339,20,47
536,338,20,47
547,316,20,47
548,340,20,47
555,338,20,47
561,338,20,47
564,335,20,47
565,338,20,47
567,335,20,47
566,338,20,47
562,339,20,48
561,338,20,47
561,340,20,48
563,343,20,48
564,328,21,49
564,303,21,49
560,301,21,50
556,302,21,50
553,300,22,51
546,298,22,51
541,301,21,50
532,299,22,51
533,301,22,52
528,306,22,52
535,340,22,52
530,339,22,52
536,337,22,52
534,338,22,52
531,336,22,53
525,338,22,52
522,339,22,52
531,338,21,51
517,341,21,50
515,341,21,50
552,340,21,50
557,336,21,50
556,339,21,49
552,337,21,50
553,336,21,50
552,337,21,50
556,338,21,49
593,337,21,49
604,329,19,50
604,332,18,52
613,332,21,49
623,331,21,49
633,330,21,49
649,319,20,48
653,320,21,49
665,320,20,48
679,320,20,48
683,304,20,47
685,300,20,47
679,286,20,47
672,253,20,47
675,247,20,48
676,246,20,48
674,247,20,47
673,247,20,47
668,252,20,47
674,255,20,47
663,259,20,47
659,261,19,46
652,258,19,46
636,261,20,46
631,273,20,46
627,265,19,46
617,273,19,46
606,293,20,46
590,328,20,47
587,327,20,47
584,319,20,47
582,316,20,48
586,308,20,48
582,319,20,48
586,322,20,48
582,312,20,47
576,287,20,47
565,274,20,48
564,284,20,48
555,320,20,47
539,330,20,47
534,327,17,48
527,329,18,47
518,334,21,48
513,333,21,48
514,333,21,49
511,332,21,49
509,324,21,49
506,331,21,49
503,329,21,49
501,319,20,48
495,304,21,49
480,282,21,49
462,286,20,48
445,297,21,48
435,339,17,43
427,348,20,43
423,348,19,46
417,357,19,45
414,354,19,44
419,349,16,43
420,352,17,41
424,352,18,42
425,348,18,42
445,345,18,42
458,346,18,42
491,356,18,41
504,349,16,37
499,347,16,36
497,346,15,35
495,346,15,36
490,352,15,35
495,351,14,36
510,346,16,38
525,352,17,39
539,357,17,39
569,354,17,39
572,347,17,40
585,337,17,40
598,342,17,40
605,348,16,36
603,344,17,40
613,349,16,34
621,350,17,40
637,357,17,41
632,352,17,40
629,346,17,39
632,350,17,39
635,352,16,39
632,354,16,38
631,349,16,38
666,346,16,38
673,350,16,37
666,344,16,37
669,347,16,37
667,345,16,37
666,348,15,36
664,352,15,35
654,351,15,35
641,348,15,36
618,340,15,36
605,345,15,35
592,365,15,28
595,360,15,34
591,354,14,29
591,356,14,33
587,354,14,28
583,350,14,33
575,352,14,26
569,352,13,28
561,357,13,30
556,358,13,30
552,356,13,32
550,356,13,32
549,359,15,32
552,362,14,32
553,358,14,33
554,361,15,34
557,354,14,36
556,347,13,36
557,348,15,36
558,351,15,36
559,338,15,36
546,319,16,37
545,303,16,37
545,300,16,37
541,297,15,36
536,299,16,37
529,308,15,36
519,331,15,36
518,334,16,37
519,343,15,36
518,363,16,37
513,361,16,38
496,360,16,38
514,358,15,36
517,357,16,38
523,355,15,37
531,349,14,39
535,348,14,38
542,348,15,37
550,351,16,39
564,348,17,39
582,347,17,39
593,347,17,39
627,350,17,39
632,357,17,34
633,355,17,35
634,355,17,34
636,355,17,36
640,352,17,37
645,354,17,36
652,349,18,39
661,350,18,42
673,340,17,40
678,339,18,42
682,334,16,39
682,348,17,39
681,351,17,39
679,349,17,40
677,350,17,41
677,350,17,41
677,348,17,42
677,347,17,40
678,341,17,40
680,336,18,39
683,333,18,40
685,331,18,41
685,335,18,41
685,339,18,42
685,343,18,39
685,345,19,40
686,345,18,40
686,346,18,39
684,346,18,40
681,345,19,39
679,346,18,42
678,348,18,37
678,349,18,37
677,347,18,39
677,349,17,36
678,348,17,38
678,346,17,38
680,346,17,39
681,349,17,38
683,349,17,39
684,351,16,38
685,349,16,37
686,348,17,36
689,352,16,34
690,348,16,35
691,347,16,34
693,345,15,34
694,344,14,33
691,344,15,36
689,345,15,36
691,345,16,37
685,344,14,35
684,344,13,34
683,346,14,32
682,348,15,33
680,351,15,36
680,349,15,35
681,350,16,36
690,351,15,37
689,350,15,36
692,355,15,34
693,353,14,36
691,352,15,36
695,346,16,37
698,344,16,37
699,342,16,37
697,353,16,37
695,354,16,37
695,355,15,36
690,355,15,36
691,355,15,36
687,351,15,36
682,352,15,36
658,354,15,35
655,354,15,35
652,358,15,35
655,361,15,35
653,358,15,35
652,360,14,34
654,363,15,35
650,357,15,35
658,364,15,35
660,360,15,36
662,357,15,36
683,344,15,36
698,343,16,37
687,341,16,37
686,341,15,36
657,340,15,36
651,349,15,36
622,352,15,36
612,345,15,36
612,351,15,36
606,346,15,36
602,349,15,35
600,349,15,34
598,346,15,35
597,346,15,35
598,347,15,35
607,347,15,36
614,347,15,36
619,352,15,35
623,353,14,33
623,352,15,36
626,351,15,36
628,351,15,37
632,345,15,37
637,343,16,37
645,338,15,36
651,335,15,36
654,331,15,36
666,331,15,36
676,335,15,36
685,347,15,36
691,353,15,35
691,352,15,36
694,353,16,37
694,355,16,37
693,354,16,37
693,355,16,37
694,354,16,38
696,346,16,38
696,346,16,37
695,344,16,37
711,348,16,37
699,344,16,38
702,351,16,38
710,355,17,39
710,356,17,39
700,359,16,39
706,356,16,38
726,353,16,39
725,354,16,38
723,352,16,38
719,349,16,38
692,354,16,39
687,355,17,39
699,357,17,39
701,358,17,39
689,358,17,39
692,359,16,39
656,358,17,39
652,358,16,39
653,361,16,38
653,362,16,38
653,361,16,38
639,359,16,38
630,359,16,38
621,358,16,38
610,357,16,38
606,355,16,37
609,360,15,36
603,358,16,37
605,357,16,37
613,363,16,38
617,363,16,37
631,363,16,37
638,360,15,36
638,359,16,37
643,360,15,35
645,360,16,35
634,352,15,36
626,354,15,36
621,354,15,36
627,358,15,36
626,359,15,36
606,361,15,36
585,365,15,36
584,364,16,37
575,365,16,37
548,361,16,37
545,359,13,38
544,360,13,39
543,365,16,38
549,364,16,37
556,364,16,37
565,365,16,38
570,363,16,37
543,365,16,38
536,364,16,38
534,361,16,37
534,367,15,36
502,363,16,37
482,370,16,37
480,370,16,37
476,370,16,37
441,376,16,30
446,380,17,31
446,381,17,32
445,381,16,32
445,378,14,32
447,374,15,35
454,373,16,34
464,368,14,32
473,370,15,31
483,373,15,31
489,379,15,34
490,380,16,35
490,377,15,32
495,378,16,36
499,377,16,36
501,376,15,36
498,367,15,32
505,371,16,33
501,365,16,37
504,369,17,35
505,369,17,33
499,369,16,35
490,368,16,38
481,366,16,35
471,367,15,34
460,377,17,34
457,380,18,32
452,379,18,33
452,378,18,35
450,375,17,32
460,381,18,32
463,380,17,31
464,381,16,30
455,376,17,32
442,372,15,36
427,366,15,34
412,365,16,32
403,369,15,36
378,368,15,36
376,376,16,30
379,374,15,29
382,373,16,29
382,371,16,30
382,370,15,36
383,372,15,36
373,370,15,36
367,371,15,37
359,373,16,37
358,371,16,37
350,372,16,37
348,374,15,36
343,374,15,36
344,374,15,36
347,373,15,36
352,373,15,36
343,373,15,35
344,373,15,35
349,372,15,35
339,373,15,35
344,373,14,34
344,372,14,34
342,372,15,34
345,372,14,34
347,372,15,34
353,370,15,34
353,370,14,34
353,366,14,34
344,369,14,34
340,372,14,33
329,360,14,34
319,353,14,33
310,339,14,33
294,338,14,33
267,319,14,33
258,304,14,33
255,303,14,33
252,303,14,34
255,309,14,34
244,302,14,34
239,302,14,34
235,306,14,33
233,303,14,34
229,307,14,33
225,307,14,33
220,307,14,33
223,314,14,33
213,307,14,33
209,308,14,33
208,311,14,32
205,311,14,32
202,310,14,32
209,323,14,32
197,311,14,32
196,310,13,32
197,307,13,32
196,308,14,32
196,306,13,32
196,310,14,32
196,310,14,32
197,309,14,32
197,313,14,32
198,313,14,32
201,315,14,32
201,315,14,33
203,313,14,32
205,312,13,32
209,311,13,32
208,308,13,31
210,309,13,31
208,311,13,32
209,312,13,32
209,310,13,32
211,306,14,32
213,306,14,32
214,305,14,32
216,306,14,32
221,308,13,32
223,306,14,32
230,309,14,32
232,310,13,31
237,309,13,31
237,315,13,31
243,307,13,31
247,309,13,30
251,311,13,30
254,319,13,30
253,310,13,30
269,309,13,30
273,308,13,30
280,312,13,30
285,313,13,30
289,314,13,31
296,317,13,30
301,319,13,30
304,320,13,30
308,321,13,31
312,323,13,31
315,324,13,30
318,327,13,30
321,329,13,30
324,332,13,30
324,336,13,30
327,338,13,30
329,342,13,24
331,337,13,30
335,339,12,24
337,337,12,25
340,333,13,29
342,334,12,25
345,332,12,24
347,327,12,29
348,325,12,29
351,322,12,29
354,320,12,28
359,316,12,28
354,325,12,28
349,341,12,29
350,334,12,29
351,331,12,29
348,331,12,29
349,328,12,29
348,332,12,29
344,333,12,29
348,336,12,28
352,342,12,28
352,341,12,28
354,343,12,28
356,343,12,28
354,345,12,28
354,344,12,28
351,328,12,28
347,328,12,28
347,330,12,28
332,342,12,28
328,335,12,27
332,341,12,27
327,339,12,28
324,336,12,28
318,339,12,28
317,340,12,28
314,341,12,28
312,341,12,27
310,346,11,27
306,342,11,27
309,344,12,27
312,341,12,28
306,338,12,27
306,339,12,27
312,336,12,27
315,331,11,27
314,328,12,27
308,329,12,27
307,326,11,27
300,333,11,26
292,336,11,26
288,339,11,26
289,339,11,26
288,339,11,26
288,337,11,27
287,335,12,27
288,335,12,28
288,335,12,28
297,334,12,28
299,337,12,28
312,328,12,28
318,332,12,28
316,338,12,28
318,333,12,28
318,333,12,28
316,333,12,29
316,332,12,29
309,330,12,28
295,334,12,28
292,337,12,28
288,335,12,29
289,334,12,29
293,333,12,29
292,335,12,28
299,335,12,28
305,336,12,27
318,333,11,27
323,329,11,27
336,332,11,26
339,331,11,26
342,335,11,26
355,332,11,25
368,327,11,25
370,329,11,25
355,330,10,25
346,329,11,25
339,329,10,25
337,327,10,24
322,324,10,25
313,306,10,24
310,304,11,25
307,306,11,25
303,304,11,25
293,303,11,25
297,296,11,25
299,296,11,26
306,310,11,25
308,299,11,25
322,310,10,25
335,310,10,25
331,316,10,24
322,322,10,24
326,310,10,24
331,300,10,24
319,302,10,24
315,305,10,23
319,301,10,23
315,300,10,23
312,302,10,22
309,303,9,22
308,304,9,22
308,305,9,22
307,307,9,22
308,308,9,22
309,309,9,22
313,306,9,22
319,308,9,22
322,307,9,22
326,303,9,22
329,305,9,22
329,304,9,22
321,303,9,21
315,302,9,22
309,300,9,22
312,303,9,21
308,309,9,22
310,301,9,22
306,301,9,22
307,302,9,21
325,291,9,21
327,291,9,21
324,290,9,21
323,292,9,21
331,289,9,21
328,274,9,20
328,270,9,20
325,271,8,20
324,271,8,20
324,271,8,19
329,278,8,19
337,267,8,19
337,271,8,19
339,276,8,19
325,282,8,19
319,289,8,19
316,290,8,19
311,289,8,19
304,291,8,19
298,288,8,19
295,288,8,19
292,288,8,19
289,291,8,19
288,291,8,19
287,293,8,19
287,293,8,19
287,292,8,19
287,293,8,19
288,294,8,19
289,295,8,18
294,289,8,18
298,285,8,18
304,285,8,18
310,284,7,18
309,273,8,18
312,273,8,18
322,279,8,18
324,279,8,18
324,279,8,18
314,276,7,18
302,280,7,18
289,284,7,17
290,289,7,18
279,291,8,18
294,286,7,18
285,280,7,17
279,267,7,17
272,267,7,17
261,278,7,17
259,286,7,17
263,292,7,17
269,299,7,17
270,298,7,17
275,298,7,17
284,296,7,17
294,294,7,17
306,294,7,17
315,293,7,18
325,292,7,18
329,291,7,18
327,291,7,17
324,290,7,17
310,289,7,17
300,288,7,18
285,291,8,18
268,290,8,18
251,293,8,18
234,293,8,18
222,295,7,18
215,297,7,15
214,297,7,17
214,299,7,14
218,298,7,17
226,297,7,17
234,295,7,17
245,297,7,18
260,295,8,18
271,291,8,18
278,289,8,18
280,289,8,18
277,291,8,18
271,294,8,18
257,293,8,18
243,294,7,18
227,296,7,18
210,297,7,18
198,301,7,17
203,316,7,17
214,327,7,17
215,335,7,15
217,337,7,14
223,333,7,18
231,324,7,18
242,323,7,17
257,320,7,17
267,317,7,17
265,307,7,17
261,304,7,17
258,294,7,17
268,290,7,17
277,288,7,17
281,289,7,17
283,291,7,14
286,289,7,14
284,286,7,17
276,287,7,17
268,289,7,16
271,291,7,16
280,291,7,16
276,289,7,16
274,288,7,17
279,290,7,17
285,289,7,16
279,285,7,16
286,294,7,16
291,296,7,16
303,296,7,16
298,285,7,16
297,282,7,16
300,283,7,16
300,283,7,16
301,282,7,16
308,286,7,16
304,289,7,16
297,287,7,16
296,275,7,16
290,267,7,16
294,263,7,16
294,258,7,16
298,258,7,16
310,257,7,16
313,261,7,15
309,274,7,16
309,279,6,12
308,282,6,12
307,282,5,12
309,281,7,16
302,285,7,16
304,289,7,16
306,292,6,15
316,296,6,15
329,293,6,15
342,291,6,15
345,289,6,15
348,287,6,15
356,288,6,15
359,287,6,14
360,284,6,14
362,285,6,14
366,290,6,14
365,296,6,13
373,291,6,13
371,285,5,10
368,286,5,10
370,284,6,13
379,286,6,13
378,287,6,13
387,289,6,13
400,294,6,13
411,292,6,13
417,293,6,13
426,291,6,13
436,282,5,13
429,285,5,13
421,285,5,12
410,285,5,13
400,283,5,13
397,294,5,9
395,292,5,13
399,290,6,13
399,286,6,13
402,295,6,13
411,299,6,13
419,298,6,13
421,297,6,13
417,297,5,13
409,296,5,13
402,297,5,13
393,300,5,13
386,304,5,13
385,301,5,13
385,305,5,13
390,306,5,13
395,311,5,13
404,310,5,13
409,308,5,13
414,313,5,12
407,308,5,12
413,297,5,12
423,290,5,13
421,287,5,13
423,293,5,13
432,289,5,12
438,286,5,13
439,287,5,12
435,293,5,12
428,300,5,12
428,307,5,12
430,312,5,12
420,312,5,12
413,318,5,12
403,319,5,12
403,328,5,12
406,326,5,12
414,325,5,12
422,320,5,12
423,322,5,12
429,329,5,12
431,330,5,12
431,325,5,12
423,319,5,12
424,321,5,12
429,316,5,12
427,316,5,12
429,321,5,12
425,325,5,12
436,322,5,12
433,329,5,12
431,331,5,9
432,329,5,12
437,332,5,12
446,337,5,12
456,337,5,12
468,338,5,11
464,346,5,11
469,348,5,11
480,347,5,12
488,340,5,12
491,338,5,11
485,333,5,11
482,340,5,11
483,346,5,11
490,336,5,11
480,335,5,11
469,335,5,11
467,342,5,11
477,345,5,11
473,346,5,11
465,343,5,10
462,345,5,10
462,344,5,10
459,343,5,10
462,341,5,10
457,340,5,10
449,334,5,10
446,330,5,10
445,332,5,10
452,327,5,10
452,335,5,10
460,342,5,10
450,340,5,10
449,342,5,10
448,347,5,10
450,347,5,10
448,350,5,10
449,348,5,9
459,355,5,9
453,358,5,9
450,361,5,9
444,362,5,9
441,362,5,9
441,360,5,9
434,359,5,9
435,368,5,9
432,368,5,9
429,371,5,9
432,370,5,9
427,373,5,9
423,372,5,9
427,376,5,9
418,375,5,9
428,371,5,9
428,379,5,9
425,387,5,9
429,388,5,10
437,384,6,10
443,395,5,10
434,393,5,10
439,389,6,10
446,389,5,10
455,386,6,10
458,376,5,10
467,372,5,9
457,371,5,9
461,367,5,9
465,368,5,9
466,360,5,9
466,355,5,9
462,351,5,9
464,346,5,9
465,342,5,9
467,340,5,9
457,340,5,9
455,334,5,9
455,340,5,9
451,342,5,9
449,344,5,9
446,350,5,9
445,359,5,9
448,360,5,9
445,350,5,9
448,353,5,9
457,352,5,9
455,357,5,9
455,350,5,9
456,343,5,9
456,349,5,9
458,349,5,9
452,355,5,9
456,352,5,8
454,355,5,8
452,360,5,8
447,362,5,9
450,364,5,9
451,360,5,9
454,357,5,9
454,357,5,9
444,357,5,9
447,352,5,8
449,357,5,8
455,353,5,8
456,361,5,8
455,365,5,8
462,368,5,8
459,359,5,8
467,354,5,8
471,349,5,6
474,346,5,8
480,347,5,8
480,343,5,8
480,348,5,8
489,349,5,8
498,349,5,8
501,340,5,8
504,332,5,8
508,327,5,8
516,323,5,8
523,323,5,8
531,330,5,8
537,338,5,8
539,346,5,8
548,351,5,8
553,352,5,8
547,353,5,8
552,354,5,8
546,352,5,8
541,350,5,8
541,349,5,8
540,348,5,8
540,350,5,8
532,352,5,8
524,355,5,8
529,357,5,8
530,357,5,8
529,360,5,8
536,357,5,8
540,356,5,8
545,355,4,7
545,354,5,8
543,355,5,8
535,357,5,8
531,358,5,8
526,361,5,8
535,364,5,8
526,367,5,8
520,370,5,6
518,372,5,6
519,370,5,8
514,374,5,7
514,374,5,8
516,366,5,8
518,363,5,8
514,367,5,8
512,363,5,8
506,358,5,8
505,357,5,8
498,359,5,8
498,358,5,7
498,359,5,7
498,359,5,7
491,357,5,7
496,353,5,7
498,352,5,7
501,352,5,7
496,352,5,7
493,354,5,7
492,353,5,7
493,353,5,7
493,354,5,7
498,355,5,7
506,355,5,7
511,352,5,7
514,350,5,7
515,354,5,7
514,350,5,7
519,352,5,7
511,353,5,7
503,353,5,7
495,357,5,7
489,357,5,7
483,359,5,7
480,365,5,7
479,372,5,7
479,372,5,7
479,374,5,7
474,377,5,7
480,376,5,7
487,371,5,7
495,367,5,7
503,366,5,7
509,362,5,7
510,355,5,7
510,355,5,7
511,354,5,7
508,352,5,7
499,352,5,7
496,352,5,7
494,351,5,7
497,350,5,7
497,353,5,7
497,354,5,7
495,353,5,7
499,347,5,7
498,344,5,7
501,344,5,7
501,342,5,7
507,343,5,6
507,343,5,6
506,344,5,6
501,346,5,6
501,346,5,6
503,346,5,6
498,347,5,6
496,347,5,6
498,349,5,6
497,349,5,6
495,346,5,6
496,347,5,6
498,349,5,6
501,347,5,6
503,344,5,6
504,344,5,6
504,342,5,6
508,337,5,6
509,333,5,6
508,328,5,6
515,329,5,5
516,326,5,5
509,329,5,5
506,331,5,5
505,331,5,5
503,331,5,5
503,328,5,5
510,329,5,5
511,324,5,5
506,321,5,5
500,315,4,5
503,313,5,5
499,310,4,4
499,309,4,4
499,306,4,4
502,304,5,5
508,304,5,5
512,304,5,5
511,301,5,5
518,300,5,5
524,299,5,5
522,297,5,5
519,298,5,5
522,297,5,5
520,296,5,5
519,293,5,5
518,293,5,5
516,292,5,5
521,298,5,5
515,297,5,5
521,296,5,5
519,296,5,5
526,294,5,5
527,300,5,5
526,302,5,5
526,302,5,5
519,303,5,5
518,304,5,5
517,304,5,5
519,303,5,5
517,306,5,5
523,303,5,5
528,299,5,5
534,298,5,5
536,293,5,5
535,286,5,5
539,289,5,5
538,286,5,5
535,286,5,5
531,285,5,5
530,287,5,5
526,285,5,5
524,280,5,5
521,277,5,5
517,273,5,5
512,274,5,5
504,277,5,5
499,279,5,5
500,286,5,5
501,292,5,5
501,290,5,5
500,295,5,5
501,293,5,5
508,293,5,5
515,296,5,5
517,295,5,5
518,296,5,5
520,295,5,5
518,293,5,5
521,292,5,5
515,288,5,5
510,289,5,5
503,286,5,5
507,281,5,5
511,281,5,5
518,278,5,5
520,281,5,5
520,280,5,5
517,281,5,5
515,281,5,5
514,281,5,5
512,282,5,5
511,282,5,5
509,280,5,5
510,285,5,5
514,283,5,5
516,279,5,5
514,278,5,5
511,278,5,5
510,279,5,5
507,279,5,5
511,280,5,5
517,281,5,5
522,281,5,5
521,288,5,5
522,290,5,5
522,290,5,5
522,289,5,5
521,289,5,5
520,289,5,5
520,289,5,5
522,290,5,5
522,290,5,5
522,293,5,5
529,293,5,5
528,289,5,5
528,285,5,5
521,281,5,5
520,274,5,5
520,273,5,5
515,274,5,5
515,272,5,5
516,272,5,5
515,274,5,5
516,272,5,5
520,272,5,5
522,271,5,5
524,270,5,5
523,269,5,5
525,270,5,5
527,273,5,5
522,278,5,5
526,277,5,5
526,276,5,5
528,272,5,5
527,266,5,5
529,262,5,5
528,255,5,5
528,250,5,5
530,245,5,5
533,244,5,5
533,244,5,5
532,244,5,5
533,241,5,5
531,241,5,5
528,241,5,5
530,244,5,5
528,244,5,5
522,244,5,5
518,246,5,5
515,247,5,5
512,245,5,5
511,245,5,5
507,248,5,5
512,247,5,5
512,249,5,5
512,245,5,5
515,244,5,5
515,244,5,5
518,242,5,5
520,242,5,5
522,243,5,5
525,239,5,5
526,240,5,5
528,238,5,5
528,238,5,5
525,240,5,5
523,243,5,5
516,246,5,5
516,246,5,5
515,246,5,5
519,246,5,5
517,244,5,5
517,243,5,5
515,243,5,5
517,243,5,5
517,244,5,5
519,243,5,5
519,243,5,5
520,247,5,5
517,248,5,5
514,249,5,5
516,248,5,5
515,248,5,5
516,248,5,5
517,252,5,5
519,255,5,5
518,253,5,5
523,254,5,5
526,252,5,5
524,255,5,5
522,262,5,5
519,263,5,5
525,262,5,5
526,262,5,5
525,262,5,5
528,260,5,5
529,259,5,5
533,257,5,5
535,260,5,5
541,261,5,5
539,262,5,5
539,264,5,5
535,263,5,5
531,263,5,5
533,259,5,5
530,254,5,5
529,254,5,5
526,255,5,5
526,253,5,5
528,254,5,5
528,260,5,5
527,261,5,5
528,263,5,5
528,263,5,5
527,261,5,5
527,261,5,5
527,262,5,5
529,261,5,5
529,265,5,5
533,263,5,5
530,263,5,5
528,266,5,5
526,271,5,5
526,273,5,5
532,275,5,5
533,277,5,5
532,280,5,5
529,280,5,5
528,281,5,5
522,278,5,5
521,276,5,5
525,280,5,5
527,285,5,5
527,287,5,5
522,289,5,5
522,292,5,5
518,290,5,5
518,292,5,5
517,290,5,5
520,287,5,5
520,287,5,5
519,287,5,5
517,287,5,5
515,294,5,5
518,295,5,5
516,294,5,5
510,295,5,5
505,296,5,5
502,296,5,5
501,295,5,5
500,295,5,5
499,296,5,5
498,295,5,5
491,296,5,5
484,297,5,5
479,301,5,5
473,303,5,5
477,303,5,5
478,303,5,5
481,303,5,5
482,300,5,5
479,294,5,5
480,292,5,5
479,293,5,5
483,294,5,5
480,295,5,5
475,294,5,5
476,294,5,5
481,294,5,5
488,294,5,5
493,294,5,5
495,296,5,5
496,299,5,5
494,298,5,5
491,292,5,5
489,291,5,5
484,290,5,5
485,290,5,5
484,288,5,5
486,282,5,5
487,280,5,5
487,278,5,5
487,277,5,5
488,276,5,5
493,273,5,5
496,271,5,5
503,268,5,5
506,267,5,5
506,265,5,5
504,258,5,5
501,258,5,5
503,257,5,5
504,257,5,5
507,256,5,5
507,255,5,5
511,254,5,5
518,254,5,5
519,255,5,5
517,255,5,5
517,251,5,5
519,245,5,5
519,244,5,5
519,245,5,5
520,244,5,5
519,244,5,5
518,249,5,5
520,250,5,5
522,250,5,5
522,249,5,5
524,249,5,5
525,249,5,5
527,249,5,5
526,248,5,5
530,246,5,5
536,247,5,5
539,247,5,5
540,247,5,5
537,248,5,5
537,247,5,5
539,247,5,5
543,247,5,5
546,246,5,5
546,247,5,5
548,251,5,5
547,251,5,5
551,251,5,5
547,249,5,5
543,246,5,5
538,247,5,5
537,247,5,5
536,247,5,5
533,247,5,5
532,245,5,5
534,243,5,5
533,243,5,5
533,242,5,5
531,240,5,5
532,238,5,5
537,243,5,5
539,243,5,5
543,243,5,5
537,244,5,5
540,244,5,5
540,244,5,5
544,244,5,5
544,244,5,5
548,245,5,5
550,245,5,5
551,243,5,5
553,242,5,5
554,242,5,5
553,242,5,5
553,242,5,5
553,242,5,5
552,242,5,5
554,242,5,5
551,242,5,5
551,239,5,5
552,241,5,5
552,240,5,5
553,239,5,5
552,239,5,5
553,235,5,5
549,233,5,5
548,231,5,5
541,231,5,5
536,229,5,5
537,229,5,5
534,231,5,5
533,230,5,5
535,229,5,5
532,228,5,5
534,229,5,5
540,235,5,5
537,236,5,5
535,238,5,5
534,238,5,5
534,242,5,5
532,242,5,5
534,241,5,5
534,240,5,5
535,240,5,5
539,237,5,5
545,236,5,5
546,236,5,5
546,236,5,5
548,236,5,5
548,236,5,5
549,237,5,5
550,237,5,5
553,236,5,5
556,235,5,5
559,236,5,5
560,236,5,5
560,236,5,5
563,235,5,5
563,235,5,5
562,236,5,5
560,237,5,5
563,236,5,5
564,233,5,5
561,232,5,5
558,232,5,5
552,237,5,5
548,235,5,5
544,239,5,5
541,239,5,5
539,241,5,5
539,241,5,5
538,245,5,5
534,243,5,5
533,246,5,5
529,244,5,5
522,247,5,5
520,248,5,5
519,247,5,5
519,247,5,5
517,247,5,5
515,247,5,5
514,247,5,5
514,247,5,5
516,246,5,5
521,247,5,5
520,247,5,5
521,246,5,5
520,245,5,5
518,245,5,5
518,244,5,5
518,244,5,5
518,244,5,5
519,240,5,5
516,240,5,5
516,241,5,5
515,241,5,5
516,240,5,5
512,243,5,5
511,244,5,5
512,251,5,5
517,253,5,5
521,260,5,5
522,260,5,5
524,258,5,5
525,260,5,5
525,260,5,5
523,258,5,5
527,253,5,5
527,249,5,5
532,252,5,5
531,249,5,5
534,249,5,5
541,249,5,5
543,247,5,5
543,248,5,5
543,248,5,5
545,253,5,5
542,257,5,5
538,260,5,5
531,259,5,5
524,256,5,5
518,256,5,5
511,255,5,5
507,255,5,5
503,254,5,5
497,252,5,5
497,252,5,5
494,253,5,5
493,252,5,5
492,253,5,5
492,253,5,5
492,253,5,5
490,252,5,5
491,253,5,5
491,253,5,5
491,252,5,5
491,252,5,5
492,255,5,5
491,252,5,5
492,248,5,5
493,249,5,5
493,247,5,5
495,246,5,5
495,248,5,5
497,244,5,5
496,245,5,5
495,241,5,5
498,239,5,5
497,241,5,5
492,243,5,5
489,245,5,5
485,250,5,5
485,250,5,5
485,250,5,5
484,250,5,5
484,251,5,5
484,250,5,5
484,251,5,5
483,251,5,5
480,249,5,5
479,249,5,5
474,248,5,5
473,248,5,5
471,249,5,5
470,250,5,5
472,249,5,5
473,251,5,5
474,251,5,5
474,252,5,5
474,252,5,5
474,252,5,5
474,252,5,5
474,253,5,5
474,252,5,5
474,254,5,5
474,252,5,5
474,251,5,5
469,250,5,5
466,250,5,5
465,250,5,5
461,249,5,5
465,253,5,5
465,254,5,5
463,255,5,5
461,256,5,5
458,255,5,5
457,258,5,5
460,264,5,5
461,265,5,5
460,264,5,5
460,265,5,5
461,265,5,5
460,264,5,5
464,263,5,5
463,265,5,5
466,267,5,5
464,267,5,5
462,266,5,5
462,266,5,5
459,267,5,5
458,266,5,5
462,263,5,5
462,263,5,5
463,266,5,5
469,262,5,5
470,261,5,5
468,260,5,5
471,261,5,5
474,257,5,5
477,255,5,5
483,255,5,5
485,258,5,5
489,262,5,5
489,263,5,5
490,262,5,5
490,262,5,5
488,262,5,5
490,260,5,5
490,261,5,5
491,261,5,5
491,262,5,5
491,261,5,5
493,263,5,5
495,263,5,5
491,261,5,5
490,261,5,5
490,261,5,5
490,261,5,5
492,261,5,5
493,262,5,5
495,262,5,5
495,263,5,5
494,262,5,5
497,262,5,5
498,262,5,5
495,262,5,5
492,262,5,5
491,262,5,5
490,262,5,5
491,262,5,5
490,262,5,5
492,262,5,5
492,262,5,5
492,262,5,5
494,262,5,5
495,262,5,5
498,261,5,5
503,263,5,5
503,264,5,5
503,264,5,5
507,262,5,5
510,262,5,5
506,260,5,5
508,259,5,5
510,255,5,5
508,253,5,5
509,250,5,5
506,246,5,5
506,243,5,5
506,242,5,5
506,242,5,5
506,241,5,5
505,242,5,5
506,242,5,5
508,241,5,5
510,243,5,5
510,242,5,5
510,243,5,5
506,243,5,5
506,243,5,5
506,243,5,5
502,238,5,5
500,240,5,5
498,240,5,5
500,240,5,5
499,241,5,5
500,240,5,5
501,241,5,5
500,241,5,5
499,243,5,5
500,248,5,5
500,248,5,5
499,242,5,5
500,246,5,5
500,246,5,5
500,246,5,5
500,244,5,5
500,242,5,5
500,243,5,5
499,240,5,5
503,238,5,5
504,237,5,5
508,235,5,5
504,237,5,5
504,237,5,5
503,237,5,5
504,237,5,5
504,237,5,5
504,237,5,5
502,241,5,5
504,242,5,5
501,242,5,5
499,243,5,5
501,241,5,5
504,243,5,5
505,243,5,5
505,244,5,5
507,245,5,5
508,244,5,5
508,244,5,5
508,244,5,5
510,242,5,5
513,243,5,5
515,238,5,5
518,241,5,5
520,244,5,5
517,244,5,5
519,243,5,5
520,239,5,5
520,239,5,5
522,238,5,5
520,238,5,5
519,239,5,5
521,239,5,5
520,240,5,5
518,240,5,5
519,233,5,5
518,234,5,5
519,234,5,5
520,234,5,5
520,234,5,5
518,232,5,5
515,232,5,5
511,232,5,5
506,233,5,5
506,236,5,5
502,240,5,5
498,241,5,5
496,243,5,5
495,244,5,5
497,244,5,5
496,243,5,5
497,244,5,5
497,244,5,5
498,244,5,5
497,245,5,5
492,244,5,5
491,244,5,5
490,244,5,5
489,243,5,5
490,249,5,5
490,249,5,5
490,249,5,5
492,251,5,5
489,249,5,5
490,248,6,6
490,250,6,6
489,250,6,6
492,251,6,6
495,252,6,6
492,251,6,6
495,254,6,6
497,253,6,6
496,254,6,6
496,253,6,6
496,254,6,6
495,253,6,6
495,253,6,6
496,253,6,6
496,252,6,6
496,252,6,6
492,250,6,6
490,250,6,6
495,252,6,6
495,252,6,6
495,252,5,5
494,252,5,5
494,251,5,5
494,252,5,5
494,252,5,5
495,252,5,5
496,253,5,5
496,251,5,5
494,250,5,5
489,248,5,5
488,246,5,5
485,244,5,5
480,246,5,5
479,247,5,5
479,247,5,5
479,247,5,5
479,247,5,5
475,249,5,5
474,250,5,5
473,249,5,5
472,248,5,5
470,250,5,5
470,253,5,5
470,252,5,5
476,256,5,5
477,257,5,5
476,258,5,5
476,258,5,5
476,258,5,5
477,258,5,5
477,258,5,5
478,258,5,5
478,258,5,5
478,258,5,5
479,258,5,5
479,258,5,5
480,259,5,5
480,260,5,5
480,260,5,5
481,261,5,5
481,260,5,5
481,261,5,5
481,261,5,5
477,263,5,5
474,269,5,5
469,271,5,5
469,269,5,5
470,268,5,5
472,264,5,5
478,262,5,5
479,255,5,5
485,254,5,5
489,253,5,5
492,254,5,5
489,252,5,5
484,249,5,5
485,243,5,5
486,236,5,5
489,235,5,5
495,235,5,5
502,235,5,5
506,235,5,5
506,235,5,5
509,234,5,5
511,235,5,5
508,234,5,5
509,234,5,5
508,228,5,5
510,223,5,5
513,226,5,5
514,223,5,5
515,219,5,4
516,222,5,4
518,223,5,4
519,225,5,4
520,227,5,4
521,227,5,4
521,227,5,5
521,227,5,4
520,224,6,6
516,219,6,6
513,218,6,6
511,217,6,6
507,218,6,6
505,217,6,6
498,217,6,6
498,217,6,6
495,217,6,6
492,215,6,6
491,215,6,6
488,209,6,6
488,209,6,6
487,211,6,6
486,206,6,6
485,207,6,6
483,203,6,6
484,208,6,6
483,209,6,5
482,209,6,5
482,210,6,5
481,208,7,7
481,213,6,6
480,212,6,6
480,210,6,6
479,210,7,6
479,212,6,6
477,214,7,7
474,214,7,7
472,214,7,7
469,215,7,7
467,215,7,7
465,219,7,7
463,221,6,6
460,224,6,6
457,223,6,6
453,223,7,7
449,220,7,7
446,219,7,7
438,219,7,7
434,214,7,7
425,213,7,7
419,215,7,7
414,216,7,7
407,211,7,7
405,217,7,7
396,216,7,7
393,216,7,7
389,225,8,8
385,226,7,6
383,226,7,7
381,227,7,7
379,228,8,7
379,228,8,7
383,228,7,7
384,230,8,7
386,229,7,7
388,229,7,7
389,229,7,7
390,231,7,7
391,232,7,7
394,232,7,7
397,233,7,7
401,233,7,7
405,233,7,7
409,232,8,8
416,233,7,7
421,232,8,8
430,233,7,7
433,231,7,7
442,228,7,7
450,227,7,7
456,229,7,7
460,230,7,7
464,228,7,7
473,229,7,7
477,229,7,6
479,228,7,7
481,227,7,7
481,227,7,7
480,226,7,7
478,226,7,7
475,226,7,7
472,227,7,7
468,227,7,7
464,227,7,7
460,228,7,7
455,226,8,8
448,228,7,7
444,227,7,6
439,227,8,8
433,228,7,6
429,229,7,7
425,229,7,7
422,229,7,7
419,230,7,7
416,229,7,7
414,229,7,7
413,230,7,7
411,230,7,7
408,229,7,7
407,229,7,7
406,229,7,7
405,229,8,7
404,229,8,7
404,229,7,7
403,229,8,7
402,229,7,7
401,229,7,7
398,229,8,7
395,229,7,7
391,229,7,7
387,229,7,7
384,229,8,7
380,230,7,7
376,231,7,7
373,231,7,7
370,231,7,7
367,231,7,7
364,231,7,7
362,232,7,7
360,231,7,7
358,232,8,7
357,231,7,7
355,231,8,7
353,231,8,7
350,231,8,7
348,231,8,7
346,231,7,7
344,231,8,7
342,231,8,7
341,231,8,7
339,233,8,7
339,233,8,7
339,233,8,8
340,233,8,8
340,235,9,8
342,235,8,8
344,235,8,8
347,237,9,8
349,237,9,9
353,237,9,8
356,237,9,9
359,237,9,9
363,237,9,8
367,237,9,8
369,237,9,9
374,234,9,9
379,234,9,9
382,235,9,9
387,235,9,9
390,235,9,9
394,234,9,8
399,233,9,8
402,234,9,8
404,234,9,8
408,233,9,8
411,234,9,9
412,234,9,9
414,233,9,9
417,233,9,9
418,233,9,9
419,233,10,9
420,233,10,9
419,233,10,10
420,232,10,10
419,232,10,10
419,232,10,10
419,232,10,10
419,232,11,10
419,232,11,10
419,232,11,10
420,231,11,10
420,230,11,11
421,230,11,11
421,229,11,11
421,229,11,11
422,229,11,10
422,228,11,10
423,228,11,10
425,227,11,11
426,227,11,11
428,226,11,11
428,226,11,11
430,226,11,11
431,225,11,11
432,225,11,11
433,225,11,11
435,225,11,11
436,224,11,11
437,224,11,11
437,224,11,11
438,224,10,11
438,224,10,12
438,224,10,11
438,225,11,11
436,225,11,11
435,225,11,11
432,225,11,11
430,225,11,11
426,225,12,11
424,225,12,11
420,224,11,12
417,225,11,12
415,225,11,12
414,226,12,12
413,226,11,11
411,226,11,12
410,226,11,11
410,226,11,11
411,227,12,11
412,226,12,12
414,227,12,11
415,227,12,12
417,228,12,11
419,228,12,11
421,228,12,11
423,228,12,11
426,228,12,11
428,228,12,12
430,228,12,11
433,227,12,11
436,227,12,12
437,227,12,12
439,227,12,12
440,226,12,12
441,226,13,13
442,224,12,13
442,224,13,13
443,225,13,12
443,224,13,12
443,224,13,12
442,224,13,13
441,224,13,13
441,224,13,12
441,224,13,12
441,225,12,12
440,225,12,12
440,224,12,12
440,224,12,12
440,224,12,12
441,224,12,12
441,224,13,12
442,224,12,12
443,224,13,12
444,224,13,13
445,224,13,13
446,224,13,12
446,224,13,12
446,225,13,12
447,225,13,13
448,225,12,13
448,225,13,13
449,225,13,13
450,225,13,13
458,225,13,13
461,225,13,12
461,225,13,12
461,225,13,13
461,224,13,13
461,224,13,13
459,225,13,12
456,225,13,12
452,224,13,12
447,224,14,13
442,226,14,13
438,225,13,13
433,225,13,13
429,226,13,13
424,226,13,12
420,226,13,12
417,225,13,13
414,225,13,12
412,225,13,13
411,225,13,13
409,225,13,13
408,225,14,13
405,224,13,13
403,224,14,13
401,224,14,13
398,225,13,13
396,224,13,12
394,225,13,13
393,225,13,13
390,224,13,14
389,224,14,13
388,225,13,13
387,225,13,13
386,225,13,13
385,225,13,13
382,225,13,13
379,226,14,13
376,226,13,13
374,227,13,13
372,226,13,13
371,227,13,13
371,228,13,13
372,228,13,13
374,229,13,13
376,229,13,13
379,230,13,13
381,230,13,13
383,229,13,13
385,228,13,13
385,229,13,12
386,228,13,13
388,229,13,13
389,229,13,13
389,229,13,13
390,229,13,13
390,229,13,13
390,229,13,13
391,228,13,14
392,228,14,14
392,228,14,13
393,228,14,13
393,228,14,14
393,228,14,13
393,228,13,13
393,229,14,13
393,229,13,13
393,228,13,13
393,228,13,13
391,228,13,13
389,228,13,13
388,228,13,13
387,228,13,13
387,229,13,13
386,228,13,13
385,229,13,12
385,228,13,12
384,228,13,12
386,234,12,12
387,233,13,12
387,232,13,12
388,232,13,12
391,231,13,12
392,230,13,12
394,230,12,12
396,230,13,12
398,230,12,12
400,230,13,12
403,229,13,12
403,230,13,13
405,230,13,13
407,231,13,13
408,231,13,13
409,231,13,12
411,231,13,12
412,231,13,12
414,232,13,12
417,232,13,12
420,231,12,12
422,231,13,12
424,231,13,12
426,230,13,13
428,229,13,13
430,229,13,13
432,229,13,13
433,229,13,13
435,229,13,13
436,229,13,13
437,229,13,13
438,229,13,13
439,228,13,13
441,227,14,14
443,227,13,14
444,226,14,14
447,226,13,13
448,226,13,13
450,226,13,13
453,225,14,14
455,225,14,14
457,224,14,14
459,224,14,14
460,223,14,14
462,223,14,14
463,222,14,14
465,223,14,14
466,222,14,14
467,222,14,14
468,222,14,14
468,223,14,14
469,222,14,13
469,223,14,13
469,222,14,13
469,223,14,13
469,222,14,13
468,223,14,13
469,222,14,13
468,222,14,13
468,222,14,14
467,222,14,14
466,222,14,14
466,222,14,14
465,222,14,14
465,222,14,14
464,222,14,14
464,222,14,13
463,222,14,14
462,223,15,14
463,223,14,14
463,223,14,14
463,222,14,13
464,223,14,13
464,223,14,13
464,223,14,13
466,224,13,13
467,224,13,13
467,224,13,13
467,224,13,13
468,224,13,12
468,225,13,12
468,225,13,12
468,225,13,12
468,225,13,12
469,225,13,12
469,225,13,12
469,225,13,12
469,225,13,12
469,225,13,12
469,225,13,12
469,225,13,12
468,225,13,13
467,225,13,13
467,225,13,12
466,225,13,12
465,226,13,12
465,225,13,12
464,225,13,12
463,225,13,13
462,225,13,12
462,225,13,13
462,225,13,13
461,225,13,13
462,225,13,12
463,225,13,12
463,225,13,12
464,226,13,12
466,226,13,12
468,226,13,12
469,227,13,12
471,226,13,13
472,227,13,13
473,226,13,13
473,226,13,12
473,226,13,13
473,226,13,13
473,225,13,13
473,225,13,13
471,225,13,13
469,225,13,13
466,225,13,13
462,225,13,13
459,225,13,13
455,226,14,13
453,225,13,13
449,225,14,13
447,225,13,13
444,225,13,13
442,225,13,13
440,225,14,13
440,225,14,14
439,225,13,13
439,226,13,13
438,226,13,13
438,226,14,13
439,226,14,14
440,225,14,14
442,226,14,14
443,225,14,14
445,226,14,14
447,225,14,14
448,225,14,14
449,225,14,14
450,225,14,14
450,225,14,14
451,224,14,13
450,225,15,14
450,224,15,14
450,224,14,14
448,223,14,14
446,224,14,14
444,224,14,14
442,223,14,14
441,224,15,14
440,223,14,14
439,223,14,14
439,224,14,14
438,224,14,14
438,224,14,14
440,224,14,14
441,225,14,14
444,224,14,14
446,224,14,14
449,224,15,14
452,224,14,14
454,225,15,14
456,225,14,14
458,224,14,14
459,224,14,14
459,225,15,14
460,224,15,14
461,224,15,14
461,224,15,14
461,223,15,14
461,224,15,14
459,225,15,14
455,225,15,14
452,225,15,14
448,225,15,14
444,226,15,14
442,226,15,14
440,226,15,14
439,226,15,15
438,227,15,15
439,227,15,14
440,228,15,14
443,227,15,15
445,227,16,15
447,227,15,15
451,226,16,15
455,226,16,15
458,225,16,15
460,226,16,15
462,226,17,16
464,225,17,16
465,225,17,16
465,225,17,16
465,224,17,16
465,224,16,16
464,225,16,16
462,224,16,16
459,224,17,16
455,224,17,16
453,225,17,16
451,224,17,16
449,224,17,16
449,224,16,16
449,224,16,15
450,225,17,15
451,225,16,15
451,225,16,15
451,226,16,15
453,230,15,15
459,231,15,15
465,233,15,14
471,233,15,15
472,234,15,15
474,234,15,15
474,234,15,15
474,233,15,15
473,231,15,15
470,231,15,15
467,231,15,15
464,228,16,15
461,226,16,15
456,224,16,15
452,223,16,15
447,222,15,15
444,221,16,16
441,221,16,16
437,221,16,16
434,221,17,16
429,221,16,16
426,221,16,16
424,220,16,16
422,219,16,16
420,219,16,16
420,219,15,15
419,220,15,16
420,221,16,16
422,221,16,16
424,222,16,16
426,222,16,16
429,223,16,16
431,223,16,16
433,223,16,16
435,223,16,16
438,223,16,16
441,224,16,15
444,224,16,16
448,224,16,16
451,224,16,16
456,225,16,15
461,225,16,15
467,228,15,14
472,229,16,14
477,231,15,14
482,232,15,14
487,232,15,14
491,232,15,14
492,232,15,15
494,232,15,15
495,232,15,15
497,231,15,15
498,231,15,15
499,231,15,15
501,229,15,15
503,229,15,15
507,229,15,14
509,229,15,14
508,230,15,14
509,230,15,14
508,231,15,15
506,233,15,14
504,234,14,14
504,235,14,14
504,235,14,14
504,235,14,13
504,234,13,13
504,234,14,13
505,234,14,13
505,234,14,14
505,234,14,14
504,234,14,14
502,234,14,14
498,232,14,14
492,230,15,13
488,230,14,14
486,229,15,14
486,229,14,14
486,229,14,14
486,226,14,14
484,226,14,14
483,225,14,14
483,225,14,13
483,227,14,14
484,227,14,14
484,227,14,14
485,230,14,14
490,231,14,13
494,231,14,13
496,230,14,14
498,230,14,14
501,231,14,14
507,233,14,13
511,234,13,13
513,234,14,14
513,235,14,14
513,236,14,14
513,237,14,14
513,236,14,14
513,236,14,14
513,235,15,14
513,235,15,15
513,235,14,14
512,234,14,15
510,234,15,14
507,232,15,15
504,231,15,15
502,231,15,14
500,231,15,15
498,230,15,15
497,230,15,15
496,228,15,15
493,228,16,15
490,229,16,15
485,228,16,15
482,227,16,16
480,227,16,16
476,228,16,15
472,227,16,16
469,227,16,16
468,227,16,16
467,228,15,15
466,228,15,15
466,228,15,15
467,229,16,16
468,229,15,15
468,230,15,15
469,229,15,15
469,229,16,16
471,228,15,15
472,227,15,16
472,227,15,15
472,227,15,15
472,227,15,15
473,227,15,15
474,226,15,15
476,225,15,15
477,225,15,15
477,225,15,15
477,224,15,15
475,224,15,15
476,225,15,14
476,224,14,15
476,228,15,15
477,228,15,15
477,230,15,15
478,231,15,15
479,231,15,15
481,232,15,15
484,233,15,14
488,233,15,14
492,234,15,14
494,234,15,15
495,234,15,15
499,234,15,15
503,234,15,15
504,234,15,15
506,233,15,15
507,233,15,15
508,233,15,15
508,233,15,15
507,233,15,15
506,232,15,15
502,231,15,14
499,231,15,14
494,231,15,14
489,230,15,14
487,230,15,14
484,230,15,15
480,228,15,15
477,228,15,15
474,228,15,15
472,229,15,15
471,229,15,15
470,229,15,15
469,230,15,15
469,231,15,15
470,231,15,15
470,231,15,15
472,230,15,15
473,230,15,15
477,229,15,15
481,229,15,15
484,229,16,15
487,228,16,15
490,228,16,15
491,228,17,16
493,228,16,15
495,227,16,15
495,227,16,15
494,228,16,15
493,228,16,15
491,227,16,15
488,228,16,15
486,228,16,15
483,229,16,15
480,229,16,15
478,229,16,16
476,229,16,15
474,230,16,15
473,229,16,15
473,230,16,15
473,230,16,15
473,230,16,16
473,229,16,16
473,229,16,15
474,229,15,15
473,229,15,15
474,228,15,15
474,228,15,15
474,228,15,15
474,228,15,15
473,228,15,15
469,228,15,14
466,228,15,14
462,228,15,14
459,227,15,15
456,227,15,15
453,227,15,15
449,227,16,15
446,227,16,15
442,227,16,15
438,227,16,15
434,227,16,15
430,227,16,15
426,228,16,16
424,227,16,16
420,227,16,16
416,228,17,15
414,228,16,15
411,228,16,15
406,228,16,14
402,228,16,14
398,228,16,15
393,227,16,15
389,227,16,15
385,227,16,16
382,227,16,16
380,228,16,16
379,228,16,16
379,230,16,16
379,232,16,16
382,232,16,16
385,234,17,16
389,234,17,16
394,234,17,17
399,235,17,17
402,236,16,16
405,236,17,16
408,236,17,16
412,236,17,16
416,236,17,16
419,236,18,17
422,236,17,16
426,235,17,16
431,235,17,16
434,234,17,16
438,233,17,16
442,233,17,16
444,232,16,16
446,232,17,16
448,231,17,16
449,231,16,16
448,231,17,16
448,230,16,16
447,231,17,16
446,231,17,16
445,231,17,16
443,231,17,16
441,231,17,16
439,231,17,16
436,230,17,16
434,230,17,16
431,230,17,15
430,231,16,16
429,230,16,16
427,230,16,16
425,230,16,16
424,230,16,16
423,230,16,15
423,230,16,16
422,230,16,15
422,230,16,16
423,230,15,15
422,231,16,15
421,230,16,15
422,229,16,16
421,228,16,16
420,227,16,16
419,227,16,16
419,227,16,16
419,226,16,16
419,226,16,16
419,226,16,16
419,226,16,16
418,227,16,16
419,227,16,16
420,226,16,16
421,226,16,16
421,226,16,16
421,226,16,16
421,227,16,15
421,226,16,15
422,225,16,16
423,224,16,16
423,224,16,15
423,224,16,15
423,225,16,15
422,225,16,15
422,225,16,15
422,226,16,15
422,225,16,15
422,226,16,15
422,226,15,15
423,227,15,15
423,227,15,15
423,227,15,15
423,227,15,15
423,227,16,16
425,228,16,15
427,228,16,15
429,228,16,15
431,228,16,16
434,228,16,16
436,228,16,16
438,228,16,16
440,228,16,16
443,228,16,16
444,228,16,16
446,228,17,16
446,228,16,17
447,227,15,16
448,227,15,16
448,227,16,16
448,227,16,16
448,227,16,16
448,227,16,16
447,227,16,16
448,227,16,16
447,227,15,15
447,227,15,15
446,228,15,15
446,227,15,16
446,227,15,15
445,227,15,15
444,226,15,15
444,226,15,15
443,226,15,15
443,226,15,15
443,226,15,15
442,226,15,15
441,226,15,15
440,226,15,15
440,226,15,15
439,225,16,16
439,225,15,15
439,225,16,15
438,225,16,16
438,224,15,16
438,225,16,16
438,224,15,15
437,224,15,15
438,224,15,15
437,224,15,15
436,224,15,15
436,224,16,16
436,224,16,16
435,224,16,15
435,224,16,16
435,224,16,16
435,223,16,16
435,223,16,16
435,223,16,16
434,223,16,16
435,223,16,16
434,224,16,16
434,223,17,16
435,224,17,16
435,224,16,16
435,224,16,16
435,224,16,16
434,224,16,16
435,225,16,16
434,224,16,16
434,225,16,16
434,224,16,16
434,225,16,16
433,224,16,16
433,225,16,16
433,225,16,16
433,225,16,16
433,225,16,16
432,225,16,16
432,226,16,16
432,225,16,16
431,226,16,16
432,226,16,16
431,226,16,16
430,226,16,16
431,226,16,16
430,227,17,16
430,227,17,16
429,226,17,16
429,227,16,16
429,227,16,16
428,227,16,16
428,227,16,16
428,227,16,16
428,228,16,16
427,228,16,16
427,227,16,16
427,227,16,16
427,227,16,17
427,227,16,16
427,228,16,16
427,228,16,16
428,229,17,17
430,229,17,17
432,228,17,17
433,229,17,17
436,229,17,17
437,228,17,16
438,227,16,16
437,226,17,17
437,223,17,17
439,221,18,17
444,218,18,17
447,216,18,18
452,215,18,17
458,214,18,16
462,214,18,16
465,215,17,17
466,216,17,17
465,217,17,17
463,217,17,17
459,218,18,17
456,218,18,17
453,218,17,18
452,218,17,18
451,218,17,17
449,219,16,17
448,219,16,17
448,218,16,17
448,219,16,17
448,219,16,17
449,218,17,17
449,218,17,17
451,219,17,17
453,219,17,17
454,219,17,17
456,219,17,16
456,219,16,16
457,219,16,16
458,218,15,16
458,218,15,16
461,217,16,15
465,215,16,15
469,215,16,15
474,213,16,15
476,213,15,15
479,213,16,15
481,212,16,15
481,213,16,15
482,213,16,15
482,212,15,15
483,213,16,15
484,213,15,15
484,213,16,15
485,213,16,15
485,213,16,15
487,213,15,15
488,212,15,15
490,212,15,15
492,211,15,15
496,210,15,15
499,208,15,15
502,207,15,14
508,205,15,14
513,203,15,14
516,202,15,15
518,202,15,15
520,201,15,15
521,201,15,15
522,201,15,14
523,200,15,15
524,201,15,15
524,200,15,15
525,200,15,15
527,200,15,15
529,199,15,15
533,198,15,15
536,198,15,15
538,197,15,15
542,197,15,15
546,196,15,15
550,197,15,14
557,197,15,14
564,195,14,14
571,191,15,15
572,189,15,15
584,186,15,15
570,187,15,15
580,176,15,15
582,177,15,15
565,176,15,15
572,176,14,14
571,175,15,15
573,193,16,16
575,200,16,16
583,198,16,16
595,206,14,14
603,206,15,15
610,199,16,16
623,192,15,15
635,189,14,14
643,187,14,14
645,185,15,15
646,184,15,15
646,182,15,15
646,180,15,15
645,179,14,15
644,178,15,15
643,178,14,14
643,178,14,14
644,177,15,15
646,175,14,14
651,172,14,14
657,169,14,14
664,167,14,14
672,165,14,14
679,164,14,15
684,163,14,14
690,162,15,15
693,161,15,15
695,161,15,16
696,160,14,16
698,159,15,15
701,158,15,16
706,156,14,15
711,153,15,15
713,152,15,15
717,150,15,15
719,150,15,15
721,149,15,15
722,150,15,16
722,149,15,16
722,149,16,16
723,149,15,16
723,148,16,16
722,148,16,16
721,148,16,16
719,148,16,16
718,148,16,16
716,148,16,16
715,148,16,16
714,148,15,16
712,148,16,17
711,148,16,17
710,148,16,17
710,148,16,16
709,148,15,16
708,148,15,16
708,148,15,16
708,147,15,16
708,148,15,16
708,148,15,16
707,148,15,17
707,147,16,17
707,147,16,17
707,146,16,18
707,146,17,17
707,146,16,18
707,146,17,18
707,146,17,18
706,145,17,18
706,146,17,18
705,145,16,18
704,145,17,18
703,145,17,19
703,145,17,19
702,145,17,19
704,145,18,19
707,143,18,19
710,142,18,20
712,141,19,19
715,142,19,19
718,141,18,19
722,140,18,19
725,140,18,18
728,138,18,19
731,136,18,19
734,134,18,19
739,133,18,18
745,131,17,18
750,131,18,19
755,129,19,20
758,128,19,19
760,128,19,20
763,128,19,20
766,127,20,20
769,126,19,20
771,126,20,20
775,124,20,20
780,123,19,20
782,123,19,20
786,122,19,19
788,121,19,19
791,120,19,19
793,118,19,20
794,119,19,19
795,119,19,19
797,118,19,20
798,117,19,20
798,118,19,21
799,119,19,20
799,119,19,20
798,120,19,21
797,120,19,21
794,121,20,21
791,122,20,21
789,122,20,21
788,122,20,21
786,123,20,21
786,123,20,21
786,123,19,21
785,124,19,20
785,125,19,21
785,125,20,21
782,126,21,21
781,126,20,20
778,127,21,21
775,127,20,21
774,128,20,21
774,128,20,21
773,128,19,21
770,129,20,22
767,129,20,21
766,129,20,22
765,129,20,22
765,129,20,21
765,130,20,22
765,128,22,22
765,128,22,22
767,127,22,23
768,126,21,22
769,127,22,22
769,125,21,23
769,125,22,23
770,126,22,23
771,126,22,24
770,126,23,24
770,126,22,24
771,125,22,24
770,125,22,24
770,125,23,24
770,125,23,25
768,126,24,25
769,125,23,25
767,126,23,25
765,125,24,25
764,126,25,25
763,127,23,25
762,126,24,25
761,126,23,26
761,126,23,25
760,127,23,25
760,126,22,25
760,126,22,25
759,127,22,24
759,126,22,25
759,126,23,25
759,126,23,24
758,126,22,24
758,126,22,25
756,127,22,25
755,127,24,24
754,128,24,24
753,126,23,25
751,128,24,24
752,127,22,25
751,128,23,25
751,128,22,25
751,127,22,25
751,127,22,25
751,127,23,26
752,127,23,25
751,128,24,24
750,128,24,24
751,128,23,26
751,129,25,25
751,129,24,24
750,129,25,25
749,129,24,24
749,129,24,24
749,129,24,24
748,129,24,24
747,128,23,25
746,130,24,24
745,129,23,26
745,129,22,25
744,128,22,25
744,129,22,25
743,128,22,25
742,129,22,25
741,129,22,26
741,129,22,25
740,129,22,26
739,129,22,26
738,129,23,26
737,130,23,25
737,130,23,25
735,130,24,25
732,131,24,25
731,131,23,25
730,131,22,25
728,131,23,26
726,132,22,25
725,132,23,25
721,133,23,25
719,134,23,25
716,135,22,25
714,136,22,24
710,136,22,24
708,137,22,24
706,136,22,24
706,136,21,24
705,136,22,25
705,136,22,25
706,135,22,25
706,135,22,25
707,136,22,24
707,135,22,25
707,135,22,24
707,135,21,25
706,136,22,25
706,136,22,25
707,136,21,25
707,137,22,25
706,137,22,24
707,138,22,24
707,138,22,24
707,138,22,24
707,138,22,24
707,138,22,24
708,138,22,25
706,137,22,25
707,137,23,25
707,137,23,25
707,137,23,25
707,137,23,26
707,138,22,26
708,137,23,25
707,137,23,26
706,137,23,26
705,138,24,26
704,138,25,25
704,138,23,26
703,137,23,26
702,138,23,26
701,138,24,27
698,139,25,25
697,139,25,26
693,136,26,26
697,144,26,26
695,141,24,25
692,142,24,26
690,141,24,26
689,141,24,27
687,141,25,28
685,141,25,27
685,141,24,27
684,141,25,27
683,141,25,27
683,142,25,28
683,141,26,28
682,143,25,28
682,142,25,27
681,142,24,27
681,143,24,27
681,143,24,27
681,144,24,27
681,144,23,27
681,144,23,26
680,143,24,26
678,144,24,27
678,144,24,27
678,144,24,26
677,145,23,26
675,145,23,26
674,146,22,25
674,146,23,25
673,146,22,25
672,147,22,26
670,147,23,26
668,148,23,26
666,149,22,25
663,150,22,25
661,152,22,24
655,153,22,24
651,154,22,23
646,155,22,24
643,155,22,23
641,156,22,23
639,156,21,23
637,155,21,24
634,156,21,23
634,155,21,24
633,156,21,24
632,156,21,24
630,156,20,23
628,157,21,23
624,157,21,24
623,158,21,24
621,159,21,24
619,159,21,24
618,160,21,24
616,160,21,24
616,160,21,25
615,160,21,24
615,161,21,25
616,160,21,25
615,161,21,25
615,161,22,25
616,161,21,25
617,161,21,25
617,161,21,25
616,160,21,25
615,161,21,26
614,161,21,25
612,161,22,26
612,162,21,25
611,162,21,25
611,163,22,25
610,164,21,25
610,163,22,26
610,163,21,25
610,163,21,25
610,164,21,25
610,163,21,25
611,163,21,25
611,163,22,26
610,163,21,25
610,163,21,25
610,163,21,25
611,164,21,25
609,164,21,26
609,163,21,26
608,164,21,25
606,164,21,25
606,164,21,25
606,165,20,25
604,165,20,25
604,165,20,25
603,165,20,25
601,164,21,25
601,166,21,25
599,166,20,24
599,166,20,24
599,167,20,24
598,167,20,24
597,166,20,24
596,167,19,24
595,167,19,24
594,167,20,24
594,167,20,24
592,168,20,24
591,167,21,25
591,167,21,24
590,167,21,25
589,166,21,25
588,167,21,25
586,166,21,25
587,167,21,25
584,167,21,25
583,167,20,25
582,167,21,25
580,168,20,24
580,168,20,24
580,168,20,24
580,169,20,24
579,168,20,24
580,168,20,25
579,169,20,24
579,169,20,24
578,168,20,24
578,169,20,24
578,169,20,24
578,170,20,24
577,169,20,24
577,169,20,24
575,170,20,24
574,169,20,24
574,170,20,23
572,170,20,23
572,170,20,24
571,170,20,24
572,170,20,24
572,170,20,23
572,171,19,23
572,170,20,24
573,170,20,23
574,170,20,23
574,169,20,23
574,169,20,23
575,169,20,23
575,169,20,23
575,169,20,24
575,169,20,24
575,169,20,23
575,170,19,23
575,170,19,23
576,170,19,23
574,169,19,23
574,169,19,23
574,169,19,22
573,170,19,22
573,169,19,23
572,169,19,23
570,169,19,23
571,168,20,24
569,167,20,24
569,168,20,24
569,168,20,24
569,168,19,24
570,168,20,24
570,168,20,24
570,168,21,24
571,168,21,24
572,167,22,25
572,167,22,25
574,166,22,25
577,167,22,24
581,165,22,25
587,165,23,24
593,163,23,25
598,162,22,24
605,160,22,24
612,158,23,25
620,156,23,24
629,154,23,24
638,152,23,24
645,149,23,24
