628,290,158,149
635,297,157,147
637,294,159,150
649,295,162,149
662,294,161,151
681,287,161,152
693,276,162,153
712,264,163,153
729,242,160,149
737,226,157,150
739,204,154,144
740,189,154,138
742,174,146,128
732,157,163,154
726,149,161,152
704,150,165,155
693,157,166,157
688,156,167,157
683,157,168,159
695,165,167,157
682,169,165,156
697,172,165,155
700,178,163,153
706,173,163,154
710,172,162,153
714,178,162,153
706,183,161,151
728,184,160,151
705,184,161,152
721,193,159,150
728,200,159,150
720,200,160,151
732,206,159,150
732,203,158,149
730,209,161,151
729,208,159,150
713,195,160,150
719,188,161,152
739,179,162,153
749,172,162,153
720,175,159,150
739,169,159,150
743,167,158,149
730,172,155,146
724,176,154,145
738,184,153,145
741,188,152,143
737,195,154,145
732,202,153,145
729,199,154,145
711,198,154,145
704,196,156,147
736,193,153,144
744,197,154,145
731,192,154,145
735,200,153,121
720,196,159,127
731,200,153,145
742,200,155,146
741,202,159,150
728,210,162,153
729,217,166,153
722,224,177,155
725,235,182,147
724,241,177,163
721,253,178,161
720,259,176,156
718,263,180,153
715,266,178,155
711,267,179,151
707,266,176,155
706,265,177,156
704,266,175,151
700,266,177,151
700,267,174,149
699,268,170,147
698,267,172,150
697,268,170,148
694,268,171,147
696,268,173,147
700,268,170,147
699,268,171,147
698,268,172,147
694,266,174,151
690,263,176,151
683,259,181,156
680,259,185,155
675,259,186,155
671,266,186,153
663,273,194,156
660,282,188,152
652,293,186,151
644,298,178,150
620,307,187,161
605,306,188,161
589,303,183,168
567,301,186,183
547,302,189,193
524,309,193,190
512,310,192,194
504,323,201,189
545,259,193,192
551,285,200,189
520,321,170,193
558,305,141,183
527,320,199,188
576,310,140,184
570,291,166,183
582,297,164,180
581,306,154,178
587,312,142,174
577,309,149,181
589,306,148,182
590,301,158,175
594,303,145,174
576,303,151,180
571,301,155,184
577,297,152,183
560,305,158,185
567,300,156,186
595,290,146,176
575,296,155,181
578,291,152,182
572,286,155,190
562,284,166,204
564,274,167,206
560,274,171,209
551,278,185,209
548,284,199,203
586,281,185,190
605,280,186,175
617,271,194,177
647,260,184,170
676,243,197,177
686,230,210,188
712,217,206,197
727,207,205,197
739,205,192,189
736,201,201,184
736,197,199,180
738,194,196,178
732,184,196,183
727,180,195,181
719,178,200,176
716,173,198,178
717,172,199,175
716,170,200,177
717,168,199,176
719,169,195,175
718,170,194,171
720,168,193,171
717,169,199,169
724,167,192,169
722,166,192,169
719,165,196,169
720,162,193,171
718,160,192,171
720,160,190,168
720,156,188,170
714,154,193,176
711,152,195,176
707,153,198,173
701,150,199,175
700,151,200,173
698,149,198,175
701,150,196,176
701,152,198,175
705,151,199,178
707,151,196,175
718,155,192,173
727,160,189,169
741,168,185,166
751,179,180,164
766,185,171,168
779,201,159,156
787,214,156,156
789,226,159,157
793,237,153,155
795,246,150,151
791,257,145,153
778,269,149,144
764,284,149,147
751,295,147,144
739,298,143,142
676,319,173,123
663,325,167,131
653,327,163,136
634,320,171,161
635,327,168,158
639,189,170,161
650,200,170,161
645,197,166,157
648,191,165,156
652,189,165,156
655,170,167,158
651,182,168,159
654,188,168,159
647,184,171,161
643,197,174,164
646,210,171,161
654,208,151,149
654,203,151,149
657,205,144,149
660,209,143,147
658,204,150,147
659,207,148,143
659,211,151,138
663,215,144,136
660,208,148,143
662,214,147,138
667,223,139,134
666,217,140,140
667,223,137,138
666,225,136,139
666,229,134,140
668,243,128,131
655,241,151,148
644,241,163,154
651,259,160,151
658,265,155,146
656,335,136,124
663,328,128,118
658,332,149,135
662,340,132,112
657,344,141,107
654,344,140,109
651,345,142,116
647,347,143,123
644,350,145,128
644,356,145,127
649,363,137,110
647,364,135,102
652,359,131,109
654,358,135,104
660,359,138,100
665,356,139,105
671,352,136,112
683,342,142,120
719,314,140,132
748,299,126,141
759,300,124,139
768,297,123,136
778,295,117,136
783,288,117,141
783,282,119,138
775,280,126,143
763,270,144,140
743,255,148,139
731,228,151,142
695,188,155,146
687,171,160,151
646,162,161,151
650,145,163,154
642,143,166,157
648,141,167,158
647,138,168,158
639,142,171,161
622,141,173,163
636,142,175,165
618,144,180,164
614,147,181,170
624,150,187,167
622,154,185,163
624,152,188,167
623,153,191,167
623,153,195,168
624,154,194,165
628,151,192,165
628,153,191,164
628,153,192,164
629,151,190,163
628,151,192,160
628,150,190,161
626,152,191,162
627,152,192,160
628,151,189,161
628,150,188,157
629,149,185,159
626,151,189,158
629,146,188,159
629,147,187,156
628,144,185,159
628,143,186,161
622,144,192,154
618,142,193,156
614,146,193,158
616,145,192,151
612,153,192,156
614,151,189,156
611,160,188,153
609,161,187,152
608,164,180,153
602,162,179,154
596,167,178,151
585,168,182,154
579,168,181,159
573,167,183,163
566,172,183,163
558,179,185,165
555,184,180,159
552,183,175,164
548,188,176,162
546,188,174,162
542,185,173,172
539,184,175,175
538,184,173,177
530,184,181,178
530,183,181,174
527,177,183,188
529,179,184,182
529,182,180,175
524,178,179,177
521,176,177,180
516,173,176,178
505,170,185,186
497,167,180,190
484,170,193,182
465,172,203,188
457,170,210,185
456,168,206,188
445,169,202,185
454,177,200,183
458,170,201,188
459,177,197,181
462,179,205,187
460,180,204,187
461,185,202,191
467,181,204,192
464,184,201,189
464,186,198,186
470,190,200,189
471,190,199,188
473,192,196,185
470,197,197,186
476,191,196,185
470,190,191,180
481,197,186,176
484,195,191,180
502,196,191,180
506,198,191,178
510,198,193,177
509,195,192,178
505,195,198,180
508,199,194,181
509,203,195,172
512,206,191,169
512,205,190,171
514,208,193,173
515,209,197,174
520,212,195,175
519,210,200,183
516,211,205,175
516,212,208,173
520,212,207,174
522,211,209,180
517,207,218,178
518,207,222,174
524,205,230,179
523,204,232,176
532,203,224,177
535,192,221,192
541,177,217,205
535,179,216,204
534,171,217,205
547,181,223,210
531,154,225,212
489,122,229,216
490,137,227,214
484,115,225,212
479,113,227,214
487,123,230,217
480,104,233,220
487,103,234,221
480,104,239,226
485,113,240,226
492,115,240,226
490,110,241,227
491,116,244,230
487,125,245,231
494,124,246,232
482,120,249,235
480,124,253,239
475,110,258,243
486,119,256,242
477,119,258,243
486,122,261,246
480,120,262,247
484,117,268,252
494,115,266,251
486,104,274,258
522,96,275,259
511,96,281,265
516,91,287,271
497,90,294,277
504,88,302,285
498,81,304,287
489,78,311,293
487,83,321,302
490,71,330,311
505,76,339,319
470,79,347,328
470,70,356,336
467,82,362,341
479,70,366,349
497,67,375,354
496,61,376,355
520,43,379,358
526,35,383,357
534,37,378,356
523,30,385,337
542,35,373,315
560,53,359,293
554,66,363,293
579,75,343,296
571,83,352,292
576,95,362,290
559,93,375,309
557,104,375,305
549,104,387,309
560,105,382,315
556,112,387,308
556,111,385,310
546,115,393,307
560,112,385,314
549,117,398,300
565,114,381,289
570,116,370,281
589,103,355,283
583,106,359,279
592,104,351,278
610,101,324,270
613,102,330,262
627,100,318,249
636,102,305,230
641,99,309,223
658,89,289,220
662,85,282,235
670,88,273,212
671,85,275,219
676,85,270,220
677,86,264,225
688,88,253,232
684,85,254,239
692,85,242,244
688,85,238,250
682,90,239,246
669,87,245,255
663,89,253,258
656,92,253,256
654,95,259,257
659,105,247,247
675,112,236,234
673,120,234,230
675,121,231,226
674,119,244,233
670,113,268,255
662,111,287,271
662,119,297,280
665,122,284,267
664,108,283,268
661,109,298,281
671,120,252,247
669,134,232,222
654,131,242,232
654,130,247,236
626,123,254,247
630,110,281,267
633,91,326,308
570,126,277,254
573,123,275,257
551,106,301,284
554,101,307,288
546,93,307,305
566,83,313,312
560,58,345,337
559,63,345,336
557,59,340,343
554,58,348,349
550,59,353,360
540,57,365,363
537,56,356,371
538,54,361,365
530,50,375,363
520,44,389,366
531,45,376,365
535,45,381,367
530,59,378,369
524,52,371,374
523,53,386,373
526,44,402,379
501,41,397,388
504,45,404,392
482,43,396,400
482,43,406,404
486,42,375,396
477,41,383,397
461,36,387,407
472,40,381,397
452,36,397,410
450,42,400,406
456,46,401,404
463,50,389,393
461,51,384,394
449,46,396,406
442,39,406,424
441,38,408,429
455,47,397,407
460,55,397,392
456,52,412,395
448,46,409,411
439,40,420,424
452,38,408,416
445,36,429,419
429,28,434,432
440,30,422,425
412,21,436,453
414,22,444,448
430,29,433,429
419,24,431,442
428,22,430,441
429,26,434,435
418,22,441,448
414,24,439,444
421,25,439,445
428,25,432,443
423,27,437,440
442,29,419,426
435,25,421,439
441,29,420,427
431,25,426,436
452,32,421,417
440,24,416,440
442,25,425,428
434,23,423,440
435,24,425,431
447,30,416,417
430,34,430,417
455,44,405,401
430,47,431,405
466,40,454,416
448,43,459,432
416,60,444,395
390,53,455,410
377,68,437,378
372,65,442,372
381,72,427,378
362,79,436,377
351,81,431,383
351,86,416,380
355,87,411,372
349,86,416,375
360,95,400,367
351,95,412,374
337,95,419,381
325,92,433,389
323,94,428,386
317,98,438,387
329,97,428,384
338,100,424,383
331,92,432,396
335,99,420,389
330,101,429,391
340,94,429,404
345,93,420,400
344,102,414,396
335,94,419,395
342,96,413,386
342,90,416,392
351,91,409,391
338,86,417,392
346,94,416,382
347,90,410,383
361,95,395,370
377,98,388,354
372,99,386,354
383,100,387,356
377,100,401,360
388,94,398,365
374,97,401,361
465,94,402,335
498,94,399,322
365,92,397,358
370,86,381,362
357,78,369,362
366,87,360,357
367,82,356,352
362,77,372,337
350,72,366,338
409,66,366,319
443,77,365,325
584,106,372,328
582,100,374,309
584,104,373,304
591,103,362,305
593,107,358,301
596,108,350,297
593,108,350,299
594,107,352,303
592,108,349,302
590,114,350,298
584,112,357,303
575,120,364,298
575,125,363,299
585,126,357,294
582,134,360,286
585,134,358,286
600,135,346,287
614,134,334,283
633,130,307,280
644,131,299,273
656,131,286,270
666,126,289,264
674,123,281,264
679,116,271,265
681,104,267,272
567,81,275,279
534,78,280,277
519,75,287,282
522,87,269,289
565,82,271,277
529,98,270,276
508,123,281,272
493,119,294,279
507,132,297,280
510,142,300,285
519,142,293,285
508,141,301,295
534,145,285,288
514,134,305,301
519,129,303,305
534,92,294,317
528,117,296,309
532,99,298,308
523,96,309,307
538,82,313,308
558,105,305,302
560,111,308,287
566,119,318,298
567,114,306,282
573,115,297,276
585,123,298,270
597,125,302,275
607,119,303,274
602,126,317,287
589,125,316,281
596,122,313,283
593,129,323,293
588,123,298,270
581,122,310,272
588,119,315,285
570,116,320,272
580,114,329,271
572,115,328,271
581,112,324,274
573,117,326,273
565,119,333,277
559,112,338,284
559,115,339,285
554,116,342,295
563,124,332,298
558,131,335,300
559,137,332,296
553,137,340,303
560,143,334,303
562,154,335,308
564,155,338,314
568,169,318,287
563,173,309,283
562,176,316,279
548,183,317,271
542,180,326,290
557,179,336,309
518,178,311,289
509,180,311,280
484,175,321,283
485,174,324,271
465,167,330,281
463,152,325,281
454,137,324,294
444,126,333,287
430,122,339,287
423,116,350,290
420,104,329,297
433,92,329,295
437,84,329,296
453,76,344,300
503,78,340,287
542,84,306,272
549,90,312,285
530,83,299,278
527,77,341,332
511,70,306,317
509,100,386,364
499,119,379,357
497,130,378,357
510,131,373,352
490,130,373,352
490,108,367,349
500,95,313,289
476,99,327,289
469,96,325,291
443,114,328,278
435,107,337,285
436,103,364,313
430,96,365,318
438,90,363,317
415,99,344,281
424,90,352,283
433,80,345,304
440,84,349,303
471,81,353,327
459,88,350,325
467,91,339,309
490,92,353,327
474,105,339,295
472,103,342,297
489,114,354,329
490,110,333,275
501,109,354,327
516,121,377,356
515,131,375,353
542,125,369,348
521,152,373,352
530,148,367,346
543,147,369,348
533,66,352,325
506,47,342,312
517,48,365,340
500,56,378,356
483,65,377,356
516,75,369,348
490,73,371,350
487,95,353,328
508,113,355,334
524,117,356,335
537,125,369,348
543,143,365,344
534,136,368,347
529,131,372,351
490,145,371,350
451,132,349,323
467,133,356,332
472,129,368,347
467,129,344,324
449,122,340,311
438,130,322,295
455,132,313,280
458,127,322,295
451,127,309,284
441,127,313,288
461,120,306,289
455,124,301,291
453,126,316,300
451,125,311,286
451,135,302,278
465,128,297,276
459,142,292,269
455,143,295,266
462,131,308,287
477,140,296,283
551,82,312,292
477,135,298,285
452,146,291,265
449,145,295,267
446,132,297,274
438,150,292,259
443,140,296,266
447,141,305,269
433,156,307,257
429,142,316,266
505,116,320,293
463,155,320,290
469,151,326,307
538,70,327,308
583,58,330,311
565,60,329,310
560,63,327,309
566,65,326,307
534,62,304,275
557,71,306,285
556,64,303,285
503,64,289,255
508,59,329,291
508,62,304,279
531,66,311,291
537,73,341,321
522,57,319,303
532,72,340,322
538,73,338,321
538,66,336,319
534,71,307,297
560,97,339,320
561,104,341,322
566,104,337,318
562,104,336,317
571,108,333,314
579,106,331,312
581,104,328,309
577,107,326,308
581,109,329,310
580,110,329,310
579,116,329,310
579,105,330,312
574,81,340,321
576,103,343,324
577,104,345,326
577,110,344,324
569,94,345,326
574,95,348,329
574,107,339,320
577,110,333,314
583,109,330,311
590,98,323,304
577,79,325,307
592,88,322,304
583,90,321,303
587,104,318,300
588,120,314,296
597,114,316,298
599,101,314,296
590,116,318,300
599,99,313,295
600,112,315,297
598,111,320,301
598,108,326,307
594,98,329,310
583,111,331,312
595,111,326,307
601,120,322,303
598,117,321,302
599,109,319,301
596,128,317,298
599,124,313,295
595,118,313,295
585,124,315,297
598,110,310,293
593,121,308,291
589,126,308,290
581,142,306,289
589,139,310,293
586,137,311,293
578,129,318,300
584,141,317,299
589,133,316,298
587,148,315,297
585,155,315,297
581,152,317,299
581,138,314,296
582,131,302,289
589,137,301,287
595,145,292,273
595,121,310,293
590,126,324,306
595,142,313,297
590,153,316,301
601,142,285,274
592,142,304,289
600,136,291,280
608,141,319,302
611,151,317,302
618,163,304,293
618,163,338,319
610,160,346,327
601,165,351,331
595,160,364,343
599,194,304,278
590,200,293,274
584,190,300,278
590,194,302,294
587,178,372,351
585,179,360,340
584,161,375,354
581,158,378,356
578,148,381,359
583,171,319,298
589,157,317,298
580,160,363,344
580,149,365,345
602,147,287,283
579,145,377,355
597,134,306,307
590,130,341,333
606,135,300,303
603,125,300,302
611,123,307,304
611,135,273,289
591,122,351,335
597,133,317,313
593,137,285,290
577,103,381,359
574,113,385,363
569,105,386,364
574,107,385,363
565,94,394,372
569,109,358,337
573,107,366,348
572,114,336,327
562,114,397,374
559,106,396,374
562,123,397,374
553,112,406,383
559,114,380,366
560,105,397,375
551,118,406,383
557,110,402,379
553,122,406,383
557,113,402,379
564,111,394,372
574,120,333,328
570,116,353,345
574,126,299,307
575,128,298,304
586,130,290,308
589,129,315,304
593,133,308,307
596,132,295,294
591,120,326,319
601,130,290,293
595,116,322,315
598,117,308,307
606,120,289,297
594,117,313,311
600,118,304,292
596,117,303,303
581,152,378,357
585,152,374,353
583,152,376,355
583,155,376,354
583,160,374,352
583,158,376,355
588,149,371,350
593,145,366,345
598,144,361,340
596,139,363,342
610,156,349,329
607,164,346,326
613,162,346,326
617,162,342,323
623,176,336,317
631,184,327,309
637,182,322,303
643,180,316,298
633,182,320,302
633,182,321,303
645,184,314,296
656,183,303,286
657,184,302,285
654,178,305,288
653,176,302,285
662,189,293,276
672,192,287,270
684,194,275,260
686,209,271,255
695,218,264,249
698,220,259,244
705,230,254,240
709,237,250,236
716,254,242,229
723,263,236,222
723,263,234,221
729,268,229,216
730,267,229,216
735,276,223,211
739,271,218,206
743,282,213,201
753,285,206,194
760,282,199,187
762,276,197,186
764,283,191,180
767,285,186,176
778,295,181,171
774,290,181,171
781,291,178,167
779,301,177,167
787,296,172,162
784,303,172,162
787,302,167,158
789,312,166,157
783,300,168,158
783,305,165,156
775,295,169,160
765,296,170,160
748,309,168,158
739,309,168,159
731,307,167,158
719,307,159,154
704,307,152,152
689,302,152,157
681,310,168,159
675,303,170,160
675,294,168,159
674,300,167,157
671,292,165,155
669,279,166,156
668,265,150,153
661,231,138,154
659,235,145,153
662,218,134,155
662,225,137,147
659,229,144,152
662,227,139,145
660,233,134,144
662,229,134,145
662,232,134,141
664,227,134,141
666,228,135,141
668,228,132,137
665,234,158,149
658,243,157,148
660,221,130,147
675,244,134,144
679,264,153,148
682,282,160,151
683,283,161,152
690,288,158,149
698,295,157,148
697,300,158,149
706,306,156,147
724,307,156,147
741,305,155,147
752,310,156,147
754,310,155,146
756,312,158,149
779,304,159,150
791,299,161,152
787,296,164,155
785,298,165,156
793,299,163,154
787,302,162,152
791,305,161,152
795,306,160,151
791,308,158,149
801,309,155,146
805,320,154,145
808,328,151,142
809,332,148,140
808,333,146,138
805,335,142,134
808,329,142,134
802,327,143,135
790,331,143,135
795,326,142,134
801,326,139,131
791,333,139,131
798,333,138,130
793,332,130,126
795,337,130,126
790,345,135,127
785,348,135,127
782,349,133,126
779,346,128,124
777,342,123,121
776,352,129,122
770,359,129,122
768,346,119,118
769,348,123,119
770,343,114,116
769,357,126,119
769,340,109,110
765,351,114,111
764,349,113,111
765,352,117,113
763,349,116,113
763,349,120,113
764,341,104,107
764,332,95,105
769,344,106,104
767,350,108,105
763,351,108,105
764,346,100,103
770,353,107,103
767,339,91,99
770,346,102,102
774,348,104,100
777,351,107,101
776,342,103,100
773,345,107,103
773,338,100,100
778,348,108,101
777,340,101,100
780,335,94,97
787,338,89,91
781,345,101,98
778,346,100,97
779,338,88,92
780,349,99,96
775,335,95,97
772,344,100,98
773,343,100,99
777,338,93,95
769,339,98,97
765,327,92,95
760,335,101,98
752,333,102,101
752,336,102,100
748,348,110,104
744,347,110,104
740,334,102,102
735,333,100,99
741,332,105,100
739,330,98,98
748,335,105,99
745,339,100,98
747,344,106,100
752,344,106,100
753,344,106,100
759,343,107,101
755,332,95,97
748,340,103,100
750,340,110,103
758,331,102,102
755,334,103,102
755,333,97,100
754,340,106,103
755,336,102,103
755,333,99,103
754,327,94,104
759,327,93,103
759,327,95,106
759,330,99,108
762,338,103,107
761,339,109,109
756,331,95,106
754,343,111,110
762,327,100,112
760,330,98,111
761,335,104,111
760,339,104,110
754,333,106,114
758,331,101,111
757,344,107,110
758,335,99,108
753,343,107,112
752,337,111,115
751,337,106,113
750,331,102,112
748,328,102,116
750,334,106,115
745,338,112,116
746,330,105,115
741,330,105,117
747,334,102,113
743,334,103,113
741,337,107,115
737,327,102,120
732,333,109,120
728,326,105,122
725,323,106,123
719,320,107,125
715,320,108,126
713,320,109,122
711,324,105,124
710,327,110,122
706,318,107,123
709,326,108,119
706,324,114,122
706,328,110,119
711,333,113,117
710,337,116,117
714,341,126,121
717,340,127,122
716,346,131,123
719,341,133,125
721,343,133,125
724,342,132,125
734,344,131,124
734,343,133,125
743,346,132,124
741,344,133,126
749,342,132,125
753,342,131,123
756,342,129,122
761,345,128,121
758,347,128,121
767,347,126,119
770,344,126,119
797,345,126,119
828,338,126,119
827,340,125,118
830,339,126,119
827,337,127,120
816,336,127,120
785,338,126,119
767,339,125,118
760,339,125,118
756,336,125,118
746,335,125,118
739,336,126,119
728,338,128,121
727,337,127,120
717,340,127,120
708,340,122,116
700,351,126,119
696,350,126,119
687,342,118,114
684,346,128,120
675,350,130,122
666,346,131,124
656,343,129,123
656,348,133,126
652,348,134,126
654,345,133,125
658,344,133,125
660,340,134,126
654,339,133,126
657,334,134,126
654,335,134,126
653,332,134,126
656,330,133,125
652,331,134,126
654,333,133,125
650,342,133,126
648,342,132,124
658,339,130,122
654,342,130,123
645,346,130,123
657,343,127,120
654,342,128,121
648,346,127,120
651,343,127,120
648,345,124,117
650,340,124,117
640,346,124,117
630,348,124,117
631,344,126,119
632,325,107,110
628,322,109,110
630,323,108,110
613,321,120,119
611,319,118,118
614,329,122,117
610,333,122,116
605,315,123,118
610,305,124,117
643,314,122,115
585,337,119,113
604,314,119,112
592,275,119,112
589,258,115,114
587,272,118,111
595,250,118,112
621,227,115,118
633,231,120,113
635,237,120,113
639,234,121,114
655,232,121,114
659,234,119,112
668,238,119,112
670,234,113,111
675,229,108,105
687,227,112,108
698,221,112,104
702,223,117,110
704,217,120,113
700,206,120,113
705,199,117,111
700,190,118,111
706,189,118,111
708,189,117,110
701,187,115,109
699,194,113,107
705,202,112,106
704,213,111,105
702,221,105,99
706,240,96,91
709,248,96,95
697,268,98,96
695,277,102,97
688,280,102,99
678,280,106,102
677,299,114,108
674,288,110,104
677,295,114,108
666,297,114,109
664,292,115,108
663,295,114,110
664,297,118,112
667,298,117,111
670,293,115,109
681,298,120,113
676,281,118,110
674,271,118,113
670,263,119,114
675,260,117,112
672,269,117,111
673,265,118,112
675,263,120,113
662,256,117,115
666,267,130,124
654,254,123,124
653,254,121,123
648,267,128,124
646,273,130,126
640,277,135,127
628,263,130,130
624,280,134,126
623,279,136,128
617,283,136,128
615,285,134,126
610,279,134,126
611,285,132,125
604,287,133,126
591,288,134,127
589,286,135,128
588,288,135,127
576,292,133,126
572,289,135,128
565,292,136,129
563,283,136,131
564,291,138,130
558,289,139,131
556,283,140,136
553,286,143,135
546,288,141,137
540,295,142,134
534,292,140,134
523,291,140,134
516,273,139,135
517,291,146,137
513,289,143,136
501,302,144,136
516,295,145,137
504,299,145,137
504,303,145,136
509,302,142,134
497,311,140,132
494,314,139,131
495,313,137,129
491,321,137,129
490,319,136,128
494,314,135,127
490,322,136,128
491,321,133,126
492,325,132,125
497,324,131,124
497,327,130,123
497,327,130,123
497,333,131,124
496,332,131,123
502,335,131,123
505,337,132,124
509,337,131,124
518,333,131,123
527,334,130,123
546,326,127,120
553,329,130,123
569,319,130,123
580,320,129,121
584,329,128,121
587,332,125,118
591,331,124,117
589,335,121,115
587,337,121,114
578,338,121,114
575,338,121,114
579,336,114,111
579,325,103,106
584,321,105,107
588,318,109,109
592,319,109,105
587,321,112,109
594,321,112,112
596,323,113,115
594,320,112,114
594,326,115,114
592,335,120,115
589,323,116,117
588,321,118,119
586,320,119,120
589,328,116,117
586,328,121,117
585,314,115,120
587,321,115,119
585,316,113,122
583,316,117,124
585,316,115,120
587,317,118,120
581,311,120,121
582,311,118,119
588,327,125,118
579,312,119,118
588,326,125,118
584,318,125,121
586,319,127,121
581,311,125,122
585,310,121,122
584,301,119,125
588,300,117,124
593,302,115,123
590,305,116,120
595,308,116,122
598,303,113,122
598,305,116,119
600,302,119,121
602,303,117,124
607,313,115,121
609,312,112,120
604,302,116,124
603,299,119,125
598,298,122,124
603,303,128,126
598,295,129,127
600,313,135,128
589,294,136,129
599,307,138,132
599,311,141,133
600,314,140,132
605,312,141,133
604,311,141,133
598,299,135,131
601,291,130,129
604,318,139,131
598,293,132,129
603,306,138,131
603,306,137,131
599,301,134,130
597,298,138,134
600,300,142,136
590,289,136,136
587,288,137,136
583,284,138,136
580,279,134,137
580,284,129,134
577,289,129,136
581,285,130,136
589,291,137,134
584,295,143,139
583,300,147,141
582,286,140,137
585,295,146,139
591,305,152,144
585,302,151,143
591,303,153,142
600,313,154,145
606,319,157,148
604,307,155,144
614,315,157,148
621,322,160,150
634,314,158,147
632,318,159,150
634,318,155,144
638,319,157,148
656,319,159,150
653,317,158,149
644,320,155,147
641,316,155,143
629,314,154,145
614,311,157,148
603,308,157,148
577,302,158,149
567,297,156,147
552,288,156,147
537,258,134,147
503,284,156,147
484,269,156,147
568,195,155,146
580,219,153,144
584,207,156,147
592,182,157,148
601,174,157,148
597,170,158,149
590,149,162,152
594,139,162,153
579,141,160,151
586,169,159,150
566,255,158,149
567,303,158,149
582,308,158,149
534,289,159,150
500,274,158,149
513,268,156,147
557,253,131,145
561,268,154,145
569,266,151,142
588,222,139,138
625,183,148,140
631,151,146,137
616,133,145,137
583,92,136,141
547,84,142,134
516,63,140,132
488,53,141,133
463,52,140,132
438,70,139,131
445,129,140,132
468,165,139,131
499,237,138,130
499,227,137,129
505,223,137,129
513,212,139,131
510,215,138,130
552,197,134,131
591,208,133,130
589,244,137,129
590,227,137,129
588,244,138,130
586,257,140,132
582,263,142,134
585,261,142,134
582,259,145,137
579,261,146,137
581,264,145,137
581,260,145,137
583,264,144,136
586,260,142,134
585,268,140,132
587,267,140,132
580,262,144,136
582,253,142,134
579,253,144,136
577,245,144,136
580,243,143,135
578,239,143,135
570,244,144,136
562,240,145,137
561,238,148,140
530,245,148,140
509,242,149,140
505,246,148,140
537,201,148,140
607,143,149,141
662,111,148,140
666,130,145,137
679,150,149,141
675,168,148,140
674,192,148,140
681,208,147,139
679,223,136,132
668,241,132,124
664,258,138,123
661,274,145,129
657,278,144,119
656,282,140,111
642,299,133,109
632,305,130,112
627,309,126,119
640,304,136,113
633,303,129,122
627,296,135,123
639,296,134,118
640,296,134,119
639,302,135,122
636,311,137,129
638,300,131,122
631,303,127,125
629,301,124,121
630,311,131,125
631,303,121,117
632,301,123,115
633,301,129,112
637,300,128,112
633,299,126,112
634,301,127,114
638,304,128,112
633,303,127,112
638,308,128,113
637,304,122,113
637,302,124,111
636,304,120,111
637,304,122,111
645,305,122,111
645,306,123,109
654,303,128,110
665,303,127,107
662,304,129,105
674,304,127,107
668,302,129,108
679,303,131,116
686,306,133,120
685,309,135,127
693,305,130,118
690,303,127,108
690,306,128,114
695,302,121,100
695,304,118,99
690,304,121,100
693,305,120,100
696,306,118,98
686,306,121,102
681,307,124,102
681,308,123,103
680,304,120,101
674,303,121,102
677,305,122,101
667,311,119,108
668,319,114,108
675,320,114,105
672,323,112,105
669,324,109,105
668,324,110,107
662,323,108,106
663,325,107,107
660,324,108,106
656,323,109,108
658,324,107,107
653,321,106,108
651,326,105,107
652,326,104,107
657,317,103,108
651,320,105,112
648,316,105,114
645,315,106,109
643,312,108,113
639,312,108,115
639,310,112,113
633,310,112,117
631,308,111,114
627,309,110,115
624,307,111,116
615,307,115,117
613,304,112,115
611,307,113,113
603,303,118,115
607,309,114,115
601,306,119,115
605,306,113,116
598,306,117,118
599,302,118,117
600,304,117,117
598,302,121,117
599,304,119,118
592,302,124,118
589,304,128,118
589,306,125,120
589,309,125,120
590,309,127,122
598,311,123,122
594,317,125,123
594,311,125,121
587,312,129,125
586,311,128,127
576,307,133,128
582,310,128,125
579,309,130,126
568,309,136,126
572,314,132,125
567,309,138,125
572,313,135,126
567,316,136,128
564,307,135,129
561,312,134,128
563,310,133,129
571,313,125,127
563,314,131,128
570,314,125,129
571,323,124,127
566,320,128,128
567,320,129,127
568,320,130,130
566,322,133,129
566,321,132,129
562,321,137,127
563,324,134,122
560,324,136,126
561,325,136,126
568,329,141,132
575,339,147,139
569,325,138,137
578,330,140,136
568,327,135,133
577,327,137,137
583,324,134,126
585,322,134,127
588,325,135,126
594,324,132,123
597,323,134,120
593,324,131,121
596,325,132,118
600,327,132,117
602,331,132,116
614,331,140,129
607,330,131,118
611,338,148,139
610,340,142,135
614,338,138,126
616,336,132,117
616,334,129,113
613,332,130,114
614,332,134,110
615,335,134,110
615,333,135,110
606,340,132,115
611,337,135,113
615,340,131,111
616,342,133,110
620,341,131,110
614,346,128,116
626,342,131,111
628,347,131,112
628,345,131,112
627,344,133,111
630,345,132,111
628,346,139,110
631,348,137,110
626,351,130,113
634,351,135,109
630,351,131,112
631,351,134,112
647,346,133,109
635,346,138,109
636,346,136,108
638,349,133,105
634,350,130,103
637,353,130,102
636,350,128,103
633,356,125,103
639,353,128,103
635,354,127,103
636,355,124,105
634,357,125,105
635,354,129,105
634,357,127,107
633,356,129,108
634,358,129,108
630,359,128,114
628,356,131,113
629,354,133,111
636,358,130,113
643,358,130,110
633,353,130,110
635,355,128,108
632,352,131,108
630,352,131,105
622,352,133,107
631,345,131,105
622,347,132,104
626,349,132,102
620,347,129,101
614,350,130,103
612,349,132,100
612,351,133,103
611,349,131,103
606,348,135,104
608,344,139,106
612,346,137,102
615,342,136,103
614,345,135,105
615,342,136,102
613,342,130,105
615,337,128,105
608,339,134,106
606,342,132,107
607,334,133,111
600,342,135,109
600,344,137,111
594,350,137,112
592,350,140,113
595,351,142,112
592,356,141,110
585,359,146,113
585,357,145,112
574,361,154,117
588,359,146,112
597,359,143,106
598,359,142,106
604,354,139,109
601,354,140,113
610,348,142,116
611,345,141,115
611,343,142,116
630,338,136,114
626,339,139,114
626,332,137,115
628,334,137,111
623,334,142,112
620,329,144,116
621,331,142,116
620,331,139,114
621,331,139,117
615,331,138,114
613,337,136,114
609,339,138,119
600,345,131,114
606,342,133,114
602,341,129,115
598,346,128,116
592,350,126,119
587,344,125,119
586,342,123,119
594,350,136,128
583,349,130,124
582,348,129,125
592,338,127,122
596,353,134,126
599,351,133,125
596,352,133,126
597,351,135,127
602,348,137,129
605,345,139,131
609,347,138,130
606,343,131,127
606,348,129,125
608,342,127,124
608,353,133,126
606,344,126,121
607,353,125,122
605,343,122,122
608,349,125,124
598,352,122,124
610,357,129,126
606,360,125,125
618,367,132,124
616,362,127,125
607,357,125,127
622,367,137,129
621,364,133,128
620,364,132,129
622,368,138,132
621,362,135,132
624,365,144,136
624,362,139,134
626,370,143,135
620,358,131,134
609,357,133,136
602,350,130,136
589,351,131,133
587,347,135,138
589,333,135,139
583,335,141,139
580,324,150,141
573,293,135,147
574,276,126,152
564,244,126,154
561,239,130,150
536,234,145,138
507,232,148,139
480,221,136,134
445,222,124,133
427,239,144,136
481,259,142,133
583,328,140,132
585,349,143,135
589,353,140,132
595,349,139,131
589,352,137,129
588,349,135,128
588,341,133,125
587,345,134,127
587,343,134,126
582,338,134,126
583,356,131,124
582,353,132,124
590,360,130,122
587,351,128,121
593,369,125,118
590,354,123,116
594,353,119,112
598,369,118,112
597,350,118,112
590,370,119,112
591,355,118,111
593,360,118,111
592,376,118,111
595,371,116,109
589,360,114,107
590,361,115,108
590,371,116,110
593,366,115,108
590,353,116,110
594,353,116,109
593,367,117,110
591,371,115,109
594,353,116,109
588,364,114,107
593,378,111,105
587,366,111,104
585,370,111,105
592,382,113,106
585,382,114,108
591,381,112,106
588,364,114,107
584,383,113,107
590,380,113,106
589,376,114,107
590,372,113,107
588,375,112,106
585,358,114,107
578,381,116,109
581,371,115,108
581,373,115,109
550,343,117,110
