142,112,60,105
143,116,61,103
146,120,58,103
146,123,60,105
148,125,59,103
151,127,60,104
151,129,60,106
151,134,61,105
152,133,62,108
154,138,62,111
154,140,62,111
154,140,64,113
152,143,63,114
150,143,66,114
153,146,65,114
147,151,66,115
150,153,66,116
145,155,67,118
138,153,68,119
130,158,68,118
128,157,67,123
122,162,67,123
118,169,69,120
112,169,69,122
107,176,69,121
102,180,69,121
107,176,68,119
93,183,68,119
86,189,68,119
77,193,69,121
71,192,70,122
62,194,70,122
86,194,69,120
115,202,70,122
141,206,69,121
169,194,71,124
196,197,72,125
200,188,73,126
184,195,72,126
150,186,73,128
147,192,73,128
130,195,72,126
112,195,72,125
89,201,70,125
68,208,70,123
45,209,69,123
19,209,70,122
54,219,70,123
41,230,71,124
50,232,71,124
48,221,70,122
0,183,68,120
0,210,67,118
9,210,67,117
13,210,65,114
13,205,64,113
24,203,65,114
33,197,66,115
56,191,59,119
51,203,64,112
77,200,65,113
89,186,65,114
109,176,66,116
123,177,67,117
146,167,67,117
154,177,66,116
100,213,66,115
63,197,67,117
48,180,65,114
79,214,66,115
79,217,65,115
115,191,66,115
140,163,64,112
120,171,64,112
128,164,63,110
155,144,63,110
142,151,63,111
109,180,63,111
91,199,62,109
73,213,62,109
86,205,61,107
76,214,61,106
77,216,62,108
72,212,62,109
92,194,62,109
75,216,63,110
76,211,62,108
77,217,62,108
68,212,61,107
77,217,61,106
75,217,59,104
74,218,59,103
77,218,58,102
76,215,59,103
76,217,58,102
75,216,59,104
75,217,59,103
72,219,59,104
73,217,60,105
72,216,59,104
71,213,59,104
69,214,59,104
72,216,59,103
70,218,59,104
70,217,60,104
71,213,60,105
70,215,60,105
72,219,60,105
73,218,59,104
76,218,60,104
71,216,60,105
69,219,60,105
70,216,60,105
70,219,59,104
71,219,58,102
70,220,59,103
70,215,60,105
70,217,61,106
70,212,62,110
70,212,62,110
67,213,64,112
69,210,62,114
67,211,63,113
67,208,62,114
84,212,64,112
107,211,63,110
105,212,62,109
104,213,63,111
105,211,65,113
109,211,63,111
109,213,63,110
111,212,63,110
112,211,62,109
113,212,61,107
114,213,62,108
113,212,62,109
110,213,62,108
111,212,61,107
111,213,61,108
114,213,62,108
112,209,62,109
112,210,62,108
113,212,62,108
109,210,63,111
112,211,64,111
111,210,63,111
109,213,64,111
109,213,63,110
111,212,62,108
109,215,61,108
109,214,61,107
112,213,61,106
110,215,60,106
111,213,61,106
111,214,60,105
114,213,60,106
110,213,60,106
109,213,60,106
110,209,61,106
110,213,61,107
109,213,61,107
109,211,62,109
111,213,63,110
113,212,62,109
110,214,63,109
110,213,63,110
107,211,63,110
109,213,64,112
109,213,63,109
108,214,62,109
108,214,62,108
112,211,62,108
110,213,62,109
110,214,61,107
108,211,62,108
111,213,63,110
112,213,62,108
111,212,63,110
109,213,63,110
107,214,62,108
108,212,63,110
111,212,63,110
111,212,63,110
111,212,63,111
108,212,63,111
110,212,64,112
108,214,64,112
108,214,64,112
108,215,65,113
105,212,65,114
110,211,65,113
110,210,65,113
109,210,65,114
112,208,64,116
109,209,62,114
110,205,62,117
