57,261,31,41
57,262,31,40
59,262,31,40
60,262,30,41
62,260,29,42
63,262,29,41
64,260,31,42
65,260,29,41
67,261,31,41
68,261,29,40
69,262,30,41
70,262,30,40
71,262,30,40
73,260,30,43
74,261,30,41
74,261,33,42
75,260,31,41
76,260,32,42
78,260,30,43
80,260,32,41
80,259,30,43
81,260,30,43
81,260,30,43
82,260,30,43
83,261,31,42
84,260,30,42
86,260,29,41
87,260,30,42
89,259,30,43
93,259,28,42
94,259,28,43
95,260,30,42
95,259,30,42
96,260,29,43
100,261,27,42
101,261,29,41
101,261,29,39
102,260,30,40
103,260,30,42
104,260,31,43
104,259,30,42
105,259,32,43
105,259,32,43
108,259,30,44
109,259,31,44
110,260,32,43
112,261,31,43
112,261,32,43
112,261,34,43
114,261,33,42
115,261,32,43
116,261,32,42
115,261,33,43
117,260,32,42
120,261,32,43
123,261,30,41
124,260,31,42
124,261,33,41
125,262,31,41
126,263,34,41
128,263,32,41
129,263,31,42
131,262,31,43
132,262,30,43
134,262,31,44
134,261,31,45
136,261,32,45
137,262,30,45
138,261,32,45
140,262,33,44
143,262,32,45
145,263,31,43
146,262,30,44
147,262,30,42
149,263,30,44
150,263,29,44
152,262,30,44
152,262,32,44
153,263,32,44
154,262,30,44
154,262,33,42
155,263,32,42
154,262,34,42
156,262,33,42
158,262,32,38
158,262,33,44
163,261,32,39
163,260,32,40
165,261,31,37
167,261,31,36
168,261,31,38
169,261,34,41
169,261,33,39
170,260,34,43
173,261,36,41
174,261,34,44
176,262,33,42
177,262,33,42
177,262,33,43
179,264,34,43
180,264,34,43
182,264,34,42
183,264,34,43
185,264,34,42
187,264,34,42
188,265,33,42
189,263,32,44
190,263,32,42
192,263,32,43
193,264,34,42
195,264,32,43
194,263,34,44
194,262,35,46
196,262,34,45
198,263,34,45
198,262,35,44
201,263,34,45
201,264,34,44
203,265,34,43
205,266,34,44
207,267,33,43
209,267,33,42
210,266,32,43
210,265,33,44
212,265,33,43
214,266,32,43
214,264,33,44
216,265,33,44
218,265,34,44
219,265,34,43
222,266,34,43
223,266,34,43
225,266,34,42
225,266,33,44
227,265,34,45
228,265,33,45
228,264,34,47
229,266,34,45
228,263,35,46
231,264,35,46
232,263,35,46
233,263,35,46
236,263,35,46
235,264,35,46
238,263,35,46
239,263,35,46
240,263,35,46
241,264,36,47
242,262,36,48
246,265,35,47
246,264,35,46
248,265,35,45
250,265,35,45
251,265,35,44
252,264,37,45
252,264,37,45
253,264,36,45
255,264,36,45
257,265,36,45
258,264,37,46
259,264,36,46
260,263,36,46
260,263,37,47
261,263,37,47
264,264,35,45
266,263,36,47
268,264,35,47
270,262,35,47
271,264,34,46
273,263,35,47
274,263,33,47
275,264,33,46
276,264,32,46
277,263,34,47
279,264,32,45
280,263,32,46
281,263,33,45
282,263,33,47
283,264,33,46
285,263,35,48
286,264,33,47
288,262,33,49
289,262,32,49
290,262,33,50
290,263,35,49
292,264,36,47
295,264,36,46
296,263,35,46
297,263,36,46
299,263,37,47
300,261,36,48
302,262,36,49
303,262,35,49
304,261,38,49
306,262,38,46
308,263,37,47
310,263,36,45
311,264,36,46
314,266,35,43
313,264,36,45
314,264,36,45
316,263,35,46
318,263,35,45
319,262,35,47
318,262,36,48
321,260,36,48
323,263,36,46
324,263,36,47
325,264,35,45
327,264,35,46
328,263,36,46
329,264,37,45
331,264,36,46
332,263,36,47
334,263,36,46
335,263,36,46
336,262,37,48
337,262,36,49
340,262,36,49
341,261,36,49
342,261,37,48
345,263,37,46
347,263,36,46
348,263,36,46
349,263,36,47
351,262,38,48
352,262,36,47
354,263,35,47
354,261,35,49
355,262,35,48
358,261,35,49
360,262,34,48
362,261,34,48
362,262,35,47
363,262,35,47
366,262,33,48
366,261,35,49
367,262,35,48
369,260,36,49
370,259,35,50
371,258,35,50
372,258,35,51
373,258,36,51
374,258,34,53
375,260,36,49
377,258,35,50
379,257,34,51
381,257,33,52
383,257,34,52
383,256,33,51
386,255,33,50
386,254,34,51
387,253,33,50
389,254,33,48
389,252,33,48
392,253,33,46
392,253,33,47
394,254,31,44
395,253,33,44
395,252,35,44
397,252,34,41
398,252,34,40
400,252,34,39
400,251,35,38
401,252,34,36
403,253,33,35
405,252,34,35
406,252,34,34
407,252,34,33
408,252,34,34
412,252,33,32
413,252,33,32
415,253,32,31
416,252,30,31
420,253,30,30
422,253,30,30
423,253,30,30
424,253,29,29
425,253,30,29
427,253,31,29
429,253,30,30
430,254,30,29
431,254,31,29
432,254,30,29
434,254,31,30
437,255,29,31
438,255,29,30
439,255,29,30
440,255,29,31
442,255,28,31
444,255,29,32
445,254,28,31
446,255,29,31
447,253,28,35
449,253,28,37
451,254,30,34
454,254,27,36
455,254,28,35
455,255,29,34
457,254,28,37
460,256,28,36
460,256,28,37
463,257,28,37
463,256,27,36
465,257,27,36
466,257,28,37
468,256,28,37
468,257,28,38
470,259,28,37
471,258,28,37
474,258,28,37
474,258,28,37
475,259,29,38
476,259,28,38
477,261,29,38
480,260,29,38
481,260,29,38
482,262,29,38
482,262,30,39
484,261,29,39
486,261,30,40
486,258,30,40
488,261,30,40
490,262,30,40
490,260,31,41
492,261,31,41
494,261,31,41
494,260,31,41
496,258,32,42
497,262,31,41
499,259,32,42
499,258,32,42
500,260,33,43
501,258,33,43
503,261,32,43
505,258,32,42
507,259,31,41
508,259,32,42
509,260,32,42
511,257,31,43
511,257,32,42
512,256,32,42
514,255,32,42
515,255,32,44
516,257,33,43
517,256,33,43
519,255,32,43
520,255,32,43
521,256,33,43
522,254,33,44
524,256,32,43
527,256,32,43
527,258,33,43
527,258,32,43
528,257,32,43
530,255,33,43
531,252,32,43
532,258,32,43
533,254,33,44
534,256,34,44
535,255,34,45
536,255,34,45
537,256,34,45
537,255,34,45
539,255,34,45
540,254,34,45
542,255,34,45
543,254,33,46
543,252,34,46
546,253,33,45
547,253,34,45
548,254,34,45
550,255,31,46
550,255,33,47
550,255,33,46
553,255,34,45
554,256,32,44
554,259,33,44
555,259,33,44
557,259,33,44
558,260,33,44
560,262,33,44
560,258,33,43
560,257,33,43
562,257,33,43
562,259,33,43
564,258,33,43
565,258,33,44
566,258,33,44
566,258,34,44
567,256,33,45
568,258,32,46
570,258,33,46
570,257,33,46
571,258,33,46
571,257,34,47
573,255,35,46
574,255,34,46
574,255,35,46
576,256,35,46
576,257,34,45
579,256,34,46
579,257,34,46
580,257,34,45
581,257,35,46
582,258,34,46
582,257,35,46
583,256,35,46
584,256,36,47
586,256,35,47
587,255,36,48
588,256,36,48
590,255,36,48
591,255,36,48
592,256,36,48
592,255,37,49
595,254,37,49
595,254,37,48
597,254,36,48
599,254,36,48
598,255,36,48
602,254,36,48
601,252,37,49
601,254,37,49
602,254,37,50
604,252,38,50
607,252,38,50
609,253,37,49
610,255,37,49
611,254,37,49
613,256,36,48
616,255,35,48
616,253,36,48
619,252,34,48
619,253,35,48
619,254,36,48
622,251,36,48
623,253,36,48
625,252,36,47
624,252,36,48
626,251,35,47
628,252,35,47
629,252,35,47
630,252,36,47
632,252,35,47
632,252,36,47
635,252,36,47
635,249,36,48
635,249,36,48
635,249,37,48
