268,304,43,139
269,306,42,138
265,306,44,142
285,305,44,142
286,314,44,143
272,293,45,144
251,296,44,143
254,295,44,143
256,286,44,142
253,288,41,145
254,290,37,145
252,288,37,142
251,287,38,139
250,284,38,142
248,281,37,141
247,286,37,138
247,286,36,139
248,282,35,132
247,276,37,132
247,276,35,131
246,274,37,138
243,272,36,133
243,273,35,132
241,270,36,135
240,272,37,134
240,273,37,133
239,273,35,130
241,269,35,126
242,266,37,127
239,261,39,132
238,257,40,136
232,262,37,126
230,262,38,127
228,256,35,133
226,256,33,129
224,265,31,121
219,258,32,127
208,265,43,140
205,247,43,140
201,249,43,138
200,249,35,124
194,249,33,123
189,248,34,129
186,240,33,128
179,238,33,132
173,237,34,129
168,239,35,130
164,237,35,130
158,238,35,131
156,236,35,126
152,229,40,126
148,229,40,128
139,230,41,131
136,228,42,134
135,228,41,132
132,233,41,129
131,227,40,131
126,228,40,132
125,231,41,128
127,221,40,130
127,226,41,129
128,225,39,130
129,219,41,137
132,219,39,131
133,217,38,134
134,218,39,132
134,212,39,129
132,220,35,130
145,222,42,137
151,222,43,138
139,208,41,143
133,207,43,140
132,202,42,136
150,207,42,137
149,199,42,136
147,197,40,134
148,194,41,139
145,201,40,136
151,196,41,135
164,191,42,137
168,192,43,139
170,190,43,138
169,189,44,143
169,190,45,143
179,188,45,138
179,186,45,142
180,185,45,137
184,182,45,144
181,185,48,137
184,184,47,143
183,185,48,133
182,184,50,131
184,180,48,142
186,178,48,139
189,180,47,146
190,182,48,142
194,184,50,134
197,181,47,148
195,176,49,142
194,181,48,144
191,181,46,150
186,180,47,147
181,176,52,135
181,173,49,141
180,172,52,143
179,172,50,146
180,173,49,139
178,170,50,142
179,169,50,146
177,169,51,146
179,170,48,140
178,172,50,144
178,167,50,144
176,172,51,144
177,173,50,146
178,176,52,154
176,174,53,146
180,173,50,150
181,170,50,142
180,171,52,144
180,170,51,140
182,164,52,145
183,165,51,147
182,165,53,145
180,167,51,145
180,166,50,144
181,166,49,137
180,162,51,142
179,158,52,143
181,161,49,142
178,161,52,144
179,158,51,147
180,157,48,147
177,156,50,149
178,160,47,145
176,159,48,149
175,159,48,153
173,153,51,149
173,150,51,159
174,149,50,161
170,148,51,166
174,148,50,161
174,142,50,162
173,142,51,165
171,143,51,165
171,146,51,166
169,145,52,168
167,149,52,169
167,142,53,172
170,144,52,168
170,138,52,169
167,141,53,173
169,127,53,170
169,137,53,172
167,146,53,171
168,143,54,174
167,139,54,174
164,138,55,172
167,139,54,174
165,128,54,174
167,124,54,176
165,117,55,179
165,121,55,178
163,116,55,173
165,118,55,172
163,122,54,158
167,126,53,160
165,125,55,158
166,126,55,170
166,122,56,169
167,116,58,166
167,119,57,169
168,125,56,164
168,124,55,171
172,120,56,178
168,120,57,177
170,116,56,167
172,115,56,173
173,111,56,173
172,111,56,178
175,112,56,182
172,109,59,182
174,116,57,172
174,109,58,170
174,108,55,170
176,119,52,176
177,115,54,173
179,118,52,173
183,120,49,172
183,108,50,165
185,112,51,166
184,112,51,167
189,110,52,167
187,112,54,169
189,109,53,165
192,105,51,164
192,111,50,161
195,113,49,158
196,112,50,161
198,107,49,155
200,116,48,148
199,114,50,148
195,117,50,143
202,117,49,142
196,118,47,143
196,116,45,148
198,114,46,147
197,116,46,148
198,112,49,144
198,108,46,144
200,108,45,144
199,110,45,144
202,105,46,143
201,111,45,140
203,110,45,135
204,109,45,139
203,113,46,139
205,115,44,130
209,110,46,123
207,110,45,136
208,111,44,132
210,108,45,130
212,112,43,122
214,108,45,125
215,109,42,126
216,111,43,124
216,106,44,128
218,109,42,127
218,109,43,124
218,103,43,135
220,106,43,125
223,109,42,123
221,107,44,125
221,106,42,128
224,108,41,121
225,104,42,125
223,106,43,130
224,106,42,124
226,109,40,124
225,103,43,128
229,103,41,129
229,103,39,121
228,103,39,123
228,109,42,127
231,108,38,120
228,102,40,124
229,101,40,124
230,101,39,123
231,108,37,112
234,104,37,113
236,102,37,115
235,105,38,114
237,104,37,113
237,107,37,108
235,104,39,114
238,103,37,109
239,103,37,113
241,108,36,103
243,105,36,103
243,101,35,107
243,98,36,116
244,104,35,112
247,102,37,114
248,99,37,118
248,101,38,112
251,96,37,115
252,100,36,115
251,96,37,115
253,99,37,113
256,97,36,110
260,93,35,114
259,95,36,107
260,95,36,110
264,93,34,112
266,94,34,108
269,91,35,117
273,87,35,109
273,79,36,118
272,90,37,118
272,91,36,112
286,93,36,106
290,96,36,110
296,96,35,108
299,95,36,107
304,93,34,110
308,92,34,105
313,88,34,109
317,85,35,109
329,87,37,116
328,100,37,110
331,94,38,108
335,87,36,118
337,90,36,112
340,88,35,113
343,93,35,119
348,85,36,119
348,88,36,120
351,84,34,123
358,87,37,114
359,92,37,114
365,84,39,117
367,83,39,120
369,85,40,119
373,81,38,119
373,91,40,108
379,80,38,122
381,81,39,118
383,92,37,114
392,91,36,112
391,85,38,115
394,83,38,117
396,81,36,117
399,87,36,112
400,90,37,112
403,87,37,112
406,80,37,116
409,79,36,117
412,81,36,113
416,84,35,114
419,82,37,119
419,82,37,118
424,83,35,115
426,83,36,114
429,80,34,115
431,86,33,112
433,88,35,109
437,84,33,110
437,81,35,112
441,85,34,107
444,78,34,110
445,80,34,109
447,75,34,112
449,77,33,106
451,80,35,105
452,76,35,117
452,76,36,111
455,76,36,112
455,71,39,117
458,69,38,113
461,68,38,112
462,74,38,117
466,74,36,115
470,69,38,123
468,73,39,119
471,74,36,115
472,76,37,112
475,78,37,116
477,79,37,107
477,79,36,108
477,74,37,116
480,79,37,113
481,84,37,112
481,78,37,116
483,74,38,122
484,69,39,123
486,74,37,119
467,68,38,124
431,63,37,121
404,74,39,118
406,76,37,114
410,76,39,112
412,75,38,117
410,75,38,119
417,78,37,115
417,82,37,112
421,80,38,110
426,75,39,111
428,76,37,117
427,80,38,114
431,80,36,111
433,89,38,123
432,133,39,122
438,166,37,118
440,170,38,121
442,172,37,119
441,168,38,121
444,167,38,118
448,167,39,122
451,165,39,125
450,169,38,118
454,166,38,123
455,166,38,123
458,163,38,123
461,162,38,123
458,169,37,118
461,171,40,114
465,167,38,119
467,160,37,120
468,158,37,119
468,163,37,119
469,159,37,119
468,163,38,119
469,164,38,119
470,160,37,120
474,163,37,118
472,164,36,115
474,162,35,114
475,163,35,114
473,167,36,111
476,162,35,113
475,166,35,112
477,163,36,115
477,166,36,112
479,163,35,114
479,167,35,112
479,165,34,110
479,162,34,111
480,168,35,111
478,162,35,114
482,165,35,115
483,162,35,113
481,168,36,110
485,164,35,113
486,161,35,114
482,163,36,115
485,161,35,114
486,161,36,113
489,161,35,115
488,173,36,108
489,169,36,111
492,167,35,113
493,164,35,113
492,162,35,113
492,166,36,112
493,163,35,114
493,158,35,114
493,159,35,114
494,162,35,112
493,164,34,111
494,163,35,112
497,164,35,112
499,171,34,110
498,164,34,111
498,165,35,112
497,162,35,112
498,167,34,111
500,170,33,108
500,166,33,107
501,167,34,109
501,167,34,108
500,165,34,108
500,163,34,110
501,166,34,110
502,166,34,111
502,163,34,111
502,164,34,111
504,167,34,110
502,164,34,109
504,165,34,110
504,149,34,110
502,125,34,109
495,86,33,108
498,45,34,103
505,37,34,108
504,43,35,104
509,38,34,111
507,37,35,110
508,41,36,106
510,40,34,110
511,39,34,103
509,36,34,106
512,43,33,98
513,42,33,104
511,45,34,99
516,42,33,104
515,44,33,96
516,40,33,102
