159,253,22,42
164,252,21,40
169,250,22,41
174,249,22,41
179,250,22,39
184,250,23,37
189,250,23,37
194,249,22,36
199,249,22,37
205,248,21,37
210,249,23,35
216,248,21,36
222,248,22,35
227,248,22,35
234,248,22,36
240,248,20,37
244,248,21,35
248,248,22,42
250,248,22,42
261,246,22,42
270,246,19,38
273,246,20,37
277,247,20,36
279,247,22,42
273,248,22,42
295,246,22,42
307,248,18,38
311,246,19,38
316,247,18,39
321,244,22,42
330,248,19,38
330,246,21,41
339,245,21,41
342,247,22,42
345,247,22,42
356,250,22,42
359,248,22,42
331,243,22,42
334,242,22,43
334,241,23,43
331,219,22,42
335,182,22,41
333,181,21,41
320,178,21,41
313,170,21,41
316,176,21,40
317,181,21,41
315,172,21,40
330,173,21,40
325,168,21,40
328,171,21,40
308,169,21,39
327,177,20,39
324,173,21,39
321,179,21,39
322,177,21,40
330,175,21,40
329,177,20,39
331,175,20,39
327,175,20,39
315,174,20,38
315,167,20,38
320,171,20,38
333,175,19,37
334,173,20,37
329,177,20,38
327,178,19,37
336,188,19,37
340,165,19,37
325,163,19,37
359,151,19,37
328,142,19,37
303,138,20,37
303,148,20,37
302,147,20,37
303,145,20,37
304,149,20,37
304,149,19,37
305,153,19,37
304,145,19,37
306,152,20,37
304,146,20,38
305,151,20,39
304,147,20,39
305,150,20,38
301,144,20,39
304,147,20,38
303,147,20,38
304,147,20,38
303,146,20,38
305,149,20,39
300,144,20,39
304,147,20,38
304,146,20,38
302,146,20,38
305,150,20,37
302,146,20,38
304,150,20,38
303,144,20,38
305,153,20,38
301,143,20,37
301,144,20,38
303,145,19,37
305,150,19,37
304,149,20,37
304,146,20,37
304,149,20,38
305,150,19,37
303,146,20,37
306,148,19,37
304,149,20,37
304,149,20,37
306,154,20,37
304,149,20,38
303,146,20,37
305,147,19,37
304,150,20,37
305,150,19,37
