601,276,31,78
600,275,32,76
602,276,26,78
600,280,30,76
598,281,32,76
606,282,40,75
600,279,49,78
594,284,51,72
592,283,41,76
602,284,40,73
600,282,31,77
606,283,25,77
604,283,30,77
603,284,31,77
603,286,27,77
604,285,27,78
603,283,26,82
600,283,27,81
602,283,25,82
604,283,20,81
593,285,19,79
593,287,25,81
593,287,29,81
593,289,30,80
579,290,40,79
581,291,42,80
580,292,39,78
577,291,39,82
576,291,44,78
578,292,39,81
576,292,43,80
577,293,51,82
573,293,61,81
569,295,70,81
568,298,72,81
566,296,75,82
567,297,74,82
570,297,72,84
562,298,77,82
546,293,72,84
549,290,71,84
541,286,63,82
532,282,55,87
513,279,64,85
513,278,75,84
521,282,75,83
523,285,74,83
509,294,72,81
515,297,61,85
511,306,64,82
513,309,52,87
522,313,39,83
527,321,31,81
531,316,29,85
542,320,25,77
551,323,22,68
549,319,24,61
549,311,28,61
549,311,35,60
551,310,38,64
555,319,26,63
555,328,27,65
554,336,32,64
559,338,25,65
572,320,28,76
559,319,26,85
551,317,32,85
554,313,33,88
550,312,37,87
548,310,41,87
544,306,52,88
544,306,48,87
555,306,49,86
544,305,51,86
538,306,57,84
533,302,56,86
533,302,53,84
541,302,45,81
542,299,44,87
550,306,31,83
549,304,37,86
552,312,37,79
555,324,29,70
557,334,29,63
556,337,32,58
557,338,28,59
556,333,30,66
560,330,25,70
563,332,27,72
562,340,26,67
557,342,29,68
552,348,34,63
554,349,33,63
558,347,28,63
562,349,23,57
551,342,31,63
550,352,35,52
540,351,42,50
540,350,44,52
534,353,41,51
538,346,39,61
536,344,43,63
536,343,38,63
526,336,36,70
530,330,32,75
534,335,28,70
534,337,28,64
535,340,29,60
535,339,35,62
532,342,39,58
530,340,36,60
533,346,31,57
533,347,24,59
532,349,26,59
533,344,29,63
535,352,28,59
534,350,30,61
526,343,24,66
522,348,22,61
540,346,26,62
539,347,28,58
537,352,29,54
541,350,26,56
523,355,21,48
525,355,17,48
538,349,12,55
540,352,11,55
539,352,14,54
532,348,16,56
531,352,19,61
528,352,22,62
525,355,20,59
525,350,23,64
527,355,24,59
522,346,27,66
522,352,23,58
521,348,29,61
525,347,27,63
525,345,32,65
524,347,26,65
518,346,34,66
519,354,33,61
517,353,39,64
518,360,37,56
513,363,45,54
510,360,52,55
523,359,45,58
521,363,44,52
512,367,52,47
518,366,50,50
517,370,57,50
500,368,64,55
505,369,62,55
508,374,59,51
510,368,52,58
509,375,48,49
514,368,43,55
518,368,42,57
519,364,43,60
509,365,52,57
507,363,52,56
505,364,52,55
503,362,54,57
502,365,60,52
508,360,53,60
504,357,49,65
507,350,48,68
505,353,45,69
507,361,42,60
510,369,36,53
511,372,37,49
513,375,33,46
514,364,27,56
515,362,24,59
511,358,26,61
509,356,32,60
510,356,31,57
512,355,23,59
506,353,31,62
504,354,33,60
488,355,40,59
489,355,35,60
491,357,31,59
489,357,34,61
487,351,43,65
486,355,41,64
484,357,38,61
478,357,46,60
482,357,45,61
485,356,37,63
488,354,34,62
487,358,32,61
488,358,32,62
485,362,37,55
486,373,33,47
480,364,42,55
481,370,43,48
478,368,42,45
479,356,43,58
482,350,42,60
478,344,43,63
472,347,50,61
469,346,64,58
464,350,62,58
464,350,58,60
461,353,51,56
457,354,46,58
461,350,41,63
462,350,34,65
465,351,33,64
459,353,32,63
455,350,37,67
455,348,41,66
453,348,41,64
452,347,34,65
453,345,33,66
452,346,38,65
447,347,44,67
441,340,43,75
441,328,35,86
441,328,36,85
440,326,37,88
437,343,44,71
431,344,49,67
429,342,51,69
427,340,56,70
425,341,62,69
423,341,79,70
419,345,98,64
478,351,89,58
527,349,85,59
532,335,86,75
533,309,97,102
503,308,83,103
517,304,65,108
482,308,76,104
474,308,69,106
481,308,52,106
502,303,67,110
502,303,76,110
503,303,80,111
502,305,90,104
475,305,91,105
474,304,99,109
499,306,85,103
494,302,76,112
495,299,64,112
493,299,70,112
461,301,89,109
475,297,96,112
504,295,90,107
481,294,81,114
489,293,68,112
496,289,56,114
486,290,66,112
484,288,65,113
486,289,57,110
490,288,56,110
493,288,47,111
488,289,57,111
482,290,62,111
478,293,65,107
485,290,60,112
490,290,49,112
488,292,44,113
485,291,43,117
485,293,37,115
481,294,51,116
481,294,54,115
477,294,61,114
481,294,58,114
478,294,61,113
479,293,65,116
474,292,77,116
511,287,86,115
516,286,81,118
521,284,74,117
530,283,62,119
529,282,60,119
532,282,53,120
532,283,53,120
525,281,55,120
523,282,51,121
521,284,60,121
583,284,48,115
585,281,46,116
584,283,48,117
585,283,62,116
560,281,74,118
568,285,66,117
563,284,74,116
537,282,83,120
549,283,85,117
553,280,79,121
554,282,72,121
557,284,63,119
561,279,59,121
566,279,45,121
510,279,55,124
509,278,60,123
536,275,76,122
539,277,83,120
568,274,67,120
574,270,51,126
573,272,56,126
587,271,54,124
581,271,55,123
582,274,54,124
594,278,52,121
586,281,50,117
586,280,51,121
595,279,54,120
586,281,58,120
593,277,56,121
589,275,57,125
594,276,67,120
589,272,60,123
585,269,53,128
594,269,60,122
584,270,61,123
579,268,57,124
581,268,58,123
578,268,59,121
578,270,55,125
584,268,67,123
617,269,70,120
621,266,61,121
625,267,53,120
601,265,62,122
627,261,73,122
626,263,60,119
666,259,54,124
677,264,46,124
660,265,64,128
630,273,73,121
625,274,81,121
621,277,73,128
622,278,57,123
618,274,71,126
657,276,67,119
632,264,70,127
637,265,60,127
648,263,41,129
627,264,48,124
632,260,54,128
630,261,63,125
629,260,62,126
629,260,58,126
626,260,58,126
629,259,54,125
629,257,57,128
639,252,45,131
634,250,53,130
636,250,48,127
638,245,43,128
638,244,48,128
648,247,53,123
645,246,71,123
652,249,53,125
656,248,43,130
655,250,37,128
651,253,44,126
646,255,52,128
672,258,50,127
672,260,50,127
642,254,53,136
654,244,61,137
650,239,47,136
671,224,53,137
655,217,59,139
693,201,51,132
703,193,54,131
707,187,60,130
711,184,81,128
723,183,99,126
734,193,116,119
741,188,116,127
749,199,106,128
759,206,94,131
765,213,82,133
730,218,93,139
722,223,102,137
768,224,104,134
781,224,94,137
777,226,105,139
766,226,120,140
794,232,98,133
798,229,99,137
790,227,119,139
815,224,102,139
811,226,114,138
823,223,106,138
828,227,104,139
834,231,101,139
834,235,103,139
838,244,101,136
838,248,104,136
840,254,106,137
837,248,109,142
849,256,97,136
865,256,86,135
864,258,81,130
875,260,78,132
877,261,75,133
883,262,68,128
889,257,64,138
891,251,63,145
895,253,61,138
890,250,68,143
885,245,71,150
876,247,80,161
901,252,59,148
889,254,68,157
887,252,69,166
911,257,51,159
897,250,60,176
901,250,50,178
919,256,42,166
863,250,52,164
879,247,55,160
866,245,58,170
881,239,61,180
883,244,72,178
872,243,79,176
867,249,81,178
875,258,73,180
877,266,62,181
882,271,55,185
892,287,63,175
882,277,65,184
873,273,78,182
873,270,78,173
862,261,90,178
850,259,95,169
846,257,99,178
842,254,99,176
878,259,76,173
894,253,57,176
890,241,63,180
892,230,63,187
885,220,69,184
874,221,77,171
850,231,85,155
849,244,95,140
830,226,101,155
838,215,106,165
821,220,105,161
836,218,112,158
840,218,110,153
822,213,124,160
850,208,100,162
864,213,88,156
864,212,87,154
862,218,89,151
852,215,96,156
840,211,106,157
843,209,99,156
836,208,104,160
818,210,117,158
831,203,107,166
817,206,120,163
823,204,105,163
839,212,95,165
852,216,70,160
848,228,71,154
862,240,70,146
852,240,68,152
901,242,52,148
901,236,50,153
895,241,60,144
888,245,70,142
879,239,75,152
862,233,72,158
857,229,80,159
852,219,102,174
851,223,88,165
848,224,104,164
835,225,114,164
823,225,128,169
805,223,144,170
800,222,149,169
806,216,145,172
829,215,125,175
809,210,139,176
802,217,147,176
804,211,145,184
818,218,131,175
821,216,133,176
830,213,122,182
821,212,129,181
826,211,124,186
830,215,117,180
826,216,129,177
835,212,118,181
833,211,117,175
847,214,103,175
848,218,101,178
839,218,113,177
844,213,96,177
846,212,94,178
837,212,116,178
833,210,116,176
827,208,126,179
827,205,119,180
829,201,123,183
837,201,113,182
828,206,121,181
838,208,118,183
850,208,106,184
848,209,106,185
837,210,117,181
839,212,112,182
840,209,108,186
866,209,88,186
864,207,90,188
861,209,93,191
867,216,83,185
880,216,75,190
883,219,69,194
880,225,72,194
888,227,65,187
892,227,61,192
893,223,59,188
888,221,65,196
874,216,77,195
868,212,83,197
865,214,87,195
857,217,94,190
866,213,83,195
860,217,90,193
850,221,100,188
861,220,97,188
853,225,105,191
839,224,112,185
820,233,129,172
805,237,144,174
782,243,168,167
776,229,161,183
783,231,162,185
786,230,141,183
783,233,157,179
778,228,125,184
793,224,141,186
768,236,156,184
786,241,158,174
758,235,186,180
760,232,190,186
774,226,169,189
774,226,164,190
785,229,157,191
791,226,156,196
791,226,159,199
798,230,150,196
824,230,128,197
828,233,125,189
815,231,139,190
813,237,140,186
811,229,142,191
822,220,128,200
811,224,141,196
811,221,142,194
818,223,138,197
818,225,136,196
840,220,112,201
848,220,106,202
843,229,114,194
844,222,108,202
845,218,104,205
842,223,112,198
838,225,113,202
827,229,122,191
832,226,118,197
825,224,126,196
832,222,115,201
817,226,126,197
812,221,131,206
821,222,117,209
816,222,124,206
818,227,121,199
819,230,126,198
816,230,124,197
820,230,116,198
807,229,137,197
809,232,131,193
811,229,115,196
816,221,88,203
837,227,81,200
813,222,98,202
825,227,116,196
809,228,101,195
824,229,100,195
804,228,109,200
810,227,129,201
808,235,113,195
831,239,105,195
824,240,95,193
805,233,118,195
801,238,121,191
803,238,116,193
807,235,111,192
802,242,114,188
793,242,132,185
783,242,147,184
787,246,154,185
781,248,164,184
787,242,161,191
802,245,147,186
804,244,145,190
787,246,163,182
793,244,153,186
798,249,146,183
794,241,150,186
792,242,145,189
782,239,141,191
770,236,147,193
767,235,135,191
807,232,95,190
822,238,102,191
805,236,94,200
825,245,122,191
813,249,104,185
841,258,115,183
817,257,135,183
829,256,128,181
804,253,151,186
766,249,175,193
753,243,173,195
753,231,141,207
780,232,127,196
794,226,125,201
808,223,129,203
821,225,125,203
836,230,113,196
856,222,94,203
857,226,100,198
859,224,95,203
863,224,84,198
865,220,84,199
863,219,81,200
863,216,83,201
863,217,85,204
863,219,81,198
860,216,89,201
866,216,84,204
871,218,84,207
870,215,86,204
865,216,91,203
875,218,82,203
873,216,83,202
872,216,82,196
871,216,82,200
869,214,85,200
869,215,85,200
862,212,91,202
861,212,90,205
863,214,87,201
865,210,82,208
860,213,85,200
862,212,83,206
865,213,79,204
867,215,80,204
864,216,83,198
861,219,86,193
866,218,77,194
865,215,75,197
869,219,64,191
871,216,63,197
878,216,61,199
879,216,63,202
879,216,66,200
880,215,69,201
885,215,66,197
884,215,66,195
880,215,64,194
879,214,60,196
877,215,55,192
870,219,61,186
863,219,67,188
857,217,84,195
866,220,75,187
869,217,74,194
863,221,78,187
871,218,69,188
872,220,68,194
862,216,73,192
858,219,75,192
862,220,75,189
863,218,80,193
868,220,77,186
868,219,78,189
871,220,74,184
871,218,68,192
867,213,66,195
863,212,65,197
861,214,67,195
859,215,66,193
851,214,75,195
850,217,79,191
842,215,94,190
841,215,95,191
849,218,87,185
845,216,96,189
859,220,81,184
856,220,84,184
859,218,82,183
854,219,86,182
847,214,95,185
849,214,91,186
848,213,83,186
846,213,87,187
844,212,78,185
840,215,79,183
841,215,73,186
846,227,69,174
845,223,71,177
842,224,78,174
836,217,89,177
831,218,99,180
843,218,84,178
842,218,83,185
844,218,81,180
839,220,89,178
833,217,80,178
859,219,96,179
863,218,95,182
839,222,113,174
817,224,112,173
819,222,97,176
819,226,98,172
823,225,89,170
843,218,109,180
825,220,127,177
804,220,148,177
803,219,147,174
795,221,156,172
789,221,159,175
783,228,154,163
779,220,140,173
798,216,143,175
804,224,139,170
807,224,137,176
806,226,138,170
795,220,149,173
791,225,154,169
773,228,167,166
772,226,167,165
764,228,179,164
771,224,176,166
763,226,179,162
793,225,150,163
781,234,154,157
798,221,145,162
803,227,141,162
780,225,165,162
770,224,180,163
775,223,170,168
753,230,190,164
750,227,182,163
785,232,162,164
750,228,189,163
765,222,174,167
786,225,162,165
783,227,139,165
833,227,114,171
824,224,83,162
851,217,101,178
830,218,119,177
813,215,131,184
803,222,152,179
788,227,163,180
781,222,162,178
779,230,164,183
766,226,180,180
757,227,195,176
742,229,207,176
751,229,198,173
751,229,195,177
760,228,187,180
756,226,188,184
755,228,178,180
744,229,199,175
752,229,180,172
748,232,177,176
749,226,151,178
768,230,167,175
759,229,155,170
761,224,129,179
766,226,130,177
786,225,129,178
788,222,115,180
784,223,120,187
783,224,130,182
787,226,134,180
787,228,137,178
805,223,135,182
808,232,138,178
808,228,140,179
814,229,132,178
812,229,136,176
807,221,142,184
803,231,151,170
823,224,128,173
826,224,125,173
829,226,120,167
829,223,117,170
837,224,110,171
837,225,108,173
829,223,121,171
828,227,125,171
833,226,112,170
835,227,116,166
824,226,124,166
822,224,130,168
824,221,126,172
826,220,115,177
830,223,87,168
831,215,75,178
831,218,72,173
831,213,74,175
831,213,68,177
859,214,72,173
852,213,74,173
845,216,99,170
830,218,116,169
815,217,127,172
809,215,120,173
810,217,118,168
806,218,121,169
808,218,120,170
804,218,108,166
800,214,108,168
797,215,104,169
794,219,123,163
796,213,112,164
797,219,110,165
792,219,127,160
791,216,121,165
796,215,112,163
804,215,108,166
813,218,119,163
813,214,119,166
814,213,115,167
824,208,110,167
821,211,109,168
819,212,109,165
813,213,122,165
807,202,120,170
812,206,112,167
803,206,114,168
795,207,117,165
801,204,117,171
797,193,116,179
799,202,114,171
793,190,117,183
788,191,118,183
822,201,135,170
790,210,158,161
759,207,185,166
740,205,201,158
736,203,209,165
726,208,208,166
724,202,199,160
747,207,198,164
732,202,214,170
719,201,232,168
700,205,250,167
687,205,260,170
717,207,229,165
713,201,234,169
703,205,244,166
699,205,243,164
716,195,231,170
703,198,243,167
709,198,234,172
718,196,222,173
700,192,245,167
682,194,260,175
695,197,248,177
695,194,241,174
690,196,246,171
681,200,256,166
701,193,240,173
695,203,242,166
684,193,259,182
684,191,259,178
673,196,269,171
666,198,267,163
699,193,250,168
689,193,255,169
657,208,278,156
682,200,262,166
675,191,270,174
692,192,251,166
681,201,252,160
721,186,220,173
703,191,226,169
753,181,193,183
759,185,181,176
770,198,156,160
772,198,129,160
793,193,150,171
763,195,180,165
749,185,200,177
747,191,198,172
730,188,218,175
733,185,208,176
719,188,218,170
706,186,235,177
716,189,229,166
710,183,235,183
713,193,233,169
706,193,238,165
702,188,242,166
695,194,248,162
697,193,246,165
682,192,259,167
684,194,258,164
660,203,280,155
682,198,263,165
652,203,285,158
677,199,270,160
680,198,262,164
678,205,267,156
667,209,285,149
654,205,294,151
626,211,328,147
629,208,320,147
671,202,277,156
662,205,279,149
689,203,259,153
680,196,263,158
674,206,270,148
680,205,244,150
685,198,258,151
674,202,252,144
695,208,245,140
680,208,269,140
682,197,267,148
676,196,276,144
683,198,268,145
673,193,276,144
679,195,271,143
675,189,277,152
653,194,294,144
676,193,273,145
674,193,275,144
666,200,269,136
686,202,259,138
674,205,273,139
665,203,278,136
654,201,291,139
638,207,310,130
621,206,325,129
624,202,325,128
642,203,308,133
651,200,295,135
651,205,295,134
643,204,305,133
617,205,327,136
633,203,313,139
624,205,315,127
625,205,309,134
642,202,303,136
637,210,301,130
670,204,279,138
655,198,293,135
648,203,301,130
634,209,314,129
633,204,315,130
631,206,315,126
630,204,319,129
621,208,324,130
645,201,296,133
649,200,295,131
639,204,303,130
631,206,318,128
624,208,319,125
661,201,284,128
650,202,297,127
661,199,283,126
669,200,284,129
684,201,262,123
689,200,259,126
691,202,257,129
667,199,282,126
677,201,263,129
680,201,258,130
681,201,264,125
675,203,274,124
672,200,275,123
681,203,267,126
694,202,241,127
690,200,261,130
673,201,283,123
676,203,279,126
672,200,281,121
659,205,294,120
640,202,312,119
614,207,340,118
629,202,322,120
655,207,294,119
656,206,294,118
650,211,300,117
675,206,283,116
659,207,293,123
663,202,288,125
647,209,309,115
648,204,297,119
642,206,308,117
647,201,303,120
650,207,298,117
650,206,298,117
649,211,293,108
663,210,289,110
650,207,304,120
631,215,314,111
642,210,313,114
651,213,305,117
668,208,286,120
641,207,314,120
647,209,309,114
640,212,320,110
658,210,299,115
651,206,300,117
641,211,316,117
648,208,305,110
642,211,308,113
685,208,266,109
686,211,264,115
687,209,265,110
684,213,267,112
680,211,270,110
680,211,277,113
680,214,277,114
670,212,283,107
651,210,304,115
646,205,307,110
638,210,316,117
629,210,323,112
609,213,341,110
631,206,320,118
601,209,349,112
627,215,321,110
648,208,306,105
640,210,312,110
659,207,297,111
650,209,299,109
633,204,319,107
624,211,327,114
605,208,348,110
617,205,334,108
633,211,317,107
673,206,280,106
671,209,281,109
683,208,270,114
681,213,266,109
684,210,271,107
679,212,278,110
686,205,266,109
685,213,264,110
691,210,262,110
689,210,260,110
701,215,243,104
699,210,239,112
684,210,273,109
684,211,268,107
685,208,269,113
679,220,272,100
668,214,289,103
680,211,272,112
674,210,280,109
682,210,265,111
687,215,262,106
678,210,270,106
687,212,261,106
682,211,266,105
682,211,263,103
688,209,250,105
675,214,267,103
657,216,291,102
662,218,278,102
658,218,287,100
659,215,279,102
652,212,281,99
662,210,275,100
680,211,260,104
680,212,250,100
689,210,248,105
685,207,250,106
685,210,262,106
686,212,255,99
690,211,263,99
681,211,274,99
682,210,270,101
682,210,271,101
672,211,282,100
688,210,259,98
693,209,250,103
694,207,244,104
692,211,245,104
682,211,259,100
694,211,234,98
695,211,232,100
691,209,235,101
702,209,219,103
713,212,209,101
706,212,217,99
700,214,221,97
697,212,222,98
706,212,209,101
704,214,208,97
701,214,209,98
700,211,206,98
696,211,210,101
696,212,207,97
695,212,214,99
684,210,223,96
684,215,225,98
696,215,213,93
699,213,209,97
709,214,198,96
706,213,197,96
707,214,198,96
693,214,215,97
696,212,211,98
708,207,194,101
701,209,204,94
707,209,194,99
707,208,191,91
709,209,192,94
711,207,184,92
719,208,178,95
717,208,180,96
722,209,177,97
720,208,177,95
719,205,179,92
709,208,189,93
710,204,187,96
715,207,180,94
718,206,178,97
711,205,185,93
707,210,191,95
699,209,203,90
692,208,207,93
692,209,209,90
699,206,196,92
690,208,204,90
689,208,206,93
696,206,197,94
690,210,203,88
698,209,190,93
700,207,189,93
704,211,180,94
706,210,182,89
707,207,178,93
707,206,170,91
708,207,169,92
704,208,176,91
707,207,173,89
708,209,171,91
706,208,170,93
713,208,162,87
721,211,156,90
710,208,160,87
713,206,156,92
701,207,168,88
694,207,172,89
688,208,183,88
693,209,174,86
683,210,187,89
682,210,189,83
678,210,186,86
680,210,183,88
679,211,183,84
681,210,184,85
681,213,182,87
674,212,186,84
682,208,178,86
680,214,181,86
677,210,182,82
675,209,181,86
695,208,159,88
700,206,147,87
704,207,147,86
706,213,144,88
712,210,134,84
705,215,136,89
701,210,140,87
700,215,139,85
696,212,139,87
698,212,134,84
699,210,130,87
693,212,138,85
684,210,142,86
692,211,134,83
699,209,126,87
694,212,132,85
686,210,141,83
685,217,145,79
683,214,143,81
686,215,137,82
686,217,133,79
689,214,127,84
682,213,131,83
679,212,132,83
685,213,122,84
677,215,130,82
676,211,128,84
682,214,122,84
675,213,131,85
683,209,121,85
681,215,123,85
685,210,118,86
676,213,127,83
675,212,129,84
682,211,123,83
684,215,122,85
685,209,122,85
680,212,126,86
683,211,123,85
678,210,128,83
673,214,130,85
676,214,127,85
676,215,126,83
664,215,136,85
664,217,134,81
659,215,139,84
667,216,128,84
673,216,122,83
673,214,123,81
672,212,125,83
674,215,124,83
668,213,131,82
668,217,133,84
666,214,134,80
661,216,138,81
668,218,134,79
661,215,136,82
658,216,139,82
658,214,134,86
661,210,132,82
667,215,127,86
669,211,124,82
668,216,122,85
668,211,120,83
662,217,128,80
652,213,136,84
655,217,130,77
661,217,126,81
662,210,123,84
659,215,124,81
660,215,124,80
668,214,116,81
669,212,112,83
656,212,126,83
657,214,124,83
647,212,132,84
650,215,127,81
650,214,127,82
651,214,123,81
650,214,124,81
650,211,124,83
642,209,130,82
642,210,127,81
654,206,116,82
647,207,125,85
656,211,113,77
655,206,114,82
661,208,106,85
655,206,111,82
666,210,100,82
659,208,107,82
657,209,109,83
660,210,109,82
655,206,112,82
651,207,116,84
658,206,109,80
664,207,103,80
662,205,104,85
654,204,113,81
659,206,107,80
651,207,114,82
650,209,115,81
656,203,105,81
660,210,101,80
659,206,97,80
654,208,105,83
653,205,103,81
647,208,110,82
642,208,116,82
632,207,125,82
634,212,124,79
639,208,120,83
630,205,127,84
642,209,116,81
635,209,125,81
635,207,124,81
626,203,133,81
624,207,134,84
631,201,123,87
626,203,127,87
623,203,128,85
627,206,126,83
633,201,122,86
619,205,133,82
631,206,123,82
642,203,114,85
652,205,106,85
647,201,111,81
650,200,109,84
650,203,108,83
660,202,98,85
661,202,94,83
665,203,89,84
666,206,87,81
680,205,77,80
688,205,68,85
673,205,75,84
686,201,72,84
688,206,70,85
667,205,73,85
669,204,89,84
664,207,101,80
660,203,107,80
666,206,101,79
669,203,100,82
665,205,104,81
661,203,113,84
650,201,122,87
641,205,130,80
641,205,131,81
633,207,141,79
645,202,130,82
647,209,128,82
650,208,130,80
649,204,130,83
652,208,128,83
646,203,139,84
640,206,143,81
640,206,144,84
642,203,143,84
654,201,130,85
659,198,128,83
689,193,139,83
696,198,131,81
690,193,135,81
694,195,131,83
688,190,135,83
701,198,124,83
734,193,128,82
725,197,139,83
726,190,151,86
714,194,158,83
691,193,179,86
687,190,176,85
685,191,179,85
686,190,172,81
685,192,178,83
681,190,179,87
689,191,168,86
687,195,171,84
692,193,162,83
693,189,150,85
697,191,134,83
694,191,130,86
694,192,137,88
697,191,137,87
701,192,114,83
694,192,126,86
692,192,120,84
692,189,121,86
694,192,121,84
699,188,109,87
700,190,104,85
698,192,104,85
696,192,103,85
685,191,116,85
684,191,116,84
693,189,103,88
688,190,105,84
695,190,102,85
699,191,101,85
698,190,99,85
695,189,107,86
697,190,107,87
698,188,104,87
698,189,106,89
697,188,114,87
694,185,137,87
694,190,136,85
692,186,138,87
691,186,142,84
690,187,139,84
693,186,128,83
693,181,130,87
692,184,133,85
687,179,132,88
694,178,125,85
695,175,128,88
699,171,127,87
697,171,132,86
703,170,126,85
710,168,123,86
719,155,122,92
718,148,118,88
707,148,119,84
709,142,114,89
705,142,119,85
703,139,110,90
697,142,117,84
686,145,121,86
689,142,115,86
686,142,114,90
682,142,116,88
683,147,115,86
682,150,115,84
683,149,115,86
685,153,117,84
685,155,121,87
688,161,120,88
683,164,127,88
687,161,126,89
697,165,118,89
699,167,119,84
705,167,114,88
699,164,119,87
696,167,124,88
699,173,123,85
711,185,120,87
717,194,121,86
721,200,120,89
721,209,126,89
717,212,133,89
721,212,138,85
726,215,131,85
732,220,128,82
742,220,120,84
744,222,118,87
744,225,122,82
747,222,120,89
749,231,120,82
748,230,121,87
752,229,118,84
750,234,118,86
755,229,112,86
745,235,122,84
754,234,114,82
748,237,119,85
753,233,118,87
748,240,126,85
748,236,127,85
753,234,125,86
751,234,133,85
759,235,127,84
764,233,122,83
768,229,117,88
769,228,114,88
767,231,110,83
771,228,100,85
777,230,89,83
778,228,85,83
773,227,88,83
770,228,90,84
774,227,85,81
776,230,84,83
774,225,84,87
786,226,77,83
785,224,77,86
781,225,81,84
778,221,85,86
791,219,74,88
792,218,74,86
782,221,85,86
778,219,89,87
781,219,90,83
780,219,86,83
784,217,85,84
786,219,79,83
786,214,81,85
784,216,83,84
782,216,82,84
787,215,80,84
786,214,81,85
784,213,82,86
785,214,86,85
781,213,87,85
783,213,86,85
784,215,83,83
784,212,84,85
787,213,78,85
785,213,82,84
782,213,84,85
778,215,87,85
780,215,83,85
778,214,83,84
774,212,89,86
776,214,87,87
775,214,86,85
778,214,85,85
775,216,88,84
775,215,94,85
775,217,91,84
775,215,90,84
769,214,96,85
775,216,87,84
782,216,80,85
780,212,84,86
775,215,88,86
772,213,92,86
774,211,89,86
774,214,89,83
777,211,88,84
769,211,93,86
772,211,91,84
778,212,84,87
771,212,88,84
772,211,91,85
772,212,88,84
777,210,85,87
774,212,87,85
777,212,83,84
778,211,83,86
775,212,87,85
775,213,86,85
775,212,86,84
773,211,89,84
772,212,91,87
774,212,87,83
774,206,84,84
772,208,82,86
770,207,83,85
764,209,91,85
767,208,88,83
768,212,85,86
765,215,87,83
762,214,90,83
759,217,92,84
761,218,90,82
756,216,92,85
756,218,90,85
757,216,86,86
754,216,90,84
752,213,92,86
760,212,85,88
762,211,84,83
759,211,85,82
760,210,89,85
757,210,90,84
756,208,87,84
753,207,86,86
748,208,88,85
746,206,91,84
744,205,90,87
742,206,93,84
736,206,96,85
724,204,110,85
735,207,100,87
728,206,103,84
725,203,104,83
716,206,114,85
718,206,112,86
721,208,107,80
721,207,104,88
712,207,114,85
707,212,117,87
706,211,110,86
701,208,116,87
707,210,111,83
705,206,108,87
698,205,112,86
698,204,112,90
695,205,114,85
694,210,118,87
687,208,122,88
684,207,124,88
692,211,117,82
693,213,114,89
687,210,116,85
686,211,119,88
716,209,122,91
709,209,131,86
735,206,108,91
750,209,94,84
756,210,85,86
767,211,73,85
769,208,71,89
770,210,69,86
773,208,66,85
778,211,64,87
777,210,65,84
773,214,71,86
777,213,66,87
779,210,63,87
775,209,69,88
775,209,70,85
775,213,72,83
779,214,70,84
780,211,70,87
779,211,70,86
782,210,69,87
784,210,65,86
784,211,63,85
783,211,64,86
783,209,63,85
781,213,68,84
778,211,71,86
782,210,67,88
775,211,74,87
778,211,72,84
780,214,69,84
781,212,67,84
779,213,70,86
780,214,67,86
785,212,61,85
776,213,73,84
774,210,75,87
777,215,72,81
776,211,75,85
776,211,76,83
779,210,72,85
777,213,76,85
777,210,76,84
777,210,76,86
781,208,70,86
781,211,71,84
784,211,68,82
779,210,72,87
780,215,72,85
776,211,74,87
776,214,76,83
777,214,74,86
777,213,73,86
774,213,76,85
779,213,73,86
775,211,77,88
779,207,75,85
784,209,70,88
781,207,73,86
783,207,70,86
782,206,73,86
781,206,77,85
784,208,72,84
783,205,74,88
779,204,78,87
778,208,79,84
779,209,75,84
780,209,74,83
780,208,76,84
780,210,75,89
774,210,81,83
780,206,73,85
780,207,72,84
777,209,74,84
776,210,77,83
779,208,75,84
782,209,69,86
780,208,73,86
777,205,76,88
777,208,76,84
777,207,76,85
778,207,75,87
781,209,71,86
777,212,76,84
773,211,79,84
777,210,75,86
771,210,81,85
774,211,78,83
776,210,74,86
773,210,77,84
777,210,72,86
773,208,76,86
776,212,77,85
774,209,79,85
768,208,85,86
771,206,83,85
774,209,79,86
772,208,79,85
770,205,84,88
773,207,80,87
775,207,78,84
777,206,79,87
773,206,83,85
772,206,78,85
777,210,73,84
776,207,71,84
780,206,72,85
781,207,74,86
774,207,79,87
772,207,81,86
778,209,76,86
774,206,80,86
775,207,79,84
775,204,79,84
779,205,74,84
777,205,75,84
774,207,75,84
773,206,83,84
772,206,82,85
768,207,84,84
769,208,81,88
769,209,83,85
770,210,79,86
772,208,79,83
771,210,76,86
765,209,84,85
766,208,86,86
764,206,90,84
765,206,88,84
771,208,79,87
768,206,86,84
771,207,83,85
773,207,81,84
777,207,72,86
764,208,86,84
770,208,79,85
771,210,77,83
770,209,76,87
771,207,76,87
765,211,82,83
768,209,81,84
770,213,76,84
768,210,81,87
773,210,75,85
780,208,70,86
771,211,78,83
774,209,76,85
771,208,82,85
781,208,73,88
776,208,76,86
777,207,72,86
771,207,82,83
771,209,84,84
769,208,86,83
757,207,101,84
768,206,94,83
772,208,88,83
772,210,89,83
773,204,90,84
783,206,80,82
787,203,73,87
785,202,78,88
773,204,96,86
773,206,101,86
781,208,93,84
777,208,99,86
770,207,108,85
773,205,106,88
766,206,113,85
778,206,98,84
785,206,91,85
793,207,86,87
800,205,78,87
795,205,82,89
802,202,79,89
809,202,67,90
800,201,80,91
802,205,78,88
802,204,80,88
804,206,81,85
801,205,80,88
796,209,85,85
791,204,88,87
802,209,78,85
801,210,75,87
801,214,77,86
797,211,82,91
795,207,85,91
788,208,88,91
792,209,90,86
799,209,82,86
811,204,69,90
808,203,74,89
813,210,75,84
817,210,71,79
816,205,71,87
823,201,66,91
816,215,74,80
827,207,64,88
821,211,72,88
820,207,76,92
818,208,78,92
824,206,76,94
817,203,83,96
822,206,79,97
820,210,82,92
822,209,80,92
830,211,74,92
840,210,66,91
843,210,68,92
847,208,63,93
854,204,58,97
862,209,46,90
860,203,53,96
850,211,63,89
850,211,69,99
846,211,82,100
853,208,80,94
868,212,71,92
862,210,85,90
855,211,90,94
856,215,96,87
856,207,94,97
860,212,93,93
869,217,82,91
870,210,82,94
867,212,88,91
839,211,100,96
837,210,114,99
829,209,120,98
812,210,132,97
795,208,152,97
791,206,158,99
798,209,150,98
801,205,146,102
802,210,125,101
811,210,117,103
803,208,117,99
810,205,107,103
839,205,110,96
840,202,108,101
827,203,122,99
837,200,109,105
830,201,111,104
838,200,103,103
823,205,124,98
824,202,124,102
825,200,122,102
823,202,128,101
820,197,132,103
823,195,128,105
830,195,115,105
831,196,117,104
824,194,128,104
815,193,143,105
804,192,153,105
811,192,143,110
810,190,143,109
819,190,134,105
833,192,119,107
844,194,109,110
847,195,108,110
847,195,105,105
848,197,100,108
851,194,99,112
850,195,98,112
851,192,101,110
848,192,106,112
840,192,115,111
835,194,120,109
837,197,119,106
833,197,126,107
817,197,138,104
811,195,142,106
809,196,144,105
794,200,159,106
794,198,157,110
795,197,151,107
786,198,161,109
787,195,163,114
801,193,149,115
791,194,162,110
789,192,161,111
771,194,182,118
759,198,191,110
757,198,199,111
749,199,204,109
755,198,203,111
759,199,192,105
758,201,194,109
772,199,183,114
760,194,190,114
767,198,189,112
766,196,187,112
765,197,190,116
768,199,181,109
773,197,178,110
774,200,181,111
778,195,175,114
779,192,171,113
791,195,162,114
791,198,166,112
794,194,153,114
794,192,159,117
792,203,137,106
792,193,154,117
795,188,155,119
799,193,158,116
798,194,158,114
794,195,150,111
796,196,142,109
806,193,140,114
816,194,129,115
831,196,117,111
823,198,129,108
833,194,118,116
829,194,123,119
820,199,132,110
803,198,149,108
802,194,150,113
802,195,149,114
801,194,151,117
792,190,160,117
781,192,174,119
776,191,166,113
778,198,147,114
786,192,142,118
784,190,142,121
786,191,142,121
784,189,153,121
794,195,153,121
791,191,152,122
794,191,150,122
792,185,152,121
780,192,166,121
778,189,169,119
791,194,155,116
803,193,149,120
802,188,150,118
793,192,157,120
787,192,165,117
780,194,171,117
794,196,156,116
792,196,152,119
788,198,156,115
799,197,144,124
789,196,142,121
780,192,135,127
772,194,125,130
799,194,151,124
803,194,149,126
788,190,148,128
778,192,132,133
780,193,120,127
791,196,99,129
807,196,103,129
805,189,75,130
804,192,80,130
806,190,78,130
808,191,70,135
815,192,80,133
851,194,79,124
859,196,74,123
861,197,95,125
864,195,90,128
808,190,101,131
811,187,96,131
817,185,93,136
826,180,81,139
852,182,78,137
850,178,73,139
849,177,71,141
845,177,81,139
850,173,93,137
854,175,101,138
858,173,98,136
844,174,110,135
860,170,100,140
843,169,108,136
840,176,112,131
821,173,129,137
804,178,124,130
803,178,122,131
812,178,108,131
840,175,112,128
821,184,110,119
822,178,95,124
819,180,80,124
836,177,66,127
854,175,60,131
849,175,55,132
866,180,65,124
854,179,69,126
849,176,69,135
838,178,83,134
839,176,74,130
832,179,80,132
834,177,79,131
836,178,73,132
847,172,73,138
841,178,67,133
854,181,57,131
895,172,51,138
850,175,56,140
890,178,54,134
899,169,59,143
872,171,83,146
835,183,75,136
836,178,68,138
853,183,74,133
834,181,76,138
844,180,91,140
832,181,98,138
824,179,113,139
813,174,131,144
801,181,129,140
802,179,98,138
824,175,116,145
812,172,131,148
793,179,146,141
795,177,151,140
797,181,151,142
797,177,156,147
788,181,164,141
801,181,144,144
792,179,157,141
783,176,166,141
780,178,162,142
770,173,182,149
745,183,199,142
739,183,192,137
742,173,206,142
735,190,210,134
729,186,220,140
719,191,217,132
759,173,197,150
756,178,197,139
729,180,217,137
731,179,214,142
730,184,218,137
722,183,227,141
722,181,226,144
727,181,216,139
727,177,215,144
721,180,223,144
715,179,230,146
715,181,238,145
689,185,252,139
720,179,229,144
713,184,218,139
727,174,224,147
720,178,227,150
692,181,248,139
667,183,282,140
665,180,277,150
692,169,253,158
658,192,278,136
680,184,260,144
700,184,244,148
685,188,256,143
698,181,252,150
698,172,250,158
687,182,258,149
668,179,278,146
666,185,283,141
630,198,324,123
661,172,288,151
652,195,305,136
617,201,322,123
627,195,329,126
674,193,280,135
677,185,278,138
653,202,303,124
658,189,293,138
636,202,322,125
615,200,335,126
607,202,345,131
612,199,330,125
609,191,342,138
601,190,351,137
642,199,308,131
674,188,273,134
671,191,280,136
663,191,295,138
626,200,332,126
615,205,338,127
641,203,309,116
647,199,307,129
628,200,322,130
626,208,320,122
627,202,326,123
636,205,315,121
624,198,324,130
636,207,306,124
634,206,312,129
631,205,308,116
648,188,307,135
645,184,307,141
649,196,304,131
628,195,327,130
631,191,325,138
621,200,331,126
610,200,343,127
623,189,332,140
607,194,339,134
593,205,357,121
596,198,354,120
590,208,361,121
596,198,360,131
584,205,369,121
573,203,385,125
565,205,394,125
560,200,390,123
556,207,392,121
562,198,392,132
550,206,402,124
569,194,388,135
620,196,331,134
628,198,320,132
625,188,329,138
592,202,358,132
588,200,364,130
577,197,383,131
580,199,372,131
586,202,365,127
577,197,366,132
576,199,374,133
581,201,363,129
587,197,354,136
591,196,357,136
591,199,353,134
576,186,366,145
581,191,360,142
568,197,369,129
587,186,358,143
584,187,366,145
572,193,374,136
581,212,357,123
577,190,373,139
570,205,370,130
563,189,384,145
575,202,370,131
587,191,368,141
597,191,356,138
598,188,357,141
601,187,351,138
602,196,346,135
618,193,322,139
628,193,309,143
614,196,321,138
617,187,309,155
607,195,322,144
615,175,330,164
604,184,336,155
610,184,336,158
609,180,341,159
608,185,335,151
607,190,335,143
606,185,337,146
608,189,323,146
602,200,341,139
596,197,352,135
596,194,349,142
587,188,360,147
589,204,349,137
583,200,369,139
599,193,338,154
598,201,325,143
590,198,300,141
626,202,327,138
615,195,330,145
626,200,327,144
587,198,354,144
583,208,357,133
596,195,357,142
609,187,341,151
595,189,360,156
601,189,348,150
606,193,344,146
604,196,320,149
604,199,321,144
604,203,345,139
591,198,362,145
562,193,375,151
567,193,364,145
559,189,381,153
559,196,387,148
555,200,385,142
540,191,405,151
547,205,396,142
553,204,374,136
551,201,398,136
550,198,400,132
571,200,377,135
529,197,406,136
545,196,402,141
537,194,394,137
549,199,386,136
532,195,412,140
534,200,411,132
535,189,417,151
517,191,430,144
509,198,440,141
516,194,419,138
521,200,430,143
535,197,416,138
528,194,425,138
531,196,412,146
530,197,414,144
522,195,432,135
518,191,435,147
522,209,411,125
529,201,418,133
522,199,426,142
511,185,438,147
527,199,416,144
513,200,441,144
508,196,441,136
502,199,451,141
514,205,440,142
503,193,455,143
520,196,434,149
508,198,449,145
520,187,428,147
515,201,430,143
521,198,425,133
512,199,438,142
505,195,446,138
523,201,413,143
537,200,419,151
515,189,429,148
516,201,427,149
509,193,446,140
515,207,440,147
514,200,433,137
525,201,416,144
533,202,416,143
533,198,410,149
535,192,414,148
534,201,410,140
523,201,421,145
516,196,438,147
508,195,443,146
521,211,416,137
525,197,419,149
513,187,434,161
528,206,404,146
546,194,402,153
545,201,398,146
534,199,421,147
549,202,397,147
547,201,400,146
545,198,406,146
532,201,410,139
535,203,420,151
541,202,408,142
539,200,418,148
526,198,429,147
525,201,422,150
540,197,415,151
528,199,425,150
537,192,415,163
549,200,393,149
556,200,381,147
563,198,387,154
557,193,385,156
565,194,373,151
552,194,393,155
552,198,394,146
543,199,408,153
537,193,409,153
551,204,394,148
548,195,404,150
549,201,402,153
558,192,385,153
565,199,387,158
563,202,388,147
572,197,376,148
564,200,385,152
558,202,389,145
552,197,394,142
547,201,404,148
548,198,398,148
548,199,396,156
539,198,401,149
534,198,411,148
530,195,427,160
542,196,404,152
541,195,406,152
541,197,411,153
538,198,412,155
549,195,394,148
532,191,416,156
523,191,432,156
524,193,422,153
524,198,432,150
525,193,425,149
518,190,438,161
529,198,418,158
533,195,419,159
545,202,397,154
544,195,413,154
546,194,410,154
548,191,404,160
553,193,396,155
547,195,407,153
547,192,404,152
529,194,421,153
530,195,426,152
525,196,429,156
518,194,427,153
515,190,424,159
526,199,414,153
521,197,423,157
531,194,408,153
533,198,412,154
525,191,419,160
525,195,418,149
530,198,407,151
524,189,423,157
523,197,406,154
519,194,404,153
511,197,409,152
496,193,438,157
493,188,437,165
502,197,420,157
492,195,441,155
493,198,433,157
490,196,419,155
488,200,442,158
485,194,447,151
478,195,464,153
478,198,443,149
481,200,467,146
480,199,457,150
475,191,472,152
475,192,470,158
473,197,474,153
478,200,461,152
485,200,460,156
493,192,427,160
499,196,403,158
504,192,388,160
514,188,377,163
533,192,354,158
543,195,346,157
545,193,344,160
545,195,362,158
543,193,369,156
551,197,369,152
557,202,361,152
552,203,379,151
556,201,356,152
556,205,354,155
545,203,361,157
541,201,353,158
528,203,360,152
520,194,366,157
518,196,357,156
570,193,374,161
534,195,413,155
524,191,388,161
535,194,337,155
539,196,328,160
624,192,319,158
657,198,297,162
669,195,249,163
669,193,232,169
668,201,204,157
665,200,222,164
670,199,211,166
667,199,224,165
667,201,204,160
731,196,220,164
737,195,219,168
673,203,233,165
667,204,268,158
662,207,298,155
657,212,302,157
659,212,299,152
653,214,304,160
660,209,300,156
662,215,293,156
651,208,306,159
640,214,314,158
636,213,318,154
636,213,313,156
643,214,268,155
661,208,280,164
662,209,251,161
664,212,270,157
664,218,290,153
653,213,301,156
628,214,325,158
610,214,342,157
598,207,353,166
593,213,354,159
571,211,363,159
573,211,355,156
591,207,344,168
600,206,339,166
608,205,332,158
600,205,335,161
588,207,332,156
653,202,288,163
662,205,271,159
670,196,265,164
681,196,266,166
680,195,264,165
680,194,264,162
678,197,274,163
690,188,252,168
680,189,254,162
673,183,278,166
672,183,282,166
658,181,287,165
649,184,291,158
632,187,314,161
617,191,321,159
606,190,338,163
603,198,338,160
596,204,343,160
577,203,362,162
576,211,346,162
568,206,343,165
555,212,362,159
558,213,355,166
552,213,367,160
542,218,374,158
550,209,392,165
539,206,403,163
535,213,413,163
539,210,411,155
529,219,431,157
499,210,452,162
505,218,454,166
505,220,443,156
481,224,481,159
461,237,500,153
452,241,511,151
456,225,506,174
468,239,489,152
457,247,492,148
452,244,504,145
440,247,520,146
434,238,518,145
419,237,539,146
467,234,484,147
479,221,471,157
492,217,458,154
483,211,466,156
489,209,446,150
489,216,444,156
482,206,462,150
470,216,478,156
460,210,487,146
458,217,499,159
466,213,488,156
465,220,491,151
445,213,501,152
447,221,500,148
433,230,507,150
425,232,517,154
429,251,500,150
362,258,503,139
369,256,497,153
399,260,481,147
409,257,534,145
412,263,519,140
419,246,515,156
437,257,497,146
478,243,458,146
537,250,408,156
488,259,450,149
478,260,467,148
450,269,494,147
444,274,502,140
452,271,498,156
438,281,515,145
437,271,511,150
439,279,502,148
438,274,517,154
434,282,516,147
394,265,551,157
374,275,578,152
346,289,590,150
357,279,584,156
348,289,603,143
336,298,617,137
355,289,598,145
344,261,607,161
338,280,612,160
344,290,612,144
334,271,621,157
327,280,620,159
323,279,622,153
315,274,629,153
291,264,655,156
307,254,631,160
357,253,595,145
392,246,567,137
370,258,588,138
338,249,616,151
326,254,631,152
348,266,612,146
365,281,597,140
364,276,591,155
352,285,599,143
372,285,582,145
360,296,597,137
358,274,602,165
354,288,595,146
364,270,580,165
363,266,558,170
373,288,566,141
360,279,593,146
377,278,569,148
381,275,551,140
366,276,569,151
374,277,575,142
377,286,569,146
369,297,582,137
354,294,590,145
344,291,597,149
339,291,605,147
325,281,622,154
335,283,597,145
323,260,613,165
322,271,627,143
307,265,633,152
335,270,609,139
324,265,630,140
337,277,601,143
336,291,601,128
356,292,586,137
378,299,562,134
383,305,555,137
413,301,533,143
396,291,544,145
414,287,536,147
422,277,519,146
440,281,494,140
442,277,503,146
445,285,497,138
457,280,479,141
459,283,479,142
449,290,484,134
435,292,509,142
411,301,534,146
389,302,548,138
342,314,596,138
299,299,635,152
289,312,620,148
277,303,655,147
274,294,643,148
269,295,612,141
267,293,628,138
272,255,671,173
276,273,677,154
275,273,675,145
241,277,688,139
215,279,701,137
222,285,690,142
219,295,656,133
211,292,609,131
266,298,589,134
256,301,552,135
235,295,546,135
263,298,582,135
254,294,571,143
244,298,564,142
249,301,558,137
257,308,520,132
229,294,549,140
209,304,542,134
232,292,565,143
193,293,588,145
177,297,592,139
195,297,542,130
168,297,558,134
163,301,528,133
169,298,510,135
183,299,485,132
186,294,477,134
198,293,468,129
202,291,460,135
172,289,497,134
147,292,523,134
144,291,507,136
122,292,523,134
131,293,521,136
122,298,514,134
97,295,549,137
64,304,567,130
29,303,601,128
74,301,621,135
14,299,655,136
11,304,617,135
16,293,598,145
77,302,618,131
71,299,568,134
128,301,560,132
115,301,528,131
72,290,534,133
60,302,545,133
29,292,575,132
73,301,614,124
55,300,621,133
51,293,621,135
65,300,608,132
70,292,605,133
74,299,621,132
78,296,617,138
81,293,602,143
83,302,556,129
82,301,532,131
84,307,515,125
86,305,518,128
86,305,500,130
82,304,501,127
83,310,516,131
84,302,499,135
93,297,485,136
100,305,497,129
107,291,480,135
104,299,481,127
104,301,469,127
108,293,439,131
111,298,456,131
109,299,484,127
113,299,465,129
106,301,470,134
105,296,484,132
103,302,496,126
96,303,497,126
95,305,491,126
92,300,479,130
95,307,435,120
91,305,436,125
92,304,429,126
99,304,409,130
94,299,403,136
92,301,412,131
95,307,416,124
92,305,418,123
84,307,428,123
90,305,414,124
91,310,402,125
89,307,402,123
85,308,407,126
84,307,409,129
87,300,385,133
87,304,382,127
91,302,398,134
92,306,408,124
91,297,406,134
95,301,388,129
99,302,366,129
104,304,353,124
96,301,372,122
100,304,352,126
115,305,331,121
112,305,323,116
111,303,322,120
93,299,329,122
81,303,324,119
73,299,327,119
66,301,316,124
58,299,315,126
41,304,323,123
33,310,322,121
40,310,302,122
37,314,297,126
31,318,296,121
20,318,303,122
13,312,311,124
23,312,289,121
22,311,293,121
15,313,291,116
22,301,279,127
21,293,281,126
26,289,289,124
45,285,280,123
47,283,286,117
52,284,281,120
53,284,273,119
51,286,280,121
54,289,270,113
61,290,273,115
69,294,280,115
78,294,281,115
86,293,251,117
80,293,249,110
65,298,259,113
52,302,268,116
33,313,295,113
17,311,320,127
6,322,328,124
2,327,313,123
-4,324,332,127
6,327,330,128
-1,325,320,127
7,322,283,129
4,326,285,124
7,334,272,118
2,337,269,118
5,336,247,119
0,338,246,116
11,335,241,126
0,340,242,123
9,341,216,122
2,344,222,120
4,341,217,128
4,340,199,121
7,325,205,137
7,321,210,141
6,321,223,130
8,318,212,130
4,322,222,124
2,315,239,131
7,308,242,135
5,308,235,129
6,308,232,133
7,310,250,132
8,314,235,126
2,318,227,121
1,318,232,126
-1,325,223,124
6,327,211,123
1,329,214,126
-1,330,204,121
6,329,203,128
8,335,181,119
0,330,201,123
7,331,199,120
8,322,218,134
10,328,206,123
6,328,223,122
9,328,221,122
20,329,187,117
19,331,194,115
18,329,197,118
18,328,202,119
20,328,184,121
24,331,184,112
21,329,186,114
23,327,185,112
28,327,189,114
28,329,205,112
36,321,184,127
34,319,206,131
36,317,197,133
35,322,197,123
33,322,190,122
36,324,175,119
37,323,163,117
39,327,156,108
46,329,138,104
46,324,149,108
47,324,144,108
52,324,149,105
58,323,133,104
57,324,130,107
60,324,139,116
61,326,131,107
55,331,135,104
56,334,144,98
55,330,137,101
53,328,138,103
56,328,158,108
46,329,157,98
53,328,171,99
46,323,152,97
56,317,150,109
33,323,161,84
55,331,138,78
59,332,131,75
59,324,130,83
56,342,136,66
53,349,136,55
53,348,140,59
55,348,136,57
54,355,135,48
47,353,142,52
49,355,139,51
52,356,135,53
49,358,135,49
47,358,136,50
44,357,143,56
42,357,145,53
45,357,139,53
46,356,139,55
47,355,135,58
47,355,134,57
49,353,136,58
48,356,136,55
51,353,132,59
47,350,139,62
49,350,136,59
45,353,139,57
50,353,138,58
50,352,137,58
53,353,136,56
54,355,135,56
54,355,136,54
51,356,135,53
50,356,135,53
55,355,129,52
47,354,137,53
46,355,134,53
42,357,133,51
40,356,131,51
38,356,132,51
38,355,131,52
39,357,117,50
36,359,116,47
40,358,113,49
38,358,129,50
36,358,122,50
39,357,132,51
42,356,132,52
42,355,128,54
40,355,129,54
40,356,133,50
38,357,132,49
37,358,136,49
39,358,131,51
37,358,132,50
39,357,122,52
41,358,135,49
41,358,135,50
46,359,127,51
41,359,136,50
42,362,130,49
41,360,130,53
42,357,122,55
41,359,111,53
39,358,100,55
50,361,109,52
40,362,115,48
33,359,126,53
28,360,118,50
26,359,128,51
17,361,134,49
15,359,127,51
10,356,126,55
7,356,132,53
6,357,130,50
2,355,132,54
5,353,119,56
3,355,121,48
0,357,117,41
-2,355,115,51
-1,356,115,49
-2,356,101,53
-1,356,102,51
0,357,102,46
-2,358,97,41
0,359,94,32
-3,358,92,33
-3,358,93,31
33,357,86,34
36,358,98,38
31,357,102,50
28,355,87,54
27,358,79,51
27,356,75,54
22,360,75,51
18,358,77,53
13,358,77,54
7,358,75,54
5,355,72,56
3,358,73,52
3,356,67,55
1,355,67,57
0,355,66,56
0,353,64,59
0,346,66,65
2,351,63,62
-1,354,64,58
3,350,60,62
3,349,61,63
2,355,61,58
1,353,61,58
0,347,65,64
0,353,67,56
0,352,67,59
2,355,65,57
1,355,67,56
2,357,66,56
2,354,67,59
1,356,64,55
3,358,65,56
1,357,65,57
3,358,67,56
1,352,74,62
1,356,70,58
2,358,70,55
3,356,72,58
3,359,70,52
3,358,71,56
2,357,70,57
4,355,74,58
5,357,68,57
2,354,74,60
3,357,72,57
4,358,73,54
2,354,73,59
3,357,72,56
5,358,73,55
4,358,71,55
3,359,73,54
4,360,72,52
4,360,71,52
4,357,75,56
3,358,74,56
3,361,78,53
1,362,76,52
3,360,73,52
3,359,73,55
3,361,73,52
4,361,73,53
2,355,77,59
3,359,75,56
4,359,74,56
2,358,78,59
4,362,80,50
1,362,77,52
3,358,75,57
2,360,80,55
3,360,74,56
2,362,75,54
3,359,76,55
4,362,73,53
3,358,72,56
2,360,76,54
1,352,75,61
0,356,73,57
0,354,70,58
1,352,69,60
0,352,68,59
0,358,66,54
0,352,64,61
0,347,64,66
0,354,58,60
0,350,58,63
0,353,58,59
0,357,57,56
-2,356,59,56
1,353,55,58
-1,353,58,60
0,351,55,60
0,349,57,63
-1,353,56,61
-1,351,57,60
-1,346,56,66
-2,351,57,61
0,348,55,65
0,342,57,70
-1,346,56,68
-2,352,57,62
0,351,54,64
-1,349,57,64
0,349,55,64
0,353,55,60
0,350,55,64
-2,351,54,62
-1,350,51,65
-1,353,50,58
0,351,45,59
0,348,45,63
-1,352,42,58
-3,353,42,58
-2,351,41,60
0,353,36,59
0,352,35,61
0,350,36,62
1,346,31,68
0,345,31,67
1,342,29,69
0,338,31,74
0,335,31,76
0,333,30,79
-2,349,28,68
-1,349,26,66
-2,345,26,68
-1,347,24,68
0,345,20,71
1,341,17,74
0,344,15,76
0,350,16,73
-1,339,16,77
-1,339,15,79
-1,340,14,77
-2,344,15,74
-1,348,22,69
-6,346,25,72
-12,350,28,67
-5,352,33,65
-12,354,47,63
-14,360,57,55
-16,365,65,46
-21,362,71,40
-23,365,79,45
-39,365,91,48
-41,365,95,46
-40,366,97,36
-41,364,99,33
-44,365,99,32
-49,366,104,28
-54,368,113,26
-49,365,108,28
-54,368,114,24
-59,366,117,27
-51,367,126,29
-58,366,140,30
-55,367,144,34
-53,365,145,42
-92,366,163,46
-78,364,178,52
-82,367,179,49
-91,363,187,51
-75,360,173,52
-57,366,153,44
-55,364,145,50
-64,364,156,50
-45,364,137,45
-43,361,132,51
-40,364,128,47
-40,362,127,50
-36,361,116,53
-38,360,122,54
-36,362,115,50
-35,362,114,49
-32,363,108,48
-31,361,107,50
-32,363,111,47
-31,362,109,45
-30,362,105,46
-33,361,112,48
-33,359,114,50
-32,361,109,49
-25,362,99,47
-20,361,85,51
-11,362,70,53
-11,360,66,49
-13,361,69,50
-1,365,58,43
-4,363,53,41
-2,363,48,41
2,362,40,44
2,364,37,33
4,363,31,28
1,363,32,29
3,363,29,29
2,361,29,27
1,362,24,24
1,363,23,26
0,362,21,26
0,364,19,26
1,363,18,26
0,363,16,24
0,362,15,24
0,363,14,21
0,366,12,20
0,365,10,20
1,367,7,21
1,367,4,19
2,367,3,17
2,369,3,17
2,371,3,16
2,369,3,17
1,369,4,16
0,368,6,18
1,368,5,20
0,367,6,21
2,366,9,23
0,366,13,23
0,364,17,22
0,364,18,22
0,364,20,23
-2,364,22,21
-1,365,22,22
0,365,20,19
1,365,21,21
0,365,18,19
0,366,18,21
0,365,18,20
0,365,18,22
0,365,19,21
0,365,18,22
0,363,18,23
1,364,16,21
1,364,15,21
0,364,16,22
1,364,16,23
0,364,18,23
1,364,16,23
1,364,15,24
2,364,13,23
1,364,13,23
0,364,11,23
0,359,11,26
3,359,8,26
4,364,5,24
1,365,6,23
0,365,5,23
1,366,4,22
1,366,6,22
2,367,6,21
3,367,6,22
1,366,6,23
2,368,4,22
3,366,4,22
0,366,6,23
0,366,7,21
2,368,6,21
3,368,4,20
0,367,4,20
0,369,6,19
1,367,7,21
2,367,6,21
3,368,4,21
0,368,5,22
2,366,4,22
2,367,4,22
3,367,5,21
0,364,8,22
0,366,11,23
-1,366,11,22
0,368,11,19
1,367,7,21
1,368,7,21
3,367,5,22
1,366,4,22
1,365,4,22
3,366,5,21
0,366,6,19
0,367,7,19
1,369,7,19
2,368,6,18
3,370,4,17
1,368,5,17
3,370,4,17
4,372,4,16
1,372,5,15
2,370,3,17
3,369,4,17
0,367,5,18
0,368,6,19
4,367,4,19
2,368,4,19
4,368,4,19
1,366,5,21
2,366,5,20
3,365,3,21
0,365,5,21
4,368,4,19
1,369,5,20
2,369,5,19
2,369,4,20
2,368,5,20
3,368,4,19
2,369,4,18
1,369,4,18
1,369,4,18
3,369,4,19
2,368,4,19
2,369,5,19
2,369,5,17
2,369,4,18
1,368,5,19
2,369,5,18
2,368,5,19
3,367,4,19
3,368,4,19
3,367,4,20
2,366,5,21
3,366,3,21
3,367,5,22
5,367,4,21
4,367,3,20
3,366,3,20
3,365,4,20
3,368,4,20
3,367,5,19
4,367,4,20
3,365,4,20
4,367,5,20
4,368,4,19
4,368,4,19
4,366,4,21
4,365,4,22
4,365,4,23
4,364,4,23
4,366,4,23
3,365,4,23
4,365,4,22
4,365,5,23
3,366,5,24
4,365,4,24
3,364,4,24
3,367,4,23
3,367,5,23
4,366,4,22
4,367,4,22
4,366,4,22
3,366,4,23
2,366,3,23
1,365,5,24
2,364,5,24
1,366,5,23
2,365,5,23
1,365,5,24
1,364,5,25
1,362,4,25
0,364,6,24
1,364,5,23
1,363,5,24
0,362,5,24
0,363,5,24
0,364,6,23
0,364,4,24
1,363,5,24
2,362,5,25
0,363,5,25
0,363,5,24
1,365,5,23
0,365,4,23
1,365,5,24
1,364,5,23
0,365,5,23
0,365,5,23
0,365,5,22
2,365,4,23
0,364,5,22
0,365,5,23
0,365,5,23
0,364,4,25
1,364,4,24
1,366,5,22
0,368,6,20
0,369,6,19
1,371,5,17
1,370,6,18
1,369,7,17
2,368,10,18
0,371,13,16
0,371,12,14
0,371,10,15
0,370,10,18
1,371,12,20
0,367,11,21
2,362,11,22
4,365,10,21
3,367,10,21
1,363,9,23
7,363,10,21
3,364,12,20
3,363,16,21
0,365,21,19
2,364,20,19
0,365,19,18
1,363,16,21
1,364,14,19
0,364,15,19
0,365,14,20
0,364,13,20
0,364,12,20
0,364,12,19
0,364,11,19
0,364,10,19
0,365,10,18
2,365,8,20
2,364,8,20
1,364,9,20
1,362,10,20
1,362,9,20
1,362,8,20
1,362,7,19
1,361,6,21
4,360,6,21
4,361,5,20
5,361,4,20
2,361,4,20
2,361,4,19
1,360,4,21
2,361,6,20
2,353,9,19
2,355,8,17
2,356,9,17
1,356,12,17
0,357,11,17
5,359,14,19
4,360,16,20
2,361,20,19
0,359,20,20
1,359,15,21
0,358,14,21
0,358,11,20
1,361,9,19
4,351,9,20
4,348,9,22
2,360,12,19
1,361,15,16
0,362,15,15
0,365,13,13
2,362,13,16
3,361,9,17
2,362,7,17
0,362,6,16
0,362,7,15
1,351,6,13
2,351,5,12
3,351,5,11
1,348,4,10
4,351,6,9
3,353,8,9
1,349,9,11
0,349,9,11
0,350,7,10
0,349,7,10
0,349,7,9
0,350,5,10
1,350,5,9
0,357,5,10
2,358,6,11
1,364,7,12
0,364,8,10
0,367,9,10
1,372,10,8
0,378,13,9
1,377,13,10
0,376,11,12
1,377,9,10
-1,377,8,11
-1,377,9,11
0,364,8,12
2,358,11,14
0,350,11,17
0,352,11,19
0,357,10,18
1,356,9,18
0,357,9,17
0,356,8,17
1,357,6,18
0,356,7,18
0,358,6,19
0,356,4,19
0,358,4,18
0,358,4,17
3,356,3,17
3,358,4,17
4,359,3,16
4,360,3,15
3,360,3,14
3,359,3,15
2,359,3,15
2,359,3,16
2,359,3,16
2,360,3,15
2,360,3,15
1,362,3,14
0,360,4,14
1,358,5,14
0,358,7,13
0,357,8,14
0,357,9,14
1,357,9,14
2,357,11,14
2,359,13,15
2,355,16,18
2,353,15,17
2,355,13,18
2,357,15,18
3,355,14,20
2,355,14,20
3,356,14,19
3,360,15,20
2,355,15,21
1,353,15,20
2,356,16,20
2,354,15,20
0,354,18,22
2,354,16,19
2,353,15,21
1,354,16,20
2,355,15,18
2,355,14,17
3,355,15,19
1,354,16,20
3,355,14,24
2,355,15,20
2,355,14,19
3,355,14,16
3,357,14,17
1,355,15,19
1,356,16,20
2,359,16,22
3,356,14,24
1,355,15,28
2,354,15,27
3,355,15,25
1,355,15,24
3,354,14,24
2,354,15,23
2,355,16,22
2,355,15,20
2,356,15,19
3,356,14,18
2,358,14,18
3,356,13,19
1,356,15,20
2,357,15,18
2,355,14,20
1,358,14,22
2,358,14,21
2,357,14,20
1,359,16,19
3,358,14,18
2,357,14,18
0,358,14,17
1,358,13,16
0,359,13,16
1,359,12,15
2,359,12,14
0,358,11,14
0,360,13,15
0,359,11,14
0,359,10,15
0,361,9,15
0,361,8,15
0,361,7,16
0,360,7,17
1,361,6,16
0,362,6,18
0,362,6,16
0,362,6,16
0,362,6,17
0,363,5,17
0,364,5,17
0,365,5,16
0,366,4,15
1,363,5,16
1,364,7,17
2,363,8,17
2,364,8,17
1,366,8,16
1,367,7,14
1,368,7,14
0,369,7,13
0,368,6,11
0,369,7,9
1,370,8,8
1,371,9,7
0,371,8,8
0,368,8,9
0,370,8,8
1,369,7,8
0,369,8,10
1,368,8,10
1,369,8,10
1,368,10,9
0,369,9,8
0,370,10,8
1,371,10,7
1,370,10,7
0,371,8,6
0,370,9,6
0,371,8,6
1,370,8,7
1,368,7,7
0,369,7,7
0,370,7,7
0,370,6,5
2,371,7,5
1,371,7,5
1,371,7,6
2,371,6,6
1,371,6,5
0,370,5,5
0,369,4,5
0,371,4,4
0,369,3,5
0,370,3,5
0,369,3,4
1,369,3,5
1,370,3,5
0,366,2,6
1,366,2,6
1,365,2,6
0,365,2,5
0,366,2,5
0,366,1,5
0,368,1,5
0,367,1,5
0,367,1,5
0,367,1,4
2,366,2,5
2,366,2,4
2,365,2,4
2,363,2,5
2,366,2,4
0,366,2,4
1,365,2,3
0,364,3,3
0,363,3,4
1,363,3,3
0,363,3,3
0,364,3,3
0,364,3,3
0,365,3,3
0,363,4,3
0,363,4,2
0,364,4,2
0,366,4,2
-1,367,4,2
0,367,4,2
0,368,4,2
0,368,3,1
0,368,3,2
0,368,3,1
0,369,3,1
-1,368,3,1
-1,368,3,1
0,367,3,1
0,367,2,1
0,367,2,1
0,367,2,1
0,368,2,0
0,368,2,0
0,368,2,0
0,368,2,0
0,368,2,0
0,368,2,0
0,368,2,0
0,368,2,0
0,368,2,0
0,367,2,1
0,368,2,0
0,368,2,0
-1,368,2,0
0,368,2,0
0,368,2,0
0,368,2,0
0,368,2,0
0,367,2,0
0,368,2,0
0,367,2,1
0,367,2,1
0,367,2,1
0,367,2,1
0,367,2,1
0,368,2,1
0,368,2,1
0,367,2,1
0,367,3,1
0,367,3,1
-1,368,4,0
-1,368,4,0
-1,367,4,1
