512,491,87,81
515,484,84,80
517,483,84,82
521,480,86,84
524,478,87,84
530,481,84,78
537,477,81,79
543,477,80,79
550,477,76,78
553,476,73,76
552,477,81,75
556,477,84,75
560,473,88,78
567,470,84,79
570,471,79,77
571,470,82,77
577,469,77,77
578,471,76,78
582,469,75,77
578,467,83,80
584,467,80,79
586,467,80,77
594,467,71,75
603,469,64,76
605,467,64,76
607,470,65,73
607,468,70,74
609,467,73,76
612,466,72,74
614,467,71,74
614,464,74,74
617,462,74,79
611,462,82,77
615,461,81,79
622,463,77,78
631,459,68,82
633,459,68,82
635,460,69,81
647,460,58,74
650,459,56,77
652,459,56,78
653,459,58,78
652,456,59,76
653,455,61,77
652,452,64,79
650,452,69,71
654,451,70,69
649,449,79,72
653,449,77,67
658,449,74,70
657,447,79,69
659,447,82,67
667,445,79,68
668,447,80,66
673,447,79,68
677,447,78,66
677,445,83,65
679,445,81,65
679,445,84,65
679,442,88,64
682,443,89,63
686,442,87,68
686,443,89,66
683,444,96,64
682,442,101,67
689,442,95,65
688,441,99,67
688,441,100,65
686,441,105,67
690,438,101,69
693,438,102,67
701,439,95,69
710,437,85,68
717,435,78,68
718,437,80,70
719,434,84,71
721,435,84,71
722,434,83,71
721,434,83,68
721,432,87,73
723,432,88,71
725,431,87,72
726,432,88,69
723,431,94,68
719,430,100,75
723,429,99,73
722,430,104,76
725,429,101,71
729,431,100,71
733,428,97,74
733,431,99,70
743,429,88,72
749,428,83,70
753,428,83,68
755,428,81,72
758,427,80,70
757,429,82,68
762,428,77,71
759,427,81,69
760,429,84,69
757,427,86,69
759,427,88,68
758,427,95,71
751,428,103,66
747,424,109,70
749,425,105,68
748,426,106,66
747,424,107,68
754,426,101,69
755,426,103,68
756,426,99,65
753,428,103,65
757,426,99,65
756,427,101,67
760,427,99,65
758,428,102,65
761,426,100,67
758,428,101,66
757,427,105,66
758,427,104,67
757,427,105,66
756,427,106,64
756,429,104,65
756,427,107,65
757,430,105,65
759,426,100,66
760,427,100,66
757,428,104,64
760,428,100,65
761,427,99,66
759,428,100,65
759,429,100,64
762,428,97,65
759,428,101,65
756,428,105,66
760,427,101,67
757,428,104,67
755,427,108,64
752,429,108,65
749,428,113,67
757,428,105,66
761,428,99,66
760,428,99,66
761,426,98,66
763,429,96,66
762,427,96,64
761,428,98,67
755,427,106,65
756,427,104,65
752,429,108,64
747,428,113,65
754,428,105,65
755,427,106,68
755,427,105,65
753,430,107,63
757,427,102,65
762,429,98,66
762,426,97,66
765,430,94,65
762,427,96,66
760,429,99,66
756,429,104,64
754,430,107,63
751,429,110,64
752,427,108,66
745,428,115,65
744,428,113,66
752,429,109,64
755,430,103,65
759,430,101,64
765,428,94,67
764,429,94,63
764,430,95,62
766,430,95,63
765,431,96,61
766,431,95,61
764,430,98,63
765,431,98,62
766,428,99,64
764,431,102,62
767,430,103,62
765,430,108,62
768,431,104,63
777,431,94,62
770,432,101,61
768,429,103,64
773,430,101,64
778,430,94,63
779,431,94,63
784,430,88,63
785,432,86,62
791,430,80,62
791,432,82,62
793,431,80,61
796,432,79,59
796,432,76,62
791,432,83,64
788,429,88,63
790,432,86,64
791,432,85,60
792,433,84,64
797,432,78,63
816,432,64,66
820,430,54,65
822,432,53,65
824,431,51,65
825,431,49,66
829,430,48,69
829,430,47,66
829,429,46,66
827,430,50,67
824,430,52,68
827,429,49,68
827,428,50,67
829,431,48,67
830,431,45,68
831,430,47,68
831,430,45,69
833,432,46,68
832,429,45,70
832,431,47,69
831,430,47,68
829,430,51,67
830,429,49,67
831,431,49,68
831,429,50,66
827,432,52,66
832,432,48,68
834,430,45,68
834,429,46,68
833,431,47,68
834,431,47,67
835,430,46,69
834,430,47,67
832,431,48,68
828,430,52,68
830,429,51,68
829,433,54,69
825,430,56,68
830,432,52,68
830,431,50,68
833,431,47,66
834,430,46,68
832,430,49,67
833,433,48,67
833,431,47,68
833,432,49,66
832,433,48,66
827,431,54,67
830,431,50,66
826,430,54,69
829,434,53,64
830,432,49,65
832,431,48,67
834,433,46,67
834,432,47,67
833,431,46,67
835,432,47,67
833,433,48,65
832,431,48,67
830,432,51,66
827,430,54,68
827,432,54,68
825,433,55,65
828,431,51,66
827,431,53,68
829,431,50,68
830,431,49,67
831,432,50,67
832,433,48,67
833,431,46,68
834,432,45,69
831,433,49,67
830,432,51,67
831,432,49,69
831,432,48,68
830,432,50,67
831,431,48,67
830,432,49,67
830,433,50,66
828,432,53,67
830,433,51,67
830,433,50,68
831,433,50,67
830,432,50,67
831,432,48,68
829,432,50,66
830,433,50,68
831,434,49,67
831,432,48,68
831,433,49,66
830,433,50,66
831,433,49,67
830,433,50,66
832,432,48,68
830,433,49,68
830,433,50,65
831,434,48,67
830,433,49,67
829,433,49,65
831,434,48,65
831,433,48,65
830,435,48,63
831,433,48,65
830,434,51,67
830,433,48,65
830,432,50,67
830,434,51,65
829,434,52,65
831,434,50,69
829,434,50,65
829,435,51,63
830,434,51,66
830,434,50,66
828,434,52,63
827,435,52,64
829,433,51,65
829,436,51,63
829,435,50,63
831,435,50,64
829,434,51,68
829,435,51,66
829,433,50,65
830,434,52,64
831,434,49,65
830,433,50,67
831,433,49,69
831,432,52,71
830,431,51,65
829,434,52,64
830,434,51,66
830,432,50,67
830,434,52,64
831,435,53,65
830,433,51,67
830,433,52,64
831,434,50,66
832,433,50,64
832,433,52,64
832,434,51,67
833,434,52,66
832,434,51,67
834,435,52,68
832,435,57,65
833,434,61,66
831,434,64,69
830,433,66,68
829,434,72,65
829,435,70,67
831,433,69,70
834,432,68,70
833,435,68,67
834,434,67,68
833,434,69,69
835,435,67,68
833,434,70,67
833,436,70,64
831,433,71,67
833,434,70,66
829,435,75,66
830,434,73,71
831,432,72,73
828,432,74,71
833,433,70,71
831,433,74,68
829,434,75,66
830,433,73,67
831,432,75,71
827,433,76,70
832,434,71,69
829,434,76,67
830,432,74,70
830,432,73,70
830,433,72,70
833,433,70,67
832,434,70,67
831,434,73,68
829,433,73,69
834,434,69,70
834,433,69,72
831,433,72,68
832,434,70,68
831,432,71,68
831,433,71,67
832,434,70,69
830,433,71,69
831,434,71,68
833,432,70,68
831,434,71,67
833,434,68,67
834,434,69,67
831,435,71,67
829,433,73,67
832,435,69,68
834,436,67,65
831,435,71,66
833,435,68,66
832,434,70,67
833,435,69,66
831,434,71,66
831,434,72,67
831,433,71,67
832,434,69,64
832,435,71,65
835,433,69,68
832,435,70,68
833,434,68,68
833,435,70,67
829,435,72,66
832,434,70,65
832,433,69,66
832,435,71,66
833,435,66,66
833,436,68,66
832,435,68,65
833,435,69,65
832,434,70,65
832,436,69,66
832,435,69,66
830,433,71,68
832,434,69,65
832,435,70,66
833,434,67,66
834,434,66,68
831,434,69,66
833,434,67,66
834,435,68,66
833,435,69,67
832,434,68,65
832,433,70,66
833,434,69,69
829,434,72,66
831,433,70,66
833,434,67,66
832,435,67,67
831,433,68,73
830,433,71,66
832,435,69,66
833,434,67,67
830,436,71,67
834,433,69,66
831,434,69,67
832,434,69,67
833,434,68,65
831,435,70,66
833,434,67,67
831,433,71,68
832,434,68,68
834,433,66,67
833,436,69,65
831,432,68,66
835,434,65,66
833,435,69,67
831,434,69,66
834,435,66,65
832,435,69,65
833,434,69,67
833,436,67,68
835,435,65,67
832,435,69,65
830,434,71,66
832,434,68,65
833,435,67,66
834,434,66,67
834,435,65,67
835,434,65,65
832,434,68,66
832,433,67,66
834,434,67,67
833,435,68,65
834,434,67,69
832,434,68,66
833,434,68,64
835,435,64,66
833,433,67,66
833,434,69,66
833,436,68,65
831,435,70,65
831,435,69,66
831,435,68,65
834,435,68,66
833,433,68,68
835,434,65,70
834,434,68,67
833,437,67,65
834,435,66,65
835,435,65,67
836,434,65,67
832,435,69,66
833,436,70,64
834,435,69,65
832,434,70,66
833,434,70,67
833,436,69,64
833,435,69,66
833,434,70,65
831,435,71,67
833,435,70,65
831,435,73,65
834,434,68,65
834,436,68,66
832,434,70,67
836,434,67,67
833,435,69,66
831,435,71,65
835,435,67,66
834,435,70,65
834,434,70,66
834,434,70,67
834,435,70,65
833,436,70,64
831,435,71,65
831,436,71,64
831,436,71,64
831,435,70,65
833,434,69,68
833,435,69,67
832,434,69,65
835,435,67,66
831,435,71,65
834,434,69,65
836,434,66,67
833,434,68,67
831,435,70,67
832,434,72,65
832,436,71,66
835,435,67,68
833,434,70,66
834,435,69,67
834,436,68,65
832,434,70,65
832,435,72,64
834,435,69,64
833,434,70,66
832,435,71,65
833,435,69,65
833,434,68,67
834,435,68,65
834,436,68,66
832,435,69,66
834,435,71,66
832,434,69,66
832,435,70,65
832,435,71,64
834,435,69,67
835,434,67,67
834,435,67,66
832,433,70,67
835,435,68,67
833,435,70,65
835,435,67,65
833,436,69,64
833,435,69,66
833,434,68,68
832,436,70,65
832,435,71,65
832,436,70,63
834,434,68,66
835,435,67,66
834,433,69,66
831,434,71,66
833,436,69,64
833,435,70,68
834,435,68,67
832,434,70,64
835,434,68,67
834,435,69,65
832,435,70,64
833,435,68,67
833,434,70,68
834,435,69,66
835,433,68,67
833,434,69,66
833,434,70,66
832,434,70,66
832,435,69,65
834,434,69,65
835,434,68,67
834,434,69,68
835,435,67,65
834,436,69,66
833,436,69,65
833,433,70,68
831,435,70,68
837,434,67,67
833,435,70,66
834,434,69,66
836,434,67,67
835,434,67,69
836,436,68,66
834,436,69,64
835,434,68,66
834,435,70,66
833,436,70,64
833,436,70,63
834,434,73,65
833,435,72,70
833,435,74,67
835,436,71,64
834,435,70,68
833,434,70,64
834,435,68,67
834,434,65,66
832,435,66,66
832,433,64,66
831,434,64,66
833,434,59,67
835,435,56,65
833,433,56,66
835,434,52,65
833,434,54,65
836,434,49,66
835,433,50,65
833,436,50,65
832,434,50,63
833,437,51,63
834,436,50,62
831,435,51,63
833,436,49,63
833,436,49,63
835,435,46,63
836,437,46,65
834,437,47,62
833,435,48,62
834,438,48,61
832,436,50,62
832,436,48,63
834,436,47,63
835,436,45,63
835,435,46,63
833,436,48,61
832,437,48,62
833,435,47,62
833,437,46,63
834,437,47,63
834,436,47,63
833,436,48,62
835,436,46,63
834,435,47,65
834,435,45,63
833,437,48,62
834,435,46,64
833,437,47,62
834,436,45,62
833,437,47,63
835,436,47,65
834,436,46,61
834,436,46,63
834,436,46,63
832,435,48,63
833,436,48,63
834,437,46,64
834,437,47,62
835,435,46,63
833,436,47,62
832,436,50,63
832,437,48,63
833,437,49,62
832,435,48,63
831,436,48,62
833,435,48,62
835,437,46,62
835,438,46,62
835,437,47,64
834,436,45,65
834,438,47,63
836,437,46,61
836,436,45,63
835,436,45,61
834,437,48,63
834,437,46,61
834,438,47,62
835,437,46,60
834,436,47,62
834,437,47,62
834,438,49,61
836,438,47,61
836,437,47,62
835,437,48,63
836,435,48,62
833,436,50,63
833,436,52,63
833,436,55,63
832,434,56,64
831,436,60,62
831,436,63,63
830,438,67,62
830,436,70,62
828,436,75,65
828,437,84,63
829,439,88,60
827,438,96,61
827,438,100,60
824,440,108,59
826,438,107,58
823,438,112,60
826,437,112,62
825,437,112,61
824,439,114,61
825,437,116,61
830,435,111,64
827,435,116,60
828,434,117,60
824,434,121,62
821,434,129,59
829,431,120,63
835,433,112,62
839,433,108,60
841,433,106,59
843,431,102,62
851,430,92,59
850,431,94,59
848,431,98,60
854,430,92,58
855,427,89,62
860,430,84,60
864,431,79,56
873,431,68,57
881,429,59,57
886,430,53,55
889,428,50,54
890,430,48,55
891,428,47,53
891,428,46,54
894,428,45,53
894,427,46,54
894,427,44,53
898,426,41,54
899,425,40,54
899,425,41,54
900,425,42,54
900,423,42,55
900,423,42,55
904,422,39,55
907,421,34,56
909,420,33,57
911,419,33,56
909,418,32,56
912,419,30,56
913,418,30,57
912,417,30,57
912,414,30,59
915,413,29,58
915,413,30,59
915,413,30,57
917,414,29,56
919,417,28,52
917,414,29,54
920,414,28,54
920,412,27,54
920,413,29,53
919,414,28,51
919,415,29,50
920,413,29,50
922,411,28,52
924,411,29,53
925,412,28,50
926,411,27,49
927,411,29,50
928,411,30,50
927,408,30,52
929,408,28,51
931,408,29,50
931,409,28,47
931,408,29,48
933,406,28,50
933,405,28,51
936,405,26,49
937,405,27,48
938,406,25,49
939,404,26,49
939,404,24,50
939,402,25,49
938,403,25,47
938,403,24,48
940,402,24,47
939,401,26,47
939,398,29,50
940,397,23,49
941,399,24,47
941,399,22,46
940,397,26,47
942,399,28,45
941,398,26,45
941,399,24,43
941,397,25,43
942,399,20,41
940,400,21,43
940,398,21,43
941,398,22,42
940,397,22,41
940,398,22,41
940,398,20,40
939,396,21,41
939,394,22,43
936,394,24,43
935,394,24,41
935,395,23,40
932,393,26,40
931,393,27,41
931,392,27,43
930,391,27,40
929,392,28,39
927,391,29,41
928,390,29,41
926,388,31,39
925,389,31,39
923,389,30,38
923,388,30,38
921,387,29,38
921,386,29,40
922,386,28,39
921,386,27,38
920,385,28,36
921,384,27,37
920,384,29,36
920,384,27,37
919,384,29,36
920,384,25,36
921,384,23,36
922,381,22,38
921,382,22,36
923,381,21,35
921,381,21,35
922,381,20,35
921,378,21,35
922,379,22,33
923,380,21,34
921,379,20,33
921,377,20,34
922,376,19,35
921,378,21,34
919,377,22,32
921,377,22,32
920,377,22,34
919,375,23,34
919,375,24,32
918,375,22,32
919,374,21,31
918,374,19,32
917,373,18,33
917,373,20,33
917,373,18,30
918,372,17,31
917,371,17,32
917,371,17,32
917,370,18,31
916,370,17,30
914,371,18,30
914,370,16,30
915,370,17,30
914,368,17,30
916,369,17,29
914,369,17,29
915,367,17,30
917,368,17,30
915,365,18,30
916,366,18,30
915,367,17,30
916,366,17,29
917,366,17,29
919,366,18,29
919,366,19,27
920,365,19,27
921,364,18,28
921,364,18,29
921,365,20,28
922,364,22,27
924,363,19,27
925,363,19,27
925,363,18,28
926,362,19,28
926,361,19,28
928,361,20,29
928,361,20,28
930,360,20,28
930,361,19,29
930,360,19,27
932,361,19,27
933,360,19,27
933,360,18,27
936,359,18,27
936,360,19,27
