432,97,168,248
431,105,160,226
422,119,172,206
423,114,162,210
424,120,160,199
421,115,159,203
414,118,169,196
418,114,160,205
411,120,172,188
416,116,163,202
415,114,167,205
408,119,178,198
405,111,176,204
400,110,183,204
408,114,168,200
406,113,171,205
402,118,169,197
394,118,154,189
393,124,149,189
390,119,140,192
390,115,134,195
388,114,132,202
383,113,136,203
382,120,131,198
382,124,130,199
378,125,132,199
357,131,150,191
336,135,163,197
371,121,123,208
348,118,140,221
360,118,129,215
367,119,117,214
340,129,135,205
347,126,130,207
351,122,125,218
359,125,119,214
356,126,128,208
352,123,140,215
332,124,110,217
338,121,113,232
334,121,127,244
338,119,102,229
340,120,94,239
340,124,91,234
342,117,92,248
344,122,89,241
344,116,88,244
343,118,90,239
342,120,92,236
349,117,93,242
344,121,92,219
339,123,96,184
353,128,117,199
337,130,110,174
345,130,115,181
337,127,99,189
353,131,105,192
341,122,89,184
342,127,110,207
333,124,99,181
335,129,101,177
336,132,94,169
333,132,91,161
334,134,93,166
333,130,98,169
334,131,96,162
333,136,96,160
333,129,96,171
332,137,98,164
334,144,102,154
333,145,102,161
342,159,92,147
342,172,92,132
337,180,100,123
338,182,97,114
338,189,95,106
337,192,93,98
335,193,96,98
338,194,94,98
334,196,95,91
336,197,94,93
335,196,95,101
334,195,94,96
334,195,93,96
336,196,95,98
337,195,90,99
335,196,94,97
334,195,93,92
339,196,90,89
339,198,90,90
333,198,93,90
337,195,93,98
337,196,92,95
341,196,88,96
333,195,100,109
337,193,93,103
340,195,89,94
339,196,90,90
340,193,90,99
337,193,94,112
336,194,98,115
332,194,103,110
325,193,107,110
327,192,104,110
334,192,100,109
335,192,98,106
334,191,98,104
338,191,96,103
337,191,98,108
335,193,99,101
335,191,104,108
337,191,104,110
334,190,114,106
337,192,112,101
344,189,109,117
339,190,117,112
338,194,125,103
335,196,134,95
337,197,130,99
336,196,131,99
337,195,121,104
339,194,98,101
338,195,96,99
337,193,96,105
339,195,96,96
340,196,91,91
338,195,93,99
338,195,94,99
337,196,93,87
336,195,100,100
337,195,95,93
337,196,93,87
337,196,96,94
338,196,91,87
337,196,90,88
338,195,93,96
337,194,90,94
339,197,94,94
336,195,93,86
335,196,96,97
335,195,95,87
336,197,96,92
337,197,92,89
339,197,92,88
338,195,92,98
337,197,94,84
339,197,91,90
340,197,93,90
339,196,93,104
340,196,93,110
341,195,94,110
341,196,97,104
341,197,117,102
340,195,119,111
340,193,115,118
342,190,109,124
337,191,113,132
339,193,108,116
339,194,107,116
345,192,95,106
338,197,101,95
340,198,96,91
340,200,93,91
341,201,90,86
339,200,93,92
335,199,96,91
342,198,92,90
339,197,92,95
340,198,90,94
339,199,91,97
344,198,86,91
