798,207,78,95
797,206,77,95
801,207,66,96
796,206,70,97
790,201,75,98
765,197,74,100
738,194,83,104
709,199,90,103
691,203,78,100
687,204,83,100
691,204,76,99
689,204,75,99
692,206,71,97
687,203,80,98
684,205,87,99
686,204,88,98
690,203,84,99
690,206,84,95
690,207,86,94
691,204,82,97
689,206,83,96
690,203,79,97
691,202,78,102
690,201,82,102
688,200,87,102
691,200,80,104
692,200,75,105
695,200,71,104
694,202,73,100
695,202,71,103
696,201,70,102
697,201,70,100
696,202,67,101
696,198,63,106
697,197,64,106
691,196,75,107
689,199,80,101
689,199,85,102
685,199,88,102
681,201,88,99
685,197,91,103
681,200,89,99
683,198,86,101
676,199,103,98
678,200,92,101
675,200,83,100
676,197,91,104
670,197,90,106
664,196,100,106
661,195,94,112
662,196,71,109
665,194,54,118
672,196,71,109
661,195,64,105
650,195,70,107
638,191,71,123
632,194,77,113
634,192,63,116
636,191,69,114
631,190,76,120
627,186,76,115
623,187,71,119
621,185,66,129
618,186,67,122
613,186,66,125
603,188,80,125
590,190,86,123
586,190,86,120
585,191,88,121
582,193,81,121
573,191,85,121
564,191,83,128
546,190,87,130
551,189,83,129
543,190,81,130
547,188,76,133
549,188,83,128
571,202,86,126
599,216,78,118
636,187,63,109
637,197,50,126
639,188,48,143
640,191,47,139
640,184,47,146
642,179,46,154
642,179,45,155
643,180,45,152
642,180,45,153
642,179,43,153
642,177,47,159
643,177,48,154
641,179,51,152
641,179,47,156
644,179,45,152
640,181,47,150
640,179,48,158
642,176,45,158
643,176,45,161
642,180,48,155
641,182,46,148
639,186,43,144
639,184,45,151
639,193,43,136
637,194,46,130
637,195,46,130
638,193,47,136
638,191,46,140
636,186,49,142
635,190,45,142
634,192,47,140
634,200,47,132
634,192,49,138
634,187,43,141
637,184,43,149
636,194,47,136
635,193,50,134
633,204,58,127
635,196,52,137
637,194,47,138
637,185,43,144
635,189,45,143
633,189,53,137
632,182,53,147
632,177,51,149
631,176,50,153
632,176,55,154
632,180,52,143
628,177,60,151
633,183,53,142
634,179,49,147
634,177,42,148
633,174,45,153
632,176,43,149
633,176,43,154
631,176,46,159
629,176,52,158
632,174,47,154
631,177,45,155
630,175,47,162
633,176,46,153
630,179,44,158
633,179,43,154
631,181,48,157
629,181,53,149
631,179,52,141
630,182,55,152
633,183,52,146
632,184,51,148
633,183,45,150
631,189,49,142
631,190,54,142
630,184,47,147
631,183,48,150
636,180,46,160
632,186,51,150
630,183,51,151
632,181,49,155
635,183,45,155
631,194,55,141
630,185,47,153
632,189,47,146
631,184,50,148
634,180,48,159
633,181,46,154
629,182,53,158
654,173,72,166
658,188,79,153
694,191,64,139
769,185,72,134
796,190,66,111
824,170,59,117
825,181,48,111
826,191,46,105
825,199,45,99
826,188,51,104
825,197,50,98
825,187,54,105
823,197,50,96
822,185,55,110
833,203,56,92
852,208,51,93
891,223,58,80
920,221,43,81
828,218,56,84
847,199,63,90
860,197,66,94
885,217,56,86
910,213,45,82
912,231,47,81
882,244,39,67
861,225,47,71
833,224,41,75
827,223,40,71
820,220,41,69
829,220,37,68
830,218,38,73
823,219,37,69
830,213,32,75
822,221,33,84
829,219,32,90
829,216,36,94
831,220,37,94
820,201,40,93
830,191,39,97
833,215,43,95
825,215,39,102
829,186,38,114
830,215,38,103
833,197,40,104
829,186,34,109
830,217,42,100
829,192,41,98
829,217,58,90
826,216,44,103
827,191,42,108
829,217,54,104
829,210,66,106
822,215,68,107
823,198,76,98
823,212,87,86
816,218,94,86
824,224,88,93
820,215,81,85
824,216,79,75
850,218,87,73
874,219,83,79
891,221,81,95
831,252,93,99
766,208,111,97
797,231,130,79
812,227,137,86
791,200,164,108
809,174,152,125
697,230,153,101
726,233,151,127
717,239,163,115
721,240,136,116
709,253,140,95
714,257,133,96
716,253,113,101
718,256,89,91
720,260,82,90
715,259,91,89
720,259,79,84
717,260,80,83
718,256,79,89
723,257,72,88
720,257,74,84
721,257,76,85
723,258,71,83
723,255,72,86
720,259,75,82
722,256,76,86
720,259,78,85
721,256,75,87
722,258,75,85
722,258,77,86
719,257,83,87
723,259,76,85
721,254,76,90
720,258,82,85
716,257,88,90
724,257,76,92
722,256,77,90
720,256,78,87
721,257,78,85
719,257,77,85
723,257,70,85
722,258,73,86
723,256,71,87
719,257,74,85
724,257,66,85
727,257,61,88
722,258,71,85
722,255,72,87
720,259,75,84
721,255,75,87
719,258,78,83
723,259,71,82
721,259,77,83
723,260,75,82
721,258,75,83
719,259,78,82
725,258,69,85
724,259,68,83
725,257,70,83
725,258,67,82
724,258,68,83
722,256,76,86
724,258,72,84
727,259,67,84
727,258,66,84
725,257,73,84
724,260,73,82
723,259,74,83
723,259,75,82
725,259,70,83
725,258,73,89
724,259,74,85
724,259,74,85
728,260,63,83
724,259,68,87
727,259,65,84
725,257,68,86
725,258,65,84
726,256,65,90
725,257,67,86
724,256,66,84
726,255,65,91
727,253,62,87
728,252,60,90
726,251,66,89
728,249,65,97
727,248,66,95
724,245,70,99
723,243,73,99
726,241,68,100
727,240,61,104
726,238,60,105
724,236,62,108
725,235,60,109
723,235,62,110
724,234,64,112
722,234,66,112
723,236,66,111
724,234,64,113
717,233,75,112
716,232,81,110
719,230,73,112
718,230,72,116
718,231,70,115
720,231,69,115
721,229,69,114
723,231,70,114
719,231,78,114
723,230,77,118
720,230,83,118
720,230,85,114
726,230,81,117
723,230,83,116
725,231,85,115
721,230,95,116
721,230,113,124
723,228,105,123
721,229,104,124
729,231,91,119
729,229,89,119
729,230,93,121
730,227,91,127
729,228,91,125
728,230,91,120
731,227,99,123
733,227,93,128
732,227,91,127
739,226,88,130
750,226,77,129
728,225,103,130
725,225,112,128
727,224,140,126
730,227,152,128
740,226,156,123
717,227,162,127
726,224,170,128
725,228,193,126
704,226,201,119
718,225,193,131
716,226,190,124
716,227,193,129
714,224,189,123
720,230,190,122
704,225,184,121
713,229,181,125
715,225,197,121
701,232,178,121
706,226,176,114
715,227,167,124
712,228,176,120
714,224,184,125
712,227,199,114
717,233,205,120
708,228,205,119
717,230,195,109
715,231,206,121
704,233,214,107
712,232,205,104
715,231,209,117
694,239,218,96
705,236,215,91
682,243,207,99
702,237,201,104
703,243,212,83
684,249,212,94
704,233,201,112
708,240,207,92
690,247,192,88
694,237,192,109
708,229,163,120
709,239,155,116
714,236,154,112
710,236,160,117
714,234,155,118
710,233,160,122
710,237,165,105
712,242,158,111
709,237,160,117
714,236,155,117
716,233,157,126
709,235,174,115
712,235,181,117
711,234,197,109
693,233,198,109
672,237,197,94
645,234,192,94
613,232,184,96
584,234,179,91
559,238,187,82
546,244,190,106
554,242,201,101
546,247,184,94
555,247,201,109
547,248,190,101
551,242,205,103
550,248,215,92
540,249,220,92
548,247,216,96
552,248,210,89
534,254,210,102
550,247,214,106
560,245,200,105
555,246,210,102
555,247,212,98
542,251,226,93
544,253,226,92
550,247,216,101
552,249,211,96
540,254,224,87
554,253,213,94
535,247,233,102
552,247,217,102
553,243,212,106
554,245,211,102
556,245,203,98
552,251,215,100
545,252,222,96
545,255,221,92
546,250,218,96
546,248,211,96
545,249,219,95
548,247,212,98
548,247,215,98
551,247,202,98
548,246,213,102
539,247,225,101
544,243,219,105
543,245,214,101
550,245,210,105
552,246,201,103
551,246,208,105
549,241,210,110
548,249,207,93
554,242,208,116
552,243,209,109
546,244,219,105
543,249,219,98
543,247,221,100
542,244,219,103
544,244,212,102
541,247,216,95
543,250,220,90
547,247,213,93
547,250,214,84
550,249,215,109
558,245,201,112
558,248,197,102
555,245,196,101
546,251,219,83
546,245,217,103
545,245,213,101
541,247,219,97
535,247,230,94
529,247,236,97
537,243,229,104
540,244,224,105
534,244,230,105
532,248,237,99
536,245,232,104
543,244,218,105
537,244,229,105
538,245,230,105
539,244,231,104
534,245,238,100
538,245,229,99
538,246,230,88
536,245,242,74
534,243,239,106
538,245,227,89
543,245,224,97
543,243,220,102
541,241,220,100
540,244,229,80
543,245,222,102
545,240,216,105
542,241,221,98
539,242,239,91
547,241,222,73
548,241,213,92
548,242,220,113
540,239,234,112
542,241,223,107
542,244,229,88
550,243,216,90
537,243,233,103
540,245,229,99
542,245,228,93
544,246,225,96
545,243,209,100
541,244,223,99
543,243,217,97
544,247,224,101
543,242,216,104
544,247,211,98
544,243,213,99
543,245,210,94
545,247,210,87
541,250,225,106
544,241,221,114
540,246,213,103
538,245,225,103
544,245,214,106
544,247,210,101
545,246,210,100
542,245,209,100
539,248,218,97
541,249,206,95
540,247,213,96
537,248,223,95
541,248,205,95
545,246,208,104
537,247,217,100
533,249,230,99
536,248,218,100
535,247,220,102
544,245,202,103
544,246,207,99
537,248,223,97
538,245,221,104
542,244,213,104
539,244,208,102
542,244,196,97
542,244,210,115
545,245,214,110
545,242,201,109
548,241,201,110
542,243,215,103
547,245,205,99
544,246,216,101
551,244,200,102
545,241,217,102
546,239,206,110
548,243,210,86
550,243,212,101
550,244,206,88
558,242,201,98
548,239,208,97
548,243,223,99
547,240,219,100
549,244,216,102
549,243,212,101
547,240,207,104
548,242,198,101
547,242,207,97
546,243,204,69
554,241,201,79
557,242,200,97
562,239,196,118
553,234,215,119
542,241,235,105
546,243,231,89
543,243,249,116
541,243,250,89
546,241,247,89
549,242,243,102
546,248,245,74
539,248,261,103
546,244,242,111
547,243,229,111
548,243,206,108
552,245,188,103
552,248,202,101
558,249,191,99
559,247,190,102
557,251,201,98
557,244,196,106
554,245,201,99
548,254,214,84
554,253,210,91
562,251,198,98
558,243,204,110
558,242,208,108
558,245,204,105
552,250,216,94
556,246,207,102
556,250,208,94
551,248,218,101
547,242,224,110
544,248,228,100
546,244,227,106
546,247,223,95
559,247,206,85
565,251,197,87
568,249,187,76
581,246,175,76
594,243,161,83
602,239,140,74
611,248,136,62
623,260,139,64
657,252,131,71
675,254,104,70
679,255,94,65
681,252,86,70
692,253,73,58
692,252,78,55
691,249,77,54
688,252,68,47
659,251,66,47
627,254,74,42
652,248,77,57
644,223,81,66
610,231,87,77
593,225,104,82
601,220,99,89
687,227,98,75
688,238,82,70
702,244,88,67
692,249,88,65
712,249,90,68
710,251,78,80
701,249,87,65
686,246,100,63
684,249,108,61
681,250,109,58
682,251,114,57
684,252,116,59
681,253,117,56
683,251,109,58
683,251,110,60
682,251,104,59
683,252,104,59
689,253,107,55
697,251,95,56
701,250,91,58
710,252,82,57
728,252,78,63
744,254,95,60
746,252,94,61
750,253,96,60
758,250,93,62
765,251,88,58
761,249,85,65
771,248,78,62
781,249,69,61
793,246,64,62
804,239,58,72
817,230,68,76
821,224,60,79
824,222,53,82
832,227,46,73
845,211,61,80
849,234,58,61
823,236,56,57
801,236,58,56
785,235,53,58
770,234,53,61
767,235,56,59
767,235,47,60
764,234,43,60
760,237,46,64
765,247,60,64
760,248,65,66
758,250,66,62
755,248,61,59
761,250,54,60
770,250,50,63
772,248,44,69
785,254,49,62
778,264,56,55
810,254,52,45
815,258,50,37
823,263,51,30
826,262,56,30
829,262,53,30
834,260,48,31
841,249,44,38
845,255,43,38
851,259,35,35
833,276,39,30
848,260,43,35
851,256,46,42
850,245,53,47
850,237,63,58
853,227,53,70
850,227,59,73
849,224,58,74
845,228,64,72
843,228,65,72
841,228,67,72
840,229,69,72
839,230,71,73
836,224,63,76
812,228,70,69
780,229,69,71
748,229,60,70
711,226,63,70
701,228,68,68
699,225,69,70
698,227,71,70
697,228,70,69
699,228,63,69
698,229,67,71
697,230,66,69
698,229,65,69
698,229,63,68
698,227,62,70
698,228,63,70
698,226,59,70
697,228,60,70
699,229,58,69
698,227,60,71
695,231,65,69
698,230,60,68
699,230,58,69
698,228,59,69
699,230,59,69
698,229,61,69
699,229,58,70
700,228,57,70
696,228,59,71
694,230,65,69
699,231,58,67
694,229,67,70
695,228,64,69
