134,294,78,189
160,292,77,188
195,293,68,187
217,299,86,181
220,293,112,188
257,293,113,187
272,293,112,189
302,290,104,189
308,295,129,184
327,285,110,195
352,284,93,195
365,280,87,199
380,285,74,194
387,286,76,188
394,286,79,190
399,282,94,195
408,297,124,181
413,283,145,184
417,290,144,196
418,287,149,179
429,277,141,198
431,280,140,198
433,269,141,195
416,280,141,193
423,280,146,192
424,279,161,189
408,295,156,175
417,284,149,188
422,276,168,192
411,274,123,200
415,271,119,204
415,278,109,196
415,274,81,201
413,268,86,209
409,272,92,203
407,270,89,209
403,269,97,206
403,269,90,209
401,268,91,210
397,274,92,204
394,271,92,209
395,269,87,210
390,269,96,209
391,270,95,208
393,272,94,207
394,282,100,199
397,278,94,204
403,270,86,214
401,270,85,215
395,279,87,208
391,265,90,223
385,265,83,230
379,259,84,237
371,268,84,232
366,260,86,246
360,273,84,231
348,277,90,232
340,274,88,236
332,278,90,233
326,279,95,234
323,280,93,229
317,271,98,241
315,274,94,244
305,269,107,245
298,269,109,243
296,274,110,242
293,275,109,239
288,279,113,244
284,286,124,235
283,287,118,236
288,281,109,244
290,280,106,248
289,278,106,250
289,282,106,246
286,291,118,235
283,295,109,228
285,276,114,243
281,270,108,243
285,276,105,242
285,265,101,255
282,272,105,251
286,265,103,259
287,272,101,255
286,272,102,253
282,271,110,255
285,261,109,261
285,269,115,257
282,266,125,264
284,257,126,271
288,251,105,283
287,260,117,271
286,261,124,272
281,255,128,283
275,275,136,262
263,265,153,267
266,267,155,271
269,277,143,266
276,282,133,258
279,286,135,258
282,286,131,262
279,292,134,252
279,289,129,258
283,261,124,290
288,244,115,309
287,253,112,298
285,246,114,313
287,249,118,312
279,251,136,308
276,249,140,312
278,249,141,317
276,248,135,317
274,247,140,318
270,244,147,320
267,248,150,321
275,245,142,327
273,238,151,331
268,246,167,335
277,239,142,323
266,249,156,324
275,247,156,319
273,270,162,297
274,277,168,287
277,279,151,291
278,281,160,279
270,272,179,293
295,264,149,300
297,245,152,321
304,245,143,324
322,212,116,356
361,201,76,363
363,212,81,368
357,215,98,363
362,214,102,367
354,223,117,357
355,219,125,361
350,214,137,359
344,227,150,344
344,210,160,354
344,219,170,348
347,207,161,361
347,218,172,351
348,207,177,359
350,226,187,347
364,223,168,348
374,208,149,360
375,212,159,365
395,210,140,360
396,210,155,373
397,211,177,362
404,218,181,355
406,200,182,379
425,193,166,386
434,187,143,389
431,184,152,389
425,188,163,382
434,193,146,379
435,202,147,375
433,208,161,366
438,202,159,377
433,203,175,376
439,225,177,359
433,248,190,331
433,237,187,337
433,246,186,327
437,238,176,338
445,230,161,344
438,227,173,341
440,236,174,332
447,249,164,324
448,252,175,322
442,243,184,326
448,248,191,327
451,231,192,336
455,248,179,332
448,249,197,325
453,250,196,324
449,254,241,322
444,249,289,322
438,247,318,323
436,252,321,317
423,240,347,334
421,228,351,343
412,235,357,331
417,217,333,354
414,229,326,346
410,229,334,345
407,226,337,346
400,211,339,364
393,211,345,355
396,198,324,377
384,184,325,401
360,196,341,372
356,210,336,356
353,213,326,356
355,222,326,343
352,201,321,376
342,206,342,362
342,218,350,348
359,216,339,346
380,196,319,373
367,187,343,362
360,169,328,390
365,156,296,419
343,182,305,383
336,189,290,381
319,203,288,364
294,220,297,348
272,202,294,365
269,197,287,380
273,188,280,386
278,187,293,382
287,172,290,391
311,158,265,415
331,161,265,412
354,154,261,422
374,140,249,428
398,138,242,436
445,114,205,448
471,133,189,437
484,128,195,441
499,138,203,437
504,151,214,428
501,151,230,427
528,142,289,432
462,169,344,402
451,153,359,418
472,152,358,421
486,130,377,424
501,141,366,414
526,138,340,421
557,113,314,461
556,104,316,462
571,96,317,476
590,133,306,433
624,139,275,436
631,155,276,418
646,163,268,407
651,161,264,414
663,145,238,430
659,179,255,402
651,183,285,393
641,193,300,382
626,200,318,380
607,203,325,370
581,202,344,373
587,188,331,395
575,191,333,389
534,202,355,374
508,199,345,383
455,187,372,388
419,197,379,373
380,200,396,378
328,183,407,381
295,193,419,373
243,213,448,350
195,202,464,369
147,218,479,353
98,207,488,367
43,224,486,357
153,182,456,383
198,170,354,409
172,189,309,385
183,191,241,375
182,186,219,387
187,181,200,388
195,173,185,398
179,195,200,373
171,200,215,366
171,240,220,330
176,231,218,337
172,250,230,326
186,239,223,331
202,232,220,344
210,207,225,370
228,172,217,405
242,148,230,429
265,120,231,451
302,142,232,433
320,135,235,435
341,139,246,434
336,139,279,434
366,143,278,439
420,136,249,439
443,141,249,430
482,137,224,435
499,137,228,426
514,132,244,423
535,124,242,434
548,141,244,413
568,145,245,412
584,150,234,401
607,147,222,410
624,142,226,412
645,145,230,413
652,145,233,409
672,139,220,418
686,147,214,417
697,145,217,413
702,138,217,414
701,128,213,433
705,148,218,413
707,138,208,418
717,143,203,413
709,157,209,413
723,150,210,413
723,157,196,406
725,177,204,385
724,174,196,397
717,176,199,388
732,195,187,373
727,186,193,382
726,181,193,381
723,184,192,381
717,195,187,372
706,185,191,377
704,204,185,364
693,202,188,360
689,197,187,374
686,216,176,351
678,215,176,348
665,207,179,356
662,229,173,333
656,214,163,348
641,227,170,337
628,235,172,317
619,234,173,318
611,227,162,331
596,215,168,344
587,216,168,341
577,232,162,329
565,235,165,329
556,239,167,324
545,249,164,310
537,234,161,328
531,237,156,325
527,239,152,316
521,238,151,315
518,227,151,311
513,213,151,314
514,211,157,301
511,192,154,320
518,193,149,317
520,204,145,306
519,193,146,310
519,205,147,296
523,197,146,291
524,200,142,293
530,200,148,276
537,187,142,282
548,190,138,277
554,180,142,275
561,181,141,268
572,170,141,276
579,164,137,280
581,161,141,276
588,159,133,280
591,169,141,263
613,175,132,264
614,172,134,262
618,178,132,258
626,182,129,261
633,181,128,263
639,175,128,264
643,178,129,261
645,174,129,263
651,182,129,246
658,180,124,247
661,177,129,252
665,179,132,252
665,182,133,254
672,181,136,246
676,189,139,249
680,197,140,246
689,193,136,242
690,206,136,236
700,205,128,240
712,200,118,247
717,216,117,240
716,210,116,242
721,201,113,244
721,204,114,246
715,203,119,243
716,208,121,234
722,214,116,230
728,209,111,237
729,212,107,236
725,214,115,232
727,221,110,227
729,218,112,227
729,217,109,230
731,215,109,232
728,216,115,232
727,215,116,225
731,214,111,223
735,218,105,223
734,212,109,224
736,216,105,227
735,211,111,225
739,219,107,222
740,221,108,217
745,222,105,214
748,229,101,212
750,233,100,205
754,227,97,209
759,234,92,203
759,233,94,204
759,222,92,211
756,232,98,205
758,223,101,205
757,227,102,208
759,230,103,202
759,241,107,193
764,240,98,194
766,244,95,194
764,236,92,198
763,239,97,196
761,238,96,200
759,239,95,195
756,243,96,191
756,239,94,190
755,240,90,188
754,242,92,187
751,248,91,181
748,235,91,196
745,235,93,200
745,240,93,194
743,243,93,190
740,238,91,196
736,241,91,195
737,254,83,180
737,263,80,175
734,256,80,180
731,256,85,177
728,262,84,170
723,254,85,179
719,248,87,180
720,254,87,176
719,252,85,176
712,251,90,182
713,248,91,177
716,248,84,185
709,248,91,179
711,249,89,180
715,249,81,182
713,255,84,175
718,257,80,174
720,250,75,177
718,257,80,170
722,260,76,164
721,271,78,158
718,260,82,160
723,258,74,171
726,252,72,169
725,255,74,171
734,261,66,165
738,265,61,157
737,266,65,157
742,266,61,157
745,267,61,149
745,268,63,151
748,263,60,153
750,258,57,157
749,259,61,155
750,254,63,153
752,254,59,160
753,254,59,157
753,252,58,158
752,248,59,165
753,257,58,156
751,261,59,150
751,264,57,148
751,263,56,149
748,265,57,146
747,262,58,145
747,260,57,147
748,265,58,144
743,258,65,146
746,254,68,150
746,255,66,158
747,254,72,152
752,255,68,149
753,258,66,155
757,265,65,149
765,267,61,145
764,270,61,145
768,271,59,144
767,261,62,149
764,262,63,153
767,268,62,144
764,261,64,151
764,264,65,151
765,266,63,146
766,268,62,146
762,271,69,143
763,268,67,144
766,274,66,142
764,270,69,144
762,274,71,141
761,276,73,139
763,277,73,141
762,280,76,135
760,285,78,138
764,287,73,138
766,281,76,140
763,286,77,145
759,285,82,143
752,289,89,134
754,293,87,135
762,289,79,133
755,298,83,127
750,296,89,127
754,293,85,129
757,300,82,128
764,292,75,129
777,298,61,129
777,297,63,128
777,291,65,131
780,283,64,140
780,285,66,144
777,284,74,137
784,288,67,139
782,287,73,133
782,293,70,131
793,286,60,132
791,287,63,140
792,283,63,135
788,285,65,136
790,287,61,130
788,290,59,131
789,286,60,132
787,287,62,132
786,293,65,129
783,285,70,131
783,283,68,134
784,284,67,132
786,283,65,131
786,287,63,127
787,286,63,128
789,283,61,128
791,282,58,128
791,279,61,128
794,283,61,125
800,282,55,126
797,281,59,128
796,281,62,127
803,284,52,125
807,281,52,125
808,286,49,128
809,286,53,121
808,285,54,125
808,283,60,125
811,287,51,123
812,287,53,119
811,290,51,120
810,281,56,123
812,280,54,127
812,283,55,122
812,282,55,126
813,282,53,123
812,289,56,119
815,286,53,117
815,288,53,118
814,292,53,115
813,284,55,121
811,285,60,120
815,286,52,119
815,293,52,114
815,291,55,117
817,290,54,122
817,289,56,120
816,290,58,122
818,295,56,115
816,293,56,113
818,298,57,108
817,297,59,109
816,296,57,108
815,300,60,105
815,297,56,107
816,299,54,104
816,301,54,102
816,299,54,105
815,299,56,108
814,298,57,105
815,304,57,106
816,303,56,105
818,300,55,103
817,304,55,105
817,302,57,103
816,306,59,104
817,300,56,107
816,301,60,110
817,301,56,106
816,301,56,105
813,296,57,110
808,299,63,110
810,296,61,113
809,303,61,105
807,297,60,111
808,300,61,107
809,300,59,108
809,303,60,104
807,306,63,102
810,308,54,100
811,309,54,100
812,311,52,96
813,311,51,100
811,308,51,104
807,309,53,102
805,316,52,96
802,316,52,98
801,318,48,98
798,320,48,97
792,320,51,94
790,314,50,100
788,319,50,95
784,321,50,90
782,319,49,93
780,318,53,93
778,318,54,92
776,318,57,92
774,315,61,92
773,314,59,92
775,313,58,94
774,313,57,96
772,311,58,96
771,310,61,93
