434,303,12,31
434,304,13,28
431,305,16,26
431,305,15,27
431,303,15,29
432,303,15,29
432,305,16,27
433,305,15,27
432,303,15,28
432,304,15,27
431,303,16,28
432,306,15,26
432,306,14,25
432,304,14,26
433,304,14,27
433,304,13,26
432,306,13,25
433,305,13,27
432,306,13,26
432,305,14,26
432,303,14,27
432,303,15,28
432,303,15,28
431,302,17,29
431,305,15,27
432,303,15,28
432,302,15,29
432,302,15,30
432,300,16,30
431,299,16,32
431,298,16,32
431,298,16,33
431,298,16,33
431,299,17,33
432,300,16,32
432,300,17,32
431,300,16,32
433,301,15,30
431,302,17,29
432,302,17,30
433,302,16,29
433,303,15,28
432,303,15,28
432,303,15,28
433,304,15,26
432,304,15,26
432,305,15,25
432,306,14,25
433,304,13,26
432,304,14,26
432,304,14,25
433,305,12,24
433,306,13,24
433,305,13,25
433,304,13,25
433,305,13,25
434,304,12,26
433,304,13,25
433,305,13,24
432,306,14,23
433,307,14,23
433,307,13,24
433,306,14,24
432,305,13,24
432,304,13,26
433,304,12,25
432,306,14,25
431,307,13,22
432,310,13,20
433,308,11,20
432,310,14,20
432,309,13,20
431,308,13,22
432,306,13,23
431,304,14,26
431,304,14,26
433,303,13,26
432,305,15,26
432,303,15,27
431,303,15,28
432,306,15,25
433,307,15,24
433,306,14,24
432,304,14,25
435,304,13,26
433,304,14,26
433,304,13,27
433,302,13,28
434,302,14,28
433,302,13,29
434,302,13,28
434,301,14,29
435,301,14,29
434,300,14,30
433,300,15,30
435,300,14,31
435,300,14,32
433,301,15,30
433,300,16,30
433,299,15,32
434,299,14,30
434,300,15,30
433,301,15,28
433,302,14,27
433,304,14,26
435,303,13,26
435,306,13,25
434,306,13,24
434,308,13,22
434,307,13,24
433,307,14,23
433,307,13,23
432,307,14,21
435,309,12,21
435,306,12,23
433,307,13,23
433,307,13,23
434,308,13,22
433,306,14,22
431,307,14,21
433,307,14,22
432,306,14,24
430,304,16,26
430,305,15,25
431,304,15,26
431,306,14,26
429,304,17,25
430,306,16,22
430,306,17,24
431,306,16,24
431,305,16,24
431,304,15,25
431,305,15,25
432,304,15,25
432,305,14,26
432,306,15,25
432,305,15,25
431,304,15,26
431,305,15,26
431,306,14,24
432,306,15,24
432,305,16,27
430,302,15,28
431,301,16,29
431,300,15,29
432,300,17,30
431,299,16,32
432,298,16,32
433,298,15,32
431,301,13,29
432,301,14,30
433,302,13,28
432,304,12,25
433,307,13,24
433,307,13,24
433,305,14,25
433,305,12,26
434,305,13,25
434,307,13,24
434,307,13,24
432,306,14,25
432,307,12,23
432,307,14,23
432,306,13,23
431,305,13,23
432,303,13,24
430,305,14,24
431,304,14,25
432,304,14,27
432,302,13,27
431,302,14,26
432,302,15,28
432,300,16,30
433,300,15,30
431,298,16,31
432,299,15,31
433,301,14,29
432,302,13,28
432,303,13,26
431,306,14,24
432,305,14,25
432,304,14,26
432,304,14,26
433,303,12,26
433,303,12,26
432,305,12,25
433,303,12,26
432,304,11,24
432,307,14,22
431,305,14,25
431,305,14,25
430,303,14,26
432,304,15,25
431,302,14,26
430,301,14,28
432,301,14,28
433,303,13,28
434,304,12,26
433,303,12,26
432,304,12,25
432,304,12,25
433,304,12,26
433,303,12,26
433,302,12,27
434,305,12,24
434,305,11,24
434,306,11,22
435,307,10,21
434,310,10,19
434,311,11,18
435,311,12,17
435,307,11,20
433,308,11,21
434,307,12,23
433,305,12,24
433,304,13,25
434,305,13,26
434,303,13,26
433,303,14,27
433,303,14,27
433,303,15,27
435,304,14,26
434,304,14,25
434,302,14,26
434,303,13,26
433,302,16,27
433,303,20,28
432,302,23,28
432,300,28,31
431,301,30,30
429,300,34,29
430,300,33,30
431,300,28,29
431,302,28,28
431,303,29,28
432,303,27,26
432,303,26,28
432,303,29,27
431,303,30,29
430,303,33,27
429,304,34,27
429,300,35,30
431,299,30,30
431,301,32,30
432,301,29,29
433,303,32,29
433,303,27,27
432,303,27,27
431,305,31,26
429,305,33,27
431,303,34,28
431,302,34,29
430,304,33,27
431,303,33,27
432,303,28,28
432,302,28,27
433,303,27,29
434,302,24,27
433,304,25,27
432,304,26,26
432,305,27,25
429,305,28,25
429,305,32,24
431,304,28,27
431,304,31,26
430,302,30,28
430,301,31,30
429,302,35,30
429,301,34,30
430,302,34,29
431,304,34,28
429,302,34,28
430,304,33,28
430,304,35,28
430,302,34,29
431,303,34,29
431,302,34,29
430,301,35,29
430,300,37,29
428,303,37,29
429,302,35,29
430,301,32,28
430,303,34,28
431,304,30,28
429,304,32,26
429,305,35,25
429,304,36,27
428,304,37,27
430,303,34,28
429,303,32,28
428,304,36,26
429,304,34,28
428,303,33,27
430,303,32,26
429,302,32,28
430,302,31,29
430,302,34,28
430,303,32,28
429,302,32,28
429,302,33,28
428,303,33,29
428,303,34,29
430,303,35,29
431,303,32,28
430,302,34,28
431,302,33,29
429,303,33,28
429,301,33,28
430,302,32,29
430,302,32,31
431,302,33,30
432,301,31,31
431,300,31,31
432,300,31,30
433,302,30,31
434,298,36,34
454,293,36,39
470,295,30,35
483,294,23,35
492,300,20,31
494,302,17,27
497,301,21,28
495,299,25,31
492,300,22,31
482,301,25,31
460,300,24,31
442,301,25,29
443,305,27,24
439,306,27,23
439,306,32,26
438,305,31,29
438,307,34,29
441,306,33,30
439,305,29,31
441,307,31,30
439,303,31,33
440,302,30,32
440,300,30,34
440,297,29,34
440,300,29,33
440,302,29,30
439,304,28,26
441,302,27,29
440,301,30,31
439,302,27,31
439,303,30,29
438,301,28,30
439,301,30,30
437,302,34,30
436,302,36,29
435,302,36,31
435,301,36,30
437,301,34,30
436,300,35,31
436,301,33,30
437,301,34,30
436,303,35,28
438,303,32,29
436,301,35,30
436,301,35,30
434,302,38,30
435,302,34,29
433,304,37,29
435,304,36,29
436,303,35,29
436,302,36,29
435,302,36,29
434,303,37,29
434,302,38,30
436,303,36,29
436,303,35,28
435,304,35,28
437,302,34,28
435,302,34,30
435,303,37,29
434,303,37,29
434,303,38,29
434,303,36,29
433,301,39,29
434,301,39,31
433,301,39,29
432,301,40,31
435,301,37,29
436,302,37,29
436,302,37,29
437,303,35,28
437,305,33,27
436,303,36,27
438,304,35,26
438,305,32,27
438,306,32,26
438,305,33,27
437,306,32,26
437,305,33,27
438,305,32,26
439,305,31,26
437,306,31,26
438,305,31,27
439,305,32,27
437,305,33,26
439,304,32,26
439,305,31,26
438,304,32,26
438,303,32,28
438,304,34,27
437,304,34,28
436,303,34,29
436,302,36,29
436,304,35,27
436,304,35,28
436,302,36,29
438,303,35,29
439,305,33,28
438,305,32,26
436,304,34,27
436,303,34,27
436,302,33,28
435,302,33,27
436,301,35,28
435,303,35,28
437,303,36,28
436,303,34,27
436,305,35,27
436,305,38,26
438,303,36,29
437,304,34,27
436,304,35,26
436,304,38,27
435,303,36,28
436,300,36,30
435,298,35,32
436,298,35,33
436,298,38,34
438,299,37,33
435,299,37,33
437,298,34,32
438,297,33,34
437,297,34,33
440,298,30,34
438,299,33,32
437,300,33,31
437,303,32,29
438,302,32,28
437,303,33,27
438,302,30,28
438,302,29,28
438,304,30,26
437,305,30,27
436,305,34,25
436,304,34,24
437,305,30,26
435,306,33,24
434,305,36,24
432,305,39,24
432,305,38,24
433,306,38,26
435,306,38,25
432,306,39,25
434,305,37,26
435,304,37,26
437,305,33,27
436,304,36,26
435,305,37,25
436,304,36,26
436,305,37,27
435,304,38,27
435,304,36,28
434,303,37,28
434,303,37,29
434,302,39,29
432,302,39,29
433,299,36,31
433,300,36,31
434,299,34,32
435,299,33,32
435,299,34,31
433,299,34,31
434,300,32,31
435,299,33,32
434,299,34,32
435,300,36,30
437,300,32,32
437,300,33,31
437,299,33,31
436,299,33,31
438,301,34,32
438,302,33,30
437,302,34,29
436,302,34,28
437,301,33,29
435,301,34,30
434,300,34,31
435,300,35,31
433,301,36,31
435,300,36,31
434,300,35,31
435,301,34,30
435,302,34,29
437,303,36,28
437,302,36,29
438,300,34,31
437,300,34,32
438,299,35,32
437,297,34,33
438,298,33,34
437,297,33,35
438,296,34,36
436,295,37,36
438,297,36,35
437,298,36,34
437,298,35,34
437,297,34,33
437,298,34,33
437,299,36,33
437,298,35,35
436,298,36,34
436,299,35,32
437,302,35,31
436,301,36,30
436,300,40,32
435,300,37,31
436,303,35,27
435,303,35,28
434,304,39,27
433,304,41,27
433,305,41,27
434,306,40,25
432,307,39,24
433,307,38,23
434,310,35,22
433,309,33,21
434,310,35,20
435,311,34,20
433,311,34,20
434,311,36,21
435,311,36,20
435,310,34,21
438,308,32,23
439,308,33,24
437,306,34,25
437,306,33,25
436,305,35,26
437,304,35,28
437,303,36,27
437,304,35,28
436,303,33,27
436,304,35,28
436,305,36,25
433,305,35,26
434,302,34,29
434,302,35,28
435,303,35,28
436,303,31,28
436,302,32,29
437,301,32,29
436,301,30,28
436,302,31,29
437,301,32,29
436,302,32,29
437,301,34,29
437,301,32,29
436,301,32,29
436,302,34,28
438,302,34,29
438,302,32,30
436,301,34,30
436,299,34,30
437,302,33,29
438,302,33,29
436,303,34,28
436,303,37,28
436,303,35,28
436,302,35,29
436,303,36,29
436,300,36,31
437,301,35,30
438,301,34,31
437,301,35,31
436,300,35,32
436,300,35,30
436,298,35,32
436,298,35,32
437,299,36,32
436,300,36,30
437,302,37,30
437,302,33,28
437,301,36,29
436,301,34,29
437,302,32,28
438,304,34,28
437,302,34,28
438,304,34,26
438,304,35,26
437,303,35,28
438,303,35,27
437,303,34,28
438,302,34,28
437,301,33,29
440,301,32,30
439,300,32,32
439,303,31,29
437,303,34,29
436,302,37,29
436,301,35,30
438,303,35,29
440,302,34,30
439,299,33,32
439,299,32,32
439,299,34,32
440,298,33,33
438,298,32,31
439,298,31,32
440,299,30,31
440,300,31,30
439,299,33,32
439,301,33,30
439,301,34,30
439,300,31,30
437,302,34,30
437,303,33,28
439,302,34,27
438,301,33,30
437,300,34,30
437,301,34,29
437,302,34,29
437,302,32,30
438,301,31,29
437,302,34,30
437,300,34,30
437,300,33,31
438,300,34,30
439,302,34,30
438,301,33,31
440,300,29,31
440,299,29,33
441,298,29,32
441,300,29,31
439,300,31,31
440,300,33,32
440,301,32,32
439,301,31,31
437,302,32,31
437,304,34,31
440,303,33,30
445,304,34,29
452,307,31,27
458,305,32,29
461,307,30,29
461,307,32,28
464,307,32,28
464,306,32,28
463,308,32,26
464,305,31,29
464,306,30,30
463,305,33,28
462,304,32,30
463,304,30,29
462,303,30,31
463,301,30,33
461,302,32,32
462,302,33,31
461,302,33,33
462,302,33,33
463,302,31,32
462,302,30,31
464,300,28,32
463,301,28,31
463,300,31,32
462,300,31,33
464,301,29,31
464,301,30,31
466,300,29,31
466,302,28,32
466,300,26,33
466,301,28,32
465,300,28,31
465,301,27,30
464,301,28,30
464,302,29,31
465,300,28,31
464,301,27,32
465,300,25,31
465,302,24,31
465,299,26,32
465,300,28,32
465,299,28,32
465,301,24,30
465,302,26,29
467,303,22,28
465,304,25,28
464,299,28,31
466,300,25,30
466,299,24,32
465,298,26,34
465,296,26,34
465,296,26,36
465,296,26,36
464,296,27,35
465,297,28,36
465,297,29,35
466,298,27,34
464,296,29,35
465,298,28,34
465,298,28,33
465,299,29,32
465,299,30,33
464,299,29,32
465,301,26,30
464,301,24,30
464,301,27,30
464,302,27,29
464,301,25,30
465,303,24,28
466,303,22,28
465,304,22,27
464,303,22,27
464,304,26,27
464,305,24,25
465,306,23,24
464,307,23,24
463,309,23,22
465,309,22,20
465,311,21,19
465,310,22,19
464,310,23,20
463,310,25,21
465,310,22,20
465,309,22,21
465,307,22,22
465,306,24,24
467,306,20,26
465,304,22,27
465,302,21,30
465,302,21,29
464,300,23,29
465,302,20,30
465,302,19,30
464,302,21,28
465,302,21,27
463,304,21,26
462,304,23,26
462,301,22,28
464,302,22,28
464,303,25,27
464,301,24,29
464,303,23,27
464,302,25,27
464,302,25,27
463,303,23,27
462,302,27,29
463,301,27,28
462,302,26,28
463,301,25,28
465,301,25,29
463,300,25,29
464,301,24,29
463,301,23,29
463,303,23,27
465,302,22,28
464,301,25,29
463,302,25,29
464,302,25,28
463,303,25,27
462,302,26,28
462,300,25,29
463,302,25,29
463,300,29,30
463,300,29,31
464,297,29,32
464,297,28,31
464,298,29,32
463,299,31,31
461,299,31,30
462,301,28,29
464,301,26,28
463,301,27,27
464,303,25,27
464,302,26,26
462,301,26,26
464,302,25,26
464,304,23,24
465,303,23,27
464,302,24,27
464,303,24,26
463,302,24,27
464,302,26,27
465,303,24,27
464,303,24,27
464,301,24,27
464,301,24,30
464,300,24,29
464,302,25,28
463,302,27,28
462,302,27,28
465,300,24,29
465,302,24,29
464,300,26,30
465,300,26,30
464,300,28,32
464,298,29,34
465,298,28,34
465,297,27,35
465,296,26,34
464,297,28,32
465,299,24,32
464,298,24,31
465,300,23,30
465,300,25,30
465,301,27,29
463,302,25,30
463,301,25,28
466,302,24,28
465,302,24,28
465,302,22,29
464,301,24,29
465,301,24,29
464,302,24,28
463,301,25,29
464,300,24,28
463,301,25,29
464,300,26,29
465,302,25,28
464,301,25,30
464,300,25,31
464,299,27,32
464,299,28,32
465,298,30,32
464,300,28,31
465,297,27,33
465,299,28,33
464,299,25,31
464,298,27,33
463,298,29,33
461,298,31,32
460,299,31,31
461,299,31,32
460,299,31,31
462,300,29,29
462,301,30,30
463,302,28,28
464,301,25,30
464,302,25,28
465,302,23,27
464,303,25,27
466,303,22,28
467,302,22,28
467,302,21,28
467,302,21,28
466,302,22,29
467,304,22,27
467,304,21,27
467,302,18,27
467,303,19,27
466,301,21,27
467,302,22,27
466,303,23,26
466,305,23,25
466,305,23,25
464,304,27,25
464,304,27,26
463,303,27,27
463,302,31,27
464,303,28,26
465,304,27,26
464,305,26,25
464,304,26,25
464,304,26,25
463,306,27,24
464,305,26,24
464,305,23,24
464,305,24,24
465,306,23,24
464,306,23,23
465,306,22,24
464,307,24,24
463,306,26,22
462,308,25,23
462,307,26,23
463,308,27,23
463,308,26,22
463,308,25,21
462,307,25,21
462,307,25,23
463,308,23,22
463,309,24,22
464,309,21,21
465,309,20,20
465,310,20,21
465,307,19,22
465,307,20,22
465,308,20,21
465,309,19,21
464,309,20,21
464,308,21,22
463,306,21,22
463,308,22,23
463,307,22,23
465,307,21,22
464,307,24,22
463,308,23,21
464,307,23,23
464,308,24,21
464,309,24,22
464,309,25,21
464,309,24,21
464,309,25,21
463,308,27,23
463,307,24,23
465,308,23,22
464,309,22,21
464,307,22,23
464,307,21,23
463,307,22,22
464,307,23,22
463,306,22,23
462,308,23,23
462,306,23,23
463,307,23,23
462,306,25,22
463,307,24,24
462,306,25,23
460,306,27,24
461,305,29,24
460,304,30,25
461,305,29,24
462,305,30,25
461,306,31,25
462,304,27,24
462,306,28,25
463,305,26,24
461,306,27,23
462,306,31,24
462,307,28,24
463,308,26,23
463,306,25,23
463,306,26,23
464,308,27,22
465,309,25,22
465,308,23,22
465,308,24,21
465,308,25,22
465,307,23,23
465,308,24,21
466,306,24,23
467,307,23,23
466,307,23,24
467,307,22,23
466,306,23,24
467,307,21,24
466,306,23,24
464,304,23,26
465,305,23,25
464,306,23,25
464,306,22,24
465,306,23,24
465,307,22,23
465,308,22,22
466,307,20,21
466,308,21,21
465,307,20,22
466,310,20,20
465,309,21,20
466,310,20,20
464,311,21,19
465,310,20,19
465,309,20,20
465,309,21,21
465,311,21,19
464,312,19,19
458,312,20,19
450,312,23,17
445,313,20,17
447,313,18,18
445,312,19,18
443,313,20,18
444,313,18,17
443,312,18,18
443,310,18,20
444,311,18,21
444,310,17,20
444,310,15,20
445,309,15,20
446,309,15,22
446,309,16,20
442,307,18,22
444,309,16,23
443,308,17,22
444,308,18,21
445,309,17,21
441,308,19,21
441,308,18,21
442,308,17,20
443,310,17,20
444,310,17,19
443,311,17,19
443,310,16,18
443,311,17,17
443,312,17,17
444,311,17,18
444,311,17,18
443,310,18,20
443,309,18,20
444,309,19,21
445,308,19,22
445,308,19,21
444,309,19,21
445,308,18,21
443,310,20,20
443,309,20,21
444,309,20,21
443,308,20,21
443,309,19,22
440,310,21,19
441,311,20,19
442,312,21,18
442,311,20,18
442,311,20,17
442,310,20,19
441,311,20,19
442,311,20,19
442,308,18,21
443,310,20,20
444,308,19,21
444,307,19,23
443,306,20,25
443,305,21,25
443,305,22,24
443,307,23,24
443,305,23,24
444,305,22,25
443,304,24,25
444,304,24,26
443,306,23,24
444,304,22,25
444,304,23,27
445,304,23,27
445,302,19,28
446,302,19,28
446,302,20,28
444,301,21,29
445,301,21,28
444,301,22,29
443,300,22,30
444,300,24,31
443,299,25,31
444,300,24,31
444,299,22,31
444,298,24,31
444,299,21,30
445,300,22,31
444,300,23,31
445,299,23,32
445,299,21,31
443,299,23,31
444,298,22,32
443,298,24,31
443,298,26,32
444,298,25,32
441,297,25,33
442,300,24,32
441,298,24,32
439,298,29,32
438,299,32,32
439,299,29,30
440,300,27,31
440,301,26,29
440,301,27,29
440,303,27,29
440,304,27,27
440,304,24,27
439,304,25,27
438,303,28,27
437,303,30,27
438,303,30,29
436,302,34,29
436,300,35,29
438,301,34,31
440,301,32,30
441,301,28,29
441,303,24,29
441,303,25,28
442,304,25,26
442,304,24,29
441,303,24,28
441,303,26,28
440,301,29,29
441,302,32,30
440,301,32,30
442,301,30,30
441,302,28,30
442,303,25,28
442,303,26,28
441,303,27,29
441,303,27,28
441,304,25,28
441,300,26,31
440,300,26,30
440,301,27,32
441,299,28,31
440,299,27,33
440,301,30,33
442,300,27,31
442,300,28,32
443,300,26,31
441,301,26,32
442,300,27,31
441,299,26,32
441,301,26,32
442,300,26,32
442,300,27,33
440,300,28,32
441,299,30,32
440,300,30,31
442,299,26,32
441,300,26,32
440,301,26,30
442,301,27,31
441,302,25,30
442,301,26,30
440,300,29,32
440,301,28,32
440,301,27,30
440,299,29,33
442,298,26,32
441,300,26,32
443,300,25,31
442,300,23,32
441,300,24,31
442,301,26,31
440,300,26,32
441,300,26,30
442,301,27,31
440,300,27,32
441,301,27,30
441,301,26,30
441,301,26,30
441,302,28,31
442,301,28,29
441,302,26,29
442,302,26,28
441,302,24,28
443,304,25,28
441,303,27,28
440,302,30,29
439,302,31,29
440,303,31,28
438,301,34,30
439,304,33,29
438,302,35,29
437,303,35,30
441,304,29,28
441,303,28,28
439,304,31,29
439,301,29,30
439,302,30,28
439,303,31,29
438,303,32,29
437,303,35,29
437,303,36,30
438,303,33,29
439,301,30,30
439,303,33,30
439,302,31,30
440,303,30,29
441,304,26,27
441,304,26,28
440,302,26,28
441,302,26,29
439,303,28,28
439,303,29,28
440,303,29,28
441,301,29,29
440,303,33,30
441,303,31,28
440,304,31,28
439,303,32,29
439,302,33,30
441,302,30,30
440,302,32,29
441,303,31,28
439,303,31,27
438,304,34,28
440,304,34,27
441,303,33,27
439,303,37,28
440,304,37,28
441,304,35,26
442,305,34,26
441,305,30,25
441,304,26,24
441,305,25,25
440,304,27,25
442,304,26,24
443,304,23,26
443,302,25,27
442,304,25,27
442,304,25,27
442,303,25,28
442,303,25,28
442,303,23,27
443,304,24,28
442,303,22,28
442,303,21,28
442,302,20,28
442,301,24,28
441,303,25,27
442,303,24,26
441,302,27,29
440,303,27,28
441,304,28,26
442,304,24,28
441,302,25,28
442,304,24,28
441,303,24,28
441,302,27,27
438,302,30,27
439,302,29,27
439,303,30,27
439,302,33,29
438,302,34,30
437,303,33,30
439,301,30,31
437,304,32,29
438,303,30,28
439,304,31,27
439,302,32,29
440,303,30,28
440,303,30,28
443,301,26,28
444,301,23,28
445,301,22,28
445,302,21,29
446,303,22,29
446,303,21,26
445,304,21,26
444,307,23,23
445,306,22,24
442,304,25,25
442,303,25,26
439,304,27,26
439,303,25,29
438,301,28,29
438,302,28,29
439,302,28,28
437,305,30,24
436,304,28,25
437,303,26,27
438,302,23,27
437,301,21,27
436,300,25,30
435,299,26,32
437,298,27,33
436,295,28,35
437,296,26,35
437,294,26,36
437,294,25,36
438,295,24,36
438,297,24,36
437,296,25,36
437,298,23,34
437,297,25,34
435,299,27,32
435,300,27,32
435,302,27,30
435,301,28,30
435,302,30,29
435,304,31,28
436,303,28,28
437,303,28,28
439,305,24,26
440,304,25,26
439,306,27,25
442,305,25,25
440,306,28,24
439,306,30,25
440,307,29,25
440,307,30,24
439,307,29,23
439,307,30,23
439,308,30,22
440,307,31,23
441,308,29,24
441,308,29,23
442,307,27,22
442,307,27,23
442,307,27,22
443,308,25,23
443,307,25,22
443,308,24,23
442,308,23,23
443,308,24,23
443,307,24,23
442,307,23,23
443,306,25,23
443,307,21,23
443,306,23,24
442,304,21,26
443,305,21,26
441,303,23,27
442,304,23,27
442,304,24,26
443,303,23,27
442,303,24,27
442,304,24,26
442,303,23,27
441,305,22,26
442,303,24,27
440,301,24,28
441,300,24,29
442,299,23,25
442,299,21,22
441,297,24,24
439,297,24,24
439,297,24,24
440,298,25,25
440,298,23,28
441,299,25,30
438,300,26,30
440,300,26,29
439,300,27,28
438,302,27,28
439,300,26,29
439,298,23,29
440,298,23,28
441,297,23,27
439,298,24,27
442,300,22,26
440,299,23,26
439,301,26,26
438,301,27,26
438,302,26,28
439,302,25,27
441,303,25,28
439,300,27,29
440,299,27,29
439,298,27,26
441,298,24,24
440,297,24,25
442,297,24,27
441,298,23,26
442,298,23,29
441,298,26,28
441,300,27,29
439,301,27,28
439,301,28,28
441,300,27,28
442,301,26,29
442,301,24,28
441,297,26,31
443,298,26,30
442,298,25,31
444,298,25,30
442,298,27,30
442,300,27,28
444,300,26,29
443,303,26,28
443,303,26,26
443,302,28,26
443,303,29,28
444,302,24,30
443,302,24,29
443,299,25,30
443,298,25,32
442,297,24,33
442,296,25,34
442,296,25,35
443,297,25,33
443,298,26,33
442,298,26,33
443,299,27,33
444,300,27,32
443,299,24,31
443,300,25,29
443,300,25,30
440,302,27,28
440,302,29,28
441,304,28,26
440,304,30,26
441,303,27,27
440,303,27,28
442,304,26,27
441,304,27,27
440,304,28,27
439,304,28,27
441,305,26,26
442,304,23,25
442,305,23,25
442,305,22,25
442,305,22,25
442,307,21,24
442,306,22,24
443,306,20,23
445,305,21,24
443,306,23,25
444,303,24,26
444,303,23,27
445,303,24,27
446,303,21,28
446,302,19,27
445,303,23,27
442,304,25,26
441,302,27,27
444,302,23,28
442,303,23,28
443,302,23,29
441,301,23,29
442,301,22,30
441,299,24,31
442,299,21,31
443,298,21,32
442,298,23,34
440,299,23,33
440,302,23,29
441,301,24,31
440,302,23,30
440,304,23,29
438,301,29,30
436,303,35,29
436,304,33,27
435,306,34,24
435,307,33,23
434,306,32,24
435,304,30,26
436,304,28,27
436,303,24,27
440,305,21,26
439,304,21,27
439,303,22,28
441,303,21,26
441,304,22,25
440,303,23,27
441,304,24,27
441,303,24,26
440,303,24,26
441,303,24,26
441,303,25,26
442,304,24,26
440,303,24,26
441,304,24,26
442,304,23,25
440,303,25,26
441,301,22,28
440,303,23,27
439,302,26,29
439,300,25,29
438,300,27,29
440,301,27,28
438,302,29,29
436,301,29,29
435,301,32,30
436,302,32,29
437,301,30,29
435,301,33,29
435,301,34,30
435,301,34,29
435,301,31,29
436,301,29,29
438,304,28,28
437,303,27,28
438,306,26,25
439,305,26,25
438,306,25,25
438,306,26,25
439,307,25,24
439,303,28,26
439,303,29,28
439,301,28,30
439,299,29,31
438,300,30,32
439,298,30,33
440,299,31,34
441,300,26,31
442,300,24,31
441,299,24,32
442,299,24,32
441,298,25,33
439,298,29,31
441,301,27,31
442,303,24,29
440,301,26,28
439,303,26,30
438,304,28,29
439,305,26,27
438,303,28,27
438,304,27,26
439,305,26,25
439,303,25,27
440,302,25,28
439,302,28,28
438,302,29,28
438,301,29,28
440,301,28,29
440,300,26,29
440,301,25,30
439,300,27,29
440,302,24,28
440,303,25,27
440,301,25,29
440,302,23,28
441,303,22,29
442,302,23,28
442,303,24,27
441,302,25,28
439,302,27,28
439,303,28,28
439,303,31,28
440,302,32,28
441,301,29,29
440,302,29,29
441,301,30,28
441,303,31,29
439,302,31,27
439,301,32,28
440,302,30,30
442,301,28,28
441,300,29,29
440,300,31,31
442,300,30,31
442,299,24,30
441,300,26,30
443,301,24,30
441,299,25,31
440,299,26,32
439,298,28,31
438,299,32,32
435,299,33,32
435,300,35,31
435,299,35,31
436,302,35,29
437,304,32,26
439,303,33,27
439,305,30,25
440,305,26,24
440,305,24,22
440,305,23,24
440,303,23,25
439,300,24,29
441,300,26,30
440,300,29,32
440,297,25,33
440,295,28,33
440,294,25,34
440,292,26,35
440,293,26,34
439,293,29,35
439,295,29,32
439,297,26,33
437,297,29,31
438,299,31,33
435,300,32,30
437,302,29,28
439,307,25,23
439,307,24,22
440,308,23,22
441,306,23,23
439,306,24,22
439,306,25,23
439,305,25,24
438,306,25,24
438,303,27,26
437,303,27,27
437,304,29,26
437,304,31,27
438,303,31,28
438,303,32,28
438,305,29,25
438,304,27,26
441,304,25,27
441,303,26,27
440,302,25,27
440,304,26,27
439,303,27,28
438,301,28,29
438,303,29,29
438,300,30,28
437,302,31,29
437,302,31,29
438,303,30,29
439,301,26,29
440,302,28,29
440,303,29,28
439,304,30,28
438,303,31,28
438,303,31,28
439,302,28,28
437,305,31,26
441,303,28,27
442,304,24,28
442,304,23,26
443,304,22,26
443,305,22,26
441,303,22,26
442,304,21,26
442,306,23,25
442,303,22,26
442,303,20,27
442,304,22,25
443,305,21,26
445,306,20,25
443,305,22,25
443,305,22,25
442,306,23,25
442,306,24,23
443,307,24,23
444,306,23,23
444,307,24,23
445,308,25,22
444,307,24,22
445,308,24,22
445,307,25,22
445,308,29,23
446,307,31,23
446,307,32,24
445,308,34,24
444,307,35,24
444,307,35,25
443,307,37,25
444,306,36,26
443,306,34,25
445,305,31,26
444,305,34,25
445,305,34,26
446,306,32,26
446,306,30,27
445,304,32,26
445,304,32,26
444,305,32,27
446,305,30,27
446,305,31,26
446,304,30,27
446,304,27,26
447,306,25,25
446,305,25,27
446,305,27,27
447,306,29,26
445,303,31,27
446,304,29,27
447,304,28,27
447,304,27,29
445,303,29,28
447,303,28,28
447,302,26,31
448,302,24,30
446,302,23,30
448,301,20,30
447,300,22,29
448,301,21,30
449,302,22,29
448,301,25,31
447,300,23,30
449,301,26,30
448,301,25,30
447,299,26,31
448,299,21,32
449,299,21,32
449,300,22,31
448,298,22,33
449,299,25,33
449,301,25,32
448,299,24,32
449,300,25,33
450,299,24,34
449,300,25,33
449,299,20,34
450,298,21,34
448,297,22,34
449,298,20,35
448,301,21,31
449,301,20,30
448,300,22,31
449,300,21,30
447,299,22,30
448,300,23,33
448,298,26,33
448,300,24,32
450,298,25,34
450,300,21,33
449,300,21,32
450,301,20,31
450,301,19,30
450,300,20,30
449,302,20,30
451,301,19,30
451,302,20,29
450,302,20,30
451,303,19,29
450,301,19,30
450,302,20,30
452,302,17,29
452,302,18,28
452,301,18,29
453,302,18,29
453,302,17,28
453,303,17,28
454,304,18,26
454,304,20,26
454,304,20,26
453,303,24,26
454,303,28,26
453,301,31,29
454,300,30,31
455,301,29,30
456,300,30,30
457,301,30,31
457,300,26,31
459,299,26,31
458,298,27,32
456,300,28,31
458,298,27,33
455,300,28,29
457,303,26,27
454,302,31,27
455,303,28,26
456,304,28,26
456,303,32,27
456,303,29,26
458,302,24,27
455,304,25,26
455,304,27,25
455,303,29,26
456,303,28,26
454,303,32,26
453,303,35,28
452,300,41,32
453,301,44,31
452,296,49,36
449,296,58,36
448,294,64,37
450,296,58,37
448,294,57,37
450,294,56,38
442,295,61,37
443,294,62,38
444,294,60,40
442,293,66,39
442,300,58,34
438,297,60,34
439,296,65,35
436,293,59,37
434,302,54,29
436,303,51,28
434,303,52,27
435,303,51,28
434,302,54,29
434,301,56,30
434,301,55,30
433,301,49,31
433,301,49,31
432,299,51,33
432,300,50,33
432,301,48,31
430,299,51,32
431,300,47,33
431,299,47,31
430,301,46,30
431,301,43,30
430,300,43,30
431,300,41,32
429,301,44,30
427,302,46,31
431,302,42,31
434,303,41,30
441,305,37,27
442,306,42,26
444,307,41,27
443,310,38,29
440,310,43,32
437,312,47,31
433,314,47,31
432,318,46,27
429,316,39,29
431,318,35,28
432,319,34,27
432,320,32,24
433,320,32,25
436,316,28,28
440,317,28,27
450,320,25,25
458,318,25,26
466,316,24,24
476,318,27,22
484,318,25,22
492,319,26,23
491,318,28,23
498,320,28,25
505,320,28,26
505,320,30,25
514,319,30,24
517,320,30,24
515,319,31,26
512,317,33,26
513,313,28,27
510,312,29,26
504,312,32,26
500,311,32,28
497,310,33,28
493,311,35,26
493,311,37,27
492,311,38,27
491,311,39,29
491,309,37,30
490,309,40,30
489,308,40,30
491,309,40,30
490,311,40,30
490,311,40,29
488,310,41,30
487,311,43,29
485,312,47,27
486,311,46,28
486,312,45,27
487,309,44,29
485,309,45,28
486,308,42,30
487,306,40,31
485,304,42,33
486,305,42,32
487,306,41,33
486,307,44,31
484,306,46,32
484,307,45,30
486,307,44,31
485,309,42,29
485,311,45,28
485,309,45,28
483,311,46,28
482,311,49,28
484,310,47,30
485,309,47,30
483,311,48,29
485,309,47,29
485,311,49,28
485,312,48,28
486,311,45,28
485,312,46,27
484,314,49,26
486,313,47,27
482,311,50,27
483,313,47,27
485,310,45,28
485,311,44,27
482,311,48,27
485,311,47,28
482,312,47,28
483,310,49,29
485,311,45,32
485,313,44,28
484,313,46,29
483,313,47,32
483,313,47,32
484,315,46,33
484,312,43,34
485,311,43,34
484,309,45,33
484,310,43,30
484,309,43,30
482,310,48,29
481,310,49,29
483,310,47,29
482,310,48,29
483,312,48,28
482,310,48,29
482,310,49,30
483,310,48,28
483,311,49,30
482,310,48,29
481,309,48,29
482,309,48,29
481,310,49,29
481,310,51,28
482,309,49,30
483,309,47,30
480,310,50,28
481,308,49,30
480,307,50,31
480,307,50,31
481,308,48,29
481,309,49,29
482,307,50,31
482,308,49,31
482,308,46,31
483,309,49,29
482,309,47,28
482,309,48,28
482,311,49,27
481,309,49,29
481,310,50,28
480,310,50,28
480,311,53,27
480,312,52,27
479,312,53,27
480,312,56,26
481,311,54,28
479,311,54,26
481,312,53,26
479,310,59,28
482,309,58,27
484,310,57,30
484,308,55,30
484,307,55,29
485,308,57,29
485,307,56,30
488,312,53,27
488,309,52,29
490,308,52,30
492,310,50,30
493,309,50,30
489,310,49,28
490,310,47,28
490,312,49,28
492,312,47,27
490,312,49,27
491,314,49,28
491,316,53,26
492,317,56,26
492,316,62,28
496,316,62,28
498,317,59,29
490,314,66,31
499,313,59,32
501,312,57,33
502,310,57,35
502,309,57,34
504,312,55,31
506,312,52,32
507,314,52,31
501,313,51,30
505,316,53,30
504,320,58,26
506,317,54,27
508,312,50,30
511,310,43,31
511,310,39,30
512,312,44,28
511,312,49,27
512,310,50,28
509,310,49,29
511,310,51,29
512,307,52,31
510,307,51,33
511,307,44,30
510,307,44,32
511,307,38,31
510,307,34,30
510,307,32,29
511,307,31,31
510,308,32,31
511,309,30,29
511,309,31,30
511,309,31,29
512,309,32,30
510,308,33,29
509,308,33,29
509,309,33,29
511,309,31,29
511,310,31,28
509,309,33,29
508,310,33,26
509,309,29,27
509,311,29,27
508,312,26,27
509,310,26,27
508,312,25,27
509,310,26,28
509,312,26,26
508,310,26,27
508,310,26,27
509,312,27,27
518,312,26,25
523,312,25,25
523,314,30,21
524,313,35,20
534,314,33,22
541,313,33,23
541,313,37,23
548,311,37,25
551,311,37,25
555,307,32,28
556,310,33,28
558,309,31,29
556,309,34,29
558,309,33,28
559,308,32,29
559,308,31,28
558,308,30,29
559,309,29,29
559,309,30,30
559,308,30,29
559,308,30,30
559,309,29,30
559,310,29,28
559,309,29,28
558,309,31,29
556,309,35,29
557,308,32,28
559,310,31,28
559,310,29,27
559,311,29,27
558,310,30,28
559,309,28,27
558,310,29,28
560,309,30,29
559,307,31,29
556,306,31,30
558,307,29,31
558,306,31,32
557,305,31,32
557,306,30,32
556,305,32,32
558,305,32,32
557,306,31,31
559,307,30,30
558,309,33,28
559,308,32,28
560,311,32,27
559,309,31,27
560,310,29,27
561,309,26,27
561,309,27,28
559,311,28,27
559,312,31,27
561,312,27,25
560,312,27,27
560,310,28,28
560,310,27,27
559,311,27,27
560,310,29,28
559,310,29,28
560,310,29,28
559,312,30,26
560,309,28,27
559,309,30,28
560,311,31,27
560,310,28,29
560,310,29,27
561,309,27,29
560,311,29,27
559,310,28,27
560,309,28,29
560,307,27,29
560,307,27,31
560,307,25,30
560,308,26,30
561,306,25,31
560,305,26,33
560,305,27,32
559,306,27,32
560,306,29,31
560,309,27,29
562,307,26,30
561,307,27,30
562,308,27,29
561,307,26,31
561,306,27,31
561,306,25,31
560,307,29,30
561,307,27,30
561,307,26,31
561,308,27,30
560,307,28,31
560,308,27,31
561,308,26,30
561,308,28,29
560,307,29,31
561,306,27,32
562,307,27,32
562,307,25,31
563,306,26,31
563,306,25,31
563,307,26,32
562,306,28,32
563,307,26,32
563,306,25,32
563,307,26,32
563,306,22,32
563,307,25,32
563,307,24,30
561,308,26,30
560,306,25,31
563,307,24,30
562,308,27,30
561,307,25,30
560,308,27,30
561,310,27,29
563,309,23,27
560,310,26,27
561,309,25,28
562,308,26,29
562,309,27,29
560,311,26,28
557,309,29,28
552,308,24,27
552,310,26,27
545,312,29,25
550,315,30,23
558,312,29,26
565,310,29,30
567,310,24,29
567,309,23,29
566,311,21,26
565,311,21,26
561,310,22,26
559,309,21,28
557,309,21,28
555,310,20,28
552,310,20,28
551,310,21,30
549,310,24,28
538,310,29,26
541,312,23,23
530,312,23,23
519,313,27,24
513,305,25,31
502,306,32,32
487,305,32,31
487,306,38,32
492,308,32,30
506,306,28,28
518,308,24,28
517,306,25,28
518,304,22,29
519,305,27,30
521,306,30,31
518,303,36,33
521,303,38,35
520,302,42,36
521,300,43,40
521,299,47,39
520,299,49,39
518,299,49,40
512,299,48,39
497,299,48,38
482,301,52,38
467,301,52,38
456,303,52,35
457,301,52,37
452,302,53,35
455,302,51,37
452,303,52,36
453,303,50,37
453,304,50,39
452,306,50,39
451,307,49,40
451,307,50,40
447,310,44,40
440,308,45,39
444,309,39,38
440,309,43,37
441,307,42,39
447,310,46,39
454,313,44,38
458,313,45,39
461,315,46,38
464,316,48,36
465,314,44,39
464,311,46,41
464,312,44,40
464,309,47,40
463,308,46,39
463,304,47,39
465,305,48,40
464,302,49,40
463,303,49,40
463,302,50,41
462,303,48,38
463,301,48,39
462,302,49,40
462,301,51,42
462,301,51,42
462,301,51,41
462,302,52,42
461,300,56,42
460,300,53,41
461,300,51,42
460,301,51,41
460,301,47,40
460,301,42,39
460,302,36,37
461,300,36,39
460,303,35,36
459,301,37,37
458,302,42,38
458,301,41,38
460,302,38,38
458,300,41,39
454,301,49,39
455,303,52,40
455,302,53,40
456,304,54,41
452,305,59,40
455,304,55,41
453,309,55,38
454,307,52,41
451,308,57,41
452,309,55,43
454,315,58,40
452,318,56,39
452,319,58,41
452,319,55,41
452,321,56,40
451,321,58,39
450,321,58,38
449,321,62,37
450,322,62,39
453,320,57,38
452,320,60,40
453,321,58,41
452,320,60,41
452,322,57,40
454,322,54,39
453,322,53,39
451,324,55,39
453,327,55,39
452,327,57,39
452,329,55,35
454,328,51,38
448,329,54,36
450,327,55,37
452,328,53,36
452,327,51,36
453,325,47,36
453,324,47,36
453,325,46,36
453,323,47,36
452,323,47,35
453,321,45,36
452,322,45,34
454,319,39,36
454,319,38,36
452,317,38,37
455,317,32,33
456,317,29,32
457,316,26,31
457,317,25,29
457,318,25,28
455,317,26,28
456,319,29,27
456,317,30,29
456,312,32,34
455,312,36,33
457,311,40,37
454,309,47,37
454,310,48,36
454,311,46,35
454,310,49,37
455,308,53,38
455,308,57,38
452,307,63,40
453,305,71,44
452,308,77,41
451,306,78,41
450,309,72,39
451,305,66,42
451,305,65,40
451,304,64,41
450,303,68,41
470,299,59,41
471,302,51,41
471,300,46,40
475,301,39,38
472,300,41,38
472,302,40,36
470,301,43,35
474,302,38,36
472,303,43,36
473,301,43,38
475,300,44,38
474,301,43,39
472,302,46,37
472,299,51,41
470,299,57,42
469,297,65,44
468,296,65,46
474,297,60,46
469,297,68,46
468,298,72,45
469,298,71,47
469,295,64,47
470,297,66,45
471,296,68,47
471,298,75,47
470,297,84,46
468,298,89,45
465,299,93,45
468,298,94,47
466,300,97,46
468,299,94,44
469,301,93,45
470,302,92,45
472,301,101,48
468,302,91,46
472,303,92,45
464,301,82,44
468,302,79,44
469,301,82,46
470,304,73,43
468,302,71,44
466,301,73,44
468,302,70,46
466,301,73,45
466,302,74,44
468,304,72,44
468,302,70,45
468,302,70,46
467,302,75,46
467,302,73,44
466,300,70,45
468,301,64,44
466,301,67,44
466,301,71,45
467,299,71,45
467,302,76,44
469,299,73,45
472,298,70,47
472,298,75,45
472,296,81,46
469,300,90,45
469,298,97,45
471,296,90,48
470,298,90,47
469,300,93,45
469,301,95,42
469,299,95,44
472,299,93,45
472,299,90,46
469,299,89,44
470,298,85,46
469,299,88,45
467,297,92,45
470,298,89,44
471,299,90,46
468,300,97,44
469,299,92,45
467,299,96,44
468,299,96,45
469,298,96,46
468,299,102,47
468,298,104,46
467,299,105,46
466,301,105,44
467,300,107,46
468,300,108,46
468,301,112,45
469,300,111,46
467,300,106,45
468,300,110,46
467,301,108,46
471,302,106,45
461,301,101,43
464,299,110,45
466,301,113,46
468,301,113,43
446,300,115,42
454,300,113,44
471,301,99,43
471,300,103,45
470,300,117,46
473,302,120,46
467,301,111,43
470,301,115,46
470,300,117,46
469,300,108,47
468,299,100,47
469,296,85,47
467,298,90,44
466,298,91,46
469,298,88,47
470,300,94,43
471,299,92,44
473,299,88,46
476,299,85,45
471,298,83,45
477,297,82,45
478,299,81,45
467,297,86,46
478,300,80,43
480,297,77,44
478,299,78,43
480,297,76,45
481,298,75,43
456,299,82,43
479,298,82,44
455,298,90,42
455,299,99,43
459,298,99,42
460,300,102,45
465,298,96,43
464,299,97,42
466,300,94,41
467,299,92,42
467,298,94,43
470,297,90,43
472,298,87,44
475,299,79,42
475,300,81,42
474,297,85,42
475,299,81,42
476,298,81,43
477,297,74,45
477,297,70,44
480,299,71,43
481,297,66,43
479,298,73,45
479,297,70,46
480,297,70,46
480,296,72,44
480,297,74,45
481,297,72,42
480,298,73,43
480,297,73,44
481,297,73,45
482,298,70,42
482,297,72,42
481,298,69,41
478,295,79,44
479,297,77,42
480,298,76,44
479,297,76,42
477,296,77,42
480,297,76,41
479,297,71,39
480,298,72,34
478,299,75,24
477,298,72,26
464,299,69,22
466,299,66,25
476,300,57,23
480,300,52,22
475,300,49,21
479,300,46,22
480,300,42,23
481,301,37,21
480,300,33,21
481,300,33,21
481,300,34,22
480,301,34,21
480,300,34,21
480,300,33,21
480,301,33,21
480,300,34,21
480,301,33,21
480,301,34,22
480,301,31,22
481,301,28,21
481,302,29,20
481,301,28,20
481,301,28,21
481,301,28,21
481,302,30,21
480,301,31,20
481,300,32,21
480,300,34,21
481,302,34,21
481,302,29,21
481,303,29,20
481,303,30,20
480,302,31,20
481,302,31,20
481,302,31,20
481,301,31,20
481,302,30,20
480,300,30,21
481,301,30,21
480,301,31,20
481,302,32,21
481,301,33,20
480,301,32,22
480,300,34,22
481,300,34,22
480,300,35,22
480,301,32,21
481,301,31,21
479,301,30,21
481,301,31,21
480,302,34,21
481,302,32,21
481,301,31,21
481,301,32,21
480,301,31,21
481,301,32,21
480,301,31,21
480,302,32,20
479,301,32,20
481,301,31,21
480,302,30,21
481,301,30,21
480,300,30,21
481,301,30,20
480,302,31,21
481,301,31,21
480,302,31,21
481,301,31,20
481,301,31,21
480,301,31,21
481,302,31,20
480,302,29,20
480,301,30,20
480,301,28,20
482,302,27,21
481,301,29,20
481,301,29,20
480,301,29,20
481,300,28,21
479,301,30,20
481,301,29,21
480,302,31,20
480,302,31,21
480,300,30,21
480,300,30,20
481,302,30,20
481,301,28,20
480,300,27,21
480,301,30,21
480,300,30,21
480,301,29,21
479,301,31,21
480,300,30,21
481,301,30,21
480,301,30,20
479,300,30,20
480,301,30,21
481,302,30,21
480,300,31,21
480,301,29,21
480,300,29,21
480,300,29,22
482,300,27,21
481,301,28,21
480,301,30,21
480,301,30,21
480,301,30,21
481,301,30,21
480,301,31,21
480,301,30,21
479,301,32,21
480,301,31,21
479,302,32,21
481,302,33,21
480,301,29,20
480,302,31,20
481,301,29,20
481,300,28,21
480,301,29,21
481,301,29,20
481,301,31,21
480,300,31,21
480,300,32,21
480,302,31,21
479,300,33,21
480,301,33,21
480,302,32,21
480,300,33,21
479,300,33,21
479,301,33,21
479,300,33,21
479,301,34,21
479,301,34,20
480,301,33,21
480,301,33,21
479,301,34,21
479,301,35,21
479,301,34,21
481,301,33,21
481,300,32,21
480,300,35,22
481,300,35,22
480,300,32,21
479,301,33,21
480,301,36,21
480,301,32,21
481,302,32,21
480,300,34,21
480,301,36,21
481,301,34,21
480,302,32,21
480,302,32,20
479,302,34,20
481,301,33,21
480,301,36,21
481,301,34,21
481,301,34,21
480,300,33,21
480,300,33,21
479,300,34,21
480,300,35,21
480,301,31,21
480,301,31,21
480,300,30,20
480,301,30,21
479,302,31,20
480,301,30,20
479,300,33,21
480,301,33,21
480,302,33,21
479,302,36,21
480,301,34,21
480,302,36,21
481,301,35,21
480,302,34,21
480,301,36,21
479,301,34,21
481,301,32,21
480,301,35,21
481,301,34,22
480,301,32,20
479,300,30,21
480,302,29,20
480,301,29,20
479,302,29,20
481,301,29,21
481,300,28,20
480,300,29,22
480,301,28,20
480,301,29,21
480,300,27,20
480,302,27,21
480,301,29,20
480,302,28,20
479,300,28,21
479,301,29,21
480,302,31,21
480,301,31,21
479,301,29,20
479,301,31,20
479,301,32,21
479,300,31,21
479,301,31,21
479,301,31,21
480,300,31,20
480,301,32,21
480,301,33,21
479,302,32,20
479,300,33,21
480,300,33,21
480,301,33,22
481,301,33,21
480,301,34,21
479,300,32,21
480,301,32,21
479,301,33,21
480,300,32,22
480,301,34,21
480,301,34,21
480,301,34,21
479,301,32,21
480,302,32,21
479,300,32,21
481,301,30,21
480,300,31,21
479,300,34,21
479,302,36,21
480,301,36,22
480,301,36,21
479,302,35,21
479,301,36,21
479,301,35,22
480,301,36,22
479,300,35,21
480,300,36,21
479,300,35,22
480,300,36,21
479,300,34,21
480,301,35,21
479,301,35,21
480,301,33,21
479,300,35,21
480,301,35,21
479,302,36,21
479,302,34,20
479,301,37,22
480,301,35,21
480,301,35,21
479,302,34,21
480,302,36,21
478,301,38,22
480,300,35,22
480,302,32,21
479,300,36,21
480,300,36,22
480,300,35,21
479,301,35,21
480,300,36,21
479,300,32,21
480,300,34,21
480,301,34,22
479,301,35,21
479,301,34,21
478,302,37,21
479,300,36,21
480,301,33,21
479,301,35,21
479,301,38,21
478,300,38,22
478,301,39,21
480,300,38,22
480,300,36,22
480,301,33,22
479,301,36,22
479,301,36,22
479,300,37,22
479,299,37,22
479,302,35,21
479,300,35,21
479,301,35,22
478,300,37,22
479,300,35,21
479,300,34,22
480,300,32,22
479,300,32,21
478,301,33,21
480,301,30,20
478,300,31,20
478,301,34,21
479,302,34,21
479,300,34,22
479,301,34,21
479,300,36,22
478,300,35,22
479,301,35,21
480,300,32,22
479,301,33,21
478,300,32,21
480,302,32,21
479,301,33,21
478,300,35,21
479,301,35,22
479,301,33,22
479,300,33,21
478,301,34,21
480,300,32,22
480,300,33,22
479,300,33,21
480,300,32,21
479,300,33,22
480,301,34,22
479,300,35,21
479,301,31,22
479,301,31,21
480,302,29,21
480,301,30,21
479,301,34,21
478,300,34,22
479,301,33,21
479,301,34,21
479,301,35,21
479,301,36,21
479,301,34,21
479,301,34,22
478,301,34,21
478,300,37,21
478,301,33,21
480,302,31,21
479,301,30,21
478,300,31,20
478,301,32,22
477,300,32,21
477,301,32,21
479,302,32,21
478,301,33,20
478,300,31,20
478,302,32,21
478,301,32,20
478,300,35,21
478,301,35,21
478,301,34,21
478,300,36,21
479,301,36,21
479,300,34,22
479,301,35,22
478,300,37,21
478,301,36,21
478,300,34,22
478,301,34,21
478,301,37,20
479,300,33,21
478,300,32,21
479,301,34,20
480,301,32,21
479,301,33,21
480,302,31,21
478,300,34,20
478,302,36,21
478,302,37,21
478,300,34,21
479,300,35,21
480,302,32,21
479,301,36,21
479,300,32,21
478,302,32,20
479,300,30,20
479,301,32,21
479,300,34,21
479,300,33,21
479,301,30,21
478,300,31,21
479,301,31,21
479,301,30,20
480,302,30,21
479,301,30,20
479,302,30,20
478,301,31,21
480,301,30,22
479,300,31,22
479,299,33,23
479,301,31,22
478,301,30,22
480,301,30,22
479,300,31,21
477,300,31,22
478,300,30,21
480,300,29,22
479,301,28,22
479,300,31,21
478,300,33,21
478,300,31,21
477,300,33,22
479,300,33,21
478,300,31,21
479,302,31,21
478,300,30,21
478,301,32,22
478,301,35,21
479,300,33,21
479,300,33,21
479,300,33,22
477,300,33,22
477,301,33,21
477,301,35,21
479,301,31,21
478,300,32,21
479,300,31,21
478,300,30,21
478,301,32,21
478,300,32,21
479,301,31,22
478,300,33,21
478,300,34,22
478,300,35,22
478,300,34,22
478,301,34,21
479,301,36,21
478,300,35,21
478,301,33,21
479,300,33,20
479,301,32,22
478,301,32,21
478,300,33,21
478,300,34,21
479,299,31,22
478,299,32,22
478,300,31,22
478,300,33,21
478,300,33,21
479,301,32,21
479,301,32,22
479,301,32,21
478,301,32,21
479,300,31,21
479,300,30,22
478,300,29,21
478,300,31,21
478,301,32,22
478,300,32,21
479,301,31,21
478,300,29,21
478,300,31,21
478,300,31,20
478,300,30,21
479,301,31,22
479,301,33,21
479,301,31,21
478,300,32,21
478,300,32,21
478,301,31,21
478,300,33,21
478,300,33,21
479,300,32,21
478,301,33,21
478,301,33,21
478,302,35,21
477,300,35,21
478,300,35,21
479,301,36,21
479,302,34,21
478,301,34,20
479,301,31,20
478,302,34,21
479,302,37,21
477,302,37,21
479,301,34,21
478,300,33,21
478,302,31,20
479,301,32,20
478,300,32,21
478,300,32,20
478,302,34,21
477,301,34,21
479,301,32,21
478,301,32,20
477,302,34,20
478,302,35,21
478,301,34,20
478,301,33,20
478,302,31,21
478,301,30,20
477,301,31,21
478,301,31,20
479,302,32,20
479,301,32,20
479,301,28,20
478,301,27,21
477,301,30,20
479,301,29,21
479,300,29,21
477,301,31,21
479,302,30,20
479,300,32,25
480,301,32,24
479,301,31,22
481,300,25,26
479,299,27,30
480,301,29,29
479,301,30,22
479,301,27,22
479,301,28,23
479,301,30,27
479,300,29,34
477,299,31,37
477,299,32,37
476,300,34,36
474,301,34,35
473,298,33,37
474,300,37,35
471,299,39,31
474,299,36,27
475,299,33,26
477,300,34,24
479,301,29,21
478,302,29,19
479,301,29,20
478,301,28,19
478,300,28,21
478,300,27,22
480,301,25,24
479,301,27,31
480,299,28,36
480,301,26,37
480,300,27,38
479,299,29,38
480,298,27,38
479,298,29,39
479,300,33,38
480,300,28,36
478,299,29,36
478,299,30,37
478,299,26,35
478,298,27,37
476,300,30,37
475,299,32,37
474,299,33,36
475,300,34,38
476,299,37,39
478,301,29,38
476,298,34,39
477,299,32,40
477,300,35,41
477,302,32,38
476,299,34,39
474,298,34,39
476,301,36,38
474,298,37,40
474,298,42,40
474,300,50,42
474,299,52,40
474,297,52,40
472,297,59,44
477,296,56,45
475,297,52,43
477,297,51,41
476,298,50,41
476,297,47,42
477,297,45,44
478,300,42,40
477,300,44,41
477,299,43,41
461,301,52,38
460,300,52,39
456,301,60,38
446,302,66,37
444,301,65,38
443,304,56,36
443,303,53,35
443,302,57,35
444,300,64,40
445,300,58,38
444,301,59,37
443,303,61,36
445,302,59,36
444,301,58,36
448,302,65,35
443,304,56,34
442,303,61,36
444,302,59,36
459,300,61,40
469,298,57,43
474,299,53,43
478,298,52,43
470,297,57,45
474,297,56,45
471,297,62,44
473,298,57,43
472,299,60,44
473,297,58,43
476,296,57,44
472,298,63,45
475,298,60,46
474,298,62,44
474,296,59,46
473,296,66,46
473,300,63,45
476,297,56,45
475,296,59,45
472,299,65,44
472,299,62,45
473,297,61,44
474,298,60,45
472,297,60,45
473,299,62,44
475,298,64,45
474,296,60,47
472,296,62,47
469,297,67,45
473,298,66,46
473,296,63,46
471,294,68,48
471,299,73,46
471,297,74,47
472,298,73,45
468,297,71,45
472,297,72,45
469,298,81,45
470,299,79,44
472,299,81,45
469,297,84,45
469,300,82,44
471,298,75,45
470,298,79,46
474,298,73,45
447,295,82,47
472,298,79,46
466,294,87,49
465,296,87,49
450,297,102,43
440,299,111,40
443,298,118,42
443,299,121,43
443,299,119,41
443,299,121,42
441,300,123,41
444,298,120,42
441,301,129,41
441,298,123,42
443,300,125,44
443,299,122,43
445,298,116,43
443,298,119,43
442,300,127,41
442,301,124,40
444,300,121,41
447,299,115,42
442,303,125,39
442,302,122,40
440,302,129,38
438,301,138,40
438,305,135,35
441,301,134,41
440,299,128,41
438,303,138,41
440,300,131,41
443,299,131,43
439,299,138,47
442,299,136,45
441,299,133,44
442,300,128,42
442,300,120,43
445,301,120,42
443,300,126,42
442,302,125,40
444,299,127,41
444,301,122,40
447,300,119,42
447,299,115,41
447,301,117,41
447,300,117,41
446,301,117,39
443,300,122,40
443,300,122,40
446,301,123,41
444,299,124,41
446,301,122,40
446,301,128,42
445,299,133,43
446,299,131,45
445,301,127,42
444,301,127,40
445,301,123,41
448,300,123,44
446,298,121,42
445,302,130,41
446,302,127,41
447,300,124,42
451,299,119,46
450,299,112,43
450,297,116,45
448,300,126,45
450,299,114,43
447,301,119,44
448,300,116,42
445,299,120,45
448,300,114,44
447,300,114,42
448,300,117,42
451,299,112,43
449,301,116,42
448,299,116,41
448,299,115,43
449,300,116,42
449,301,120,41
446,300,124,44
451,301,119,42
447,301,112,40
450,300,115,42
447,300,120,43
449,301,115,40
448,301,117,42
448,300,117,42
446,301,125,42
448,301,119,41
450,302,113,42
447,302,120,40
446,302,123,41
448,300,121,41
448,299,121,44
448,300,117,41
446,300,121,41
447,301,120,39
447,301,125,42
447,301,125,41
445,301,125,39
445,301,127,40
444,299,127,43
443,300,132,44
441,304,128,39
443,301,122,41
444,299,120,41
441,303,127,40
443,302,120,39
442,301,120,40
441,300,124,41
443,300,126,41
441,300,122,41
441,301,130,41
442,300,132,41
440,304,126,38
439,303,123,38
441,303,132,40
440,302,132,41
438,302,127,41
438,301,132,41
438,303,133,40
438,300,131,40
437,303,135,40
436,301,133,40
437,302,131,41
436,301,134,41
437,304,130,40
436,305,130,37
437,303,130,37
437,301,132,39
437,301,133,40
435,304,139,37
435,302,140,39
438,302,138,43
435,302,144,42
435,306,141,38
437,302,144,42
435,302,148,42
433,303,147,39
434,301,140,41
434,304,148,41
435,301,140,42
436,301,137,41
436,301,135,40
438,300,136,42
438,299,139,43
437,303,142,40
439,302,135,40
440,301,132,40
441,299,130,42
442,300,130,42
440,301,132,41
442,300,132,41
441,299,139,41
444,301,144,41
443,303,148,40
446,299,147,44
445,301,147,41
446,305,138,35
446,301,142,40
447,305,144,35
445,303,137,37
446,301,137,40
447,301,127,41
448,299,123,41
446,303,130,39
446,300,128,41
445,301,124,40
445,301,123,40
445,299,119,41
447,301,115,41
445,300,116,41
447,299,122,42
446,300,126,43
444,300,127,41
443,301,126,42
444,300,123,41
444,300,127,43
444,299,123,40
444,303,135,39
445,301,133,39
444,300,130,39
443,300,125,42
445,302,115,41
443,299,113,40
446,297,121,44
445,299,123,43
443,301,120,42
444,297,116,42
446,300,114,42
446,299,115,43
443,301,108,41
451,301,123,41
447,299,132,44
444,301,138,43
444,298,132,44
444,300,130,44
440,300,145,42
442,300,144,41
444,302,136,42
444,301,144,42
443,300,142,41
441,303,145,38
443,301,143,40
443,303,137,39
442,302,143,39
444,300,136,43
444,303,139,37
446,299,126,43
445,303,119,37
443,301,116,39
442,303,113,39
444,301,108,40
446,302,102,39
446,300,105,40
447,301,109,39
448,300,97,40
459,299,104,42
458,297,106,43
449,298,119,42
448,297,121,44
450,298,117,46
451,299,119,46
449,298,120,43
447,298,124,45
450,300,121,43
448,297,120,44
450,298,118,45
451,298,119,44
449,299,122,45
448,301,126,41
447,299,122,43
449,299,121,45
447,299,120,44
449,299,120,44
447,299,125,43
447,299,125,43
446,298,120,43
448,300,117,43
448,299,117,43
447,298,113,43
447,298,119,43
448,299,122,43
445,300,125,43
446,299,124,45
450,298,112,42
447,298,119,44
447,300,117,43
447,299,117,42
448,300,115,41
449,299,113,42
449,299,116,43
450,299,116,43
451,299,115,44
449,299,119,45
449,299,119,45
445,298,125,42
447,300,119,42
448,298,115,44
447,298,124,44
448,300,133,43
446,302,135,38
447,299,143,43
446,302,150,42
447,302,146,40
447,302,144,41
447,302,146,41
447,297,140,43
447,301,142,40
447,301,143,41
448,302,136,40
446,301,135,42
445,302,135,39
446,299,131,42
444,301,127,41
445,300,134,43
445,302,129,40
446,300,126,41
448,300,120,44
445,299,129,43
446,300,131,42
446,302,134,42
446,300,128,43
447,301,128,43
445,300,134,42
444,300,143,43
446,302,141,40
447,300,137,42
447,301,137,42
447,301,130,40
448,299,122,43
448,299,122,42
447,300,126,43
446,300,132,41
447,301,124,43
448,300,120,43
446,299,123,44
446,300,121,41
447,298,122,44
448,299,122,45
449,299,126,44
446,298,129,44
446,300,130,43
447,301,129,43
447,301,124,42
447,299,124,42
446,302,127,41
447,301,121,39
450,300,115,41
448,299,117,45
450,299,118,43
447,300,122,42
449,300,120,44
446,301,127,40
447,304,124,41
445,303,132,40
446,301,125,40
445,301,127,42
444,301,131,42
446,302,130,39
445,301,135,41
445,302,124,41
444,301,125,40
444,302,120,39
443,302,122,40
443,301,119,39
442,301,121,41
441,300,127,41
444,303,133,41
442,300,137,42
441,302,134,39
442,302,138,41
441,303,141,41
440,301,140,41
439,304,144,38
441,302,136,38
442,304,144,39
442,302,140,41
441,306,138,36
439,303,141,38
441,301,136,39
440,302,133,39
440,302,138,39
441,301,135,41
441,303,134,39
443,301,126,41
442,300,135,40
442,303,132,39
443,302,132,40
443,301,130,40
442,300,136,41
442,302,130,40
442,302,128,40
440,301,126,41
442,301,123,40
439,301,120,41
441,300,127,41
440,302,129,38
440,300,133,40
439,302,136,40
440,300,136,41
440,303,133,40
440,302,132,39
440,301,132,40
440,300,124,40
441,298,127,43
443,300,122,43
441,300,126,43
441,300,126,41
439,300,129,42
440,300,128,40
441,300,126,42
441,298,131,44
439,301,131,40
438,299,136,44
440,300,135,41
439,304,137,39
440,301,132,39
440,300,134,41
438,301,133,40
437,301,138,39
439,301,135,42
440,303,135,39
440,301,137,39
440,300,138,41
441,301,136,43
440,301,136,41
441,301,134,39
441,302,133,42
440,301,135,42
438,301,144,41
438,303,150,41
439,301,146,41
440,304,147,39
441,300,138,40
440,301,143,43
440,302,137,40
441,299,137,42
440,304,141,39
441,299,137,42
439,301,129,41
437,300,127,41
441,301,137,42
440,304,144,39
442,302,146,41
442,300,144,41
442,303,149,40
443,302,144,40
444,302,139,41
444,301,135,40
444,300,141,43
443,303,136,40
443,301,134,42
442,302,137,40
442,301,132,41
442,300,134,42
441,302,140,42
442,302,131,41
442,301,135,41
442,301,141,40
443,304,138,37
444,301,132,40
443,301,136,41
443,303,143,39
442,302,148,42
443,303,145,40
444,303,144,40
443,302,142,39
443,301,144,41
444,303,138,39
444,302,134,39
444,301,137,41
443,305,133,37
443,304,134,38
444,302,137,39
443,302,137,41
442,304,134,40
443,304,144,38
443,304,143,39
442,303,144,40
441,304,142,39
443,303,137,39
444,303,136,38
443,302,144,40
442,303,143,40
442,303,131,38
443,302,128,39
443,302,129,38
442,301,122,38
441,301,128,41
441,303,137,38
443,302,137,39
443,300,128,40
442,304,138,37
443,302,141,38
443,304,143,39
443,303,145,40
444,305,143,36
441,301,151,41
444,306,142,36
443,302,143,38
443,306,154,35
442,303,143,39
443,301,142,41
441,303,150,38
442,306,152,34
441,305,146,37
442,302,144,38
444,305,141,38
441,305,146,35
440,303,147,37
441,303,142,38
443,303,140,38
443,302,139,41
442,303,144,38
443,303,137,38
444,301,134,39
441,300,137,40
442,302,134,40
443,301,139,39
443,304,140,39
443,301,146,40
443,304,139,37
444,302,132,39
443,301,137,40
442,300,135,40
443,305,137,36
442,304,141,35
442,303,139,38
444,301,137,41
442,307,148,34
441,303,146,37
442,304,141,38
442,303,143,36
440,302,139,40
441,303,130,37
442,299,127,41
442,305,144,39
443,303,145,39
443,304,147,37
444,301,139,43
443,303,142,41
443,301,136,41
442,301,132,40
441,299,136,41
441,303,134,40
440,302,131,38
440,299,129,42
443,299,126,42
442,299,122,42
446,300,121,42
443,299,124,42
443,302,128,40
444,300,129,41
445,301,124,42
443,299,131,41
444,299,127,42
444,300,131,42
443,301,134,38
443,302,127,39
442,301,128,40
445,300,125,40
444,300,126,40
443,299,127,41
443,299,133,42
441,300,137,40
443,301,134,40
445,300,136,40
446,299,131,43
443,298,137,44
442,299,142,42
445,300,135,43
444,301,133,40
443,301,133,41
444,301,137,41
444,301,132,40
443,299,126,40
441,300,130,42
442,300,126,38
442,300,122,41
442,299,132,42
446,301,131,44
445,300,122,40
446,300,119,42
444,299,121,42
445,299,116,43
446,299,109,43
449,300,110,44
445,299,113,42
447,299,123,44
446,300,125,39
445,299,126,43
446,299,127,42
448,300,118,43
445,299,125,42
445,301,132,41
445,302,130,39
446,301,123,41
443,301,130,42
444,299,130,42
443,301,128,42
444,300,124,40
445,300,129,42
445,302,126,41
445,301,127,39
446,300,123,43
448,299,119,42
445,300,125,42
445,300,125,41
444,301,129,42
444,300,128,41
441,302,131,40
442,300,125,40
443,298,125,43
444,300,118,41
445,299,125,41
444,300,126,43
445,300,116,41
446,300,117,41
446,301,117,41
443,299,119,41
442,299,123,41
442,300,122,42
443,301,122,42
442,301,123,41
441,300,126,41
442,301,116,38
441,300,129,40
443,299,125,40
442,301,123,39
445,301,116,39
443,302,116,39
447,301,120,41
443,301,127,40
442,300,130,38
443,301,133,41
443,301,132,39
443,301,130,39
442,301,135,40
442,301,132,40
443,300,130,40
443,300,133,42
442,302,129,39
442,302,133,38
442,302,134,38
443,300,128,40
445,300,129,40
444,301,122,40
442,301,132,40
444,303,134,40
442,301,134,39
443,299,133,40
443,304,142,39
444,303,142,40
443,301,134,41
443,303,123,39
442,301,122,39
446,300,119,41
442,303,117,38
442,300,119,40
445,300,121,42
443,302,125,41
442,301,131,41
442,300,128,41
444,302,132,41
443,301,129,41
444,301,124,41
444,299,126,43
445,300,127,42
444,299,122,44
447,300,120,42
443,299,121,41
443,302,130,40
442,302,131,40
443,300,125,40
444,301,123,41
440,300,129,42
438,303,138,40
440,302,136,38
442,301,128,40
443,299,129,43
443,301,131,41
442,299,122,40
446,300,124,42
442,302,120,38
443,299,129,42
442,303,128,39
443,302,130,39
443,301,129,39
444,302,125,40
443,301,128,41
445,300,122,41
446,299,116,41
444,299,117,42
444,299,116,41
446,299,122,41
444,299,117,41
448,299,116,44
447,298,114,43
446,299,124,43
448,299,124,43
450,299,115,42
447,299,118,42
445,298,125,44
449,297,119,46
445,299,126,42
443,301,125,40
446,299,118,41
443,300,121,40
445,299,120,41
444,300,118,41
443,300,122,40
443,299,125,42
443,301,135,41
444,299,134,41
444,303,138,40
445,302,133,40
445,302,136,40
443,302,144,41
444,304,137,38
445,302,130,39
444,301,128,41
444,300,128,43
444,299,129,41
447,298,122,43
445,300,121,43
445,299,124,42
444,299,125,42
445,299,124,42
443,297,127,43
444,298,123,41
444,299,124,38
445,299,131,40
444,299,135,41
442,300,140,41
444,298,132,41
442,301,136,41
443,299,134,41
444,300,136,43
443,300,132,39
444,300,128,41
446,299,120,41
445,298,126,42
444,298,125,40
445,298,129,39
446,297,125,40
446,298,124,39
445,299,129,40
447,298,123,41
446,299,126,42
446,300,131,41
445,300,136,42
445,301,137,39
446,300,137,43
444,300,141,39
445,301,132,39
447,300,138,40
446,299,140,39
443,299,149,39
445,300,144,38
445,301,140,41
445,297,139,45
445,302,135,42
446,301,137,42
444,299,145,45
445,297,134,45
445,300,130,42
443,300,131,41
443,301,128,40
443,299,130,41
442,299,134,42
443,299,129,42
445,298,123,42
445,298,127,44
445,300,126,41
444,301,130,42
443,298,134,43
442,301,131,38
444,301,131,40
445,301,128,41
447,299,127,41
446,300,131,41
444,300,137,42
443,299,134,41
444,299,134,42
442,299,139,41
441,299,142,41
443,300,142,43
441,300,139,41
441,300,139,41
442,302,144,41
443,300,134,41
443,300,136,42
442,300,143,42
442,303,144,40
444,299,133,43
441,305,130,36
442,303,135,38
443,300,134,40
442,302,135,39
441,301,133,40
441,303,134,37
442,302,126,37
443,300,123,41
441,300,116,39
445,305,122,37
443,304,132,36
440,301,135,40
440,301,135,39
440,303,134,37
442,301,132,41
442,300,128,40
442,301,130,40
442,301,128,38
442,300,120,39
438,302,117,37
453,298,115,44
444,298,113,43
442,300,108,41
444,299,121,41
441,300,121,42
440,299,126,41
436,302,131,40
438,301,122,39
436,301,131,39
436,301,132,39
437,302,128,40
439,302,122,38
438,300,118,41
439,301,116,41
440,299,121,41
437,301,130,41
435,300,137,39
436,302,137,42
436,299,133,43
435,302,138,40
434,299,137,45
433,301,141,42
432,305,142,37
434,303,131,39
434,301,140,42
435,305,135,38
437,302,132,40
436,300,136,40
437,301,134,41
437,302,137,40
439,300,129,41
439,299,128,41
438,300,128,39
437,303,127,38
438,301,128,37
441,299,126,41
440,303,123,39
440,302,113,36
442,301,119,39
444,301,116,41
444,300,117,40
443,300,109,40
447,299,113,40
446,298,115,42
448,299,123,45
445,300,124,41
444,300,127,41
443,301,129,40
448,299,118,42
445,298,121,42
445,299,127,43
445,300,128,42
444,299,130,43
444,300,132,44
446,300,122,43
444,298,127,44
444,300,129,42
448,300,121,43
444,300,120,40
449,299,114,44
448,300,107,42
448,300,117,41
444,299,114,41
449,299,114,41
446,300,119,41
447,300,119,42
443,300,125,42
446,301,129,41
445,300,125,41
448,299,123,41
447,300,126,40
448,299,120,43
448,299,124,42
447,300,129,42
448,299,131,42
448,300,131,43
446,299,134,41
449,299,127,44
447,299,129,45
448,299,133,42
446,300,136,42
446,300,136,44
445,299,131,41
444,299,128,44
447,300,124,42
445,300,121,41
446,299,120,43
448,298,118,45
448,299,116,43
447,298,117,42
445,298,117,42
446,300,116,40
443,299,124,41
444,299,125,41
444,299,124,41
444,298,125,42
447,299,119,43
445,300,123,43
445,298,122,43
445,300,126,41
445,299,122,42
444,301,127,42
446,301,124,40
445,302,127,39
443,303,130,38
444,302,132,39
444,301,128,40
445,300,129,41
446,301,127,42
446,300,130,41
445,303,135,40
446,303,132,40
447,301,133,40
446,302,129,41
446,301,128,41
444,300,133,41
446,301,127,42
445,300,127,40
445,299,128,43
446,299,130,42
445,302,136,42
445,300,134,41
445,301,127,40
446,300,123,41
444,300,124,42
442,300,131,40
443,299,133,43
443,301,137,40
442,299,140,41
443,301,137,42
445,301,127,41
444,300,136,44
443,299,131,43
442,300,135,43
442,301,144,40
444,301,135,39
445,299,127,43
442,299,133,42
444,301,128,41
445,300,125,40
443,298,124,40
443,299,129,40
442,298,134,40
442,298,131,41
443,297,126,41
442,299,129,40
442,298,133,41
441,297,137,41
441,298,137,41
441,301,140,39
447,298,132,41
445,300,133,41
445,300,141,42
444,301,141,43
445,303,135,39
445,301,129,39
444,298,130,42
444,298,133,43
443,299,135,42
444,299,135,42
444,301,135,40
444,300,133,42
443,302,123,39
441,299,129,39
443,298,126,42
444,298,127,42
445,302,133,40
444,300,132,39
444,300,135,39
444,300,123,39
443,301,128,40
445,298,120,42
445,298,117,42
446,301,117,39
442,300,125,40
443,300,130,41
441,300,135,40
443,301,136,41
442,300,132,40
441,300,128,40
444,301,126,42
444,299,128,42
442,300,133,41
446,301,130,41
445,299,129,42
444,301,134,39
445,301,132,41
445,299,128,41
446,299,128,42
447,301,128,43
445,299,128,41
444,302,133,41
445,302,132,40
445,299,130,42
445,303,133,41
445,301,132,40
447,301,128,42
449,300,122,43
447,299,121,42
447,299,121,43
445,301,127,41
446,300,122,42
444,299,122,42
445,300,123,42
443,299,120,40
445,298,123,44
446,299,119,43
444,299,120,42
447,300,122,41
445,298,126,44
446,301,126,41
446,300,124,40
448,300,125,42
445,301,129,41
445,299,129,42
448,300,125,40
448,298,124,41
447,298,123,45
448,301,128,41
447,299,124,41
447,299,118,41
449,300,104,42
448,299,96,41
464,298,98,46
449,300,106,41
449,300,99,40
448,301,90,40
448,301,88,40
449,303,96,36
448,304,88,36
447,308,86,33
447,305,73,35
449,310,66,29
447,311,62,28
447,309,64,28
447,312,59,26
449,313,53,25
448,313,46,25
449,313,44,25
447,311,42,27
449,310,45,27
446,310,41,26
449,310,46,28
449,309,49,28
450,309,47,28
448,309,48,28
450,306,47,32
450,304,50,34
454,302,57,37
452,301,59,36
466,298,58,40
464,300,53,39
472,300,43,37
473,301,39,37
474,299,36,37
474,300,35,36
475,299,35,36
475,302,35,36
477,300,34,37
477,302,34,37
475,301,34,37
476,299,36,39
475,301,35,38
476,300,35,38
475,298,33,40
474,299,35,40
473,298,39,40
472,300,41,41
473,299,40,39
474,300,37,37
473,298,35,39
473,301,31,39
473,300,35,38
473,299,37,38
474,300,33,38
476,301,25,36
477,301,26,37
476,300,28,37
476,299,26,37
477,299,28,38
479,301,25,37
478,300,31,39
478,299,31,37
480,300,27,38
480,300,27,38
480,302,29,36
482,300,27,36
483,298,26,39
485,298,26,41
483,298,27,41
484,298,28,41
484,298,30,40
475,301,25,36
475,301,27,37
482,299,31,39
482,302,33,38
484,300,31,39
484,299,30,40
483,298,29,38
486,299,28,39
487,299,24,38
486,299,25,39
486,300,29,39
483,299,28,39
464,301,34,37
480,299,35,39
480,299,37,38
483,298,35,40
483,299,34,40
484,300,31,39
481,299,38,40
482,298,41,39
483,299,40,39
483,300,40,39
484,299,35,39
485,300,32,37
485,299,31,37
491,300,34,38
487,298,36,38
487,299,37,38
487,298,38,38
486,299,39,38
487,298,39,39
486,297,48,40
486,298,57,40
487,300,68,41
485,296,70,43
485,299,71,43
485,297,73,41
483,298,71,41
483,299,70,40
484,296,71,43
483,300,71,40
482,296,71,42
482,298,73,42
481,298,72,41
481,299,70,40
480,297,74,41
478,298,77,41
478,298,77,40
476,299,78,39
474,298,84,39
473,299,83,39
470,298,89,39
471,299,90,41
470,297,91,41
466,298,92,40
466,299,93,40
464,299,93,38
464,299,99,40
463,299,99,38
462,297,101,39
464,298,97,39
463,299,101,39
460,299,101,39
460,297,106,40
459,297,106,39
458,300,108,38
455,297,110,39
458,298,107,39
456,298,105,40
456,299,106,38
456,298,110,40
455,296,106,40
456,299,103,39
455,298,103,38
456,300,103,38
452,297,104,38
452,299,109,38
453,300,106,37
450,298,109,37
451,299,108,38
451,299,107,38
450,299,109,38
452,299,105,38
452,298,107,39
451,299,105,39
450,299,110,38
452,300,103,38
449,299,107,38
449,299,107,39
450,299,105,38
449,299,104,38
451,300,100,37
449,299,107,37
449,301,102,38
451,299,97,37
451,300,104,39
449,300,106,38
447,299,108,38
450,300,103,38
449,299,105,37
449,299,108,37
449,299,110,40
451,299,102,39
448,298,104,39
451,299,108,38
449,298,102,38
451,298,103,40
449,299,106,39
450,300,108,39
447,299,103,36
451,299,101,40
447,298,102,40
449,298,106,40
448,299,107,39
446,298,114,42
448,298,112,41
443,299,120,40
447,298,113,40
443,299,114,39
443,297,115,40
443,300,116,41
440,298,123,38
439,302,119,36
440,301,120,37
441,300,119,36
440,300,119,39
439,300,118,36
440,299,123,39
438,302,129,38
439,301,130,38
438,299,126,36
438,301,132,39
437,300,122,38
435,302,128,37
436,301,133,37
435,301,139,35
434,302,130,37
435,302,141,37
432,301,139,36
434,303,136,34
432,300,140,37
432,302,141,37
434,302,131,37
435,302,132,36
431,303,137,34
432,300,141,36
428,301,143,37
431,304,153,34
430,301,145,35
426,305,139,33
428,302,140,36
429,303,140,35
429,302,144,35
428,306,147,32
429,303,143,35
426,305,151,33
429,298,149,39
426,307,146,32
428,301,146,37
424,313,146,26
429,310,142,29
429,309,148,29
430,301,140,36
429,314,142,27
428,315,142,23
430,315,137,25
428,315,142,24
430,310,138,28
429,299,145,37
428,308,139,31
429,304,148,34
430,299,145,39
428,307,149,32
428,305,148,33
429,297,148,40
428,309,144,32
429,308,146,31
429,302,150,36
426,309,156,31
430,303,147,35
427,313,154,28
428,313,149,27
428,314,148,26
428,314,152,26
427,311,148,28
428,311,150,27
427,307,148,30
429,303,149,35
426,311,149,28
430,309,144,30
429,304,152,34
428,297,150,40
424,308,155,31
425,301,157,37
423,307,157,29
427,301,153,36
426,308,152,30
428,308,148,30
429,303,141,35
427,301,146,37
430,302,154,37
430,301,148,36
431,303,143,36
431,300,148,38
428,302,151,35
428,301,149,38
431,299,141,38
431,302,150,38
428,300,155,37
430,300,151,37
430,301,146,36
429,301,136,37
430,298,143,39
431,301,143,39
430,300,149,38
432,302,142,36
431,300,142,37
430,301,140,38
431,301,141,37
432,301,132,36
430,300,139,39
432,300,139,36
429,301,140,37
431,298,137,39
432,299,136,38
432,300,131,38
432,298,141,38
432,301,137,37
432,299,128,38
430,300,131,38
432,299,131,37
432,300,137,40
432,300,136,37
433,299,137,37
432,299,133,40
431,299,133,37
433,302,134,37
431,300,134,37
433,300,138,39
429,300,140,38
431,301,142,36
431,300,131,36
432,302,130,36
431,299,124,38
431,299,126,39
431,300,134,38
431,300,130,37
432,298,126,40
431,301,139,38
430,300,134,36
432,299,127,38
432,300,129,38
433,299,131,38
434,300,136,40
431,299,138,38
434,301,137,39
432,300,135,37
434,301,130,40
433,301,133,38
434,298,126,39
435,298,127,41
433,303,133,39
433,300,134,38
431,305,135,35
433,304,131,33
432,301,136,40
434,299,136,39
431,306,143,36
435,305,143,34
433,300,140,37
430,312,133,27
428,303,136,35
431,305,139,33
432,300,139,40
432,309,132,31
430,315,128,24
430,315,126,25
433,317,126,23
433,301,135,32
433,301,128,40
433,303,132,36
433,310,125,29
430,309,122,29
429,318,112,21
448,300,112,33
454,299,111,38
461,299,107,42
433,297,115,44
433,305,107,34
448,302,111,38
454,298,111,43
469,298,96,43
452,298,96,43
461,297,99,44
472,296,90,46
465,297,88,46
477,296,83,45
475,296,76,45
470,296,69,43
481,295,63,44
483,299,54,40
482,298,56,41
482,297,62,42
476,297,60,44
483,297,66,43
482,298,74,43
480,301,67,39
482,297,73,43
473,299,75,44
481,297,76,45
478,298,70,43
481,299,74,44
477,297,71,45
481,301,73,42
476,298,80,44
472,298,79,43
477,298,78,45
477,300,76,45
479,303,74,44
479,300,72,46
474,303,66,42
481,301,64,44
480,300,65,45
479,302,61,44
480,299,53,44
483,301,51,42
483,301,53,44
482,302,56,44
480,300,56,43
481,302,55,43
482,300,54,43
483,302,50,43
481,301,52,43
482,301,52,42
481,302,52,42
483,301,52,43
481,301,56,45
482,302,57,43
482,302,59,45
482,301,60,44
484,301,66,45
483,299,71,45
481,300,76,45
482,300,75,44
482,297,73,45
482,297,73,45
480,298,76,45
479,298,76,44
480,299,81,44
472,299,81,43
474,300,85,42
472,298,86,43
470,301,86,42
472,299,88,43
468,301,92,43
467,301,91,41
463,300,95,42
463,301,96,43
462,300,98,44
461,302,94,44
459,303,100,43
455,302,105,44
455,304,101,42
453,303,105,41
453,304,104,39
454,303,107,41
450,304,113,41
446,307,115,36
441,308,126,36
434,309,137,32
433,310,143,32
433,308,142,34
433,305,143,39
433,306,146,37
430,306,146,37
433,303,142,38
431,305,140,38
431,306,149,38
432,306,142,38
431,310,140,39
432,310,143,36
436,314,153,39
432,318,154,34
432,317,164,36
432,316,167,37
429,318,175,36
422,316,175,37
430,314,170,39
429,312,162,40
430,308,174,42
430,305,169,42
432,306,158,37
431,302,156,40
429,302,152,39
431,300,158,40
429,304,161,37
428,300,161,39
431,301,172,39
429,304,170,36
430,301,163,40
432,302,163,39
429,302,172,38
428,302,175,38
427,304,177,35
429,301,176,39
430,304,181,37
423,301,172,39
431,302,165,38
429,301,169,39
431,304,161,36
430,301,165,38
429,302,167,38
430,301,176,40
429,302,177,38
430,301,174,38
430,301,168,38
430,302,174,39
429,302,174,38
430,303,166,37
429,301,162,37
429,301,170,37
431,301,165,39
428,301,163,38
427,302,161,36
428,300,168,40
431,301,167,38
430,301,168,38
430,302,166,38
429,303,171,37
429,300,164,39
429,303,171,40
427,301,168,38
427,303,164,37
427,302,159,39
430,299,150,41
431,302,143,41
431,302,150,40
429,301,146,40
430,301,147,39
429,299,151,39
430,303,160,38
429,299,158,41
429,303,160,39
428,300,153,40
429,303,144,39
428,298,156,41
428,301,154,39
427,299,161,41
429,301,157,38
428,301,162,41
429,301,161,39
427,301,166,38
430,302,158,39
426,302,161,37
427,301,163,38
425,301,161,38
427,299,160,41
427,302,167,39
425,302,168,39
427,302,156,38
429,300,149,41
428,300,149,40
427,302,147,41
428,298,140,41
428,303,155,39
427,300,161,43
427,301,155,39
425,302,156,39
426,301,151,38
426,301,168,41
424,302,170,39
423,301,176,40
426,301,164,38
425,303,163,38
425,302,160,38
424,303,163,37
426,303,165,38
426,300,166,40
427,303,159,38
427,303,164,39
427,302,156,39
427,301,155,39
428,301,152,41
427,304,167,38
424,304,165,37
428,304,161,38
426,301,168,40
426,305,164,37
427,303,159,39
429,304,144,38
429,304,145,36
425,305,153,36
426,304,142,36
430,303,144,36
428,304,150,37
427,305,151,34
425,304,146,37
426,303,153,37
425,304,148,34
425,304,149,37
427,303,150,37
428,304,148,36
425,306,144,34
425,306,149,36
428,306,142,37
430,305,144,37
427,302,144,39
427,304,138,36
424,303,145,37
427,302,146,39
427,304,149,36
426,304,145,36
427,304,148,37
425,304,147,37
425,304,153,37
426,305,147,37
427,303,149,37
425,305,149,36
427,303,147,37
423,306,154,34
424,306,149,34
423,304,153,36
426,307,148,34
423,307,156,34
425,305,159,36
423,304,163,37
422,306,176,36
422,307,182,34
413,304,178,37
423,307,170,35
421,307,173,35
424,307,177,35
414,306,170,33
420,305,175,36
421,308,175,34
425,309,178,33
414,308,183,32
422,307,179,34
426,304,169,37
422,306,173,34
424,305,177,36
414,306,178,35
421,306,180,35
423,307,171,33
421,306,172,35
423,305,175,37
423,307,179,33
419,308,184,35
419,306,187,35
421,306,180,36
423,305,175,38
422,308,167,33
423,307,156,34
419,306,164,34
423,304,158,36
417,306,158,34
418,306,167,34
419,307,167,33
421,306,171,35
421,305,170,36
421,307,167,35
422,305,169,36
422,304,157,37
421,305,158,36
419,305,151,35
418,305,154,34
419,304,154,34
421,306,150,33
422,303,149,35
423,306,144,35
424,307,136,32
423,305,146,34
424,303,142,36
426,304,142,35
425,303,145,36
426,306,147,36
429,304,139,37
428,301,140,40
428,300,128,39
433,303,128,39
458,299,130,43
459,298,133,44
430,302,120,38
434,299,127,41
431,302,115,38
434,298,124,43
430,302,110,36
443,300,114,39
430,299,125,40
434,299,132,43
429,301,132,38
431,303,119,37
435,299,125,40
432,301,121,39
430,300,123,39
432,299,132,41
429,301,127,38
430,301,125,38
430,299,127,39
430,300,121,40
437,297,126,46
431,303,120,37
431,300,120,38
433,301,129,41
431,301,137,38
431,300,137,39
432,301,127,37
430,302,131,38
432,300,128,39
431,301,121,38
431,302,107,36
451,299,112,42
438,297,120,42
431,302,113,38
433,301,121,38
430,300,121,41
431,301,114,38
430,303,99,35
432,300,106,39
444,302,108,39
430,302,114,37
430,302,116,38
430,300,112,38
433,299,124,42
430,301,108,36
432,301,114,39
431,301,111,38
431,304,97,36
435,301,103,38
432,301,98,38
435,299,109,42
432,301,101,38
443,301,105,40
430,300,103,38
433,300,113,40
429,302,103,36
434,302,106,38
451,299,105,41
441,300,110,40
431,301,105,39
443,301,107,40
431,300,112,40
432,302,97,38
432,303,108,36
430,304,97,36
433,302,99,37
429,303,100,37
432,303,97,36
431,302,92,36
430,302,102,38
436,301,110,39
432,301,100,38
445,299,104,42
432,301,105,40
431,303,99,37
432,304,105,35
431,303,94,35
433,302,96,38
431,302,95,36
432,303,94,36
432,302,84,37
432,303,79,36
433,305,77,35
431,304,78,35
433,302,80,36
432,306,79,34
432,303,80,36
433,304,79,36
432,303,81,36
432,303,82,36
432,303,78,34
433,304,75,36
432,303,79,35
432,302,77,37
433,304,77,36
432,301,78,36
434,306,73,33
432,303,78,36
432,303,79,35
433,304,82,35
432,302,81,36
433,302,78,36
433,302,75,37
433,304,70,36
432,304,74,35
432,302,78,36
432,303,78,36
431,305,77,34
431,304,80,34
432,305,74,35
431,304,78,34
433,308,75,32
431,304,71,31
431,308,71,29
431,309,69,30
432,309,61,29
431,309,56,28
433,310,50,30
434,310,49,27
435,311,44,29
434,312,43,27
435,312,47,27
436,311,42,27
434,308,39,29
435,310,40,28
435,310,42,28
434,311,46,27
436,311,47,28
435,311,49,28
434,310,48,28
436,310,47,27
435,310,47,29
436,309,51,29
437,309,51,30
436,308,50,29
436,310,49,28
436,311,47,27
437,310,49,27
437,310,52,28
436,311,52,28
436,308,51,29
437,308,51,30
436,307,50,30
436,309,52,29
437,306,52,32
437,307,53,31
437,308,54,30
437,308,48,30
437,309,44,30
437,308,44,30
438,307,45,30
437,309,52,31
436,309,56,29
436,309,55,30
436,308,56,31
436,309,59,29
435,308,57,29
435,310,61,29
434,308,64,30
435,309,68,28
434,308,71,30
435,309,69,29
434,308,66,30
436,309,61,29
435,307,63,32
434,307,68,32
436,308,62,31
437,307,53,30
434,310,60,28
435,310,64,30
434,309,63,30
435,307,67,30
435,309,62,29
436,308,59,28
434,308,59,29
436,310,58,29
435,310,56,29
437,308,53,29
435,311,56,28
434,309,58,27
436,310,59,30
436,308,53,30
436,309,53,30
437,308,54,30
436,309,55,30
436,308,53,30
438,308,48,30
438,308,48,31
438,307,49,30
440,309,46,29
439,309,46,28
442,308,46,29
443,308,47,29
444,308,41,29
444,308,47,29
446,306,45,30
446,308,41,29
446,308,42,28
449,308,47,30
448,309,47,30
447,309,53,28
448,307,53,31
448,307,53,30
451,307,47,30
451,306,54,33
451,305,51,33
450,303,52,35
452,301,54,36
454,303,51,37
453,303,49,34
453,303,45,34
454,304,46,34
454,306,42,33
456,302,40,36
457,304,39,35
457,305,40,34
458,302,40,36
456,303,40,35
458,304,39,35
460,306,38,34
460,305,39,34
461,307,35,32
462,308,35,30
462,308,30,30
462,309,25,29
463,310,21,27
465,310,21,28
466,309,18,28
465,309,18,27
467,310,18,27
467,310,19,28
468,310,19,26
467,309,19,28
469,312,18,26
470,310,20,26
470,312,20,25
471,312,20,24
473,312,19,25
473,311,19,25
474,311,18,26
476,312,19,25
478,312,17,25
479,313,16,24
480,314,15,25
480,314,15,24
481,312,16,25
481,313,15,24
481,312,14,24
483,312,13,24
483,314,13,23
482,314,14,23
484,314,13,23
483,311,16,25
483,308,19,29
481,303,23,34
482,301,24,38
481,301,25,38
481,301,26,39
479,300,29,37
481,300,30,39
481,299,32,38
479,300,33,38
466,301,34,38
467,303,29,36
467,305,25,32
467,309,24,30
468,311,21,28
467,311,21,26
468,312,19,26
467,312,19,26
466,313,21,27
467,311,21,27
466,312,21,28
466,311,23,27
466,312,21,28
464,312,21,27
464,311,21,27
466,311,20,27
465,313,20,27
464,311,20,27
463,313,21,25
463,313,21,27
465,310,18,28
464,312,18,27
463,313,20,26
463,311,20,26
461,312,21,26
461,312,20,26
463,312,20,26
462,313,19,26
462,314,18,26
463,314,17,25
463,314,16,26
461,313,17,25
462,314,16,25
461,315,16,24
460,314,17,24
460,315,17,24
461,314,16,24
462,314,16,25
462,315,16,24
462,316,17,23
462,315,16,24
463,316,17,23
462,315,17,23
462,315,18,23
462,315,21,23
463,316,20,23
462,315,20,24
463,316,20,23
464,316,21,24
465,315,19,23
464,316,18,24
464,314,16,24
465,315,16,25
466,315,16,24
466,315,15,24
467,315,15,23
465,315,16,24
467,316,16,24
468,317,16,23
468,316,16,24
469,318,17,25
469,317,17,27
469,322,21,25
469,323,21,25
470,323,22,25
470,324,26,25
470,323,31,27
470,323,32,28
469,319,33,30
470,315,33,30
473,316,32,29
473,310,31,32
474,313,32,31
473,316,30,26
474,317,30,27
476,316,28,28
475,316,29,28
477,316,30,26
479,315,25,26
477,316,28,27
478,317,26,26
477,316,28,26
479,317,29,27
478,316,30,25
477,315,30,27
480,316,28,25
480,317,28,25
479,316,28,25
480,316,30,26
479,317,30,26
480,317,28,25
481,316,25,25
481,317,29,27
483,317,25,27
482,317,24,26
483,317,23,27
483,317,27,27
484,317,25,25
485,318,26,25
484,316,26,26
484,317,27,26
484,317,26,26
485,317,26,26
486,318,25,26
485,318,24,26
487,318,23,25
488,317,21,25
488,318,21,25
489,318,20,25
490,316,20,27
490,316,21,27
490,316,19,26
492,316,18,26
493,317,16,26
493,316,18,27
493,315,18,26
494,315,20,26
495,317,17,26
496,318,15,25
496,318,16,25
496,316,15,27
495,315,16,27
498,317,15,26
497,315,19,28
497,316,19,27
498,316,18,27
497,317,19,27
497,314,20,28
498,315,21,28
498,315,21,29
500,316,26,28
499,314,29,30
497,313,32,30
499,314,31,30
497,313,31,31
497,312,33,32
497,313,35,32
498,312,37,32
497,313,43,31
496,312,45,32
496,314,44,31
497,315,44,30
497,312,46,33
497,313,46,32
496,312,47,32
497,315,46,31
497,313,50,32
497,313,49,33
498,313,39,33
497,314,42,32
497,312,41,33
496,314,41,31
497,313,41,32
495,313,41,31
494,314,40,30
496,314,37,31
497,312,35,32
497,312,36,32
495,312,38,32
496,313,37,32
497,311,36,34
495,313,39,32
495,312,42,33
496,313,44,33
496,311,49,34
496,314,44,33
495,311,49,35
496,312,49,33
497,310,46,34
496,312,47,33
496,313,46,32
495,314,44,32
495,312,45,33
495,313,44,32
496,313,43,31
494,313,46,32
494,311,47,33
495,313,42,33
494,312,46,34
495,314,44,31
495,312,43,33
494,313,42,32
493,311,45,34
495,313,42,34
495,312,40,33
495,312,39,32
494,312,36,31
495,313,34,31
497,312,31,32
496,313,30,32
496,313,30,31
498,313,35,32
497,313,35,31
496,312,33,32
495,312,32,32
497,312,33,32
496,313,32,33
498,313,28,31
497,315,28,31
496,314,31,29
497,313,35,32
497,313,35,31
496,313,34,33
498,313,32,33
497,313,35,32
497,313,31,32
496,313,36,32
497,312,37,33
496,314,34,31
497,313,36,32
495,313,35,32
496,313,35,32
497,312,35,32
497,313,31,31
497,314,29,31
498,313,31,31
498,313,31,32
496,314,32,30
496,313,32,30
497,312,28,31
499,314,23,30
498,314,26,29
498,313,27,31
498,314,29,31
498,315,29,30
498,313,32,30
498,313,31,30
497,313,32,31
497,312,32,31
497,314,31,31
498,313,31,31
497,315,30,30
497,314,27,31
497,314,25,30
497,314,26,30
497,314,25,29
498,315,22,29
497,315,20,30
498,316,19,28
498,314,20,30
501,314,22,30
499,315,22,29
497,314,21,29
497,315,20,28
499,316,24,29
497,314,26,28
498,312,28,31
496,312,30,31
496,313,36,30
496,313,37,32
497,312,34,31
496,312,35,31
497,312,35,32
497,313,36,31
496,312,37,31
496,312,37,31
497,314,35,31
496,312,39,32
497,312,35,33
496,312,39,32
495,311,39,32
496,313,38,31
497,313,38,31
496,314,37,30
495,312,39,32
496,312,40,33
496,313,42,31
494,313,42,31
496,312,40,32
497,314,37,31
495,312,39,31
495,313,38,29
496,313,32,30
496,313,31,30
496,313,31,30
496,313,29,30
496,311,27,32
498,314,25,30
497,314,27,30
496,313,31,30
495,314,31,28
497,313,33,30
495,314,34,30
495,312,37,30
495,314,37,30
497,313,33,32
495,314,33,31
495,312,37,31
496,313,33,31
495,312,35,30
495,313,37,31
496,313,35,31
494,313,37,31
496,313,38,31
495,314,36,30
494,312,37,31
496,314,36,30
495,314,38,30
493,313,40,31
496,313,38,32
495,311,35,32
495,313,37,32
495,311,36,32
495,312,38,33
497,314,33,31
497,312,35,32
495,312,36,33
496,313,36,32
495,312,39,31
497,313,35,32
497,312,35,31
494,312,39,31
497,313,33,31
496,312,32,31
495,313,34,31
498,313,33,31
495,311,35,32
496,312,34,31
496,313,36,31
497,314,34,31
496,312,36,31
496,314,34,30
496,313,36,32
496,312,36,31
495,314,38,30
497,313,36,31
495,312,37,30
496,311,37,32
496,313,36,32
495,312,36,31
497,313,37,30
495,313,38,30
496,314,35,30
496,312,38,31
496,311,38,32
494,313,39,31
495,313,39,31
495,313,37,31
495,312,37,31
496,312,39,32
496,314,39,31
497,315,36,30
497,313,37,32
495,312,39,31
496,313,39,29
496,313,38,31
496,314,35,30
495,315,38,30
496,313,38,31
497,313,38,31
495,315,38,30
495,313,36,31
494,313,39,32
496,313,40,32
495,312,39,31
495,314,36,31
497,313,36,30
495,313,36,31
496,312,38,32
495,315,37,31
497,312,37,32
496,315,34,30
497,315,36,30
495,315,39,29
495,315,38,30
495,314,39,31
494,312,38,31
495,312,38,32
496,315,36,30
496,315,37,29
495,315,41,30
494,313,39,31
495,314,37,31
494,312,39,31
496,313,37,31
497,314,37,30
498,313,35,31
498,314,33,31
498,312,37,32
497,313,39,31
499,312,38,32
496,313,41,31
497,312,38,31
498,311,40,32
498,314,37,31
496,313,42,30
496,312,42,30
498,314,40,31
498,312,40,32
497,312,40,31
496,312,43,32
494,312,45,31
494,314,47,29
494,314,50,32
494,313,49,31
494,314,47,31
494,315,49,30
494,314,52,31
494,314,58,30
489,311,51,32
494,312,44,32
493,313,44,31
492,314,43,29
492,314,46,30
494,315,44,29
494,314,43,31
493,315,46,29
494,314,42,30
493,316,44,29
494,315,42,30
494,313,40,30
493,317,43,27
494,316,39,28
494,315,36,28
493,316,38,27
494,316,38,27
495,315,33,28
494,316,35,28
494,317,40,27
494,315,37,28
494,317,35,27
494,317,36,26
494,316,37,27
494,316,34,28
494,315,36,27
494,315,36,28
492,314,43,29
493,316,44,28
491,316,49,28
492,315,47,29
490,316,49,27
490,315,52,28
490,315,56,30
491,315,55,30
492,315,56,29
485,313,61,30
488,314,69,31
485,310,76,35
490,314,70,31
484,308,70,37
485,312,76,34
483,308,78,38
482,299,75,46
483,297,66,49
483,297,69,48
484,301,75,43
484,299,74,46
483,296,69,48
485,302,71,44
483,299,72,47
483,298,72,47
485,301,72,44
484,300,70,46
485,299,71,44
483,298,73,46
483,297,67,48
483,303,66,42
483,302,63,42
482,300,59,45
482,299,58,45
482,298,64,47
481,297,62,46
481,301,67,44
481,298,62,45
483,299,65,46
481,299,72,45
481,299,75,45
480,298,77,46
480,300,80,45
479,298,82,45
478,300,77,44
478,298,76,46
477,299,83,45
478,301,81,43
478,299,79,45
476,299,81,43
476,302,85,43
477,302,79,42
475,298,86,45
474,301,90,43
473,303,88,42
474,298,81,44
474,301,85,45
472,299,91,44
470,300,96,44
469,300,91,43
471,300,89,44
474,300,84,44
472,300,84,44
471,301,86,43
467,300,90,43
466,299,97,45
465,301,94,42
465,301,97,42
463,300,99,42
463,299,93,44
465,301,87,43
465,302,90,43
463,300,93,43
462,299,93,43
460,299,95,44
460,300,88,44
459,299,97,44
459,300,94,44
458,302,99,42
459,300,105,42
458,301,102,44
458,300,100,42
458,299,107,43
455,300,107,45
456,299,102,45
454,299,96,44
454,300,94,41
453,300,94,42
453,300,106,43
451,299,104,42
450,299,114,43
449,299,113,43
452,301,106,44
449,301,111,42
450,300,110,43
449,299,107,41
448,299,113,43
447,301,115,42
448,301,111,41
446,303,111,39
445,300,113,43
446,300,113,43
445,301,112,41
446,300,107,41
444,302,100,39
444,300,94,40
442,302,89,38
442,302,89,40
441,306,83,37
441,304,78,38
440,305,69,35
440,307,66,33
440,304,67,36
438,304,69,36
439,305,66,35
438,304,71,37
438,304,70,38
438,304,75,37
437,302,76,37
434,306,79,33
433,306,79,33
434,304,77,35
433,304,78,35
432,302,79,37
430,307,80,33
430,305,80,33
432,306,76,32
431,306,73,33
432,307,69,33
429,306,63,31
429,307,64,32
428,307,60,31
428,307,56,32
428,307,52,30
428,307,52,29
426,307,54,29
425,310,49,28
423,309,53,28
425,308,49,29
424,308,47,28
424,309,46,29
435,307,46,30
426,307,54,29
424,307,51,29
422,308,50,29
422,309,43,29
421,309,44,29
419,308,45,29
419,308,47,28
418,307,45,28
426,307,49,31
421,308,55,29
420,307,64,31
417,307,68,30
416,306,70,29
416,305,66,31
416,307,63,30
415,307,70,29
415,307,69,29
414,308,69,28
414,308,63,29
413,306,62,29
413,307,55,30
412,308,54,29
414,305,51,30
413,308,46,29
413,306,43,29
412,307,39,28
412,307,37,27
412,308,35,27
411,306,36,27
411,307,34,26
412,306,35,28
411,306,35,27
411,306,37,28
410,306,37,28
410,306,38,28
409,307,37,28
409,306,34,27
409,305,34,27
408,306,34,27
410,305,30,29
408,307,30,27
408,307,31,27
408,306,31,28
408,306,31,28
406,306,30,28
410,307,31,26
409,305,28,28
408,306,28,29
407,305,29,28
406,306,27,29
404,305,27,27
408,305,30,29
404,306,28,28
402,305,28,27
405,305,31,28
403,305,31,27
404,306,29,28
403,306,29,26
404,306,26,28
404,305,28,29
403,305,27,29
402,304,29,29
405,306,25,29
403,305,26,29
404,307,25,27
400,307,25,25
400,306,27,26
401,305,26,28
401,306,28,27
400,305,29,27
400,305,30,27
399,306,27,27
398,305,26,28
399,306,25,27
399,305,25,27
399,306,23,28
400,306,22,27
398,305,22,27
399,305,22,28
399,305,23,28
398,305,24,28
396,305,23,28
395,305,24,28
394,304,27,27
394,305,26,28
394,306,25,27
392,305,26,27
394,304,25,28
394,306,26,27
394,306,31,27
394,305,32,27
394,306,33,28
392,305,38,28
394,304,30,29
393,304,31,28
392,305,29,28
392,307,23,26
393,305,20,27
390,305,23,26
390,304,25,27
390,306,24,27
390,304,23,28
391,304,22,28
391,305,24,27
390,304,23,26
391,305,25,24
390,306,25,24
391,305,23,25
390,305,26,27
392,306,24,26
390,304,27,28
389,305,33,28
390,305,29,29
394,305,33,29
390,306,41,26
391,304,40,28
390,305,46,26
384,305,46,28
389,304,42,28
389,303,45,27
388,303,46,30
386,305,48,29
387,305,49,29
388,305,46,28
388,304,46,28
389,305,46,28
389,304,48,29
390,305,49,29
386,304,56,29
387,304,53,29
388,305,56,26
378,305,59,28
343,300,56,33
335,303,51,24
318,301,58,23
310,302,59,23
305,301,57,22
310,302,53,21
307,301,51,22
311,302,50,21
306,304,46,19
309,302,49,20
310,302,48,21
311,302,45,21
313,301,45,23
311,301,42,24
312,302,45,21
312,300,44,22
313,303,45,21
312,302,47,22
312,300,45,22
311,303,39,21
311,300,42,22
313,302,45,22
312,301,46,22
311,302,48,21
311,303,46,21
313,302,46,21
311,302,45,22
311,303,47,22
312,302,46,22
312,303,48,21
312,300,45,22
311,303,48,21
310,302,47,21
312,302,43,21
312,302,45,21
312,303,47,21
313,301,45,22
312,302,44,22
313,300,46,23
312,302,46,23
311,301,45,23
312,302,43,21
312,302,42,22
313,301,44,22
312,302,48,21
311,302,46,22
313,301,46,22
312,301,45,22
310,301,48,22
312,302,46,21
311,302,47,21
310,303,48,21
311,300,46,22
312,302,43,22
312,301,45,22
311,302,49,21
310,301,50,22
312,302,45,20
311,303,44,21
314,301,41,22
311,302,44,21
311,302,44,22
312,303,43,21
312,302,45,21
311,302,47,21
312,302,46,21
312,303,45,21
311,302,48,23
312,302,49,21
311,303,47,21
313,303,46,21
312,302,44,22
312,300,48,23
310,300,47,23
312,302,45,21
312,301,46,22
311,302,46,21
310,301,49,21
312,302,47,21
311,301,47,21
311,303,46,21
312,301,48,21
311,302,47,22
311,301,47,21
309,303,51,21
310,302,52,22
312,303,46,20
310,302,48,21
312,304,46,20
313,301,44,22
314,303,40,21
312,303,43,21
314,303,43,21
312,303,46,20
313,302,43,22
314,303,44,20
313,302,45,21
312,301,43,21
313,302,44,21
314,302,42,20
313,303,46,20
313,302,42,21
314,302,40,21
314,302,41,21
315,300,40,23
313,303,46,22
314,301,50,23
314,303,49,22
317,300,49,24
317,302,51,22
312,302,47,22
314,302,46,21
317,303,43,21
320,302,38,22
320,301,37,21
320,301,36,22
321,300,37,22
320,302,40,21
319,301,40,21
317,301,40,23
318,302,40,21
317,301,41,22
316,301,41,21
317,302,38,21
317,301,40,21
315,301,41,22
316,301,44,22
315,302,42,21
316,302,41,21
315,302,43,22
313,302,46,22
313,302,47,22
312,301,46,22
312,301,48,22
312,301,49,23
310,302,56,21
312,302,57,21
312,303,57,22
311,304,56,21
309,303,61,22
310,301,56,23
309,304,60,22
308,302,56,21
307,303,57,21
308,302,55,21
309,302,54,22
309,303,51,21
308,302,53,20
309,303,51,21
311,303,49,20
311,301,49,21
311,303,49,21
313,301,47,22
312,303,47,21
313,301,46,22
314,302,43,21
313,301,45,21
313,303,46,21
312,303,47,21
312,302,47,21
313,303,46,21
315,301,43,21
314,301,44,22
314,302,43,21
314,300,43,22
315,301,40,22
314,302,42,22
313,303,45,21
313,302,43,21
311,302,46,21
313,302,40,20
313,302,40,21
311,302,39,20
312,302,38,21
312,303,38,21
312,302,39,20
311,302,41,21
312,302,42,21
312,303,43,21
312,302,45,21
311,302,42,21
312,302,41,22
312,302,41,22
312,303,42,21
312,302,40,21
313,301,36,21
312,303,35,21
312,301,35,21
313,301,36,21
314,302,34,21
313,301,34,21
313,302,34,21
313,302,35,21
315,302,34,22
313,302,36,22
313,301,37,20
314,302,36,21
315,301,38,21
314,302,39,21
316,301,35,21
316,300,35,22
314,302,37,22
314,300,40,22
314,301,48,21
312,301,52,22
311,302,53,22
310,302,54,21
308,302,58,21
306,302,59,21
307,302,57,23
309,301,52,22
308,302,56,21
308,302,54,21
307,301,51,21
309,301,50,22
306,301,54,22
308,302,48,21
309,303,49,21
309,301,50,21
308,302,47,21
308,301,49,22
308,302,50,22
308,300,48,22
307,301,51,22
308,301,49,22
308,302,50,22
310,301,48,22
309,301,46,22
308,301,48,21
308,302,41,21
310,300,39,23
310,301,40,21
310,300,39,21
307,300,42,22
309,302,40,22
309,300,41,21
310,302,42,21
309,301,43,22
309,301,46,22
309,302,48,22
309,302,51,22
309,301,50,22
308,302,52,22
309,302,52,21
308,302,51,21
308,302,52,22
308,301,52,21
308,302,53,22
309,302,50,22
308,302,52,21
309,302,47,22
309,302,50,21
308,302,50,21
310,302,46,21
309,301,48,21
308,302,47,21
308,302,47,21
308,301,47,22
309,302,46,22
308,300,45,22
309,302,41,21
310,303,38,21
309,301,38,21
310,302,36,21
310,301,36,21
311,302,36,21
310,302,36,20
311,302,37,21
312,302,39,20
309,301,40,21
309,302,37,20
310,302,39,21
312,303,36,21
314,301,33,20
315,302,32,21
313,301,34,20
314,303,33,20
313,302,33,20
313,301,35,21
313,301,34,20
313,302,34,21
313,300,35,21
312,301,35,22
312,302,37,22
314,302,34,21
314,301,32,21
313,301,33,22
313,301,34,21
313,301,36,21
313,300,36,22
312,300,37,22
313,302,35,21
312,301,33,21
312,300,34,21
312,301,33,21
312,301,32,21
314,301,32,21
314,303,33,21
313,301,30,20
314,301,29,20
316,302,26,20
315,301,29,20
314,302,29,20
314,303,30,21
314,301,31,21
315,301,31,21
314,301,31,21
314,301,31,21
315,301,29,22
314,301,30,22
316,301,30,23
316,302,30,22
316,300,30,22
316,300,30,22
317,302,29,22
316,302,30,21
315,302,32,22
317,301,32,22
316,301,33,22
315,302,35,21
314,303,38,22
315,303,35,22
315,303,34,22
315,303,35,21
315,305,36,21
316,303,34,21
316,303,32,22
315,302,34,21
315,301,38,22
315,302,37,23
315,300,35,22
315,300,32,22
314,302,33,21
313,304,35,21
313,304,35,23
314,303,35,24
313,305,33,23
313,308,34,22
312,308,35,21
311,309,36,21
312,308,34,21
313,306,35,22
312,304,37,23
312,305,37,21
312,302,38,22
311,301,34,22
313,301,34,22
313,301,32,22
311,301,31,21
311,302,29,20
311,303,30,21
311,302,33,21
312,301,32,21
312,301,34,21
310,302,34,21
311,301,33,20
310,301,32,20
311,302,35,20
311,302,32,21
310,301,34,20
310,300,32,21
310,301,34,20
311,301,32,20
310,302,34,21
312,301,32,21
310,302,33,20
309,301,34,20
311,302,34,20
311,301,33,20
313,302,31,20
312,301,33,20
311,303,33,20
310,302,35,20
308,302,37,21
308,301,34,20
309,301,36,21
309,302,35,20
309,302,35,21
307,302,35,20
312,302,36,21
310,301,36,21
310,302,34,21
307,302,37,20
309,302,35,21
309,302,38,22
309,304,38,22
309,305,37,20
306,303,40,23
309,306,40,22
310,307,44,22
310,307,45,22
308,307,48,23
309,306,51,23
309,302,50,24
309,303,49,22
310,302,47,22
309,302,49,22
309,303,50,21
308,301,52,22
307,302,55,23
308,302,53,21
308,302,54,22
307,303,58,22
307,303,57,21
309,301,55,21
310,301,52,22
309,303,52,21
309,303,50,21
311,301,47,22
310,302,48,22
311,301,48,21
309,301,52,22
311,301,52,21
305,301,49,21
309,301,44,21
310,302,41,21
310,302,37,22
311,302,36,22
310,301,35,21
310,301,36,21
312,302,34,21
311,301,38,22
310,303,37,21
310,301,38,21
311,302,39,21
311,300,41,21
310,301,44,21
311,302,49,21
311,302,50,21
310,302,47,21
311,301,45,21
312,301,44,22
311,302,44,22
312,302,44,22
312,300,42,22
312,302,38,23
312,300,41,23
312,301,42,23
312,302,35,21
313,301,35,21
313,300,36,22
313,302,38,22
313,301,38,22
312,301,36,22
311,301,39,23
312,300,39,22
312,301,37,21
312,301,40,22
311,299,40,22
311,301,38,22
311,301,37,22
311,301,38,22
312,301,38,22
312,300,42,23
312,301,40,23
313,302,39,22
312,301,36,22
312,300,36,22
314,301,34,21
313,301,33,21
313,302,34,21
313,302,35,22
312,301,35,21
312,302,35,21
312,302,35,21
313,302,34,21
312,301,34,22
312,302,33,21
313,301,35,21
311,302,36,21
311,302,34,21
312,302,35,21
312,301,35,21
310,301,39,21
308,301,42,22
310,301,40,21
310,301,44,22
312,300,41,22
311,302,39,22
310,301,40,22
311,301,40,21
310,301,40,22
310,300,40,22
310,301,41,22
311,301,40,22
310,300,41,22
311,301,39,22
310,302,37,21
312,302,36,21
311,301,38,21
310,302,39,22
311,300,38,21
312,301,39,22
310,301,41,22
311,301,39,22
312,301,39,21
311,302,38,21
311,302,39,22
312,302,35,21
