204,240,52,52
212,241,49,50
218,242,46,51
223,242,44,50
227,242,44,48
227,243,51,47
231,243,48,48
237,245,47,45
241,247,45,46
246,246,37,46
251,245,31,48
254,245,37,48
254,244,41,49
258,244,32,44
276,244,32,45
298,259,36,42
294,247,47,52
288,245,57,56
292,243,60,62
295,242,57,62
295,243,61,62
300,244,59,66
305,244,55,65
304,244,54,68
299,242,57,68
286,240,59,72
272,245,56,69
263,241,48,69
247,241,49,71
235,241,50,74
222,240,53,75
207,243,53,75
195,243,51,71
190,242,51,70
189,241,51,76
190,239,49,76
191,241,50,78
187,240,57,76
182,240,60,72
181,243,59,73
173,241,67,74
168,241,68,74
158,243,74,75
149,241,78,73
140,243,85,75
140,242,85,74
143,241,87,73
143,239,93,78
142,240,99,74
139,240,102,74
139,240,105,76
135,242,110,73
158,236,86,79
162,231,77,85
153,228,82,89
142,231,87,86
132,229,92,89
127,229,92,90
131,230,83,91
132,233,74,93
129,231,71,96
118,230,73,99
108,224,81,103
97,224,88,107
89,221,93,108
80,223,97,107
84,226,90,104
86,220,83,112
86,220,83,115
84,222,83,115
78,221,88,117
79,224,88,114
83,225,83,113
84,229,85,112
79,224,89,119
80,226,89,117
78,230,92,115
80,230,91,119
77,229,94,117
75,235,93,115
69,228,101,125
70,229,97,126
65,230,96,126
55,232,105,126
53,240,104,122
44,232,111,132
35,227,119,138
35,233,121,133
33,233,119,134
32,233,123,141
18,225,137,148
18,233,138,142
15,223,142,156
14,231,140,153
7,231,148,158
7,228,144,162
5,242,142,154
0,243,156,158
4,258,155,141
-2,244,170,154
-3,243,150,157
-2,242,113,158
-13,209,88,156
7,254,73,143
106,297,75,130
87,313,95,118
71,279,105,137
63,279,121,158
45,277,138,169
35,283,148,172
18,280,162,186
2,279,196,199
-5,268,196,211
-2,277,189,216
3,271,174,228
-2,288,200,230
0,286,198,227
1,302,216,229
10,324,229,221
-1,308,271,231
12,314,314,241
40,328,302,223
48,337,312,222
92,329,289,227
146,341,254,215
132,333,262,226
169,336,262,215
138,313,296,243
132,306,316,251
157,310,299,244
161,319,303,242
161,336,319,225
189,336,289,221
205,336,286,227
206,347,298,209
214,347,288,212
209,354,290,211
206,360,283,199
201,364,277,195
199,356,266,212
178,338,266,221
162,342,266,221
158,341,245,218
155,339,232,214
145,326,231,224
138,320,242,221
148,334,240,208
153,324,230,215
163,321,219,212
177,330,207,195
186,318,202,194
202,316,189,184
214,313,173,178
220,315,174,176
228,309,176,171
248,313,167,159
281,312,154,154
304,302,151,159
330,297,157,160
363,297,146,154
377,310,141,149
392,314,130,151
391,326,130,143
400,329,125,135
414,318,122,140
428,312,120,135
463,303,124,130
487,307,115,125
508,308,106,126
516,312,102,119
535,305,96,123
551,308,97,121
569,305,93,117
576,309,102,116
591,308,98,111
607,303,91,117
610,301,106,117
637,308,89,113
647,304,90,112
662,309,87,110
667,307,92,107
689,309,79,106
697,311,81,103
710,306,80,107
712,307,87,107
726,307,83,102
739,308,73,101
748,306,74,103
754,309,76,98
763,312,74,96
769,307,75,96
775,311,78,96
787,306,72,97
791,306,75,97
800,306,71,95
807,306,69,92
813,308,68,92
823,305,66,92
828,311,68,89
834,309,69,86
837,312,71,86
847,310,68,85
852,308,69,86
858,306,71,88
866,304,65,87
877,311,59,80
877,316,67,76
877,309,63,80
879,313,68,79
877,311,70,78
882,310,63,75
882,309,64,79
876,311,71,79
860,305,67,80
844,305,62,76
840,306,60,73
840,309,64,72
843,309,67,72
844,311,67,77
847,313,67,88
856,300,63,91
812,263,58,84
787,306,62,96
828,304,75,101
859,296,86,116
863,300,96,112
867,303,88,101
867,305,83,81
884,313,66,65
891,309,57,69
899,310,52,68
904,312,49,67
908,311,48,66
