522,253,13,24
519,253,13,25
515,253,15,25
513,253,12,25
511,252,13,26
506,254,12,27
505,254,12,26
503,253,12,28
503,256,11,26
500,255,12,27
498,257,13,27
477,258,13,27
454,257,14,28
421,259,16,26
423,262,15,26
421,262,15,26
417,263,17,26
414,263,15,27
412,261,16,29
409,262,17,28
407,263,16,30
405,264,14,31
401,263,15,30
400,264,14,30
395,266,16,30
390,267,16,30
386,268,16,30
382,268,16,30
380,268,15,31
376,270,15,29
371,272,16,25
367,271,16,24
364,271,15,23
363,275,13,24
360,279,13,28
358,278,14,29
353,277,14,31
351,278,16,32
345,277,16,34
343,276,16,36
339,277,15,36
336,278,16,36
333,278,17,37
330,279,16,37
327,280,17,37
323,282,17,37
320,281,18,39
315,285,19,37
312,285,18,39
307,286,19,40
304,287,17,39
300,289,17,39
294,291,18,41
290,293,18,40
287,295,18,41
281,296,19,40
279,294,18,44
275,298,19,42
272,297,20,44
270,298,19,44
268,300,19,43
264,299,20,47
262,300,20,47
259,299,20,50
255,303,20,48
254,303,20,50
251,304,20,51
247,306,19,51
243,307,20,51
241,309,21,50
238,310,21,52
234,311,22,53
230,312,21,54
227,314,21,55
221,316,21,55
216,315,22,58
211,313,23,63
208,320,23,57
202,323,24,57
199,322,24,59
197,326,25,57
193,325,24,58
191,327,24,63
187,330,23,63
183,331,24,63
179,332,26,63
175,336,26,62
171,316,23,65
165,273,24,61
159,230,25,62
158,200,25,60
156,189,26,62
156,189,24,68
155,190,27,74
154,190,27,78
153,198,27,71
156,203,27,69
192,203,29,69
218,205,31,70
217,210,31,68
220,213,29,69
219,217,31,70
223,215,28,75
221,176,34,79
223,131,29,72
221,96,35,79
222,72,35,82
225,74,35,80
227,77,35,80
228,43,30,71
228,7,34,82
228,-24,32,81
227,-2,34,65
228,2,32,59
230,2,32,62
229,3,31,64
230,2,34,74
229,0,32,80
230,3,31,84
227,0,34,91
227,2,33,95
224,1,34,100
220,6,37,100
216,8,38,102
210,11,41,102
203,16,42,101
194,24,43,104
192,28,43,106
210,32,54,104
228,33,57,107
245,36,54,107
258,39,59,114
270,43,68,113
278,47,75,112
284,53,78,108
286,51,96,111
288,57,95,106
289,60,103,104
293,59,104,107
317,57,82,107
281,66,87,106
284,62,88,108
283,57,89,111
281,57,104,107
280,57,105,110
283,52,108,110
289,53,109,109
294,49,109,109
302,44,105,112
309,43,102,111
317,37,99,112
329,35,93,112
335,35,93,110
343,38,97,103
350,35,100,99
353,34,103,99
312,32,116,102
314,30,88,104
299,30,76,111
309,27,54,120
308,49,42,131
299,89,45,147
306,144,38,133
313,150,30,124
318,157,23,114
344,153,33,118
375,165,41,107
421,167,33,106
449,171,42,97
466,162,49,109
517,168,42,104
542,169,35,105
565,174,37,100
599,175,32,97
595,128,36,88
607,115,45,77
607,78,45,82
603,49,53,74
597,14,54,68
586,13,66,70
576,51,76,76
595,50,85,71
571,54,68,76
597,51,53,76
593,31,59,79
593,72,47,88
594,13,37,80
607,7,27,79
607,5,25,87
602,4,31,90
594,1,37,89
