757,387,24,67
764,385,23,66
770,386,24,64
775,387,26,66
785,389,24,65
794,389,23,66
806,391,28,66
823,389,29,65
840,388,28,66
849,387,30,68
855,387,33,68
854,388,37,69
852,390,34,71
852,394,31,71
851,395,30,71
848,399,30,67
850,396,27,71
848,394,24,70
849,394,23,67
845,395,29,65
843,396,28,64
841,395,28,67
838,394,31,66
835,395,32,65
836,396,27,68
835,394,28,68
830,396,26,69
829,396,25,70
827,395,29,67
826,398,25,67
822,395,25,66
821,395,27,65
819,393,26,67
818,392,25,66
814,392,28,64
811,391,26,67
810,392,26,66
807,390,25,70
805,391,24,68
804,390,24,72
803,393,24,70
801,395,25,75
798,395,30,84
796,397,29,84
793,396,30,80
792,397,29,84
791,398,29,79
789,398,29,78
785,400,38,75
782,403,37,76
782,400,30,81
782,403,27,83
780,403,25,80
776,404,29,82
772,402,30,82
771,402,29,80
770,405,29,81
767,402,32,78
764,405,44,74
760,406,42,69
761,408,36,68
758,408,31,67
756,405,29,72
752,405,35,73
746,404,34,72
747,402,30,71
747,402,25,73
746,401,24,71
743,403,23,68
742,406,22,69
740,411,23,67
744,412,25,68
750,415,28,66
762,416,29,65
771,415,27,65
774,413,33,67
783,415,26,74
781,415,33,81
780,419,31,85
781,421,26,86
779,421,27,89
778,421,23,89
776,418,25,92
772,416,28,88
769,414,35,88
768,415,40,80
764,415,33,80
764,417,47,78
760,421,42,77
766,423,54,78
771,423,63,83
778,427,71,85
778,427,71,85
778,431,71,80
771,425,76,87
773,424,69,92
770,425,68,86
774,431,70,84
779,436,63,81
781,432,47,87
783,431,42,89
786,432,39,88
789,430,39,88
789,432,39,87
791,432,39,87
786,432,43,87
786,431,45,88
784,431,44,88
783,430,44,88
783,432,45,89
785,436,41,83
788,428,40,90
792,434,39,85
797,430,36,87
802,434,37,83
806,435,38,81
815,434,37,83
823,435,37,83
827,439,41,82
831,437,43,86
832,438,43,86
835,441,40,89
834,444,39,89
833,445,39,88
835,449,35,84
834,453,36,79
837,444,30,85
838,438,32,87
840,437,32,84
838,436,29,85
834,434,32,88
831,440,36,81
828,439,38,83
826,440,40,82
821,446,41,80
824,443,33,84
819,438,34,88
816,436,35,91
814,436,34,89
809,434,38,89
807,436,35,87
806,433,36,88
799,438,42,85
795,439,40,85
798,441,37,86
791,439,39,88
791,442,39,90
787,445,44,88
788,447,39,88
784,446,37,90
781,451,41,88
780,459,41,77
774,449,41,84
779,446,33,90
777,449,34,84
769,448,37,83
769,446,39,87
767,448,35,86
762,446,38,88
759,445,45,90
753,445,45,91
751,442,44,95
750,442,41,96
744,443,47,91
743,443,60,94
738,446,66,90
734,445,73,89
736,448,82,87
729,454,92,83
723,452,99,86
722,453,94,88
719,454,97,90
727,462,107,86
730,462,102,92
748,466,85,86
754,469,81,89
749,464,78,97
745,467,76,93
743,464,79,96
741,463,87,94
735,461,85,94
729,462,87,93
729,460,76,98
731,460,59,98
729,459,57,95
729,459,63,100
726,459,64,94
730,460,63,97
733,460,73,96
735,466,83,91
735,464,90,93
735,466,95,94
738,465,88,93
737,469,76,88
738,468,81,90
740,468,82,93
741,472,76,87
743,469,71,91
744,467,74,95
750,465,73,98
749,467,80,92
752,469,86,91
751,466,92,89
750,467,100,90
751,474,94,84
751,488,96,68
745,484,102,73
749,487,108,68
748,476,100,80
750,475,112,81
741,480,120,76
729,478,132,77
746,470,124,85
738,465,111,94
747,466,118,90
755,466,103,93
732,474,118,85
747,472,122,84
757,465,111,91
755,464,112,93
757,468,102,91
754,465,117,92
755,466,121,91
756,464,123,96
754,464,132,93
757,461,131,94
742,463,137,90
747,460,145,93
736,461,134,97
740,462,133,94
727,466,123,95
732,465,108,91
735,466,95,91
735,463,82,95
731,462,77,98
730,460,75,99
727,466,75,89
729,461,69,96
727,461,72,97
728,464,75,94
734,470,73,90
735,464,71,100
733,461,74,97
730,456,80,97
728,453,74,98
724,450,68,103
719,448,66,98
718,448,62,102
716,449,61,99
712,451,57,98
710,453,58,98
711,454,62,99
707,456,62,100
705,452,54,99
704,449,54,98
701,450,65,92
698,447,63,98
695,447,58,98
693,448,63,99
691,448,68,99
689,447,72,103
687,452,72,100
684,454,66,101
681,457,69,99
678,459,70,97
678,456,66,98
674,454,64,99
672,455,59,98
668,454,63,96
665,452,64,97
661,451,69,99
657,449,60,103
656,452,60,103
651,452,59,104
651,453,63,108
649,453,59,104
649,455,59,105
650,458,55,101
649,455,56,103
644,456,57,104
640,453,60,104
643,451,58,106
647,452,57,102
657,450,55,105
664,449,56,105
669,448,63,106
663,445,61,109
661,444,66,108
660,444,68,108
663,444,70,107
680,445,67,106
707,446,68,108
728,445,69,109
738,449,73,105
738,448,72,107
735,445,68,107
734,447,65,108
730,447,67,111
727,448,63,112
729,450,68,113
736,452,63,109
734,453,72,108
740,455,71,110
745,458,78,108
745,460,80,105
741,463,78,106
745,459,73,106
743,456,69,109
741,456,65,111
746,457,62,110
741,453,67,110
752,457,55,104
753,452,47,108
756,450,42,110
742,449,57,108
745,446,52,112
748,447,46,113
748,449,46,113
746,452,47,109
727,450,67,114
736,451,58,111
732,453,57,113
737,454,52,109
739,460,44,106
737,460,49,102
740,459,46,104
721,454,60,105
720,449,70,112
722,448,68,112
731,450,64,108
748,450,53,110
760,454,51,108
764,454,47,114
771,458,38,111
739,452,43,111
775,459,44,106
748,448,36,103
753,449,37,93
753,449,37,84
752,450,37,86
752,451,31,84
753,453,31,84
752,451,33,85
753,451,35,86
753,453,34,84
755,454,33,83
754,456,33,83
753,459,33,86
754,462,32,85
755,464,36,88
758,464,35,88
760,464,34,86
761,466,35,89
760,465,35,88
761,466,38,87
758,465,37,92
756,463,36,91
756,465,34,88
756,462,34,89
761,465,31,93
765,467,35,89
769,468,33,94
772,469,33,96
773,471,35,93
774,470,36,93
774,473,40,91
777,475,39,89
779,474,38,90
783,473,36,94
786,476,36,92
788,477,34,89
787,477,34,88
783,477,36,91
781,476,37,92
781,476,37,91
781,479,39,91
782,480,41,89
785,483,41,86
786,486,42,87
786,484,41,85
783,486,42,79
783,485,38,83
779,483,39,84
775,482,40,87
777,481,37,90
774,481,41,91
774,485,43,85
767,489,54,81
773,495,53,75
774,501,60,68
779,508,57,60
781,507,56,62
783,495,50,74
786,493,49,80
789,491,42,83
787,496,52,78
788,495,53,77
793,494,53,76
806,493,52,76
820,497,49,73
832,497,51,74
834,494,60,76
831,491,59,79
826,483,55,86
820,486,58,83
820,485,55,83
816,487,55,82
817,488,48,81
809,489,54,81
809,493,50,76
809,494,48,76
801,494,50,75
803,486,40,83
800,483,38,85
797,483,36,86
794,485,39,83
794,486,39,79
796,488,43,79
800,489,44,78
804,490,41,75
806,493,43,76
806,493,45,75
808,493,45,74
804,492,45,73
802,494,43,73
797,491,43,75
793,491,44,74
790,493,43,74
787,489,44,80
782,493,44,76
780,494,45,75
777,491,41,76
772,486,40,82
768,482,41,85
763,480,42,90
758,485,45,87
753,484,45,88
750,481,45,89
745,478,46,90
741,480,46,88
739,486,44,83
737,484,43,86
734,486,44,83
726,487,46,82
720,487,50,82
718,494,49,78
719,496,45,74
710,497,47,73
707,497,45,76
703,497,46,74
698,495,49,76
693,493,52,76
690,495,49,74
685,493,51,75
685,492,48,76
684,490,49,82
681,499,45,73
677,509,50,63
671,513,55,60
670,521,46,53
657,528,45,44
655,530,44,42
655,526,42,45
652,521,46,49
645,516,46,56
644,513,50,59
637,516,54,57
634,513,54,59
640,514,55,61
656,517,55,55
684,523,52,51
706,529,58,43
714,531,63,40
722,525,54,47
724,525,50,47
716,522,55,48
716,520,56,52
711,518,58,53
721,522,52,52
728,526,53,49
732,527,55,45
734,528,54,42
729,527,59,43
733,528,57,43
723,525,67,46
735,531,66,39
743,531,60,39
747,534,61,37
749,536,64,36
747,533,67,39
741,534,70,37
733,532,73,39
727,524,76,47
737,521,69,51
744,522,67,49
740,518,68,54
735,515,67,55
730,510,69,62
730,502,71,67
725,502,74,68
720,500,72,70
724,500,69,70
705,502,68,68
704,498,68,69
704,495,72,74
701,499,72,71
700,501,68,71
694,494,66,77
689,494,63,76
688,506,68,68
679,505,76,64
696,512,62,57
688,521,66,50
721,506,73,63
755,500,64,68
758,492,62,74
773,489,58,82
793,491,62,76
810,494,64,77
817,494,64,76
805,495,73,72
804,495,70,74
802,498,67,71
798,499,68,70
794,498,68,71
792,498,65,69
794,498,62,70
799,499,60,70
799,496,64,74
794,499,72,71
799,500,72,69
807,502,65,69
804,504,65,65
811,504,58,65
810,507,57,62
817,515,56,54
817,518,54,49
824,506,54,57
825,517,51,52
818,524,59,43
817,527,59,40
820,524,54,42
819,521,57,39
830,520,49,40
841,519,39,41
836,513,38,40
829,515,47,36
836,514,53,32
842,512,55,34
871,518,59,34
872,526,56,39
869,515,53,51
865,510,53,57
863,500,51,68
861,497,48,71
855,496,52,72
849,501,53,64
836,506,60,62
834,513,62,56
831,518,59,50
838,528,51,42
840,530,54,41
872,521,62,48
872,524,62,47
868,526,70,43
869,527,71,42
888,523,66,48
887,519,73,49
893,522,67,46
878,516,78,51
890,508,69,59
901,510,60,56
890,526,56,44
890,528,50,44
885,520,48,49
885,523,46,43
886,522,45,43
886,522,44,43
887,523,43,38
887,523,40,40
887,517,38,38
885,515,41,35
892,508,47,34
899,507,50,33
898,498,52,34
903,498,51,32
897,498,57,30
909,495,49,37
909,494,51,39
908,492,51,50
903,501,55,62
913,488,48,82
914,487,45,82
922,481,42,87
931,475,39,98
929,483,32,90
945,488,40,85
915,499,46,72
912,503,49,63
943,525,43,57
932,520,52,54
923,513,51,52
919,497,47,45
928,490,40,44
930,486,41,43
936,477,33,47
937,488,25,47
932,511,25,47
933,518,24,50
934,511,22,58
936,502,21,63
941,503,18,68
945,499,16,72
937,501,20,69
935,491,19,75
937,495,25,74
926,492,30,75
923,489,33,75
926,491,33,73
923,491,35,76
930,489,41,78
926,486,35,82
921,485,38,84
908,478,46,88
913,475,44,89
906,481,50,82
909,473,50,76
917,481,45,83
924,489,43,81
925,492,45,76
927,503,43,65
929,501,31,69
940,502,25,64
935,508,23,57
906,521,24,51
904,526,25,46
903,529,31,42
899,525,37,45
906,528,40,41
910,530,40,39
908,537,44,32
902,534,50,33
913,530,41,39
924,526,40,40
900,523,39,47
905,522,41,49
904,525,42,45
897,526,48,43
896,531,51,38
900,531,60,37
908,530,54,37
895,525,55,45
888,516,52,50
883,514,47,51
875,507,53,53
864,506,61,49
880,498,56,57
902,488,61,59
906,496,55,61
900,490,59,52
898,484,59,55
894,480,64,61
899,486,58,66
902,493,56,63
905,500,57,59
909,490,50,67
907,494,45,69
904,500,45,63
899,491,42,72
895,491,43,71
890,491,42,67
883,491,48,66
874,485,58,70
866,480,65,76
862,473,66,81
859,477,67,75
856,478,67,79
855,488,60,70
854,490,55,71
856,496,49,67
851,492,49,69
848,485,49,74
851,476,43,83
853,469,37,87
854,457,37,98
858,462,39,94
865,469,46,92
882,484,55,77
910,493,48,71
873,495,50,72
883,485,48,82
883,483,51,82
880,475,49,89
875,468,52,98
870,468,52,98
868,459,51,110
866,453,52,114
867,450,53,116
863,452,53,114
860,450,55,114
859,456,49,109
859,458,48,109
860,458,47,107
863,465,45,99
867,460,43,100
871,455,48,104
876,457,54,105
876,457,61,110
872,452,64,111
870,442,62,119
872,451,61,114
865,444,61,118
870,445,50,122
865,438,47,126
862,435,47,128
861,434,47,126
858,432,46,132
857,432,47,130
851,430,51,129
850,430,53,128
844,432,58,126
838,433,60,123
834,433,61,121
833,436,43,113
827,429,50,116
824,429,47,110
816,427,46,108
809,427,48,106
805,426,46,108
804,429,44,105
803,425,40,107
801,419,41,108
797,415,43,108
799,413,44,105
801,410,44,107
806,410,46,107
807,410,48,111
815,410,50,114
811,409,63,108
816,408,57,110
818,410,56,110
810,409,63,118
810,407,58,120
811,413,63,116
805,409,59,118
811,411,52,120
813,413,52,122
812,422,55,118
809,427,56,120
807,431,60,123
804,430,63,123
800,429,68,123
797,429,85,122
791,428,97,122
790,429,96,120
786,429,92,119
776,428,93,119
774,430,95,117
773,435,93,112
770,433,89,112
726,433,109,112
720,433,113,113
717,435,136,114
713,434,145,114
721,435,133,118
722,438,138,121
728,448,133,113
720,447,141,115
718,444,142,116
718,446,120,115
724,443,103,113
721,443,116,97
733,437,111,105
757,435,102,106
782,440,101,102
798,440,92,102
808,438,104,103
818,439,90,107
821,438,92,110
820,438,93,110
823,438,83,107
828,439,72,103
830,432,61,105
831,430,57,97
833,422,61,101
834,420,64,102
832,420,73,103
832,418,83,104
845,424,72,96
847,422,70,100
849,422,67,103
853,428,63,102
846,432,71,99
846,434,68,100
843,437,69,98
840,432,67,98
840,430,52,101
837,426,54,104
833,425,51,102
832,422,49,102
828,423,49,98
823,420,52,101
820,425,56,101
821,427,55,104
820,432,54,99
822,438,56,95
821,439,55,96
815,439,57,97
814,442,55,95
813,443,50,96
812,444,51,92
812,445,56,91
821,447,56,96
834,452,56,97
838,457,59,96
843,459,59,96
837,456,59,95
839,458,60,97
837,460,62,94
830,457,68,95
834,458,59,90
837,456,57,91
844,457,62,95
854,462,70,90
851,460,88,92
864,465,91,90
864,463,88,88
859,453,86,100
866,448,70,102
873,453,60,99
878,451,60,101
895,455,56,99
907,454,51,99
899,451,58,102
876,452,48,98
863,454,53,98
860,459,38,90
911,462,40,87
907,461,43,89
867,453,42,99
854,455,42,93
846,460,41,88
846,461,41,89
841,459,43,90
839,460,41,92
839,458,38,94
832,457,41,89
866,449,39,97
866,447,38,96
865,448,37,97
863,450,38,96
859,447,47,99
853,446,49,97
849,446,54,104
848,447,52,98
847,443,50,106
843,445,53,102
840,447,54,101
837,445,55,101
835,447,55,97
832,451,57,93
830,452,62,93
825,451,68,88
824,448,82,97
823,451,79,94
821,453,84,86
817,450,84,89
816,453,89,87
809,446,76,93
809,454,91,88
797,450,84,96
798,456,78,87
797,455,66,90
794,465,78,84
789,466,79,87
785,468,78,89
784,476,75,85
783,479,75,88
781,480,70,85
779,483,60,83
776,486,47,82
775,482,45,85
772,478,46,88
774,476,40,89
770,471,42,93
769,470,45,94
797,476,44,92
809,477,38,85
817,479,37,86
814,462,48,92
849,459,54,95
836,466,48,89
851,480,38,85
851,493,37,79
855,496,37,75
867,487,38,79
865,475,50,82
868,467,51,83
861,462,56,82
856,463,59,77
858,469,61,72
864,471,59,74
864,470,55,73
862,471,53,66
862,465,52,67
862,461,55,70
866,458,51,72
870,456,49,74
875,459,45,71
876,455,40,72
875,457,38,70
876,452,34,74
867,454,38,74
863,458,43,68
866,458,41,69
861,458,44,68
855,453,47,73
857,450,43,75
855,443,44,79
857,443,47,76
849,445,43,75
849,441,38,77
844,441,43,80
847,443,37,78
845,445,39,75
842,446,40,74
842,452,38,67
838,450,40,68
830,446,44,70
823,446,49,67
821,446,47,69
820,446,42,71
817,445,41,70
812,446,42,70
812,446,38,67
811,440,33,72
809,438,32,72
808,437,30,71
806,437,29,71
803,439,31,68
802,439,32,69
795,442,35,64
793,441,34,68
792,444,31,67
793,440,31,70
793,442,30,70
790,440,29,70
789,439,28,71
787,439,27,70
786,438,28,69
785,438,28,71
781,439,30,70
775,438,36,71
770,437,40,70
770,438,41,72
762,437,45,70
755,436,49,71
752,436,54,72
747,439,54,67
744,438,55,67
743,436,56,67
742,436,51,66
740,434,52,68
742,435,49,67
751,436,40,68
758,435,34,72
756,439,34,66
755,439,35,68
751,439,34,68
751,441,33,64
751,440,32,64
749,438,30,68
748,434,27,72
746,436,26,68
738,439,32,68
740,436,29,71
740,436,28,71
739,436,28,72
735,438,31,70
727,441,38,66
723,441,40,66
727,437,37,68
724,441,39,68
726,439,33,68
722,436,35,70
715,437,39,68
712,436,37,68
717,439,29,65
717,436,26,67
715,438,28,65
714,436,27,66
712,433,28,70
709,437,32,64
710,438,30,65
705,434,31,68
704,439,31,64
703,438,29,65
703,435,27,71
700,435,28,68
694,429,31,69
691,430,32,67
694,430,28,66
694,430,26,67
694,433,26,64
695,437,23,62
693,439,23,61
686,439,28,61
680,443,34,56
678,442,35,57
679,442,32,55
676,438,32,58
668,437,40,61
669,430,38,68
670,425,35,72
665,425,37,71
660,430,42,68
664,433,33,64
665,429,32,66
662,429,30,67
660,432,34,65
663,434,31,61
661,431,30,63
662,435,27,62
659,437,25,60
657,431,27,63
657,431,26,65
656,430,26,65
656,427,25,66
653,422,27,72
640,420,26,70
638,419,27,72
643,416,27,76
644,424,30,68
624,420,33,66
625,424,31,62
627,427,31,62
628,425,38,63
636,427,27,61
635,429,25,58
636,426,22,63
633,424,24,63
630,428,27,59
628,425,28,61
627,428,25,60
626,427,28,62
626,424,22,65
625,424,25,66
621,420,26,69
617,418,29,73
608,421,36,72
603,410,40,78
609,431,29,78
608,410,29,86
606,404,32,87
606,398,32,95
601,396,33,111
597,393,38,112
586,395,47,114
588,395,47,111
587,392,46,111
588,396,43,111
587,393,43,107
586,396,41,110
587,392,34,105
583,397,33,105
588,395,26,97
586,404,22,90
585,397,23,88
583,410,24,76
574,415,32,71
574,421,29,63
574,423,26,60
566,422,32,60
563,423,34,60
558,418,37,64
553,412,40,71
553,413,37,84
547,408,42,91
554,409,32,91
552,408,31,91
548,410,35,90
547,408,36,91
544,409,36,90
543,408,36,90
540,404,40,92
536,404,40,92
537,403,40,94
534,400,43,96
535,402,43,95
537,401,41,95
535,401,44,93
534,401,42,91
534,401,37,86
534,401,33,86
533,401,33,86
528,405,32,81
528,401,30,83
527,402,27,82
524,404,25,82
519,404,28,79
517,406,26,74
519,406,18,73
515,409,23,70
513,410,22,69
508,411,24,66
489,410,30,66
471,412,24,65
456,412,23,66
453,417,22,62
454,419,26,60
455,418,27,61
454,416,27,61
453,411,28,62
453,411,31,63
458,406,32,69
465,413,37,65
478,417,34,66
493,420,34,65
504,422,32,61
513,416,33,59
523,412,30,61
529,406,29,66
539,406,28,67
555,409,27,66
573,408,30,65
585,408,33,63
588,407,36,62
588,408,41,61
593,406,37,62
603,408,36,66
613,410,37,64
623,408,34,67
629,406,34,70
633,406,33,70
632,402,34,70
639,402,28,69
644,401,28,69
647,401,32,68
650,408,38,65
659,405,33,67
655,407,39,68
655,404,38,72
655,406,38,69
652,402,40,71
653,404,35,71
651,401,35,72
653,399,31,71
654,398,28,72
649,398,32,70
648,397,32,69
645,397,35,68
638,399,42,66
636,398,43,67
637,399,39,66
634,399,42,66
631,399,42,67
632,398,41,68
628,400,41,65
625,402,42,60
624,398,43,64
623,399,40,62
628,397,35,64
629,398,32,65
631,396,30,64
629,400,33,62
627,403,35,57
623,396,37,65
620,399,38,61
621,400,37,61
620,397,35,62
621,397,33,63
621,403,30,57
626,406,23,57
625,404,22,56
624,403,22,58
621,401,22,59
621,405,21,56
617,409,26,49
610,405,29,50
610,409,27,47
608,408,26,46
604,407,27,47
601,406,28,49
596,401,32,52
594,397,34,56
595,398,31,56
593,395,31,58
593,396,29,56
591,400,28,54
587,399,29,53
586,395,28,58
586,393,27,59
583,391,28,62
581,390,29,62
577,392,34,61
572,394,39,57
569,390,42,59
567,387,43,62
566,388,43,61
564,388,46,60
558,389,49,59
556,390,50,57
557,394,45,49
558,392,41,55
555,392,42,51
556,391,40,52
557,391,36,53
557,394,35,49
552,391,41,52
548,392,42,52
550,389,33,56
550,388,34,57
545,389,38,56
543,389,40,54
540,392,41,50
537,392,40,46
535,395,37,44
537,395,35,45
537,391,38,49
534,393,42,47
534,397,33,42
530,395,41,43
527,391,42,45
528,393,42,44
524,391,44,46
519,391,47,47
556,396,41,50
561,395,32,53
562,393,27,55
558,392,28,55
557,389,26,58
557,392,24,56
554,391,22,56
552,390,22,56
550,389,22,56
549,387,21,60
548,387,21,58
544,385,23,59
542,383,22,60
540,385,20,56
538,388,24,54
532,385,26,58
532,381,26,62
520,381,36,59
527,384,28,56
527,384,29,56
524,383,30,60
521,387,29,53
520,384,32,49
514,386,33,50
517,385,37,50
510,385,35,52
509,387,40,52
510,388,31,50
522,395,39,50
533,400,32,46
507,385,25,50
