540,376,81,91
539,377,77,81
538,377,77,78
540,376,76,78
536,375,80,76
537,375,79,72
535,378,77,72
534,382,76,68
528,385,79,63
521,395,84,62
514,406,84,50
507,390,90,54
505,394,91,60
516,390,99,64
507,391,106,67
503,384,124,73
505,375,125,97
503,383,131,110
496,394,130,106
493,406,113,90
494,415,106,84
528,374,102,106
520,366,115,118
503,356,126,123
489,354,148,140
476,345,160,160
488,342,164,163
485,346,150,160
477,346,159,166
489,344,138,166
481,344,149,169
489,345,144,170
477,340,153,178
481,339,153,175
490,340,139,171
479,334,153,183
484,337,147,174
492,342,149,173
495,342,134,172
494,340,135,171
504,347,133,161
495,338,134,174
490,342,139,170
490,334,138,178
498,341,133,165
492,340,137,163
489,347,137,152
482,340,150,160
465,323,167,178
492,333,170,166
469,319,178,178
532,346,177,153
491,336,171,169
493,340,186,157
504,343,174,162
501,343,180,161
499,342,190,162
493,345,203,157
498,363,224,139
488,310,243,172
503,303,256,194
478,297,287,199
478,289,281,209
479,294,282,204
476,287,291,213
478,311,288,193
481,323,277,178
482,325,282,175
492,327,272,175
480,326,280,175
491,328,273,181
492,337,261,162
499,348,261,149
488,346,254,152
498,346,264,156
494,339,267,164
489,323,281,175
484,311,280,193
494,313,272,191
483,307,269,197
494,312,266,192
493,315,268,188
495,319,264,182
501,334,259,165
501,339,261,160
501,330,260,173
503,333,259,170
502,336,259,165
504,325,255,178
504,325,258,181
508,333,252,172
508,325,256,178
505,307,254,197
509,315,253,190
510,310,250,194
501,297,249,207
506,293,255,210
488,296,267,207
490,287,270,212
494,294,261,209
481,290,275,207
484,287,273,222
492,284,261,216
486,295,273,202
493,312,274,193
487,301,274,200
481,284,280,216
501,270,259,237
490,287,270,215
487,284,280,217
481,282,285,219
491,259,275,243
482,261,287,238
476,246,290,252
480,252,292,249
479,294,281,207
479,314,296,187
475,299,289,205
472,304,297,199
475,308,291,195
481,326,288,180
474,318,292,193
474,316,294,194
475,313,297,196
473,322,290,182
471,313,292,197
474,318,284,191
468,314,319,196
470,323,294,186
475,325,283,181
466,313,290,197
463,288,295,217
467,299,301,218
475,312,280,201
474,323,285,188
467,301,293,211
465,278,293,239
475,283,284,229
474,295,287,219
475,308,280,205
473,313,282,196
474,328,285,186
475,306,293,207
486,295,279,215
481,305,284,209
479,277,287,225
471,253,302,259
492,251,280,259
499,244,267,269
497,238,264,272
488,241,278,272
495,244,270,274
496,239,269,270
492,249,266,263
486,248,277,274
491,244,266,271
498,250,262,262
488,260,254,256
473,301,285,208
474,312,280,201
469,291,288,216
465,276,291,238
468,272,283,239
471,279,288,235
471,294,281,214
464,308,291,199
466,313,290,199
469,319,287,187
463,305,290,205
466,309,289,197
472,318,290,193
461,298,300,206
476,272,290,224
468,243,288,256
461,255,297,247
456,245,320,260
447,245,314,256
457,249,303,247
466,255,292,241
454,300,308,206
456,307,299,194
459,289,305,208
473,274,281,221
472,257,290,246
479,232,277,269
460,240,296,261
477,248,273,248
461,261,294,239
454,319,299,183
469,318,286,183
470,313,288,185
460,315,290,186
453,303,302,185
466,300,297,205
476,314,283,191
467,320,288,188
461,324,295,175
466,321,291,181
465,315,290,189
470,322,280,185
457,321,298,183
461,320,294,184
459,328,299,173
461,318,294,184
475,311,290,196
476,319,291,188
457,323,307,178
464,310,299,193
463,323,302,178
463,326,297,177
468,335,292,165
472,335,291,170
474,333,287,172
475,339,287,164
477,341,287,159
469,332,295,169
467,336,294,165
473,333,290,172
463,338,294,164
476,340,283,161
468,316,292,185
464,315,296,187
461,286,295,210
448,272,303,218
474,268,283,231
423,244,328,249
460,307,300,195
461,322,299,181
467,325,291,177
471,328,287,176
464,328,291,176
469,330,289,176
481,337,280,169
468,314,301,182
472,290,289,200
466,276,300,223
501,256,260,238
476,243,282,257
484,242,286,261
472,255,293,244
473,268,291,233
468,263,292,241
472,286,289,215
467,321,288,185
481,335,286,174
473,335,291,165
472,340,292,164
470,332,292,170
476,321,276,177
477,319,287,186
470,303,287,190
460,294,299,193
462,282,296,212
461,293,301,204
458,272,304,223
470,274,291,225
464,271,294,228
473,256,283,245
470,254,288,243
478,253,282,250
466,260,293,239
478,267,276,234
479,266,280,232
465,266,298,232
477,263,282,241
475,262,285,242
493,255,262,253
481,261,276,240
468,261,286,235
467,258,291,241
453,269,303,232
478,258,284,246
471,254,289,250
474,261,284,245
464,274,289,228
466,262,296,238
468,258,285,247
471,263,280,235
469,281,289,219
458,268,301,230
470,279,292,224
465,281,292,216
466,273,294,229
470,261,287,238
460,278,295,219
484,263,274,240
465,254,292,246
477,257,276,250
473,261,282,243
469,250,286,250
474,274,278,232
469,304,290,198
465,307,293,195
465,323,300,180
471,316,294,194
470,304,293,207
468,318,299,190
466,318,302,195
470,317,294,196
473,339,291,171
474,339,268,176
472,325,292,187
470,317,293,195
465,293,303,218
484,294,289,214
481,283,276,227
475,274,278,240
475,296,295,220
472,288,296,226
477,281,288,229
483,306,286,205
475,300,298,211
469,293,301,212
474,291,298,215
473,269,296,238
478,247,288,264
469,253,301,255
471,249,291,256
473,246,287,261
455,250,310,258
464,243,298,268
458,252,309,254
459,274,294,233
456,286,304,220
458,313,302,192
465,301,297,206
458,296,308,205
455,306,315,198
464,315,306,190
477,307,289,195
472,303,287,196
488,309,273,192
490,317,273,183
481,323,282,182
486,325,274,178
485,323,276,179
486,324,277,176
481,328,280,172
477,320,284,177
471,327,293,166
470,331,289,163
465,326,296,168
475,324,282,174
472,322,288,178
475,319,293,179
473,316,286,182
470,321,297,179
473,321,290,182
473,304,288,196
470,310,293,188
473,312,289,189
477,314,286,182
474,316,290,186
474,322,292,177
476,315,283,182
472,315,292,188
477,316,277,180
479,319,277,178
483,318,272,186
491,321,264,179
495,323,254,180
495,308,259,189
495,322,258,180
490,307,271,188
497,290,269,206
499,308,266,188
500,316,275,183
500,317,277,182
504,314,266,185
506,321,259,178
505,324,263,176
502,314,261,189
503,327,257,175
507,319,254,186
503,320,254,185
501,318,259,187
500,319,263,183
503,319,257,181
502,319,262,182
501,311,265,193
506,298,260,204
502,310,259,193
507,313,261,189
503,320,256,183
499,317,263,185
501,309,260,193
502,313,258,189
502,317,260,184
498,320,257,179
504,322,255,181
498,315,260,190
491,316,273,184
498,314,265,184
501,320,254,186
490,314,271,185
491,317,268,186
490,317,271,181
487,308,268,193
495,298,265,201
494,300,265,207
488,297,269,205
491,318,271,186
489,312,270,180
490,315,272,185
484,312,274,184
487,309,273,189
484,299,281,201
484,299,272,197
481,292,282,202
480,286,281,211
476,277,285,220
480,284,277,212
475,277,291,222
474,300,280,194
477,306,288,191
475,309,290,188
478,312,285,184
487,304,270,191
493,306,271,191
484,315,272,184
485,319,276,179
475,318,287,181
479,305,283,192
480,315,283,182
485,306,277,194
487,317,277,185
483,320,281,184
487,325,273,175
483,320,280,181
479,317,282,186
476,319,282,178
478,329,278,171
478,304,276,190
466,296,287,202
466,260,292,245
475,265,283,230
469,260,289,239
469,271,284,229
470,272,283,229
475,294,282,205
469,293,289,208
464,294,296,203
485,290,273,214
475,299,275,199
473,306,285,191
482,306,273,191
476,304,281,197
476,302,280,191
482,301,276,198
486,297,268,201
488,306,272,193
485,299,270,202
473,304,278,193
474,306,281,186
480,298,270,200
488,310,269,187
488,303,266,198
486,309,269,188
482,306,274,190
483,302,272,198
483,309,278,189
481,306,276,192
481,291,277,206
487,288,271,209
482,289,280,207
487,302,274,197
480,302,278,202
481,286,278,219
492,270,267,234
489,259,270,241
490,255,270,246
497,246,256,253
502,248,254,259
480,234,275,264
490,234,263,265
502,229,250,272
501,231,256,278
500,231,255,271
512,229,241,280
495,228,264,275
495,231,260,272
492,230,262,276
500,234,258,273
495,235,259,264
492,237,267,269
493,238,267,261
502,238,254,266
495,230,258,279
483,231,273,270
501,226,252,282
497,228,261,278
485,224,274,280
475,218,284,285
484,231,279,278
509,224,248,280
526,212,226,293
553,209,192,298
556,214,192,292
549,221,202,284
548,204,205,298
550,202,199,302
557,201,182,304
562,200,180,296
554,197,194,311
565,190,171,304
539,189,209,315
562,182,185,323
574,178,165,325
573,194,170,305
571,176,164,328
555,188,181,308
532,192,200,311
550,173,186,323
534,201,211,302
495,206,258,302
489,196,265,313
500,189,252,320
495,192,253,320
495,200,257,313
480,211,275,298
484,203,266,306
487,226,264,280
491,250,254,255
482,284,269,220
476,306,284,194
476,311,279,190
480,314,276,183
483,304,278,198
481,311,278,186
482,314,273,183
479,299,279,200
476,312,277,191
483,314,279,188
486,255,259,244
482,273,270,228
487,297,268,203
482,318,274,182
485,327,270,166
481,316,261,174
489,330,271,166
491,320,265,174
487,330,268,173
503,345,259,143
493,321,270,173
505,341,249,163
509,270,244,194
518,243,222,239
499,228,246,274
486,233,266,264
485,235,265,268
492,230,272,268
486,229,269,267
500,232,248,269
493,238,260,267
488,236,259,265
484,239,263,267
499,237,257,269
492,230,262,274
490,227,265,282
484,222,268,279
493,214,256,294
504,210,251,296
504,204,244,304
494,212,260,291
497,207,256,302
501,219,246,287
503,229,227,274
501,223,243,280
500,238,250,268
508,230,244,274
508,227,247,278
506,239,236,266
525,248,226,256
530,227,217,276
516,229,233,275
531,219,209,290
527,223,221,288
528,224,215,288
537,220,196,286
535,216,211,297
533,217,221,296
507,212,241,300
518,211,239,292
525,212,228,294
522,211,231,293
516,212,239,291
524,215,233,288
527,217,226,290
519,216,232,293
518,216,238,286
525,217,226,294
527,214,229,295
508,212,252,288
503,224,252,284
511,216,243,289
509,217,249,288
520,222,229,286
517,220,236,288
512,226,244,287
515,224,236,288
506,225,249,283
499,220,254,290
514,217,244,286
477,232,278,272
480,234,273,270
491,246,258,251
483,243,269,260
503,237,249,267
519,231,225,275
508,228,243,279
514,227,239,285
505,229,246,276
528,236,214,266
501,231,251,275
514,249,237,256
499,224,250,282
495,232,257,269
514,228,234,274
532,216,216,283
511,221,237,285
524,221,233,276
520,216,236,290
529,220,220,286
518,217,239,286
513,220,241,285
506,228,248,279
501,226,256,279
515,228,241,273
519,230,237,273
495,230,262,278
508,227,246,271
494,236,263,266
503,239,256,263
495,237,262,261
489,254,268,245
487,285,260,212
509,284,227,215
522,284,189,212
532,292,186,208
545,296,172,202
554,277,149,216
553,276,145,211
543,264,149,227
553,264,139,221
589,253,109,230
593,259,98,219
595,272,97,207
566,265,107,225
590,251,94,229
589,247,89,233
521,289,107,226
533,299,116,210
523,322,121,191
531,328,146,170
504,334,151,171
522,325,178,167
505,341,172,156
557,340,201,153
540,302,222,174
533,327,232,181
520,334,238,170
508,334,256,169
509,334,258,168
509,332,252,172
510,330,259,172
511,332,252,169
507,334,259,167
504,332,266,169
514,325,251,179
501,325,268,180
504,314,263,183
502,312,264,189
503,301,261,203
