584,308,39,97
583,307,36,98
580,307,37,97
579,307,38,97
575,309,38,98
572,309,39,97
568,311,38,96
566,311,37,96
565,311,37,92
563,311,35,93
559,309,37,95
556,309,36,92
554,306,37,94
552,305,35,94
549,304,36,94
546,305,37,94
544,303,37,92
544,306,37,92
541,310,37,92
540,315,37,92
533,311,37,93
531,314,37,92
529,314,38,93
526,314,37,92
526,310,36,94
524,311,36,92
521,309,34,95
519,309,35,94
515,310,37,94
513,309,37,94
511,308,38,94
508,307,38,94
507,306,36,93
506,306,35,92
504,302,36,91
500,300,36,92
499,299,35,92
498,299,35,92
495,299,36,92
493,299,37,93
491,296,37,93
487,296,38,93
484,293,38,94
481,288,38,94
480,285,38,93
476,283,38,93
472,277,37,92
468,274,36,92
465,273,36,93
460,267,38,94
459,268,36,90
454,260,37,91
453,262,38,89
450,263,38,91
449,268,37,90
449,268,37,90
447,270,34,89
447,270,34,89
440,270,33,88
437,267,32,88
433,267,33,88
428,262,34,90
424,263,36,91
419,263,38,91
420,267,37,91
420,268,37,91
417,267,37,90
413,266,36,89
412,266,36,92
410,265,35,89
409,264,35,89
405,263,34,89
402,262,35,89
401,261,34,89
400,261,35,91
399,259,34,90
397,258,32,87
394,257,32,86
392,257,32,87
390,258,32,86
388,258,31,86
385,261,31,85
386,262,31,85
388,263,30,87
387,264,31,87
385,264,32,88
383,265,34,90
381,266,34,89
379,266,34,88
377,263,34,89
375,261,35,89
374,258,33,91
373,255,32,92
371,257,32,89
369,257,31,89
368,257,31,90
366,255,31,89
364,256,31,89
362,256,31,86
360,255,32,85
358,255,33,87
355,256,33,86
354,255,31,84
352,256,32,86
350,256,31,87
350,257,31,86
348,258,31,88
347,257,31,89
345,257,32,90
343,256,32,90
342,256,33,92
339,256,34,92
336,256,33,92
334,258,33,91
332,259,33,91
331,261,32,89
329,261,32,89
328,262,31,88
326,263,31,88
325,263,31,87
324,260,30,89
322,260,30,87
320,259,32,86
318,258,31,85
316,258,32,85
314,258,33,86
313,257,32,85
312,256,33,87
310,257,32,85
310,256,32,85
309,257,32,87
308,255,32,87
309,254,33,88
314,252,33,87
319,250,34,87
323,247,35,88
329,245,33,87
331,242,34,88
335,241,34,88
340,241,33,88
347,243,33,86
354,246,34,85
366,249,32,87
371,251,32,89
373,254,31,89
373,256,30,88
374,258,31,91
378,262,30,85
379,265,32,86
384,267,32,86
388,268,31,84
392,270,31,82
393,274,32,84
393,276,32,83
389,276,33,84
388,277,33,85
385,281,33,84
383,278,33,83
381,279,33,83
382,277,33,84
378,278,33,84
376,276,33,83
373,276,33,83
369,275,33,84
367,273,33,84
364,275,33,84
360,275,34,84
355,273,33,85
348,272,33,84
346,274,34,85
339,272,34,86
334,270,34,87
333,266,33,90
331,262,32,91
331,261,32,92
329,264,34,89
326,264,35,89
327,262,35,89
323,262,36,91
324,261,36,92
323,262,36,90
324,261,36,91
322,262,36,92
324,260,36,91
324,258,37,92
321,257,36,93
322,256,36,93
326,257,36,94
326,256,35,94
328,257,34,93
326,258,35,94
327,255,34,94
328,257,34,95
328,257,34,96
328,257,34,96
329,259,34,96
329,260,35,96
329,260,35,96
329,259,35,96
329,261,35,96
328,260,34,96
329,260,34,95
328,261,34,96
329,260,34,96
328,258,35,99
328,258,36,101
329,259,35,98
328,258,35,98
328,258,34,97
328,260,34,98
329,258,36,98
328,258,35,98
328,256,36,99
327,259,35,99
328,259,34,98
327,259,35,98
327,257,35,99
326,258,35,99
327,260,35,98
326,259,37,101
327,260,37,100
326,261,36,98
326,262,36,98
326,259,36,96
326,258,36,98
326,259,36,98
325,258,35,97
326,258,35,94
327,257,36,96
327,259,35,96
326,262,37,99
325,263,37,100
326,262,38,98
325,262,37,100
324,262,36,97
323,260,37,100
323,260,36,100
322,259,37,100
324,259,38,99
324,259,37,101
322,258,37,101
325,260,36,98
323,260,36,100
324,259,36,101
321,261,36,100
322,261,36,101
322,261,36,100
321,261,36,100
321,262,37,101
321,262,37,100
319,261,37,101
319,259,37,101
320,260,37,100
320,260,36,100
319,260,36,101
319,260,38,102
319,261,37,101
318,261,37,101
318,261,38,102
318,261,38,102
317,261,36,99
315,263,36,98
316,263,37,99
315,263,36,98
316,263,37,99
315,264,36,97
316,263,37,98
315,262,37,97
314,261,37,97
315,263,38,96
314,263,36,97
315,263,36,97
315,263,37,98
316,263,37,98
315,263,38,98
315,262,37,98
313,263,36,97
313,262,37,97
312,263,36,97
313,261,37,98
312,261,36,98
312,259,37,98
312,259,38,100
312,260,39,100
310,256,38,100
309,259,37,101
309,257,39,101
311,256,37,100
310,255,37,101
310,256,39,100
311,252,36,100
310,254,37,99
310,252,37,98
310,254,37,99
309,253,38,100
310,253,37,99
310,253,37,99
309,255,37,99
309,253,38,101
308,253,37,101
309,253,38,100
307,256,39,100
304,254,37,100
304,257,38,101
306,259,38,101
304,259,39,103
302,258,39,103
303,260,38,102
302,258,38,102
302,257,39,103
301,255,39,102
298,254,37,103
300,250,39,103
298,252,38,102
299,250,37,101
300,249,36,102
299,248,37,100
297,247,37,100
296,248,38,103
293,249,39,103
295,254,40,103
292,257,39,104
294,259,40,106
293,264,39,105
292,270,37,103
294,274,39,101
293,273,36,101
293,272,38,100
295,277,35,99
291,273,38,99
292,272,38,99
293,273,37,100
294,269,38,101
298,266,38,100
302,265,37,101
300,263,38,102
302,262,38,102
304,261,35,98
304,260,35,99
299,261,35,98
298,262,36,97
299,264,35,97
296,268,36,96
295,269,35,97
294,269,36,99
294,267,38,102
292,270,37,103
291,265,38,104
293,265,38,103
293,265,40,103
291,264,38,100
293,266,39,102
292,266,39,101
294,266,39,102
293,263,42,106
292,264,38,103
293,265,38,103
292,265,39,104
291,265,38,103
292,268,39,105
290,268,39,106
289,269,39,107
289,276,38,105
291,274,41,106
289,277,39,105
290,278,39,105
290,280,39,106
288,283,40,109
291,285,42,109
290,286,42,112
288,287,42,113
289,291,42,113
288,293,44,112
288,295,42,113
289,296,44,113
289,297,45,113
289,297,44,113
287,296,43,111
290,295,43,111
286,292,43,111
287,289,42,112
287,285,42,111
289,280,43,113
290,274,43,116
287,270,43,114
291,266,42,112
290,263,42,113
290,256,43,110
293,253,42,112
295,254,41,110
299,251,42,110
297,248,42,111
298,244,43,110
298,244,42,110
299,240,43,108
301,236,44,110
305,230,44,109
312,230,41,110
311,227,44,112
312,226,44,114
316,231,42,112
315,232,46,115
320,232,44,113
325,237,43,111
331,238,43,109
337,240,44,109
339,242,45,111
340,244,44,113
341,246,44,114
343,250,44,115
343,248,45,114
343,246,45,117
343,245,43,114
343,246,44,114
336,248,46,113
330,247,45,113
328,245,44,112
328,244,44,112
334,242,44,112
333,241,44,113
329,239,43,110
328,238,43,112
329,237,43,110
329,236,44,114
328,236,45,112
327,237,43,114
328,240,43,115
326,241,43,117
324,241,44,116
324,242,42,116
324,244,42,115
319,244,44,114
320,244,43,109
320,247,43,110
323,250,42,109
322,248,42,109
324,250,41,106
321,249,40,107
322,250,41,108
322,248,39,105
322,249,40,106
323,251,40,107
323,249,40,107
322,250,40,105
325,249,42,107
320,246,42,106
326,248,41,109
325,249,40,106
326,248,39,107
325,250,40,107
325,251,39,108
324,251,39,108
324,249,39,108
325,252,39,109
323,252,39,108
325,253,39,107
323,253,40,107
324,252,40,107
324,251,38,105
322,251,38,105
323,252,38,105
324,251,38,104
323,251,38,104
325,251,38,105
323,253,39,105
323,250,38,105
323,248,39,105
322,248,38,103
322,248,38,103
323,249,39,104
324,249,39,104
324,249,38,105
324,249,38,105
326,249,38,104
324,251,38,102
325,248,38,105
323,247,38,105
324,248,37,103
322,247,37,103
322,247,37,101
321,248,38,103
321,247,39,105
320,246,38,104
318,246,39,106
317,243,37,104
316,242,40,106
310,239,39,106
