333,157,12,10
330,150,11,10
326,148,11,10
326,148,11,10
326,148,11,10
326,148,11,10
326,148,11,10
326,148,11,10
326,148,11,10
326,148,11,10
326,148,11,10
326,148,11,10
326,148,11,10
326,148,11,10
326,148,11,10
326,148,11,10
326,148,11,10
326,148,11,10
326,148,11,10
326,148,11,10
326,148,11,10
326,148,11,10
326,148,11,10
326,148,11,10
326,148,11,10
326,148,11,10
326,148,11,10
326,148,11,10
326,148,11,10
326,148,11,10
326,148,11,10
326,148,11,10
326,148,11,10
326,148,11,10
326,148,11,10
326,148,11,10
326,148,11,10
326,148,11,10
326,148,11,10
326,148,11,10
326,148,11,10
326,148,11,10
326,148,11,10
326,148,11,10
326,148,11,10
326,148,11,10
326,148,11,10
326,148,11,10
326,148,11,10
326,148,11,10
326,148,11,10
326,148,11,10
326,148,11,10
326,148,11,10
326,148,11,10
326,148,11,10
326,148,11,10
326,148,11,10
326,148,11,10
326,148,11,10
326,148,11,10
326,148,11,10
326,148,11,10
326,148,11,10
326,148,11,10
326,148,11,10
326,148,11,10
326,148,11,10
326,148,11,10
326,148,11,10
326,148,11,10
326,148,11,10
326,148,11,10
326,148,11,10
326,148,11,10
326,148,11,10
326,148,11,10
326,148,11,10
326,148,11,10
326,148,11,10
326,148,11,10
326,148,11,10
326,148,11,10
326,148,11,10
326,148,11,10
326,148,11,10
326,148,11,10
326,148,11,10
326,148,11,10
326,148,11,10
326,148,11,10
326,148,11,10
326,148,11,10
326,148,11,10
326,148,11,10
326,148,11,10
326,148,11,10
326,148,11,10
326,148,11,10
326,148,11,10
326,148,11,10
326,148,11,10
326,148,11,10
326,148,11,10
326,148,11,10
326,148,11,10
326,148,11,10
326,148,11,10
326,148,11,10
326,148,11,10
326,148,11,10
326,148,11,10
326,148,11,10
326,148,11,10
326,148,11,10
326,148,11,10
326,148,11,10
326,148,11,10
326,148,11,10
326,148,11,10
326,148,11,10
326,148,11,10
326,148,11,10
326,148,11,10
326,148,11,10
326,148,11,10
326,148,11,10
326,148,11,10
326,148,11,10
326,148,11,10
326,148,11,10
326,148,11,10
326,148,11,10
326,148,11,10
326,148,11,10
326,148,11,10
326,148,11,10
326,148,11,10
326,148,11,10
326,148,11,10
326,148,11,10
326,148,11,10
326,148,11,10
326,148,11,10
326,148,11,10
326,148,11,10
326,148,11,10
326,148,11,10
321,138,11,10
321,136,11,10
321,136,11,10
322,138,11,10
323,137,11,10
323,137,11,10
323,137,11,10
322,131,11,10
323,137,11,10
323,137,11,10
322,138,11,10
322,143,11,10
322,137,11,10
321,139,11,10
321,139,12,10
321,139,12,10
321,139,12,10
321,139,12,10
321,139,12,10
321,139,12,10
321,139,12,10
321,139,12,10
321,139,12,10
321,139,12,10
321,139,12,10
321,139,12,10
321,139,12,10
