392,202,110,316
391,201,109,314
392,205,109,313
393,202,109,313
393,203,108,312
394,207,108,312
392,204,108,311
394,207,107,309
397,207,107,306
397,209,105,304
397,212,106,305
398,219,106,305
398,209,105,303
397,211,105,303
394,202,108,309
395,202,108,311
394,204,109,312
395,201,109,314
395,201,110,315
396,199,110,314
396,198,110,315
398,199,110,312
400,203,109,311
401,203,108,310
400,199,108,309
404,203,106,305
407,201,107,306
408,201,108,304
411,206,107,299
413,206,107,293
414,208,107,291
413,207,109,291
412,199,109,301
412,201,109,301
415,200,107,302
418,201,105,304
419,194,106,305
424,197,107,308
423,197,110,304
424,206,115,289
421,203,121,289
422,191,122,292
426,193,121,289
434,198,120,277
450,209,115,273
481,228,109,269
484,221,111,272
492,232,113,269
494,230,113,267
493,234,113,262
491,234,114,261
490,242,116,263
491,232,113,273
495,232,109,286
490,228,114,271
492,227,117,266
492,232,112,276
487,223,114,271
490,224,113,279
489,233,115,271
488,226,119,266
487,223,120,270
486,219,120,270
488,217,118,280
488,217,120,272
486,215,121,271
487,216,120,269
486,217,120,271
488,214,119,273
488,208,118,272
488,211,116,271
486,216,114,270
492,210,113,275
486,206,112,278
489,206,110,276
490,207,110,276
492,205,111,282
490,206,111,283
491,217,113,283
489,214,110,278
486,223,109,276
483,238,109,266
482,249,111,267
471,248,113,267
436,207,121,275
437,201,118,296
435,204,118,300
434,204,111,306
432,199,109,314
431,214,114,298
434,227,116,291
439,225,117,287
444,222,111,306
452,230,112,305
449,229,124,292
448,230,130,285
453,229,128,284
452,230,129,285
455,225,129,290
455,223,130,293
456,216,129,298
461,215,129,297
459,216,131,296
461,211,133,298
461,214,132,297
465,211,128,292
466,216,129,290
467,212,130,293
466,208,131,297
467,207,131,296
467,201,130,296
470,201,129,297
473,197,128,294
476,195,128,295
477,193,128,295
478,191,128,297
485,194,125,296
485,189,124,296
487,187,123,298
488,184,122,295
508,202,114,296
524,209,114,304
532,220,116,305
529,215,120,309
528,209,117,310
526,217,120,309
521,219,116,304
520,216,114,300
518,220,110,292
514,218,109,294
511,212,106,294
510,219,105,291
505,217,105,287
506,221,106,287
507,218,103,288
501,211,99,293
496,214,99,296
496,214,99,296
498,213,97,290
496,223,97,292
502,222,95,289
502,224,95,284
500,216,94,281
506,214,95,287
509,215,95,284
504,212,97,289
512,212,97,292
506,212,95,285
511,208,96,289
511,211,96,290
514,206,95,292
516,205,98,301
519,203,97,306
521,196,97,312
520,197,96,311
520,198,97,311
520,197,98,313
524,201,99,313
523,205,101,314
521,201,102,314
524,208,99,308
524,221,100,300
518,216,103,299
516,216,104,301
515,213,105,303
518,216,103,298
516,216,105,300
515,213,103,295
514,220,106,295
508,214,109,299
513,214,106,295
517,209,103,296
519,206,104,306
518,205,106,310
518,194,105,313
514,203,106,306
514,197,105,305
515,197,106,312
512,196,105,309
514,196,105,311
509,195,105,308
513,192,106,315
514,189,106,313
516,199,105,312
518,192,105,312
519,191,104,309
525,200,103,309
527,189,104,308
527,198,106,307
531,197,107,312
529,192,107,301
532,200,107,299
537,200,107,300
538,202,106,297
540,202,106,299
542,197,108,302
541,197,107,300
542,195,108,303
545,193,106,299
545,193,108,306
547,191,108,305
547,186,111,312
552,181,111,314
551,187,114,313
554,183,112,314
552,176,112,316
553,181,112,316
554,185,112,313
554,175,111,318
551,175,112,322
558,190,112,316
560,193,109,310
563,198,107,309
565,200,106,305
570,211,108,300
579,212,108,302
589,219,108,300
588,211,106,303
587,206,107,307
590,211,106,305
593,200,106,313
594,204,106,306
597,198,107,308
602,203,111,308
605,197,110,305
605,202,113,296
602,176,115,301
601,156,111,311
604,170,113,305
603,156,113,303
602,147,108,311
606,148,107,308
603,143,107,308
605,147,106,305
603,147,107,308
605,154,108,310
601,150,107,308
598,148,108,311
597,142,107,309
595,143,108,311
596,150,107,308
593,146,109,305
592,127,108,302
593,144,106,296
598,164,109,299
595,152,113,295
591,142,117,298
591,137,118,300
584,120,117,311
589,129,114,301
587,122,111,303
584,117,114,303
592,132,118,301
591,125,122,301
593,125,124,293
596,128,125,287
598,132,126,292
599,131,125,291
597,129,122,293
598,135,119,301
603,148,119,292
601,153,116,297
602,147,111,300
605,158,113,288
605,164,113,290
598,149,108,310
604,154,111,296
604,161,111,299
610,163,107,291
606,158,108,298
608,154,108,299
605,153,110,303
606,158,110,304
604,153,110,306
607,152,109,303
604,153,109,305
605,155,111,309
603,146,112,314
604,152,110,311
603,146,112,314
604,153,111,311
606,159,110,306
605,158,111,308
605,154,112,306
607,164,110,304
608,173,110,303
608,165,111,303
611,178,109,302
610,173,108,298
612,188,105,298
610,190,105,297
606,176,108,304
610,198,110,304
610,205,111,302
607,199,112,307
608,202,114,306
607,193,114,305
605,204,113,308
608,209,113,304
610,207,111,305
610,208,111,307
613,214,109,302
612,222,107,299
614,210,105,298
616,214,103,297
615,217,102,296
613,210,102,297
614,214,101,298
612,218,103,301
615,226,104,303
618,224,103,304
613,221,105,304
613,224,103,303
610,222,104,301
610,221,105,299
609,224,105,296
606,230,106,296
610,230,105,298
610,227,104,296
612,226,104,298
608,228,104,294
609,227,104,295
610,218,105,301
612,224,102,297
615,218,101,298
612,226,100,291
612,218,100,293
613,223,100,291
613,219,100,296
612,215,101,301
612,226,101,296
612,221,101,299
612,222,102,297
615,226,102,302
615,214,101,306
615,222,100,302
615,215,100,302
618,225,98,301
616,214,98,303
615,215,98,299
617,218,97,297
618,220,96,298
616,224,98,297
618,217,96,297
616,220,98,301
612,222,100,298
614,226,99,297
615,217,100,304
615,224,100,302
611,221,101,301
612,216,101,305
613,221,100,303
612,214,99,304
613,221,100,305
613,218,100,306
612,221,99,300
612,221,98,299
610,221,98,296
611,213,99,302
609,218,100,300
611,215,101,306
611,216,101,303
614,215,101,306
610,217,100,300
609,217,99,296
610,214,101,301
606,213,102,302
610,216,102,305
608,219,101,301
610,217,101,303
610,220,101,301
608,211,101,304
609,211,102,308
605,209,104,309
610,205,104,316
607,212,105,311
605,211,104,309
609,220,104,309
604,208,105,312
608,211,105,314
603,209,105,310
605,218,102,302
605,218,103,303
606,218,103,303
605,213,104,307
605,212,103,305
604,205,105,304
607,214,107,293
608,216,109,290
610,214,112,291
611,213,110,291
616,223,114,282
621,224,112,288
620,218,106,298
621,216,109,298
619,217,108,302
620,218,108,304
623,221,106,300
627,229,105,297
629,226,103,293
631,230,101,289
627,229,101,291
628,217,101,290
629,225,104,294
629,218,104,300
629,222,104,298
630,220,103,299
633,214,104,304
630,214,104,304
629,213,105,305
629,217,104,303
633,214,104,304
630,210,105,308
627,209,106,310
629,212,106,307
627,212,105,306
627,209,105,306
630,210,103,309
626,203,104,306
629,203,103,305
628,213,102,300
628,216,102,298
627,215,103,294
626,227,103,290
627,229,105,293
624,219,105,294
622,214,107,301
623,217,107,300
623,220,109,303
624,213,110,303
625,215,110,298
627,220,113,294
628,224,113,287
630,226,112,285
630,220,111,288
634,224,110,290
635,230,108,286
636,230,107,282
635,226,108,287
636,226,107,286
636,229,107,285
636,225,106,283
634,223,107,284
636,220,107,288
635,220,107,284
636,222,107,280
636,220,109,282
635,213,110,281
638,214,110,282
635,217,112,280
638,217,111,277
639,220,112,278
638,216,112,275
637,219,114,275
641,218,112,274
640,216,113,279
642,219,110,283
645,222,107,293
645,213,106,297
652,219,102,295
652,213,101,292
654,223,101,290
651,216,100,289
654,227,100,291
653,220,100,289
652,215,101,295
652,210,101,302
652,214,103,306
651,208,103,308
653,212,104,309
650,208,105,310
653,200,104,313
654,202,104,314
653,201,102,311
655,218,101,303
655,214,102,306
655,210,102,309
654,205,102,311
655,209,103,316
654,205,103,314
655,197,102,315
652,203,102,309
656,209,100,305
656,213,101,292
652,218,105,287
649,211,108,290
654,220,105,285
654,229,106,285
655,225,105,286
653,224,105,291
654,223,101,288
653,225,103,293
654,223,104,294
655,225,105,297
655,221,107,297
656,229,105,297
652,219,107,304
657,227,106,301
656,222,107,298
656,225,106,295
660,238,105,290
656,225,104,285
657,230,105,289
657,231,106,287
655,238,108,283
653,238,110,281
652,234,110,284
649,229,112,286
649,233,106,295
646,221,103,297
643,220,105,302
640,222,107,290
640,226,106,287
637,221,104,289
634,220,103,297
629,225,103,297
628,221,104,300
626,217,104,301
623,212,104,300
627,221,103,298
626,229,104,302
624,214,106,311
627,211,107,314
628,212,105,314
626,213,104,310
624,211,106,314
623,207,107,316
625,208,108,316
623,196,110,323
624,201,108,321
624,204,109,322
623,194,110,324
623,194,110,323
624,196,108,316
627,196,106,317
628,194,106,316
633,189,107,321
636,184,109,323
637,195,109,316
635,181,109,319
634,185,110,317
639,182,111,317
653,187,110,321
657,191,110,317
658,197,111,317
658,200,111,320
652,197,111,318
647,199,111,319
651,215,111,317
648,210,111,322
645,215,111,317
644,213,112,323
643,212,114,324
640,209,115,328
639,207,114,326
636,218,114,321
636,211,114,327
635,207,114,329
640,208,115,338
641,203,113,340
634,208,116,331
630,209,116,325
629,212,116,320
627,204,116,322
615,202,118,314
616,203,116,314
608,195,119,315
610,211,120,314
603,209,118,309
605,208,116,309
604,199,115,310
610,205,114,312
607,200,115,313
611,201,115,316
610,198,115,315
613,190,115,321
612,196,116,319
609,200,116,313
610,204,115,314
614,204,115,315
608,205,118,310
608,204,120,311
603,197,121,311
603,200,122,308
605,205,119,304
599,199,120,297
602,208,119,292
601,207,118,286
604,218,115,280
601,219,116,282
595,213,115,283
595,209,115,290
594,205,114,301
594,202,116,307
590,198,113,314
588,196,112,324
587,202,111,322
583,207,111,320
583,202,110,320
584,209,111,322
579,208,111,315
585,209,108,314
584,211,107,309
584,208,106,312
588,211,104,312
587,210,104,309
587,208,103,309
588,205,104,317
587,204,103,312
591,214,102,305
590,211,100,302
590,208,100,300
589,207,100,298
588,212,101,295
586,205,102,298
581,213,105,297
583,215,104,298
581,213,106,300
583,212,105,302
584,208,104,302
581,205,102,304
578,208,105,307
578,208,106,310
580,204,109,316
579,204,108,318
580,203,108,320
580,208,108,320
579,197,108,327
583,203,106,327
583,198,104,323
586,203,104,325
585,199,103,319
586,194,101,318
586,207,102,312
586,201,102,316
582,207,103,316
582,207,105,319
579,210,107,318
582,204,105,318
581,206,106,314
579,209,106,311
583,204,105,314
581,210,105,312
580,200,105,314
582,211,104,309
581,197,103,312
579,213,106,309
579,207,105,309
578,215,106,300
575,209,107,300
577,212,109,303
575,207,109,307
576,202,109,309
576,200,110,309
576,198,109,310
575,201,106,305
579,203,107,313
577,198,108,318
579,192,108,329
579,196,108,327
586,195,107,333
582,192,110,336
581,191,111,335
576,194,114,333
571,190,113,329
570,196,113,330
565,191,108,326
565,180,108,338
568,200,107,328
568,204,107,331
566,208,106,327
565,214,107,322
563,215,106,315
560,201,104,320
562,205,106,323
560,205,105,321
558,207,106,317
557,198,107,320
556,208,109,316
551,212,109,309
552,213,107,309
552,212,108,310
553,195,108,315
550,207,103,304
549,206,106,313
548,207,109,317
546,194,110,322
543,199,113,321
543,191,117,329
541,199,116,333
536,196,118,323
535,197,114,321
533,197,113,323
533,202,113,322
532,200,115,322
532,207,116,319
533,199,116,321
536,203,113,316
535,202,110,317
538,210,113,318
533,206,112,318
531,206,114,319
530,206,114,317
530,210,112,317
532,212,112,315
531,209,114,314
532,206,113,314
533,198,111,309
533,207,112,308
536,207,108,300
537,203,106,302
539,207,107,304
542,208,104,300
544,211,105,296
546,216,107,296
546,212,107,298
553,213,105,301
555,210,103,303
554,205,103,307
554,208,105,309
556,214,104,303
559,206,107,311
558,203,108,315
559,207,106,309
563,203,106,307
563,212,104,304
568,207,105,308
572,208,105,313
569,207,106,310
569,205,104,310
574,207,103,312
575,205,103,314
570,204,106,315
572,204,107,316
570,202,108,316
567,203,108,314
570,209,106,311
571,206,107,313
568,208,106,308
571,209,107,312
567,195,108,318
566,203,104,316
564,198,103,319
564,202,103,317
564,200,102,321
565,202,100,319
563,199,101,322
565,192,99,324
562,196,99,318
565,205,100,320
564,203,100,322
561,201,102,326
565,200,103,329
565,201,105,331
566,206,105,328
569,198,107,338
564,202,106,326
568,205,106,327
568,207,106,323
565,191,110,329
567,193,111,331
568,187,110,334
561,183,111,334
560,189,112,333
561,192,109,332
556,191,110,330
551,190,111,330
552,196,114,329
550,196,113,324
548,195,113,324
548,202,113,320
547,199,113,319
547,196,112,320
546,199,111,318
546,205,109,313
545,201,109,315
548,207,108,313
549,204,106,309
551,210,105,307
552,209,104,308
552,213,102,301
551,212,101,298
551,215,102,298
553,215,103,302
551,208,104,306
550,210,103,304
550,206,103,302
548,204,104,303
544,205,104,299
544,206,103,296
543,219,102,295
541,215,103,295
541,218,103,297
536,221,104,296
536,217,103,292
534,226,103,283
534,232,106,275
532,230,103,275
531,230,104,278
530,229,103,278
528,225,101,289
525,226,104,286
524,221,102,292
524,224,100,288
523,223,97,287
525,227,97,286
524,228,96,286
527,227,95,287
527,219,93,288
527,223,93,288
529,217,94,294
530,218,92,291
532,213,92,290
534,210,92,288
533,207,92,286
535,220,88,285
536,213,88,289
536,211,89,293
535,218,87,286
534,217,88,288
531,219,89,281
531,227,90,277
530,218,91,274
532,223,96,261
533,220,97,261
537,224,97,260
540,221,98,266
542,219,101,264
545,222,101,263
545,221,98,266
555,226,98,261
555,226,99,264
557,225,98,266
558,218,97,271
558,219,99,275
560,211,98,280
562,208,97,283
565,226,97,281
568,219,96,277
573,226,96,275
573,216,95,273
575,214,96,274
577,209,97,279
579,216,95,280
578,216,93,277
580,210,92,284
581,207,89,283
581,200,91,288
578,215,93,286
574,207,93,290
571,217,93,283
570,224,93,272
569,236,97,267
567,229,97,270
565,230,98,272
562,234,97,266
561,235,96,266
558,232,96,269
557,243,96,264
555,239,93,265
554,241,92,267
550,245,91,263
547,244,90,263
546,244,90,263
545,245,89,263
544,244,88,261
546,246,89,263
544,240,88,263
542,229,89,271
542,227,91,274
541,224,91,272
539,223,92,272
539,221,94,278
535,221,93,277
534,225,93,276
533,230,93,270
531,235,91,265
532,236,92,264
530,239,92,260
530,236,93,263
530,235,94,265
530,228,93,267
531,230,92,266
535,229,93,266
536,233,90,262
536,225,89,263
540,224,88,258
541,224,89,255
542,215,89,257
553,227,87,249
557,231,86,249
558,233,85,243
558,236,84,243
562,234,82,244
564,236,81,245
565,226,78,250
564,226,76,250
565,220,76,258
563,215,79,263
566,213,79,263
566,210,79,263
573,206,82,271
574,206,83,271
580,205,87,277
589,209,88,277
598,202,86,271
605,202,86,270
611,203,87,272
619,210,89,274
622,208,88,272
628,206,86,278
630,201,88,281
629,204,88,274
630,208,89,281
628,209,90,276
631,204,92,281
629,203,93,284
629,205,93,282
631,183,95,290
630,203,95,295
632,188,93,291
634,197,94,290
634,197,92,285
636,193,93,287
640,198,96,288
642,199,97,284
647,198,97,286
651,201,98,284
654,207,97,285
658,216,97,287
662,211,95,286
666,213,95,287
669,197,93,293
671,207,94,295
672,208,95,296
672,203,94,290
674,211,94,283
672,214,93,281
672,207,93,281
675,212,92,280
678,210,91,279
679,205,91,280
675,214,91,276
676,212,91,278
673,209,91,278
670,209,91,280
667,198,91,283
667,202,90,282
668,194,90,285
668,192,89,288
668,195,86,282
669,198,84,276
671,209,85,274
671,217,87,273
671,205,88,277
676,198,92,284
679,202,92,281
681,205,93,270
684,209,95,264
687,215,95,261
692,204,93,266
694,207,92,267
697,213,90,269
696,206,90,270
694,210,92,268
694,202,91,267
696,208,92,272
697,213,93,271
696,207,93,273
696,206,93,270
697,204,94,267
700,200,94,269
702,205,94,266
702,198,95,263
703,186,96,262
708,186,97,262
715,189,97,259
719,189,97,262
723,192,97,259
724,191,98,251
729,191,98,251
734,196,97,249
736,200,95,249
741,196,95,249
747,202,94,248
748,202,94,251
750,208,94,251
753,206,90,249
753,203,92,254
753,212,90,254
756,210,89,253
755,201,88,255
755,208,89,260
754,206,89,263
754,199,89,261
751,205,87,257
755,204,89,262
751,208,89,260
750,209,89,261
753,205,88,260
751,209,86,258
750,208,89,263
750,215,89,263
751,206,87,259
751,210,88,260
753,210,91,264
758,207,91,268
760,210,90,262
763,208,91,261
763,209,91,261
762,210,92,262
764,211,92,265
766,209,92,269
765,213,92,268
765,212,93,269
765,211,91,264
767,212,91,266
765,211,93,268
766,210,94,266
767,210,95,262
768,206,97,259
766,209,98,253
766,215,99,250
761,208,101,253
763,209,101,252
761,211,102,252
754,202,102,251
749,199,101,252
749,197,100,254
745,204,100,255
742,198,100,262
745,196,99,273
746,204,98,271
748,214,98,270
747,215,98,272
745,208,97,274
745,211,96,274
746,204,95,278
747,201,94,277
743,208,95,271
744,210,96,270
745,212,97,269
740,219,97,260
739,214,98,258
736,214,100,257
732,213,98,250
731,215,99,249
727,209,97,251
723,202,93,262
719,196,92,265
717,192,93,268
712,189,95,264
709,187,94,272
710,195,98,258
710,195,98,253
708,192,95,255
707,198,94,259
706,206,94,256
703,206,95,260
702,210,95,260
697,207,92,261
695,204,92,264
696,212,90,259
694,211,88,259
694,213,88,260
694,211,85,258
693,213,84,258
695,217,82,253
695,215,82,254
693,212,82,257
693,218,83,257
689,219,84,255
688,216,85,257
686,217,86,254
683,219,86,249
679,222,89,245
675,218,87,236
669,208,90,242
670,213,91,245
665,200,93,254
661,194,94,253
664,198,93,257
661,191,91,260
657,187,91,264
659,201,90,262
655,191,90,265
646,204,88,256
643,204,90,259
638,205,90,256
639,209,89,258
638,202,90,260
635,207,92,260
640,211,92,258
637,217,93,250
627,220,92,250
597,218,89,255
601,224,97,244
597,228,100,243
593,227,101,246
587,218,96,254
614,212,101,254
615,205,99,252
607,195,94,266
603,196,93,269
596,196,95,274
591,198,96,277
584,197,96,277
582,201,94,277
581,198,90,273
582,205,90,272
581,206,87,270
581,204,84,266
580,217,85,259
580,211,83,259
581,219,83,258
581,218,83,256
579,224,83,249
579,228,81,246
578,232,79,239
576,227,79,244
571,218,82,252
569,211,84,259
571,208,80,260
569,221,83,253
573,222,83,242
572,223,81,235
569,222,83,236
567,230,83,240
564,228,84,243
563,226,83,240
564,225,84,243
560,229,85,246
560,220,87,249
557,221,85,246
554,218,85,245
552,215,84,243
555,223,84,242
554,227,83,240
552,217,84,242
551,220,83,240
547,218,83,233
545,220,82,235
540,219,82,230
539,216,82,231
537,221,81,232
534,214,78,229
534,216,77,231
534,221,77,234
536,234,75,227
536,233,76,227
534,230,76,229
536,229,74,228
538,229,74,235
539,230,76,233
537,222,77,236
535,226,79,232
534,217,80,238
528,216,82,238
525,218,83,239
522,207,85,244
517,209,85,244
513,216,85,245
510,211,84,242
508,220,84,241
504,229,84,243
500,217,86,247
499,217,85,246
495,215,84,250
497,217,83,256
498,218,82,255
500,219,82,250
498,216,83,248
500,215,82,247
501,217,82,243
502,221,82,238
500,217,82,238
499,224,83,239
495,218,81,240
490,218,81,241
484,217,84,247
479,210,83,255
472,212,82,251
471,224,83,244
464,214,86,247
462,215,85,246
455,221,84,244
454,225,83,240
453,222,82,243
455,235,84,241
451,233,84,243
440,229,85,246
438,227,84,247
439,238,85,248
438,230,82,248
440,225,81,251
443,228,81,251
444,233,81,241
444,226,80,241
445,235,80,236
449,231,78,234
450,232,77,230
450,231,76,230
449,242,75,230
447,235,76,229
447,234,75,228
443,230,74,226
441,227,75,228
440,229,75,230
441,230,75,229
440,228,74,230
435,229,76,233
431,227,77,231
423,222,79,237
421,222,77,233
417,227,78,233
413,217,77,236
409,219,78,234
403,230,79,231
408,233,80,230
412,237,80,229
414,237,80,230
419,236,78,228
422,238,80,231
