412,266,312,230
417,273,307,226
416,270,304,224
431,277,301,222
421,277,296,218
424,283,292,215
436,274,292,215
429,282,290,214
429,279,287,211
435,281,284,210
437,281,276,203
437,286,271,199
443,287,267,197
438,290,269,198
442,289,267,196
440,289,264,195
440,289,265,196
446,289,267,196
448,290,263,194
441,294,263,194
440,290,262,193
446,291,263,194
446,292,261,192
451,291,264,195
436,290,268,197
443,289,270,199
442,286,272,200
442,285,271,200
447,291,268,197
445,291,264,194
447,291,263,194
443,290,262,193
443,292,264,194
442,287,268,198
433,289,270,199
439,285,270,199
441,288,266,196
442,291,264,195
439,289,267,197
437,290,274,202
440,286,276,203
438,289,271,200
432,285,275,202
428,290,272,200
419,286,276,203
414,286,278,205
406,281,283,209
406,280,288,212
395,278,293,216
398,274,293,216
395,277,296,218
395,275,303,223
397,274,304,224
401,270,293,224
417,262,275,232
412,261,274,227
423,254,264,230
423,254,266,230
437,257,274,222
439,255,283,223
443,255,288,222
433,255,299,223
441,259,296,220
442,261,293,223
437,260,289,223
447,267,282,219
421,268,289,215
406,266,287,214
416,282,287,213
417,278,280,211
402,278,279,211
394,279,275,210
390,278,274,211
387,283,263,205
359,283,253,199
347,279,247,202
344,282,242,199
329,278,253,202
328,275,248,204
325,275,246,204
322,273,242,206
309,275,240,203
298,274,244,200
289,267,237,207
289,267,227,211
283,269,235,210
317,278,258,197
420,273,260,198
435,284,263,194
440,288,264,195
441,284,266,196
442,283,268,197
447,286,268,197
449,281,270,199
442,281,262,200
448,270,249,215
439,273,249,210
439,271,244,212
430,272,249,211
437,276,257,209
422,279,263,203
425,279,265,202
422,286,264,195
424,289,263,194
428,289,258,190
427,294,255,188
426,291,254,187
428,293,255,188
430,290,256,196
429,278,254,205
421,284,259,198
432,281,248,206
429,274,236,213
420,274,245,215
412,278,260,210
406,274,248,213
419,271,241,218
420,276,251,215
411,284,259,206
405,283,257,205
404,290,267,203
390,300,273,201
379,292,274,202
440,288,273,201
531,288,274,202
417,285,275,203
383,291,276,203
383,287,280,206
405,278,287,211
424,271,292,215
409,268,300,221
388,263,304,224
381,267,308,227
379,273,307,226
368,274,306,225
362,282,304,224
372,279,297,221
370,286,292,217
369,281,289,220
374,277,284,220
372,277,282,221
363,271,279,225
362,266,278,227
384,268,295,222
415,269,295,218
406,264,296,218
388,262,302,223
396,267,296,218
418,267,299,220
406,265,299,221
392,268,303,223
396,272,302,222
382,264,306,226
390,273,303,223
386,269,306,225
392,274,304,224
370,273,305,225
369,276,307,226
362,284,302,223
358,276,301,222
360,279,303,223
363,279,301,222
357,277,306,225
347,280,303,223
350,279,304,224
354,282,305,225
359,277,307,226
346,273,307,226
348,270,305,225
355,278,306,226
351,275,312,230
353,272,315,232
348,267,315,232
360,269,319,235
360,270,316,232
367,270,314,231
369,270,312,230
380,275,309,228
388,272,308,227
386,276,309,227
385,273,308,227
389,270,303,224
390,274,304,224
392,272,303,223
396,272,299,220
396,276,300,221
398,279,296,218
399,273,297,219
399,274,294,216
401,271,292,215
401,277,291,215
401,276,296,218
398,281,293,216
393,278,296,218
410,277,294,217
425,273,295,217
413,274,296,218
422,272,295,217
419,269,296,218
403,265,299,220
404,265,306,225
399,266,309,227
392,262,309,228
403,262,314,232
403,270,313,230
401,266,314,232
399,269,308,227
408,268,306,225
408,272,307,227
406,268,305,224
403,265,301,221
411,266,303,223
408,268,306,226
409,266,304,224
408,266,304,224
400,269,299,220
395,268,306,226
405,269,304,224
403,269,304,224
394,273,305,225
389,275,308,227
397,267,311,229
401,267,306,226
397,273,300,221
413,270,293,216
418,270,298,219
399,270,291,214
411,264,297,219
412,266,294,217
413,268,297,219
412,266,296,218
411,267,303,223
405,269,298,220
408,269,300,221
417,263,296,218
413,265,300,221
397,266,299,220
407,267,300,221
396,271,299,220
403,266,297,219
396,272,297,219
389,270,299,220
395,271,297,219
389,270,301,222
384,270,307,226
381,269,306,225
379,267,308,227
387,270,302,222
388,271,297,219
387,275,297,219
384,277,297,219
381,270,302,222
381,264,307,226
379,273,308,227
383,270,303,223
384,265,307,226
386,265,303,223
382,273,302,222
380,274,300,221
388,267,297,219
380,272,291,215
382,273,295,217
386,269,295,217
379,268,301,222
385,266,300,221
382,266,297,219
387,276,293,216
384,267,293,216
379,272,293,216
384,268,295,217
384,274,293,216
385,264,297,219
378,274,294,217
384,274,295,217
383,273,294,217
375,267,299,220
375,267,304,224
377,270,301,222
380,266,305,225
377,273,299,220
376,271,299,220
381,272,295,218
381,273,294,217
377,274,297,219
382,276,295,217
374,267,302,223
375,266,300,221
378,270,298,220
380,270,295,217
379,272,295,217
380,273,301,222
374,260,310,228
374,270,310,228
367,263,309,228
373,260,314,232
369,260,317,233
373,262,315,232
365,257,320,236
366,258,318,234
370,256,317,234
371,262,316,233
371,261,313,231
374,262,311,229
376,265,311,229
378,267,313,230
374,268,310,228
377,271,310,229
374,262,310,229
373,269,311,229
376,268,305,225
370,267,306,225
381,268,307,226
372,265,307,226
373,264,314,232
368,270,312,230
367,261,312,230
376,267,314,231
369,256,317,234
365,259,314,231
370,259,311,229
367,265,312,230
371,263,316,233
369,268,310,228
369,266,313,231
370,265,313,230
372,262,310,229
365,270,307,226
374,269,307,226
369,265,308,227
372,268,305,225
373,266,304,224
373,270,300,221
376,271,299,220
378,271,300,221
382,273,295,217
383,276,294,217
376,275,294,217
378,276,295,217
379,275,297,219
376,270,298,220
372,261,300,221
378,270,297,219
382,273,296,218
379,267,300,221
371,267,305,225
370,267,305,225
375,269,305,225
372,269,305,225
375,267,305,224
374,269,305,225
374,267,300,221
380,274,299,221
377,273,300,221
375,275,297,218
378,269,300,221
375,269,302,222
374,266,303,223
376,271,304,224
377,273,298,220
380,267,297,219
368,265,297,219
366,267,300,221
372,271,300,221
365,267,303,223
372,274,303,223
368,274,301,222
369,271,303,223
365,270,300,221
372,270,307,226
369,269,309,228
368,264,308,227
372,270,312,230
369,269,307,226
370,268,305,225
368,265,307,226
380,270,303,223
377,269,301,222
377,271,297,219
374,271,296,218
379,269,295,217
382,268,298,220
381,273,297,218
384,271,297,219
382,270,296,218
383,278,293,216
384,278,289,213
388,271,290,214
384,273,294,217
389,272,294,216
387,270,294,217
381,271,296,218
389,274,293,216
389,275,292,215
387,267,293,216
384,274,294,217
390,275,292,215
391,271,291,214
387,275,289,213
393,275,286,211
396,274,292,215
391,272,295,218
391,277,293,216
395,276,290,213
396,275,289,213
390,270,297,219
396,273,296,218
391,278,292,215
393,274,295,217
389,273,295,217
392,271,296,218
394,279,292,215
392,272,295,217
392,275,295,217
393,269,296,218
393,269,299,221
391,267,296,218
393,272,297,219
378,272,304,224
388,275,301,221
385,271,303,223
378,271,306,226
377,268,306,225
371,273,310,228
383,271,306,226
379,274,306,226
378,271,305,225
385,270,304,224
376,273,304,224
374,269,309,228
377,269,305,225
376,269,305,225
372,273,309,227
379,269,311,229
366,268,319,235
363,267,323,238
369,263,322,237
364,264,320,236
379,268,322,237
369,263,321,237
363,267,325,239
371,267,323,238
361,266,324,239
364,267,322,237
365,265,321,237
364,262,316,233
376,266,318,234
371,268,314,232
373,273,309,228
379,270,309,228
381,277,309,228
386,270,303,223
387,276,303,223
368,272,305,225
368,267,311,229
375,270,311,229
361,264,319,235
375,267,323,238
357,262,326,241
356,268,329,243
361,262,332,245
361,267,326,240
381,266,324,239
366,267,324,239
366,264,331,244
371,266,329,242
375,260,333,245
367,264,331,244
377,262,340,251
361,258,348,256
355,257,356,262
362,255,363,267
341,252,373,275
341,255,370,273
340,250,369,272
336,246,374,276
336,250,382,281
334,244,377,278
341,242,381,280
330,240,379,279
331,241,384,283
332,245,393,290
327,242,399,294
334,239,393,290
336,247,398,293
340,240,401,296
346,233,403,297
342,243,405,299
354,233,403,297
366,238,400,295
367,235,398,293
360,238,395,291
374,234,392,289
356,243,390,287
381,245,390,287
362,237,396,292
342,245,394,291
340,240,400,295
339,228,409,301
360,241,399,294
367,240,391,288
371,237,395,291
348,242,393,289
346,244,394,290
353,240,393,290
356,246,392,289
347,240,390,287
344,242,392,289
351,250,389,287
348,248,391,288
351,245,388,286
352,252,384,283
362,255,380,280
362,257,378,278
367,258,375,277
353,251,380,280
353,248,379,280
358,259,378,279
347,261,381,281
345,252,385,284
334,257,387,285
351,261,383,282
360,254,377,277
359,260,374,276
352,257,364,268
370,265,352,259
364,264,358,264
368,265,357,263
360,264,359,264
364,263,352,259
361,264,347,256
355,261,351,258
358,262,351,259
362,270,340,251
364,270,341,251
363,272,337,248
370,271,333,245
366,267,333,246
370,277,328,241
361,270,332,244
367,275,326,240
367,274,328,241
366,279,328,242
370,277,323,238
370,279,318,235
374,279,317,233
378,279,317,234
375,280,317,234
373,277,321,237
374,280,323,238
370,274,324,239
378,267,324,239
372,277,327,241
365,270,327,241
372,268,328,242
368,269,324,239
368,277,322,237
375,282,316,233
373,275,317,233
373,279,319,235
376,276,312,230
375,278,310,228
373,282,309,227
373,280,310,229
376,286,313,230
378,282,312,230
375,280,310,228
374,282,315,232
375,281,314,231
373,270,317,234
371,279,318,235
373,277,319,235
372,276,321,236
370,273,322,237
370,282,316,233
374,278,317,234
371,281,316,233
365,275,325,239
373,270,319,235
374,274,317,234
383,270,314,232
369,280,318,234
381,277,314,232
369,277,316,233
370,278,316,233
372,276,318,234
374,277,320,236
372,277,319,235
368,276,323,238
369,277,330,243
363,266,328,242
360,265,334,246
360,263,336,248
363,268,332,244
365,267,331,244
363,257,332,245
362,273,334,246
365,265,337,248
364,269,341,251
365,266,340,250
357,261,344,253
358,265,340,250
360,268,337,249
360,262,340,250
365,274,339,250
361,264,335,247
359,267,336,248
359,264,336,248
357,263,342,252
360,264,343,253
358,255,345,254
360,266,347,256
361,268,342,252
364,267,348,256
367,265,348,256
365,261,348,256
366,265,348,257
360,265,346,255
368,262,344,254
372,264,344,253
358,264,348,257
356,263,352,259
358,263,352,259
351,256,350,258
351,261,350,258
348,262,355,262
356,267,350,258
357,266,345,254
353,260,346,255
354,269,345,254
350,260,349,257
354,266,353,260
353,264,356,262
347,262,356,262
345,262,361,266
344,254,357,263
346,268,360,265
353,256,354,261
345,264,357,263
354,265,358,263
348,264,355,261
353,269,348,256
350,265,350,258
349,259,358,264
343,259,360,265
341,260,362,267
343,256,364,269
341,258,360,265
344,253,362,267
346,266,359,264
344,254,359,265
350,262,359,265
355,266,361,266
346,262,358,264
348,259,360,265
351,251,356,262
346,254,359,265
355,258,355,262
355,257,359,265
350,259,356,262
357,263,359,265
353,261,359,264
344,260,361,266
360,262,361,266
362,269,356,262
354,254,358,264
360,256,357,263
360,259,355,262
361,252,354,261
366,259,356,263
362,253,364,269
371,249,367,271
374,249,370,273
377,254,372,274
356,240,380,280
370,251,379,279
372,246,380,280
378,248,377,278
370,241,382,281
370,245,378,279
374,246,381,280
362,237,385,284
374,242,398,293
371,239,398,293
368,239,402,296
380,239,398,293
357,236,403,297
358,240,409,301
355,243,409,301
354,246,412,304
353,240,418,308
347,228,423,312
343,234,429,316
350,238,429,316
343,240,433,319
339,232,446,322
341,236,439,323
339,236,441,325
349,236,447,329
342,225,443,326
353,240,442,325
343,231,449,331
353,236,436,321
361,239,424,312
352,237,418,308
356,241,425,313
350,235,421,310
359,241,417,307
356,243,410,302
373,254,394,290
373,244,402,296
361,248,400,295
365,255,393,290
380,255,396,292
379,257,391,288
377,248,388,286
366,253,385,284
369,258,380,280
384,257,374,276
374,248,381,281
376,271,372,274
375,259,369,272
374,263,372,274
370,266,367,271
372,267,365,269
375,271,368,271
372,267,367,270
382,269,359,264
374,265,362,267
382,266,358,263
385,267,357,263
374,270,360,265
369,261,360,265
369,266,357,263
367,265,353,260
384,267,350,258
382,270,350,258
374,262,353,260
381,267,352,260
371,264,355,262
375,263,352,259
379,261,346,255
372,267,342,252
372,272,343,253
373,266,343,253
358,254,346,255
357,261,345,255
356,260,346,255
364,259,345,254
353,252,354,261
363,258,348,256
363,258,344,254
364,262,342,252
371,264,337,249
365,271,335,247
376,263,336,248
374,265,331,244
374,264,332,245
373,269,328,242
371,266,332,244
374,263,335,247
364,261,336,248
372,264,339,250
367,267,334,246
375,269,328,242
372,268,334,246
369,260,337,249
363,257,344,254
362,255,343,252
367,262,343,253
368,254,342,252
350,261,342,252
359,256,347,256
358,250,349,257
352,254,356,262
358,252,353,260
351,252,352,259
346,248,360,265
350,247,362,267
352,240,361,266
338,247,365,269
341,242,364,268
344,242,367,270
356,240,362,267
362,241,360,265
356,235,363,267
357,240,365,269
360,239,364,268
357,237,363,267
359,232,367,270
364,236,366,270
350,235,367,270
351,231,368,271
348,225,375,277
351,233,377,278
340,228,381,281
338,223,380,280
334,221,385,284
338,221,392,289
343,226,393,290
341,224,390,287
345,227,387,285
345,231,384,283
348,231,378,279
348,238,368,271
349,238,367,270
352,241,369,269
357,238,357,263
350,249,352,259
353,238,353,257
350,248,349,257
339,246,357,263
344,249,357,263
342,244,358,264
344,244,361,266
341,250,363,268
338,243,362,267
337,242,363,267
336,248,365,269
339,245,366,270
340,247,363,267
339,240,363,268
340,241,362,267
339,239,369,272
342,233,366,270
343,243,364,268
334,231,362,267
343,235,360,265
346,242,353,260
345,236,348,257
351,242,342,252
353,243,343,253
354,240,342,252
353,244,344,253
359,253,335,247
360,246,333,246
359,245,334,246
360,245,336,247
355,247,332,244
364,243,335,247
360,247,332,245
375,250,329,243
369,245,325,239
370,251,325,240
374,247,326,240
383,260,319,235
380,249,324,238
396,252,319,235
390,255,321,236
388,251,323,238
390,251,324,239
386,245,326,240
399,250,319,235
394,247,321,237
393,251,318,235
392,251,317,234
399,255,317,234
403,255,316,233
399,253,320,235
393,254,325,239
401,261,321,237
393,252,324,239
386,254,327,241
392,254,323,238
396,253,321,237
399,261,311,229
389,261,310,228
390,261,310,228
390,258,310,228
388,263,310,229
389,260,307,227
389,257,305,225
383,258,305,225
377,262,304,224
381,260,305,225
374,261,306,225
379,256,308,227
375,257,308,227
365,266,306,225
375,261,311,229
377,261,303,223
379,259,301,222
378,260,303,223
384,266,302,222
379,259,300,221
379,261,299,220
382,267,297,219
381,263,300,221
380,264,300,221
380,262,300,221
379,261,301,222
375,262,303,223
378,258,310,228
377,259,307,226
377,263,306,225
384,261,303,223
379,267,302,223
383,261,303,223
379,263,304,224
380,265,301,222
379,263,303,223
375,258,309,228
371,263,308,227
373,265,309,228
377,259,311,229
371,261,306,225
378,258,304,224
374,260,308,227
371,259,310,228
373,261,309,228
370,262,306,226
377,260,301,222
380,263,305,225
379,261,302,222
375,262,303,223
362,261,307,226
373,261,309,227
371,259,310,228
362,257,313,231
364,259,312,230
362,256,316,233
355,256,320,236
355,260,319,235
358,255,318,234
346,264,313,231
356,257,314,231
351,260,308,227
359,257,306,225
367,264,296,218
373,265,293,216
373,265,291,214
376,269,287,211
372,265,293,216
378,272,293,216
378,264,295,217
378,267,290,214
379,265,291,215
383,262,290,214
381,265,292,215
389,274,284,209
389,267,286,211
396,268,283,208
394,271,284,209
391,274,277,204
392,273,278,205
398,279,272,201
403,276,272,201
403,283,273,201
406,277,272,200
415,281,268,197
412,282,265,195
403,278,268,198
401,274,271,201
398,274,266,199
398,272,271,200
401,272,271,200
409,276,268,198
405,275,271,200
406,272,272,200
412,274,274,202
410,268,280,207
412,271,284,209
410,268,288,212
414,269,287,212
412,269,285,210
412,268,282,208
420,267,288,212
413,264,288,212
418,263,287,211
410,267,286,211
409,264,291,214
411,266,289,213
405,267,292,215
405,265,287,212
403,268,285,210
404,270,287,212
402,265,289,213
396,261,290,214
396,267,294,217
392,259,293,216
393,269,284,209
405,266,284,209
396,264,289,213
404,269,290,214
397,263,288,212
387,258,295,217
385,254,301,222
381,257,305,224
382,259,308,227
375,254,310,228
382,259,307,226
380,253,309,228
376,253,309,228
380,257,308,227
377,255,315,232
374,254,313,231
373,250,317,233
378,250,317,233
373,248,316,233
380,253,316,233
370,249,319,235
377,252,317,233
380,254,318,234
376,252,317,233
385,252,317,234
376,248,317,234
378,251,316,233
379,249,319,235
368,250,321,236
367,244,323,238
373,250,324,239
360,241,324,239
366,239,326,240
367,247,329,242
368,244,330,243
371,244,327,241
370,246,322,237
363,241,325,239
365,243,320,235
365,253,317,234
368,253,311,229
375,251,306,225
378,249,302,222
380,246,305,225
381,256,301,222
382,254,299,220
387,255,300,221
393,256,299,220
394,256,303,223
398,255,302,223
400,256,299,221
411,252,295,217
411,254,294,217
415,258,287,212
412,257,288,212
420,259,286,211
416,261,289,213
416,257,293,216
430,257,291,215
435,258,287,212
446,261,287,212
444,263,294,208
453,253,289,213
463,251,291,215
471,248,299,220
458,256,306,211
483,244,303,219
494,248,304,217
464,254,295,212
404,260,289,205
407,259,290,203
407,257,289,206
411,257,286,205
412,262,286,200
410,260,283,204
408,272,279,204
412,277,279,205
413,276,276,204
415,275,270,199
416,276,266,196
424,278,269,198
419,278,266,196
430,279,261,192
417,285,261,192
422,281,259,191
424,282,261,192
426,281,260,191
427,284,256,188
432,282,255,188
421,281,257,189
420,282,260,192
422,281,265,195
425,280,262,193
424,280,265,195
427,279,266,196
420,280,266,196
431,281,268,198
418,278,271,200
427,284,266,196
424,282,265,195
415,281,268,198
412,280,270,199
423,277,271,200
414,277,270,199
420,281,269,198
422,280,269,198
425,281,267,196
426,282,264,194
428,280,262,193
430,281,265,195
423,284,265,195
427,281,266,196
424,282,266,196
423,283,265,195
419,286,265,195
413,282,264,195
422,288,259,191
425,282,262,193
409,283,263,193
410,279,269,198
406,277,268,198
399,278,272,200
410,278,272,200
414,279,268,198
406,279,267,197
406,280,270,199
407,281,267,197
396,280,272,201
395,272,276,203
386,274,274,202
390,274,274,202
399,279,270,199
399,280,269,198
402,276,271,200
402,274,272,200
401,272,273,200
402,268,272,197
404,265,274,199
399,267,273,195
407,266,274,195
403,266,271,194
402,266,271,193
392,266,274,193
394,265,274,193
386,265,278,193
381,271,275,193
381,275,273,195
382,270,273,191
387,278,265,191
391,276,270,195
393,277,268,194
393,278,268,194
399,279,262,193
397,276,263,194
397,286,260,192
399,283,262,193
398,280,270,199
385,277,274,202
393,280,270,199
387,278,270,199
382,280,269,198
383,279,270,199
387,276,275,203
383,277,275,203
384,279,274,202
394,277,269,198
393,278,271,200
388,277,271,200
393,283,264,195
398,279,263,194
391,280,264,194
380,272,274,196
378,273,279,201
381,269,283,203
386,275,283,208
382,274,280,206
379,276,275,203
381,274,279,206
372,276,284,209
371,278,281,207
368,274,282,208
367,274,280,206
377,278,275,203
374,278,275,202
374,278,273,201
368,277,269,198
379,278,271,200
361,279,271,200
370,276,273,201
365,276,276,203
365,277,274,202
368,277,269,198
373,279,274,202
375,280,269,198
380,283,264,195
386,280,264,194
371,284,262,193
377,282,263,194
378,279,267,197
376,279,266,196
374,283,262,193
372,282,263,194
370,281,263,194
383,282,259,191
375,285,259,191
375,283,258,190
377,284,257,189
378,282,255,188
375,285,257,190
377,283,261,192
374,280,262,193
373,280,260,192
377,285,263,194
360,281,266,196
374,280,264,195
383,283,263,194
379,282,266,196
374,280,269,198
373,277,270,199
374,280,270,199
377,279,272,200
377,278,272,200
379,280,268,198
376,276,270,199
372,277,270,199
374,278,271,199
375,281,267,197
361,275,274,202
366,276,273,201
378,283,268,197
386,284,266,196
366,280,267,197
377,276,268,197
379,279,265,195
373,280,269,198
375,279,267,197
376,278,267,197
374,277,268,197
376,278,267,197
372,279,267,197
378,280,269,198
372,278,270,199
373,279,263,194
374,282,258,190
385,278,263,194
373,281,264,195
384,280,260,192
381,281,262,193
368,277,262,193
369,280,262,193
373,278,261,192
377,281,264,194
374,282,262,193
369,279,261,192
371,279,260,192
371,274,261,194
380,285,255,188
380,275,255,192
388,279,255,188
386,282,254,187
400,282,252,186
397,277,255,191
392,282,256,189
399,282,260,191
400,278,257,192
401,278,256,191
397,283,260,192
394,277,259,193
397,278,259,191
387,278,261,192
391,281,261,192
397,281,263,194
394,282,261,193
396,281,265,195
400,279,264,195
394,277,264,195
396,278,265,195
392,279,267,197
389,279,265,195
391,278,268,197
382,279,268,197
382,280,268,197
385,280,265,195
384,276,266,196
385,277,270,199
386,273,273,201
375,272,275,203
382,269,279,205
380,273,283,209
380,271,280,207
368,273,281,207
369,274,281,207
362,267,280,206
361,266,273,203
370,264,261,200
366,260,263,202
381,261,261,198
391,260,261,200
394,260,263,202
390,273,267,199
397,274,265,196
401,276,262,193
392,276,266,196
396,281,264,195
391,280,264,194
390,279,262,193
398,282,266,196
390,276,270,199
402,278,268,197
393,279,269,198
397,276,270,199
395,279,273,201
400,279,269,198
400,276,272,200
397,268,277,201
401,277,275,203
388,271,277,204
386,272,282,208
383,270,282,208
389,272,288,212
389,266,289,213
382,265,292,215
381,271,290,214
383,272,290,214
379,267,295,218
379,268,291,215
381,268,298,219
368,265,298,218
366,259,300,218
366,262,299,219
380,269,293,216
378,265,294,217
378,267,294,217
377,268,289,213
383,269,290,213
390,270,285,210
380,267,287,211
385,269,287,211
384,264,285,210
382,266,291,215
384,269,291,214
378,268,284,209
385,270,281,207
383,271,279,205
384,275,279,205
386,270,283,208
383,270,283,208
384,271,280,206
374,262,286,210
381,264,292,215
380,267,294,216
374,267,293,214
376,269,290,214
384,268,285,210
382,267,286,211
385,264,285,210
381,267,283,209
382,269,279,206
380,270,281,207
389,271,277,204
387,271,278,205
392,268,275,203
388,267,277,204
375,269,277,204
386,270,275,202
383,270,277,204
389,269,277,204
387,268,279,206
390,269,280,206
388,269,283,208
385,267,282,208
383,267,281,207
376,268,285,210
383,268,287,211
382,268,287,211
379,265,287,211
384,269,288,212
383,266,289,213
381,268,284,209
380,268,288,212
379,265,290,213
385,268,290,214
389,270,285,210
378,265,284,209
382,270,286,211
382,271,287,212
382,264,286,211
384,266,287,210
381,265,290,214
374,257,295,210
363,255,296,209
369,255,297,211
364,257,299,214
367,253,298,211
373,266,290,212
369,256,293,208
372,256,294,209
373,259,292,209
372,259,290,209
373,260,289,209
378,262,287,208
380,265,285,208
375,266,283,206
386,263,280,206
384,269,278,205
385,269,277,204
385,271,281,207
382,263,283,207
383,271,281,207
382,265,280,204
382,262,285,208
387,263,286,209
377,262,292,212
381,262,286,209
382,265,282,208
386,269,281,207
383,259,289,211
379,264,285,210
382,263,285,210
387,266,286,211
377,264,287,211
374,264,289,211
379,259,291,211
373,261,290,211
376,256,292,207
381,268,283,207
372,266,281,206
373,272,279,205
371,275,274,202
376,274,271,199
375,274,271,200
376,270,274,202
367,269,276,204
