775,326,149,221
777,320,143,224
779,319,140,220
772,314,144,220
770,313,145,218
758,310,145,220
763,312,145,223
763,313,143,226
759,313,146,230
763,313,141,230
765,308,137,232
768,296,136,243
765,284,137,242
765,282,138,239
761,288,140,241
762,285,145,241
764,277,148,250
764,273,147,260
765,266,145,256
765,263,144,246
765,264,145,241
766,269,151,237
770,270,150,241
772,273,147,240
767,276,152,237
759,276,159,240
755,277,158,243
753,288,157,242
749,292,154,249
751,290,152,249
742,297,158,234
734,300,157,231
729,302,156,227
725,305,154,228
726,310,145,227
727,313,144,231
729,320,144,229
735,328,140,226
741,334,142,225
751,346,142,215
759,349,143,214
763,354,139,211
763,355,136,209
761,359,139,210
757,366,138,204
756,368,135,201
759,371,133,199
759,375,129,191
758,379,130,190
752,386,128,180
744,391,126,173
741,395,125,166
739,398,124,164
732,401,119,158
727,401,121,161
720,402,121,162
723,404,120,163
720,404,123,162
712,404,124,161
702,404,128,163
699,406,125,159
697,405,125,160
698,406,122,159
700,405,120,160
700,405,122,161
696,404,122,161
702,403,123,163
710,405,123,160
715,405,123,161
718,407,120,157
725,409,119,154
732,411,116,151
726,410,117,151
724,412,113,149
723,412,116,148
716,412,116,147
711,412,117,149
706,414,114,148
703,414,114,149
693,411,111,160
683,405,110,164
677,409,109,162
670,408,111,165
669,402,112,166
672,396,113,169
671,394,115,170
672,387,115,170
670,384,116,172
675,381,117,175
673,383,118,175
686,373,119,177
691,371,121,179
698,368,122,181
689,352,123,184
690,344,124,184
693,339,124,185
699,343,125,186
706,335,126,187
706,325,128,190
703,313,126,189
712,308,127,192
715,298,129,194
711,300,123,198
716,297,123,196
720,299,122,194
720,301,120,189
715,297,123,190
713,293,124,188
712,291,126,187
711,291,127,190
718,283,126,185
719,280,128,188
713,276,128,192
714,268,129,194
714,267,127,190
712,264,126,187
711,265,125,183
711,263,125,183
710,262,128,185
706,258,128,188
720,257,129,187
711,254,128,187
714,252,127,186
714,250,127,188
720,252,126,184
718,253,127,185
720,254,127,183
719,253,127,185
722,255,127,183
718,253,130,183
717,249,130,185
718,250,128,182
717,252,128,182
717,256,130,177
724,261,126,177
723,260,127,176
726,264,126,176
724,263,125,174
726,265,123,170
722,263,125,169
713,261,128,170
707,259,129,171
699,258,130,170
698,256,131,172
693,251,131,177
701,251,130,178
696,250,132,179
684,247,131,179
687,247,129,178
682,243,132,181
682,243,133,185
678,246,132,182
671,244,130,186
669,247,128,185
666,253,126,180
666,251,125,180
664,252,126,181
662,249,124,181
661,254,124,179
658,255,124,179
659,257,125,179
659,253,121,178
661,254,120,176
658,261,119,174
661,256,123,180
660,254,124,181
662,253,124,184
665,250,123,186
662,252,122,187
658,248,122,188
655,250,121,190
654,254,117,190
653,255,116,194
650,256,116,196
647,257,116,192
640,260,122,189
638,262,121,185
633,265,123,179
629,265,123,179
624,269,122,177
622,271,121,176
619,270,117,177
619,268,116,180
618,269,114,181
617,268,113,179
618,269,111,176
616,269,111,176
617,273,112,174
617,274,109,172
615,279,112,172
616,285,114,172
620,284,117,172
626,283,116,171
629,287,114,171
632,286,112,169
635,287,112,168
637,287,108,164
636,284,105,162
635,288,106,159
635,289,106,161
637,289,107,163
638,287,107,164
641,287,106,165
641,288,106,164
638,287,108,162
633,287,109,163
636,287,109,166
636,285,107,167
636,284,110,169
634,284,111,165
637,287,105,165
633,293,107,161
634,297,106,162
632,294,106,159
632,298,107,159
632,294,107,160
636,301,106,158
635,296,106,158
639,298,104,156
639,301,102,155
637,298,103,157
634,306,104,159
636,310,105,160
632,310,106,157
636,314,107,159
630,311,107,160
629,310,109,161
629,313,109,162
627,308,111,166
623,312,113,166
621,309,110,162
624,310,108,159
624,313,104,157
625,314,107,160
628,320,106,159
632,323,108,160
634,328,108,160
635,333,109,162
639,344,109,162
639,351,112,166
642,346,109,163
645,342,109,162
648,344,108,161
652,336,106,158
655,336,104,155
656,336,105,156
661,336,106,157
660,342,105,157
667,345,104,155
666,340,106,157
665,338,105,157
665,338,105,156
664,337,106,157
664,336,105,156
659,338,109,160
656,334,107,156
656,342,105,157
660,341,106,155
660,341,105,155
661,341,105,156
659,344,108,159
662,350,107,159
667,343,108,159
666,340,110,162
666,340,111,163
663,341,111,163
662,341,111,165
661,345,110,163
659,350,112,165
656,350,112,168
651,351,115,171
650,352,117,174
645,351,120,177
644,353,119,176
641,353,120,179
636,354,119,177
632,354,122,181
633,355,127,177
635,354,123,175
635,353,122,172
634,349,120,171
631,343,116,168
631,340,117,173
631,340,114,173
631,340,114,173
641,339,121,174
628,343,118,178
629,343,123,180
631,345,124,180
623,345,122,181
623,345,122,181
623,345,122,181
623,345,122,181
623,345,122,181
623,345,122,181
618,347,121,179
612,346,124,185
613,346,126,187
613,349,130,193
607,348,129,192
616,347,129,192
612,352,130,193
623,353,129,192
619,356,128,190
618,354,127,188
615,358,125,186
621,359,124,185
621,359,125,185
618,358,126,187
624,359,126,188
621,359,125,186
619,356,125,186
615,355,126,187
621,356,126,187
620,362,124,184
620,362,124,184
620,362,125,186
620,360,125,186
621,362,125,185
623,362,126,187
618,364,127,189
618,367,127,189
616,364,128,190
616,368,129,192
616,366,129,192
617,368,129,192
615,369,128,190
614,370,128,191
613,372,129,192
