151,175,81,131
151,174,80,130
153,175,77,131
154,177,76,129
155,177,75,129
156,178,75,128
156,178,75,129
157,177,77,129
159,177,78,130
162,177,78,131
163,178,79,130
166,177,78,130
169,177,78,130
172,178,77,129
175,178,76,130
177,178,77,130
179,180,78,130
186,183,77,128
189,183,77,128
191,184,79,127
193,182,79,126
198,177,81,129
198,179,83,131
199,181,85,133
201,184,85,130
204,180,84,130
205,184,86,129
208,183,86,130
210,181,86,132
209,184,88,132
210,185,89,129
212,184,87,128
212,183,89,129
213,182,89,129
215,182,87,128
216,181,88,131
217,183,88,129
218,182,87,129
219,183,86,127
221,181,86,127
223,181,87,129
221,183,89,127
223,183,90,128
226,182,90,130
224,184,91,128
227,183,91,128
231,185,89,125
228,186,91,127
233,184,92,127
230,188,93,126
241,183,88,122
240,184,89,123
244,180,87,124
245,180,87,124
246,180,87,122
251,181,85,120
251,179,86,122
250,180,87,121
250,180,84,119
248,182,85,119
245,183,86,119
243,184,87,119
239,187,89,119
234,188,91,122
235,185,90,122
231,185,91,127
230,186,91,128
226,186,92,131
225,188,92,128
227,186,92,125
225,185,90,132
229,185,91,126
226,187,92,127
226,189,93,126
226,186,91,127
224,188,93,130
225,190,92,128
226,192,93,128
228,190,91,126
230,190,90,124
228,191,90,125
232,191,88,122
228,194,88,123
227,192,89,124
226,192,90,124
226,189,89,125
227,190,88,123
227,193,88,123
226,192,87,124
222,194,88,124
221,193,86,123
219,192,85,123
218,194,85,123
217,192,84,123
217,197,84,123
216,195,83,122
217,194,82,121
215,195,80,119
215,193,79,119
215,195,78,119
215,196,78,118
215,197,78,117
216,197,77,117
215,197,75,115
216,198,74,115
215,200,73,112
215,202,73,113
214,202,74,113
215,201,72,111
214,201,72,112
211,199,72,111
213,200,75,114
212,202,75,113
213,201,76,114
211,201,76,115
211,199,76,115
210,199,78,115
208,199,77,116
209,199,79,117
212,199,80,117
209,199,82,119
211,199,83,120
215,202,83,120
215,203,86,122
217,202,85,123
221,201,83,121
223,203,83,119
224,203,82,119
228,206,83,117
230,200,81,118
235,203,82,118
234,202,83,120
239,199,80,119
241,199,80,119
242,200,80,119
246,198,79,118
246,200,81,118
249,198,80,116
249,200,80,115
248,198,81,115
253,198,79,115
253,198,81,116
256,196,80,117
256,196,81,118
251,195,84,119
270,193,75,118
282,196,71,116
284,197,70,116
288,196,69,117
291,197,70,115
293,197,70,115
296,198,69,114
298,199,69,113
302,200,67,113
306,200,66,113
310,201,66,111
313,201,66,111
316,202,66,109
319,202,67,110
322,201,68,111
324,201,70,111
327,201,71,114
330,201,72,116
334,200,72,116
340,199,71,115
344,198,72,117
346,197,73,118
350,199,73,116
352,197,74,119
355,196,72,118
354,197,72,117
356,197,71,117
358,199,74,116
358,197,72,118
362,199,73,116
360,199,72,117
362,200,71,115
364,201,72,114
364,201,71,113
364,202,71,113
367,203,70,111
368,204,69,111
370,205,70,110
371,203,73,111
375,201,71,112
379,201,70,110
382,202,70,110
385,203,69,110
386,204,69,109
390,205,66,109
392,203,66,112
393,203,67,113
394,204,66,111
398,206,66,109
401,207,65,108
404,204,64,109
405,204,64,108
406,206,65,107
409,205,65,106
410,203,64,109
413,205,64,107
415,203,65,107
413,204,66,108
415,203,66,107
417,204,65,106
416,204,66,107
418,205,67,109
418,202,67,108
419,202,68,110
420,200,68,110
422,200,68,110
422,199,68,110
423,200,68,110
424,202,67,109
425,204,67,109
425,202,69,111
423,200,70,113
422,202,69,112
421,202,68,110
424,204,67,109
422,205,68,110
424,204,67,109
423,204,68,110
422,204,67,109
424,204,66,107
422,200,67,109
421,201,68,110
420,202,68,111
420,200,69,112
420,202,70,114
421,201,70,114
423,202,70,113
426,203,70,113
425,201,71,114
428,204,70,114
426,200,70,114
428,200,71,115
430,199,71,115
431,201,70,113
431,200,70,114
433,199,69,113
432,203,70,113
434,203,69,112
434,202,69,113
435,202,69,112
435,205,68,111
434,206,67,109
434,205,68,110
436,208,68,109
435,208,67,107
435,206,67,108
434,206,66,108
436,205,66,108
436,205,66,107
434,205,67,108
433,205,67,108
435,205,67,109
433,204,68,110
434,207,67,109
434,204,67,109
433,207,69,110
435,208,69,109
434,207,68,109
435,206,68,110
435,209,68,108
434,210,68,107
436,206,67,107
435,206,65,106
434,209,66,104
435,206,65,106
433,208,66,106
431,213,66,104
429,214,66,103
428,215,65,103
428,214,64,101
425,215,63,99
424,215,62,99
423,217,61,99
422,218,61,98
421,216,60,98
419,215,61,99
420,216,59,97
418,215,59,98
418,216,57,97
416,217,57,95
415,216,57,95
414,216,58,95
412,217,58,94
410,218,59,94
407,218,59,93
408,218,57,91
404,219,58,91
404,218,57,90
405,218,55,89
404,218,54,88
400,217,55,89
399,218,55,89
399,216,55,89
397,218,55,87
396,218,55,88
394,217,56,89
392,216,56,89
390,217,56,88
386,218,57,88
384,218,57,88
383,219,56,87
382,221,54,85
380,221,53,85
380,221,52,84
377,221,52,83
375,223,52,83
373,222,52,85
373,221,52,84
371,223,53,83
368,221,54,84
369,222,53,83
368,222,53,82
367,221,53,82
367,221,52,82
361,222,54,80
357,222,55,81
361,221,54,84
361,221,54,84
359,221,54,84
359,221,55,86
359,221,56,87
360,216,55,89
359,217,55,89
362,217,55,89
358,215,55,90
357,219,56,89
359,217,56,89
356,219,56,88
357,219,57,89
357,218,57,90
359,219,57,89
358,219,56,89
359,218,55,88
358,221,55,86
358,221,55,85
358,219,55,87
358,221,56,86
359,219,55,87
359,220,56,86
358,219,56,86
359,222,56,84
360,221,55,85
361,222,54,86
362,221,54,85
361,222,54,85
361,224,54,84
363,224,53,82
364,224,53,83
364,224,53,82
365,223,53,83
366,224,52,84
366,224,53,84
367,224,53,84
369,224,52,84
370,224,52,85
369,225,52,84
371,225,52,84
372,226,53,84
374,225,53,85
376,225,52,83
377,225,51,83
379,224,52,83
379,225,51,82
380,225,50,81
383,223,51,80
383,225,50,79
385,221,50,81
386,225,50,80
385,228,49,79
389,220,50,81
388,215,51,83
389,214,53,86
389,214,54,88
383,209,55,89
382,210,55,90
376,212,57,91
371,211,58,94
366,212,60,96
359,210,61,99
383,216,60,96
383,218,60,94
383,219,59,93
382,220,60,92
382,218,59,91
378,218,59,91
378,219,59,91
377,221,58,91
375,221,58,90
373,221,57,89
372,221,56,88
369,221,54,88
369,222,54,87
369,223,54,86
367,222,54,86
365,221,55,85
364,222,54,85
364,223,54,84
363,223,54,84
360,224,54,83
358,225,55,82
356,225,55,82
356,224,55,82
356,225,53,81
352,226,53,81
351,227,53,79
349,228,52,78
347,228,51,78
345,228,51,78
344,228,51,78
342,227,50,78
339,228,50,76
338,228,50,76
336,226,50,78
334,226,51,77
333,226,50,77
329,228,52,76
327,227,50,77
326,227,50,77
323,226,50,78
322,223,50,80
317,225,51,79
315,228,51,77
312,230,51,76
309,228,51,78
306,227,50,79
304,227,50,79
302,226,49,79
300,224,50,80
298,224,50,81
295,223,51,82
295,223,51,82
296,223,50,82
295,225,52,82
293,225,53,82
293,226,52,81
288,228,52,81
290,225,51,81
289,223,51,81
289,224,52,80
289,222,52,79
291,223,52,79
294,223,53,78
294,223,53,78
293,220,54,82
293,220,54,82
293,220,54,82
293,220,54,82
293,220,54,82
293,220,54,82
293,220,54,82
293,220,54,82
293,220,54,82
293,220,54,82
293,220,54,82
293,220,54,82
293,220,54,82
293,220,54,82
293,220,54,82
293,220,54,82
293,220,54,82
293,220,54,82
293,220,54,82
293,220,54,82
326,228,53,82
333,227,52,82
336,227,53,82
336,227,54,83
338,226,55,84
339,227,55,84
343,226,55,84
346,226,55,85
350,227,55,84
351,226,55,85
353,226,55,85
353,224,56,85
357,225,55,85
359,225,55,85
360,223,56,87
362,225,55,85
364,227,53,82
367,226,53,82
370,225,52,84
371,226,52,83
375,226,52,82
375,226,53,82
377,225,54,84
378,225,55,86
379,225,56,86
381,223,57,87
381,223,57,88
382,223,57,87
384,221,58,89
382,220,58,90
383,221,58,90
383,222,58,90
384,222,58,89
383,222,58,89
382,222,58,90
381,220,58,90
381,221,58,90
378,222,57,90
377,220,57,90
377,220,56,89
374,219,57,89
373,218,58,89
372,220,57,87
370,221,57,87
370,221,56,87
368,221,56,87
367,222,56,86
367,221,55,88
366,222,56,88
367,221,55,88
365,223,57,87
364,222,58,88
364,221,58,89
363,221,59,90
363,220,59,91
362,218,59,92
362,218,59,92
362,218,59,92
362,218,59,92
362,217,60,92
363,216,59,93
362,217,59,93
362,218,60,92
361,218,59,92
360,220,59,90
363,220,58,90
362,221,58,89
362,219,58,90
363,218,58,90
363,216,58,91
361,216,57,91
363,214,57,92
364,214,56,91
364,214,56,91
363,213,57,93
359,212,57,93
358,212,58,92
358,215,58,93
356,213,57,92
354,215,58,93
353,215,58,93
350,216,59,95
348,215,59,94
348,216,60,93
343,218,60,90
342,218,59,89
341,217,58,90
340,218,58,89
336,218,61,90
330,216,62,90
327,214,63,93
325,215,63,93
328,216,61,91
326,214,61,94
330,215,62,94
318,214,65,98
313,213,64,97
310,211,64,99
311,211,63,98
310,213,62,98
309,213,62,98
306,213,60,98
304,212,60,97
304,213,59,96
301,212,59,96
299,211,58,97
298,211,57,98
296,210,60,99
294,210,59,98
292,212,60,97
291,212,59,97
288,211,58,96
286,210,59,97
288,211,59,97
288,207,60,99
289,209,60,97
290,208,60,98
290,208,61,98
291,209,61,98
291,210,61,99
290,210,60,100
292,211,59,99
291,211,59,99
290,212,58,97
290,212,57,97
291,213,57,97
291,213,56,97
291,213,56,96
291,213,56,96
292,210,56,99
292,211,55,99
294,210,56,100
294,211,56,98
295,211,57,97
294,210,58,99
295,210,59,98
296,211,60,99
295,212,61,98
298,211,61,99
299,210,62,100
302,209,62,101
304,211,62,101
305,209,63,102
305,208,63,103
303,207,65,105
304,205,65,106
305,206,65,105
305,204,65,107
304,204,66,107
304,206,67,107
305,204,66,109
304,205,68,110
303,205,66,109
303,205,68,110
301,206,68,109
301,203,69,111
299,203,70,112
303,202,69,111
299,201,70,112
300,200,70,112
301,202,69,110
302,202,69,111
301,202,70,112
302,200,70,115
303,203,72,113
306,203,72,114
307,202,72,114
308,202,71,114
311,201,72,114
311,201,73,117
315,200,74,117
314,199,74,118
316,199,74,116
319,199,74,117
320,198,73,116
319,199,75,118
321,198,76,118
323,198,77,119
327,198,77,120
327,198,77,121
328,197,78,122
331,199,78,122
334,198,78,122
338,198,77,120
340,196,78,121
343,197,78,120
346,196,78,120
349,196,77,119
355,195,76,120
358,194,75,121
360,195,77,121
363,194,77,122
366,195,78,123
373,193,80,123
377,192,81,124
382,194,82,124
387,191,80,124
389,194,81,124
396,193,81,126
401,192,80,128
406,190,81,130
408,192,81,128
412,192,81,129
419,192,80,129
422,192,81,130
426,194,82,131
430,195,83,131
435,195,84,130
442,196,84,127
447,195,82,127
452,195,82,127
458,194,82,127
465,192,80,126
473,190,77,124
476,190,78,123
480,189,76,123
485,187,78,124
491,186,79,127
496,188,81,128
499,187,82,127
506,189,83,125
511,190,84,127
517,192,82,125
525,191,81,125
531,190,79,127
536,189,78,127
542,188,78,128
548,189,79,128
553,190,80,128
556,192,81,127
561,192,83,125
566,192,84,126
569,192,84,128
578,192,84,127
583,190,83,130
588,186,85,134
589,187,85,137
593,188,87,136
598,188,88,136
602,190,88,133
605,191,89,133
609,192,85,130
615,188,84,132
619,188,84,132
622,186,84,132
624,186,84,133
626,187,85,133
626,187,86,133
628,184,87,135
633,183,87,137
632,184,87,137
633,184,87,139
636,184,87,139
639,182,86,139
638,181,85,138
636,180,87,139
635,179,88,140
633,181,90,141
629,182,94,144
630,181,95,145
625,183,96,144
624,184,94,142
622,184,93,141
621,184,93,142
614,185,92,141
611,182,93,144
614,179,92,144
609,179,93,145
609,177,93,145
608,177,91,143
605,175,92,145
603,178,94,145
602,177,93,143
597,176,93,145
599,179,94,144
599,180,94,144
594,179,95,148
597,180,96,147
593,173,96,151
592,174,98,152
592,171,98,154
591,171,98,151
589,173,99,151
588,173,100,151
587,172,100,150
585,171,99,151
582,172,99,151
582,171,101,152
583,172,102,152
580,174,101,151
576,172,104,155
573,174,103,153
567,170,101,156
571,170,103,154
568,172,103,155
569,171,104,157
564,167,105,161
567,164,105,162
567,164,108,162
566,162,108,163
564,165,109,161
567,161,108,164
573,161,107,166
570,164,110,165
577,163,110,166
577,165,114,166
579,161,113,168
579,157,112,170
581,161,113,167
584,158,111,169
584,160,113,168
585,158,112,168
587,157,112,170
586,158,112,170
588,157,113,173
590,157,113,173
593,158,113,173
591,158,114,173
593,158,115,173
594,156,116,175
590,156,119,178
592,151,120,181
596,151,123,181
597,149,122,181
595,147,124,181
597,147,122,179
599,147,121,177
599,147,120,177
599,147,124,179
602,146,123,179
599,147,125,179
599,147,124,179
601,145,124,182
601,141,121,187
601,136,119,190
602,131,120,194
598,128,121,192
595,126,122,194
594,130,119,193
585,129,122,198
578,136,122,192
577,135,123,196
568,135,125,199
567,135,125,198
555,133,125,198
552,142,129,194
543,145,129,190
539,138,128,193
535,137,130,196
528,133,130,196
520,131,131,198
519,124,128,200
517,128,126,197
508,130,130,199
503,130,130,198
495,128,131,201
493,130,131,204
485,128,133,205
476,133,139,200
472,130,139,207
462,127,141,207
457,129,142,205
456,125,144,209
454,120,144,213
443,123,143,210
435,124,142,208
435,124,142,207
425,123,144,212
423,122,147,217
411,120,150,219
402,121,149,220
387,123,149,219
381,119,152,222
367,114,154,227
355,116,156,225
342,115,155,226
337,113,155,224
326,109,154,226
323,108,154,223
307,106,159,226
296,112,157,225
290,101,160,236
278,100,159,239
273,108,164,236
258,100,170,246
248,89,169,259
238,87,164,259
233,82,160,258
226,91,168,252
213,90,169,255
204,90,169,255
201,85,170,259
192,80,174,264
182,78,174,263
167,80,170,262
160,84,171,260
156,84,174,264
149,85,176,264
140,89,176,263
129,88,175,263
124,88,172,267
123,76,176,272
122,73,181,279
116,65,186,284
111,60,185,289
105,59,185,292
107,56,188,298
106,63,192,296
109,64,194,298
110,64,196,303
111,62,201,308
114,60,197,305
123,58,197,304
126,58,198,303
126,56,196,303
134,54,197,303
133,54,196,302
137,52,198,305
140,51,201,306
147,52,199,304
153,54,200,306
159,54,202,304
164,56,201,302
168,53,204,305
177,51,202,304
181,50,203,306
187,47,206,308
194,43,206,309
200,37,213,316
210,32,215,316
214,28,219,316
228,27,214,315
236,28,214,315
244,27,214,314
255,31,213,307
273,34,216,317
283,32,218,316
297,30,221,323
309,29,221,322
337,27,211,320
347,24,211,320
365,16,215,330
374,14,217,334
379,9,218,335
386,7,221,337
405,8,219,334
422,0,213,344
439,3,213,345
451,0,221,358
462,1,223,358
478,0,221,358
491,0,222,359
503,0,219,355
523,0,213,345
542,0,212,343
554,0,214,347
568,0,217,351
578,0,215,348
586,0,212,343
606,0,212,343
650,0,208,337
677,0,207,334
698,0,205,332
717,0,201,325
734,0,196,317
765,0,193,312
773,0,185,300
706,0,185,300
715,0,185,300
729,0,180,292
