429,40,115,120
427,42,116,116
424,43,115,118
421,39,118,123
421,28,120,125
426,39,119,124
428,46,119,124
433,64,117,119
433,73,115,117
441,85,114,118
446,92,112,117
451,99,112,120
456,111,109,121
456,111,109,121
460,143,108,119
454,155,100,117
454,155,100,117
454,155,100,117
454,155,100,117
454,155,100,117
454,155,100,117
454,155,100,117
454,155,100,117
454,155,100,117
454,155,100,117
454,155,100,117
454,155,100,117
454,155,100,117
454,155,100,117
454,155,100,117
454,155,100,117
454,155,100,117
454,155,100,117
454,155,100,117
454,155,100,117
454,155,100,117
454,155,100,117
454,155,100,117
454,155,100,117
454,155,100,117
454,155,100,117
454,155,100,117
454,155,100,117
454,155,100,117
454,155,100,117
454,155,100,117
454,155,100,117
454,155,100,117
454,155,100,117
454,155,100,117
454,155,100,117
454,155,100,117
454,155,100,117
454,155,100,117
454,155,100,117
454,155,100,117
454,155,100,117
454,155,100,117
454,155,100,117
454,155,100,117
454,155,100,117
454,155,100,117
454,155,100,117
454,155,100,117
454,155,100,117
454,155,100,117
454,155,100,117
454,155,100,117
454,155,100,117
454,155,100,117
454,155,100,117
454,155,100,117
454,155,100,117
454,155,100,117
454,155,100,117
454,155,100,117
454,155,100,117
454,155,100,117
454,155,100,117
454,155,100,117
454,155,100,117
454,155,100,117
454,155,100,117
454,155,100,117
454,155,100,117
454,155,100,117
454,155,100,117
454,155,100,117
454,155,100,117
454,155,100,117
454,155,100,117
454,155,100,117
454,155,100,117
454,155,100,117
454,155,100,117
454,155,100,117
454,155,100,117
454,155,100,117
454,155,100,117
454,155,100,117
454,155,100,117
454,155,100,117
454,155,100,117
454,155,100,117
454,155,100,117
454,155,100,117
454,155,100,117
454,155,100,117
454,155,100,117
454,155,100,117
454,155,100,117
454,155,100,117
454,155,100,117
454,155,100,117
454,155,100,117
454,155,100,117
454,155,100,117
454,155,100,117
454,155,100,117
454,155,100,117
481,147,107,111
476,150,111,115
468,159,113,118
468,159,113,118
428,210,114,119
428,210,114,119
390,236,114,119
390,236,114,119
390,236,114,119
390,236,114,119
390,236,114,119
390,236,114,119
390,236,114,119
390,236,114,119
390,236,114,119
390,236,114,119
390,236,114,119
390,236,114,119
390,236,114,119
390,236,114,119
390,236,114,119
390,236,114,119
390,236,114,119
390,236,114,119
349,224,115,120
383,217,111,119
383,217,111,119
383,217,111,119
455,153,112,116
459,154,112,117
466,138,115,120
477,145,114,119
488,148,114,119
489,148,116,121
497,148,116,121
496,153,114,119
497,154,112,119
496,155,110,116
490,159,109,112
485,156,108,102
485,156,108,102
482,154,105,102
483,152,106,102
489,156,101,105
486,156,101,105
485,149,99,103
468,150,99,94
476,136,89,97
484,135,82,101
482,140,86,106
476,148,96,100
475,146,96,100
469,143,97,101
462,142,99,103
468,141,99,103
474,143,100,104
471,142,100,104
472,149,99,104
472,149,99,103
440,139,100,91
443,146,104,92
447,154,102,93
453,148,103,99
443,152,100,93
441,148,101,94
442,150,106,97
431,168,96,101
436,181,98,107
444,198,101,105
437,202,101,105
424,207,101,106
437,205,103,107
437,205,103,107
437,205,103,107
440,197,102,107
441,198,104,109
439,195,106,111
442,194,109,114
440,196,110,115
440,189,110,115
443,191,108,113
442,191,109,114
443,191,111,116
445,191,111,115
447,191,109,114
456,187,109,113
463,151,102,106
476,149,101,111
473,156,102,114
476,158,105,112
490,156,93,115
489,154,97,113
497,152,93,109
500,152,91,106
504,150,86,103
503,155,86,108
502,160,88,111
500,160,87,111
501,166,83,112
501,161,81,108
501,161,82,106
500,157,83,103
501,155,84,103
500,153,84,98
501,152,84,98
498,150,87,96
498,149,85,92
500,148,84,91
498,147,84,88
498,147,84,88
497,144,89,86
498,130,84,78
495,127,84,78
495,128,83,78
496,129,81,77
509,139,77,80
514,139,77,84
507,139,77,80
507,134,77,77
510,137,75,75
512,136,75,76
515,139,73,76
516,140,72,75
517,144,71,74
517,149,70,73
514,152,71,74
509,151,72,75
514,155,72,76
510,152,74,77
510,150,75,78
512,153,77,80
510,150,78,82
509,150,80,83
511,149,81,84
510,150,81,85
513,150,80,84
510,150,81,85
508,147,83,87
509,148,83,87
508,148,83,86
512,148,81,85
513,149,81,85
514,148,81,85
512,149,82,86
510,150,82,86
513,149,82,85
512,146,80,84
512,150,80,83
516,150,78,81
516,149,77,81
513,151,77,81
510,147,78,81
511,151,77,82
510,149,76,82
510,151,75,80
509,149,78,82
511,149,78,81
512,149,78,82
509,148,79,82
509,150,79,83
507,149,81,85
506,149,82,85
507,146,82,85
506,148,82,85
503,149,82,87
507,148,84,87
510,148,84,88
510,147,85,88
509,146,86,90
508,147,88,91
509,147,88,91
509,146,87,91
507,146,87,92
508,145,87,91
508,148,87,90
509,147,87,91
507,146,88,91
509,147,87,90
508,147,87,90
507,146,86,90
508,148,85,89
505,144,87,90
506,148,88,92
503,146,89,93
505,145,90,93
505,144,89,93
506,146,88,92
503,146,87,91
502,144,88,91
503,145,89,93
504,146,88,92
504,146,88,92
505,145,88,92
503,145,88,91
502,146,88,92
501,143,88,91
502,144,89,93
503,144,88,92
505,146,88,91
495,142,88,92
496,140,88,92
502,147,89,93
500,148,90,94
503,141,88,92
503,140,87,91
507,143,84,89
506,145,84,93
503,143,86,91
508,147,82,94
505,147,82,93
505,147,82,94
501,147,85,94
501,148,84,94
499,147,87,97
502,144,91,95
505,147,91,95
504,143,92,96
503,143,93,98
498,142,94,101
498,142,93,104
493,144,92,103
496,142,93,103
496,142,94,103
497,140,93,106
495,143,95,103
493,142,95,104
491,138,98,103
492,141,97,102
493,140,99,103
494,142,100,104
486,139,103,107
485,139,104,107
486,139,106,111
482,138,106,110
479,139,107,110
483,138,107,113
474,137,109,111
471,136,110,112
470,136,112,113
468,132,115,116
467,132,117,118
466,130,116,116
471,130,117,119
465,132,118,121
468,131,118,123
460,126,122,121
462,127,121,122
470,128,120,126
463,127,122,124
462,127,124,126
461,128,124,128
460,126,126,127
462,127,125,127
464,128,123,126
465,128,123,128
463,127,124,127
465,126,123,129
462,126,123,128
461,126,125,131
467,126,123,132
466,124,126,137
463,124,126,136
462,124,127,137
463,125,128,138
468,122,128,142
471,124,127,142
473,125,124,142
480,124,118,142
480,125,116,138
485,123,115,141
483,128,112,137
484,129,110,130
488,128,110,125
486,130,110,117
502,128,108,114
506,125,103,109
505,124,98,110
509,127,95,111
509,127,95,112
504,126,96,113
504,123,93,112
504,122,91,112
501,120,91,110
505,124,88,110
502,124,88,108
505,124,88,110
502,125,89,108
500,122,92,108
499,127,93,109
498,127,94,108
499,126,94,109
498,130,94,109
503,132,100,106
500,134,102,106
500,134,101,106
498,133,102,106
494,134,105,109
490,135,108,113
490,135,109,114
491,134,109,113
491,135,107,114
488,136,109,116
485,135,106,122
484,132,108,125
486,138,106,128
484,133,109,126
485,135,107,122
484,136,107,123
488,134,106,123
487,135,106,123
484,136,106,124
489,130,106,122
485,128,108,121
488,122,110,123
489,123,109,122
491,118,110,122
498,117,108,122
498,117,110,120
502,114,108,118
504,113,106,116
504,111,107,115
501,112,106,114
503,109,107,115
503,112,106,115
499,112,106,112
503,117,103,111
502,117,102,110
502,123,102,110
498,127,104,111
496,125,104,111
493,127,105,111
492,126,106,116
491,128,106,121
486,129,108,120
485,131,106,122
485,133,107,124
481,133,111,126
480,133,112,128
483,133,111,129
482,133,112,131
476,134,115,129
474,136,117,131
474,138,117,132
468,139,119,131
467,139,121,132
468,139,120,133
470,136,119,129
472,137,117,127
470,136,118,130
470,136,117,129
475,137,115,131
472,137,115,130
474,139,115,132
474,135,118,135
476,135,118,135
475,137,120,138
470,132,125,139
472,132,126,144
471,127,128,142
476,125,130,145
481,126,128,146
489,121,128,147
493,123,127,148
498,120,125,148
497,126,123,145
495,124,123,142
500,124,122,145
498,124,122,142
498,122,121,139
503,125,119,139
503,128,117,137
505,124,117,137
503,126,117,135
501,131,116,138
508,127,115,139
497,117,119,141
495,118,118,142
493,117,118,143
493,121,116,143
492,121,117,141
491,123,117,142
491,122,117,140
487,126,117,138
486,123,119,136
489,122,118,138
489,123,117,137
493,125,116,138
497,123,115,137
490,120,119,137
495,114,119,140
496,106,122,142
502,108,122,145
506,112,123,146
509,113,121,141
510,114,120,142
513,116,118,141
509,111,120,139
510,114,120,141
508,111,120,141
504,111,122,140
510,114,121,141
512,108,122,140
514,108,119,138
517,116,115,136
518,114,114,134
521,112,113,135
522,112,111,131
520,118,109,133
522,120,107,131
518,118,109,129
518,123,107,127
518,124,108,128
514,122,109,128
510,123,109,126
505,121,110,127
510,123,108,128
508,122,109,130
500,124,111,129
504,125,109,129
506,127,107,127
506,122,107,127
507,125,107,129
504,122,109,129
506,124,108,130
503,121,110,131
504,120,109,129
504,119,109,128
502,119,110,128
500,121,109,127
502,119,108,127
503,116,109,128
500,116,109,127
501,118,109,128
502,118,107,125
500,117,108,124
506,120,106,126
500,120,109,126
505,122,107,129
500,118,109,126
500,122,110,131
502,125,109,133
500,125,110,136
498,124,114,134
494,123,115,131
494,121,118,132
490,124,120,131
489,124,121,130
479,123,126,132
484,124,124,133
478,122,127,132
477,122,129,134
479,124,129,137
486,120,127,137
476,123,132,140
482,120,132,144
480,120,131,141
484,119,132,145
484,117,134,148
473,118,138,148
474,116,138,151
479,112,138,153
480,113,138,154
475,110,139,153
479,109,141,162
477,111,140,159
474,113,140,157
476,110,143,161
481,115,139,163
478,113,141,168
477,108,143,170
473,106,143,168
483,103,139,171
482,108,139,173
479,112,139,172
476,110,142,170
477,110,140,170
478,111,140,171
477,109,141,166
478,106,142,172
476,107,141,169
476,107,143,173
476,105,142,173
484,99,140,176
481,104,137,172
484,103,135,170
485,107,133,169
484,104,133,163
488,109,130,164
487,107,130,161
486,113,128,158
488,114,130,159
479,114,132,154
481,113,132,153
485,114,132,158
484,112,135,160
478,118,136,158
475,113,140,158
472,113,142,158
474,114,142,160
475,109,143,160
476,108,144,162
476,105,147,168
475,101,147,167
471,99,149,167
470,101,148,164
473,106,152,174
472,105,149,169
474,102,148,168
471,102,150,169
474,104,148,167
474,100,146,163
474,102,147,166
473,104,147,165
476,106,146,165
472,106,149,167
476,104,150,174
470,102,150,168
476,99,150,173
474,106,149,168
474,105,145,159
474,103,150,167
477,103,147,164
477,101,147,165
478,100,148,167
476,101,152,172
479,96,147,170
479,98,147,170
479,96,148,171
478,95,148,170
470,101,155,173
478,100,153,179
475,98,153,174
477,99,154,180
472,100,153,171
477,99,150,171
470,102,153,168
474,97,155,176
472,97,156,176
472,99,158,179
474,96,159,183
471,95,161,184
471,94,159,181
471,95,159,182
472,95,159,180
470,97,160,181
472,97,157,179
471,98,157,178
473,100,155,177
470,106,158,182
472,94,152,176
475,88,146,165
475,93,147,166
474,87,152,164
473,88,149,152
475,81,151,152
476,82,152,155
472,92,161,159
471,102,165,160
466,105,166,167
465,103,163,170
468,105,161,172
467,109,160,173
467,105,156,173
466,110,154,171
470,106,152,173
469,100,153,172
469,105,150,170
471,106,146,170
475,104,146,177
479,100,146,181
477,93,147,183
477,87,146,183
481,84,149,186
481,87,148,181
476,79,147,175
480,75,146,176
477,84,145,172
485,85,142,170
487,86,135,162
485,86,130,153
489,86,128,152
490,87,128,150
489,88,127,148
490,86,126,145
492,82,128,147
489,80,126,143
495,84,121,141
497,90,118,137
500,99,115,133
505,98,113,132
506,100,112,133
506,106,112,130
509,114,108,127
512,115,107,127
508,114,109,128
512,117,107,129
506,115,108,127
503,114,111,130
502,113,112,132
504,118,113,137
497,118,119,138
494,121,122,137
494,124,124,136
491,125,124,135
487,128,127,135
487,125,130,141
485,123,133,144
482,121,133,142
479,121,137,145
481,118,137,147
484,116,138,153
486,115,137,155
483,116,139,154
485,114,140,159
482,115,144,162
482,115,145,163
482,112,146,167
480,108,145,163
477,108,146,166
477,107,147,169
478,106,147,168
478,106,149,172
478,107,149,174
475,110,148,168
475,113,153,174
475,110,151,172
474,105,152,173
477,106,149,173
477,102,148,173
474,102,150,175
473,103,151,178
469,105,153,182
476,104,153,184
477,111,150,184
478,107,147,180
482,104,143,179
481,104,139,178
480,105,139,178
478,102,142,180
482,99,145,185
469,96,148,186
490,95,145,188
483,96,147,188
480,97,147,186
476,100,146,186
479,104,141,182
477,106,141,176
474,108,140,172
478,103,143,176
477,109,145,181
474,110,146,177
478,116,149,181
478,111,149,180
476,105,152,181
475,102,153,185
469,101,154,182
472,104,154,183
475,105,152,181
477,104,152,180
477,112,157,187
476,112,155,180
475,108,159,186
471,105,159,185
468,103,159,184
464,102,161,184
465,105,163,190
470,99,159,186
473,103,159,189
474,104,159,187
471,108,160,185
471,106,162,186
470,104,161,190
467,96,161,190
465,98,160,189
465,101,160,186
472,99,161,194
471,102,156,189
471,106,158,191
474,109,159,193
474,110,159,191
473,101,158,190
466,110,157,191
470,97,157,192
463,105,157,189
460,105,162,192
460,104,166,198
462,100,170,202
467,107,169,204
466,109,172,205
467,112,173,207
470,103,171,211
465,104,167,207
465,101,165,202
472,108,163,197
480,104,162,196
489,112,157,192
487,108,167,192
497,126,166,187
496,127,161,195
492,118,153,194
486,104,157,208
488,104,146,206
484,87,147,207
478,81,148,201
479,84,147,199
487,83,149,201
493,92,144,196
493,90,143,191
496,100,137,183
493,90,136,175
488,83,137,173
484,79,136,170
478,68,137,166
474,69,136,161
478,68,134,160
475,66,134,159
482,83,130,161
483,83,131,162
480,92,130,159
483,93,128,155
480,85,131,158
481,86,130,160
470,84,134,163
478,86,133,164
477,94,133,168
480,97,132,168
484,101,133,172
492,108,135,176
492,112,136,174
496,114,137,174
489,117,137,174
486,105,137,173
474,96,140,174
479,95,139,173
473,89,140,173
473,90,142,174
478,100,140,173
482,107,139,169
491,95,141,173
492,92,137,169
484,93,137,157
481,84,137,161
475,72,139,168
476,67,136,169
473,60,133,162
474,59,132,161
474,63,127,160
478,63,126,166
485,66,128,175
479,69,131,178
479,64,135,174
477,56,139,175
473,47,141,177
466,42,141,178
456,38,142,182
456,39,140,175
459,40,140,173
462,45,141,179
467,51,142,183
473,58,142,185
474,58,143,181
477,61,141,176
477,73,139,173
474,67,138,170
466,53,140,174
463,49,142,178
458,41,142,177
453,43,141,171
451,46,142,172
456,54,143,178
467,70,143,184
465,77,142,179
471,79,144,180
468,84,147,180
477,109,150,190
470,106,150,183
470,104,149,180
463,105,154,181
462,99,155,179
463,101,157,182
464,102,159,188
463,107,161,191
467,114,164,195
467,117,166,194
466,121,169,196
464,117,169,199
463,108,169,198
459,103,169,198
455,100,171,199
451,96,170,194
451,100,168,189
453,101,168,194
458,104,170,198
459,113,167,192
465,120,169,193
466,120,167,190
468,117,168,193
463,112,168,195
457,111,166,189
458,108,163,184
459,113,161,180
455,111,162,179
462,114,158,181
467,117,158,184
474,124,158,186
472,132,162,187
472,134,161,185
475,128,156,182
470,121,155,184
464,113,152,178
459,111,155,178
464,108,151,179
464,101,151,186
473,98,152,194
473,82,154,199
465,57,158,200
463,62,160,199
465,55,163,203
448,55,155,189
447,50,158,196
445,49,159,197
458,60,159,198
460,47,163,204
456,55,164,204
461,50,162,208
461,55,163,206
461,60,165,212
457,50,170,214
439,52,169,203
447,66,183,227
442,63,189,228
439,67,189,225
444,68,184,221
448,84,185,221
453,106,184,216
462,114,183,215
458,118,180,209
460,115,176,208
457,106,176,210
454,96,178,212
449,96,177,206
451,91,179,210
447,98,177,210
456,103,178,212
462,110,183,216
459,118,181,207
461,118,182,209
461,115,181,211
455,106,178,206
452,103,175,201
452,106,170,190
451,107,171,192
459,106,170,198
457,117,167,196
467,123,168,197
471,124,172,199
471,128,172,199
468,124,170,197
461,112,173,204
456,102,172,203
451,94,169,195
449,101,173,198
454,86,164,214
465,87,158,220
468,98,166,212
466,114,176,205
462,118,191,205
457,111,199,207
446,96,196,199
439,87,198,196
430,66,202,196
432,83,199,190
439,89,194,197
435,93,198,210
455,96,194,220
452,100,201,224
449,102,199,218
449,110,201,220
455,102,199,218
451,91,191,211
451,82,180,214
452,86,178,213
450,93,176,207
456,89,175,212
458,95,173,210
460,111,176,210
463,116,176,205
461,111,178,207
465,99,174,209
461,101,174,206
456,105,175,201
457,102,177,206
456,102,174,202
457,111,174,201
461,114,177,209
461,124,178,218
460,143,183,225
458,163,181,222
464,183,181,223
467,199,178,217
458,214,176,207
459,223,179,203
462,212,174,203
463,193,172,208
462,173,175,216
460,149,177,218
459,129,181,221
456,115,181,217
453,112,179,209
459,108,176,204
457,115,171,198
466,130,171,206
466,140,168,205
471,157,166,204
471,170,165,200
474,194,165,196
470,203,162,185
473,203,163,189
472,188,163,196
472,169,163,203
464,140,165,200
463,134,168,196
462,138,171,198
463,145,172,208
464,154,174,212
466,171,176,212
463,185,176,206
466,194,176,205
463,200,175,198
461,200,174,195
469,201,178,206
462,202,174,195
463,202,174,198
466,208,175,202
464,212,176,200
465,208,176,200
462,210,177,201
466,207,176,202
466,206,176,204
468,203,171,198
468,205,173,197
462,209,167,188
460,210,165,183
461,212,167,177
457,198,171,188
457,198,171,188
457,198,171,188
460,156,190,196
453,184,187,189
450,190,192,201
471,108,188,196
453,99,186,195
457,188,186,194
455,190,186,194
460,188,170,194
462,187,169,195
460,186,168,192
464,190,168,191
462,188,169,193
466,191,170,196
464,187,166,191
463,189,167,192
464,183,167,191
466,183,167,192
465,180,167,193
467,174,163,190
467,174,161,186
469,170,161,189
467,167,162,189
464,157,162,188
462,150,165,196
459,148,165,193
460,140,165,194
457,137,168,196
456,127,169,197
457,123,164,192
455,128,158,179
455,119,159,176
451,113,176,186
464,116,179,186
464,116,179,186
483,227,175,185
459,190,182,189
459,190,182,189
476,211,180,188
467,214,179,187
482,211,181,189
478,246,180,188
457,134,182,190
461,88,173,197
465,90,170,189
464,92,170,193
467,93,169,193
468,93,170,195
464,92,171,194
463,91,171,194
463,95,169,192
466,95,170,195
467,95,169,194
470,97,169,193
471,96,165,188
468,102,169,194
467,99,169,192
469,99,171,196
462,100,171,191
465,98,171,193
458,108,185,196
475,98,188,197
480,98,187,195
480,98,187,195
483,106,185,193
473,109,187,195
474,160,184,192
484,196,181,189
484,196,181,189
497,292,182,189
495,278,188,190
500,292,185,193
500,292,185,193
470,117,182,193
464,98,175,200
466,98,173,199
463,99,174,198
463,96,176,201
463,100,178,204
464,100,177,203
462,104,178,206
463,101,178,203
463,100,176,200
462,102,177,200
465,99,176,200
464,104,175,199
466,101,175,200
461,105,177,201
466,106,175,200
464,102,173,196
462,106,177,187
454,87,184,193
461,64,188,196
407,45,189,197
404,44,189,198
455,99,190,201
466,90,178,195
464,92,179,201
469,102,177,206
465,114,181,204
465,114,181,204
465,114,181,204
465,114,181,204
472,275,185,195
403,312,189,198
403,312,189,198
470,198,188,196
429,196,188,196
363,155,188,196
363,155,188,196
363,155,188,196
363,155,188,196
363,155,188,196
363,155,188,196
363,155,188,196
363,155,188,196
475,103,165,211
455,112,170,202
457,108,172,207
466,113,170,211
466,113,170,211
466,113,170,211
466,113,170,211
466,113,170,211
466,113,170,211
458,15,193,187
444,14,187,196
444,14,187,196
417,71,189,197
462,100,187,195
464,141,186,194
465,187,188,197
469,212,185,193
475,233,188,196
460,273,187,195
358,318,184,192
358,318,184,192
358,318,184,192
358,318,184,192
358,318,184,192
358,318,184,192
306,216,177,193
268,226,180,188
277,215,180,188
268,197,179,187
275,195,175,183
263,204,171,179
260,208,169,176
260,208,169,176
494,114,150,181
486,115,147,173
481,118,148,171
472,114,157,175
471,123,157,174
472,118,161,173
472,122,166,171
480,115,165,169
479,111,165,169
479,92,164,171
480,86,164,171
479,87,164,171
464,89,163,170
464,115,163,170
465,112,160,175
463,111,163,174
464,107,167,179
462,107,171,176
465,111,167,174
467,109,163,178
466,114,161,177
467,113,155,173
471,116,154,175
468,121,153,170
474,122,150,169
468,123,155,170
470,124,156,176
469,125,155,173
472,127,154,172
470,125,154,169
476,127,152,172
474,133,156,175
473,134,152,169
478,133,147,169
480,136,148,173
483,135,150,176
487,134,138,174
491,131,135,174
491,131,138,167
489,132,143,164
486,138,150,163
504,210,154,160
505,226,155,161
503,222,153,159
500,221,156,163
487,226,158,165
479,229,160,167
496,156,161,168
488,167,165,172
469,158,167,174
468,162,161,175
470,161,159,175
467,164,161,178
467,164,162,179
465,164,165,182
466,168,161,176
467,168,162,178
467,169,161,175
467,171,161,175
470,169,160,177
468,168,161,179
469,160,161,186
469,157,157,181
470,147,154,174
475,145,154,180
472,144,152,169
471,143,152,171
470,143,159,172
469,149,175,183
468,139,178,186
463,135,181,188
467,124,180,188
454,132,180,188
458,124,182,190
466,122,179,197
466,122,179,197
479,118,175,203
460,118,167,203
461,122,164,194
456,114,165,193
469,121,163,195
461,120,163,189
470,121,163,192
467,118,159,188
471,121,157,185
463,121,158,185
470,121,153,182
466,123,156,185
470,120,153,182
471,123,153,183
471,122,154,185
475,119,153,184
475,120,151,181
475,120,152,182
475,119,151,181
469,120,152,179
479,118,150,183
476,118,150,180
475,117,150,179
480,115,149,180
470,116,153,180
470,115,155,185
473,112,152,183
474,113,151,183
477,113,148,183
479,115,143,180
474,121,143,179
476,120,142,179
476,114,143,178
471,116,144,177
477,118,144,184
483,114,143,185
484,117,142,186
496,114,135,185
501,121,133,183
502,120,133,185
502,125,134,186
488,144,146,188
500,173,141,188
500,228,158,172
505,214,145,181
509,210,145,175
513,208,140,175
508,215,144,169
502,215,141,174
506,210,144,170
502,227,155,161
498,200,142,168
491,139,145,163
495,107,132,164
497,108,131,164
498,109,131,166
496,115,132,166
492,121,131,165
497,119,130,161
496,126,130,166
498,129,127,163
494,126,126,151
