482,265,117,95
492,264,115,96
500,262,114,98
502,262,113,97
503,260,110,99
504,263,110,98
505,264,114,95
505,266,113,95
507,262,113,97
508,262,109,96
508,263,106,102
502,261,111,100
501,263,110,99
499,265,110,99
491,267,115,93
486,262,117,95
489,263,111,104
489,263,110,105
492,262,106,111
486,267,113,107
481,274,120,101
480,273,121,102
482,276,120,100
484,279,122,99
480,279,122,102
483,276,124,101
479,270,121,104
476,271,122,101
477,273,119,101
476,273,119,103
475,271,117,107
468,274,125,104
463,266,127,106
465,267,125,105
461,272,128,104
453,273,128,104
450,270,128,105
448,267,132,107
444,268,134,108
439,268,132,108
440,268,132,108
437,266,135,111
432,262,136,113
432,266,136,112
429,267,138,113
425,265,140,114
423,265,137,115
422,266,137,113
424,263,133,116
419,265,136,115
419,266,135,114
416,268,133,111
409,267,138,113
401,269,142,111
399,270,142,111
397,271,142,110
390,271,143,112
388,268,139,115
388,269,134,114
386,268,130,114
383,270,132,114
385,267,131,115
383,268,132,115
375,270,134,114
369,271,136,113
362,272,136,113
355,272,140,112
351,273,143,113
347,272,143,112
344,271,144,114
344,271,141,116
342,274,142,116
338,275,144,117
333,276,146,119
326,273,146,119
325,269,148,121
320,269,147,121
317,272,143,119
318,274,147,120
324,276,150,123
335,280,149,124
344,281,140,120
343,282,143,120
349,283,146,118
374,272,143,121
388,266,137,128
408,269,138,130
425,277,146,119
425,277,146,119
362,291,144,117
386,290,144,117
431,292,141,115
458,292,142,113
469,293,144,110
488,293,140,110
499,292,143,111
523,290,141,115
531,289,143,117
538,287,144,119
546,289,143,118
556,286,147,123
568,284,156,125
576,284,150,126
572,283,151,126
566,286,153,122
556,290,156,118
555,288,152,120
557,290,151,121
554,288,148,123
548,286,151,126
540,286,158,129
529,281,160,132
530,280,159,135
527,280,161,136
528,280,160,137
525,277,161,140
515,275,162,139
507,280,163,135
504,284,161,131
498,281,161,133
494,285,158,130
484,283,162,131
481,282,160,129
482,280,155,131
477,281,153,132
476,281,150,136
475,283,145,134
472,286,147,130
468,288,148,131
466,287,150,133
464,278,146,139
463,278,145,138
457,281,144,137
447,289,151,131
448,290,150,127
445,293,154,129
447,294,156,130
454,289,154,133
466,292,146,134
470,284,152,142
479,284,151,143
480,287,154,139
490,286,153,138
498,283,149,139
508,284,145,139
511,282,144,142
523,282,140,140
530,275,141,142
529,279,142,139
523,279,145,140
525,277,144,141
530,278,139,138
525,275,144,140
527,278,143,136
525,278,143,137
526,278,143,138
524,280,145,137
525,281,144,135
523,280,143,136
523,281,143,135
518,281,144,134
521,282,142,132
522,284,139,130
520,283,141,131
523,281,136,130
523,281,138,130
524,281,136,130
521,281,138,130
524,281,135,128
523,283,135,126
523,283,135,129
521,282,135,129
524,282,134,129
526,281,132,129
525,284,132,126
527,283,130,128
525,284,131,127
524,283,132,128
526,284,131,127
520,283,135,128
523,281,133,129
527,284,130,127
529,286,128,126
528,284,129,125
528,284,129,125
527,284,130,125
525,284,131,125
527,283,131,126
528,280,132,127
526,278,133,128
521,280,137,128
522,278,136,128
523,277,136,129
526,275,133,131
524,277,134,127
522,277,135,128
520,275,137,129
519,273,139,130
526,276,134,130
522,273,136,132
521,271,138,133
524,273,135,131
526,273,133,129
527,277,133,127
526,275,133,129
524,274,136,129
525,273,135,131
525,273,137,131
522,274,137,130
523,271,138,133
523,272,139,132
526,270,137,131
524,274,138,130
527,274,136,130
525,273,137,131
525,271,137,131
525,271,138,131
525,271,136,131
523,274,138,131
525,271,136,131
525,272,138,130
525,273,137,129
524,272,138,130
524,274,138,130
525,270,137,131
522,270,138,131
523,269,136,132
522,272,137,131
525,272,135,130
525,273,134,130
524,274,137,131
523,271,137,131
521,269,139,133
523,271,137,132
521,270,140,133
517,266,140,136
519,271,140,132
517,266,142,136
519,268,140,134
516,269,141,134
517,269,142,135
513,267,142,136
516,266,145,138
516,266,142,138
514,263,144,140
515,267,145,137
515,268,144,135
513,269,145,135
513,267,144,136
513,266,144,138
511,267,147,137
515,267,146,138
518,267,143,136
513,266,146,137
511,264,146,139
514,267,146,137
514,266,146,138
510,266,148,138
511,269,149,138
512,264,148,140
512,263,150,142
512,265,150,140
509,263,151,142
513,263,150,141
508,267,150,140
510,265,152,141
507,262,153,144
511,263,151,141
515,266,147,136
514,268,149,135
512,266,150,139
509,267,149,139
508,267,150,139
511,270,149,136
509,268,150,138
511,268,151,137
515,265,147,138
510,269,147,135
512,267,147,139
513,268,146,136
507,270,157,141
514,267,146,138
514,266,148,139
512,273,145,133
514,270,146,137
515,269,145,136
511,268,146,138
516,271,143,133
515,272,150,138
515,273,145,133
516,268,144,135
514,270,144,135
515,272,145,133
513,273,142,131
515,270,143,134
511,271,145,134
514,270,145,134
512,272,146,134
511,272,146,135
510,268,149,138
511,269,149,137
510,269,148,136
513,267,149,138
515,271,146,134
510,273,146,132
518,270,145,135
516,268,147,136
520,270,143,133
511,270,147,135
520,269,146,136
516,269,146,135
508,267,150,139
509,269,150,137
516,267,149,137
510,267,151,139
509,267,150,139
507,266,151,140
513,267,149,138
506,267,152,140
511,267,150,139
513,267,150,139
509,268,148,138
509,270,149,136
513,263,150,140
511,267,148,138
513,268,151,137
510,263,153,142
512,263,153,143
509,265,155,141
511,266,152,138
506,264,155,141
506,261,153,144
505,264,156,142
506,264,157,144
504,264,158,144
507,261,158,146
508,262,156,145
514,258,157,148
505,261,157,147
508,260,155,148
508,262,155,146
507,261,157,146
510,261,154,147
510,264,154,144
509,261,157,147
512,265,153,143
509,262,154,145
520,264,149,141
512,263,152,144
517,265,148,141
513,265,148,142
514,265,149,142
522,266,145,138
516,267,146,139
518,266,146,140
512,266,149,140
519,267,144,138
515,265,147,140
513,268,147,139
515,266,148,141
515,267,148,140
516,262,146,142
513,264,149,143
512,264,150,143
513,260,150,145
517,263,147,143
514,266,148,141
517,267,146,139
519,266,145,140
517,267,146,139
518,268,146,138
516,269,145,138
518,268,146,139
514,264,147,141
517,267,148,140
513,266,150,142
514,263,149,144
516,264,149,142
516,265,148,140
518,265,148,140
518,263,147,141
518,266,147,140
515,262,149,143
516,266,148,140
522,266,145,138
518,264,146,140
518,263,146,141
525,267,141,135
521,266,143,138
521,266,143,136
518,269,145,136
515,268,148,136
518,265,146,138
517,266,146,137
519,267,143,136
517,269,145,135
520,267,142,136
521,266,143,137
517,267,146,138
518,266,145,138
523,265,143,137
520,266,144,137
519,269,143,135
517,270,145,134
524,267,140,135
519,268,143,135
522,269,139,132
524,271,138,130
526,270,138,130
521,268,147,135
522,271,139,131
519,270,153,137
522,268,145,134
519,266,145,137
520,267,145,137
519,266,145,137
519,267,146,136
522,265,144,138
521,266,146,137
521,266,145,136
522,267,144,136
520,266,146,137
524,265,142,137
525,266,145,136
522,264,145,138
517,260,157,145
521,264,146,138
522,267,144,135
519,265,145,137
521,264,143,139
517,266,146,138
520,266,147,139
517,264,148,142
517,266,145,141
516,266,147,141
513,264,148,143
510,263,151,143
513,263,150,144
507,265,152,146
502,269,154,144
503,268,154,147
502,273,153,144
497,271,155,143
496,268,155,146
495,265,154,145
491,264,155,142
493,260,153,147
492,265,155,146
489,269,153,141
491,267,150,140
487,269,151,139
487,267,149,141
481,271,151,137
475,273,154,136
471,272,155,135
469,274,155,134
470,277,153,132
471,277,152,132
469,279,154,130
465,277,155,135
466,274,152,137
464,275,152,136
470,276,148,137
466,274,148,138
470,270,148,143
462,273,152,141
465,274,150,142
460,271,152,146
451,275,155,143
451,275,157,145
446,275,158,144
447,278,155,139
440,277,159,138
439,278,158,136
441,280,152,135
434,277,153,135
431,279,151,134
434,280,154,137
434,281,151,136
435,278,149,140
437,281,154,139
448,284,151,140
453,285,153,140
461,285,148,139
460,286,149,138
462,289,150,137
461,290,150,135
471,287,153,138
484,289,155,137
520,290,161,137
546,288,157,140
570,284,158,143
594,285,160,143
613,285,161,144
646,283,160,146
661,282,158,145
666,283,158,141
671,285,153,140
671,284,155,142
674,282,153,141
674,282,151,140
676,282,151,139
676,277,154,140
675,279,152,140
675,277,151,141
679,277,150,139
676,276,154,144
679,279,152,144
679,289,151,136
678,287,152,139
678,284,151,140
678,285,150,137
681,283,150,140
680,285,155,140
678,284,156,141
679,285,155,141
679,283,154,142
678,284,153,139
683,288,149,136
678,284,152,139
679,282,152,141
680,287,149,137
684,284,148,137
682,286,150,137
683,284,149,138
681,285,150,138
681,285,149,138
685,288,147,135
683,284,150,139
681,283,150,140
682,283,150,139
679,286,151,139
675,284,154,140
682,288,149,137
681,285,149,136
686,288,146,133
684,284,151,136
691,285,155,139
697,282,155,138
713,281,153,139
718,284,156,140
735,289,151,136
751,282,161,141
780,278,172,141
780,278,172,141
780,278,172,141
780,278,172,141
780,278,172,141
780,278,172,141
780,278,172,141
780,278,172,141
780,278,172,141
780,278,172,141
780,278,172,141
780,278,172,141
780,278,172,141
780,278,172,141
780,278,172,141
780,278,172,141
780,278,172,141
780,278,172,141
780,278,172,141
780,278,172,141
780,278,172,141
780,278,172,141
780,278,172,141
780,278,172,141
780,278,172,141
780,278,172,141
780,278,172,141
780,278,172,141
780,278,172,141
780,278,172,141
780,278,172,141
780,278,172,141
780,278,172,141
780,278,172,141
780,278,172,141
780,278,172,141
780,278,172,141
780,278,172,141
780,278,172,141
780,278,172,141
780,278,172,141
780,278,172,141
780,278,172,141
780,278,172,141
780,278,172,141
780,278,172,141
780,278,172,141
780,278,172,141
780,278,172,141
780,278,172,141
780,278,172,141
780,278,172,141
780,278,172,141
780,278,172,141
780,278,172,141
780,278,172,141
780,278,172,141
780,278,172,141
780,278,172,141
780,278,172,141
780,278,172,141
780,278,172,141
780,278,172,141
780,278,172,141
780,278,172,141
780,278,172,141
780,278,172,141
780,278,172,141
780,278,172,141
780,278,172,141
780,278,172,141
780,278,172,141
780,278,172,141
780,278,172,141
780,278,172,141
780,278,172,141
780,278,172,141
780,278,172,141
780,278,172,141
780,278,172,141
780,278,172,141
780,278,172,141
780,278,172,141
780,278,172,141
780,278,172,141
780,278,172,141
780,278,172,141
780,278,172,141
780,278,172,141
780,278,172,141
780,278,172,141
780,278,172,141
780,278,172,141
780,278,172,141
780,278,172,141
780,278,172,141
780,278,172,141
780,278,172,141
780,278,172,141
780,278,172,141
780,278,172,141
780,278,172,141
780,278,172,141
780,278,172,141
780,278,172,141
780,278,172,141
780,278,172,141
780,278,172,141
780,278,172,141
780,278,172,141
780,278,172,141
780,278,172,141
780,278,172,141
780,278,172,141
780,278,172,141
780,278,172,141
780,278,172,141
780,278,172,141
780,278,172,141
780,278,172,141
780,278,172,141
780,278,172,141
780,278,172,141
780,278,172,141
780,278,172,141
780,278,172,141
780,278,172,141
780,278,172,141
780,278,172,141
780,278,172,141
780,278,172,141
780,278,172,141
780,278,172,141
780,278,172,141
780,278,172,141
780,278,172,141
780,278,172,141
780,278,172,141
780,278,172,141
780,278,172,141
780,278,172,141
780,278,172,141
780,278,172,141
780,278,172,141
780,278,172,141
780,278,172,141
780,278,172,141
780,278,172,141
780,278,172,141
780,278,172,141
780,278,172,141
780,278,172,141
780,278,172,141
780,278,172,141
780,278,172,141
780,278,172,141
780,278,172,141
780,278,172,141
780,278,172,141
780,278,172,141
780,278,172,141
780,278,172,141
780,278,172,141
780,278,172,141
780,278,172,141
780,278,172,141
780,278,172,141
780,278,172,141
780,278,172,141
780,278,172,141
780,278,172,141
780,278,172,141
780,278,172,141
780,278,172,141
780,278,172,141
780,278,172,141
780,278,172,141
780,278,172,141
780,278,172,141
780,278,172,141
780,278,172,141
780,278,172,141
780,278,172,141
780,278,172,141
780,278,172,141
780,278,172,141
780,278,172,141
780,278,172,141
780,278,172,141
780,278,172,141
780,278,172,141
780,278,172,141
780,278,172,141
780,278,172,141
780,278,172,141
780,278,172,141
780,278,172,141
780,278,172,141
780,278,172,141
780,278,172,141
780,278,172,141
780,278,172,141
780,278,172,141
780,278,172,141
780,278,172,141
780,278,172,141
780,278,172,141
780,278,172,141
780,278,172,141
780,278,172,141
780,278,172,141
780,278,172,141
780,278,172,141
780,278,172,141
780,278,172,141
780,278,172,141
780,278,172,141
780,278,172,141
780,278,172,141
780,278,172,141
780,278,172,141
780,278,172,141
780,278,172,141
780,278,172,141
780,278,172,141
780,278,172,141
780,278,172,141
780,278,172,141
780,278,172,141
780,278,172,141
780,278,172,141
780,278,172,141
780,278,172,141
780,278,172,141
780,278,172,141
780,278,172,141
780,278,172,141
780,278,172,141
780,278,172,141
780,278,172,141
780,278,172,141
780,278,172,141
780,278,172,141
780,278,172,141
780,278,172,141
780,278,172,141
780,278,172,141
780,278,172,141
780,278,172,141
780,278,172,141
780,278,172,141
780,278,172,141
780,278,172,141
780,278,172,141
780,278,172,141
780,278,172,141
780,278,172,141
780,278,172,141
780,278,172,141
780,278,172,141
780,278,172,141
780,278,172,141
780,278,172,141
780,278,172,141
780,278,172,141
780,278,172,141
780,278,172,141
780,278,172,141
780,278,172,141
780,278,172,141
780,278,172,141
780,278,172,141
780,278,172,141
780,278,172,141
780,278,172,141
780,278,172,141
780,278,172,141
780,278,172,141
780,278,172,141
780,278,172,141
780,278,172,141
780,278,172,141
780,278,172,141
780,278,172,141
780,278,172,141
780,278,172,141
780,278,172,141
780,278,172,141
780,278,172,141
780,278,172,141
780,278,172,141
780,278,172,141
780,278,172,141
780,278,172,141
780,278,172,141
780,278,172,141
780,278,172,141
780,278,172,141
780,278,172,141
780,278,172,141
780,278,172,141
780,278,172,141
780,278,172,141
780,278,172,141
780,278,172,141
780,278,172,141
780,278,172,141
780,278,172,141
780,278,172,141
780,278,172,141
780,278,172,141
780,278,172,141
780,278,172,141
780,278,172,141
780,278,172,141
780,278,172,141
780,278,172,141
780,278,172,141
780,278,172,141
780,278,172,141
780,278,172,141
780,278,172,141
780,278,172,141
780,278,172,141
780,278,172,141
780,278,172,141
780,278,172,141
780,278,172,141
780,278,172,141
780,278,172,141
780,278,172,141
780,278,172,141
780,278,172,141
780,278,172,141
780,278,172,141
780,278,172,141
780,278,172,141
780,278,172,141
780,278,172,141
780,278,172,141
780,278,172,141
780,278,172,141
780,278,172,141
780,278,172,141
780,278,172,141
780,278,172,141
780,278,172,141
780,278,172,141
780,278,172,141
780,278,172,141
780,278,172,141
780,278,172,141
780,278,172,141
780,278,172,141
780,278,172,141
780,278,172,141
780,278,172,141
780,278,172,141
780,278,172,141
780,278,172,141
780,278,172,141
780,278,172,141
780,278,172,141
780,278,172,141
780,278,172,141
780,278,172,141
780,278,172,141
780,278,172,141
780,278,172,141
780,278,172,141
780,278,172,141
780,278,172,141
780,278,172,141
780,278,172,141
780,278,172,141
780,278,172,141
780,278,172,141
780,278,172,141
780,278,172,141
780,278,172,141
780,278,172,141
780,278,172,141
780,278,172,141
780,278,172,141
780,278,172,141
780,278,172,141
780,278,172,141
780,278,172,141
780,278,172,141
780,278,172,141
780,278,172,141
780,278,172,141
780,278,172,141
780,278,172,141
780,278,172,141
780,278,172,141
780,278,172,141
780,278,172,141
780,278,172,141
780,278,172,141
780,278,172,141
780,278,172,141
780,278,172,141
780,278,172,141
780,278,172,141
780,278,172,141
780,278,172,141
780,278,172,141
780,278,172,141
780,278,172,141
780,278,172,141
780,278,172,141
780,278,172,141
780,278,172,141
780,278,172,141
780,278,172,141
780,278,172,141
780,278,172,141
780,278,172,141
780,278,172,141
780,278,172,141
780,278,172,141
780,278,172,141
780,278,172,141
780,278,172,141
780,278,172,141
780,278,172,141
780,278,172,141
780,278,172,141
780,278,172,141
780,278,172,141
780,278,172,141
780,278,172,141
780,278,172,141
780,278,172,141
780,278,172,141
780,278,172,141
780,278,172,141
780,278,172,141
780,278,172,141
780,278,172,141
780,278,172,141
780,278,172,141
780,278,172,141
780,278,172,141
780,278,172,141
780,278,172,141
780,278,172,141
780,278,172,141
780,278,172,141
780,278,172,141
780,278,172,141
780,278,172,141
780,278,172,141
780,278,172,141
780,278,172,141
780,278,172,141
780,278,172,141
780,278,172,141
780,278,172,141
780,278,172,141
780,278,172,141
780,278,172,141
780,278,172,141
780,278,172,141
780,278,172,141
780,278,172,141
780,278,172,141
780,278,172,141
780,278,172,141
780,278,172,141
780,278,172,141
780,278,172,141
780,278,172,141
780,278,172,141
780,278,172,141
780,278,172,141
780,278,172,141
780,278,172,141
780,278,172,141
780,278,172,141
780,278,172,141
780,278,172,141
793,297,159,129
800,303,151,122
802,305,147,120
806,307,142,116
814,312,136,111
816,317,130,108
818,317,127,106
820,317,125,104
822,320,122,101
819,317,126,105
825,319,122,100
821,316,128,105
806,313,150,122
811,313,143,116
810,312,144,117
824,315,124,101
821,316,127,102
822,317,126,102
819,315,130,105
821,313,128,105
821,313,128,104
818,315,130,106
815,313,132,108
815,312,132,110
816,314,130,109
815,317,131,108
816,314,130,108
814,316,130,107
815,313,129,108
814,312,131,110
812,314,132,110
812,313,131,109
813,315,133,111
810,315,136,112
807,309,138,115
808,308,138,116
806,308,139,117
806,310,138,116
805,308,139,117
804,308,140,118
803,307,140,118
802,308,142,119
801,305,144,122
801,305,143,119
800,310,143,117
798,308,146,119
800,310,146,119
798,308,147,122
795,304,148,120
790,306,157,127
793,305,152,124
793,301,152,125
791,303,152,125
790,297,155,128
786,297,158,130
784,291,161,132
779,292,167,135
777,294,169,135
777,300,170,134
777,296,170,136
776,296,171,135
775,291,172,138
773,291,173,138
769,289,176,140
768,289,176,143
767,287,179,143
764,285,182,143
762,287,183,145
760,283,185,147
761,282,183,145
763,286,182,146
759,277,187,150
756,273,190,153
759,282,183,149
759,283,185,148
757,284,186,151
747,288,197,150
755,284,189,153
755,283,188,151
754,286,189,150
745,287,198,153
747,275,198,157
739,279,207,160
739,275,208,162
738,278,210,164
734,268,214,170
731,272,217,169
729,270,217,168
727,272,217,169
734,275,209,162
729,280,205,157
733,275,203,158
728,273,206,157
738,282,198,152
757,297,189,145
758,291,185,148
748,281,185,146
750,283,186,147
749,281,189,152
755,299,188,147
751,283,189,151
749,295,192,148
749,287,188,150
748,278,189,153
744,293,190,149
745,288,190,149
733,280,190,152
737,280,191,154
736,279,191,149
731,283,197,151
738,281,201,155
733,282,205,158
728,276,206,159
729,282,211,160
729,290,215,165
726,281,221,168
720,278,222,169
718,277,215,166
717,279,216,164
715,273,217,168
714,277,214,164
705,280,211,159
706,275,209,158
705,280,211,162
699,280,213,160
709,277,203,155
710,277,205,159
715,289,201,154
710,271,197,154
725,292,193,150
714,294,188,147
723,295,185,146
718,286,183,145
723,290,180,143
727,298,181,142
721,294,177,141
716,300,179,140
723,300,173,137
722,298,169,134
712,295,170,136
719,303,168,133
720,302,166,131
718,297,166,133
715,305,166,130
722,304,161,129
712,293,163,127
716,301,162,127
718,302,155,123
717,304,155,123
719,300,153,124
718,300,154,125
717,301,154,123
716,306,152,120
720,306,151,120
711,307,150,119
722,310,147,118
720,310,146,116
713,305,148,119
720,304,145,120
714,300,144,119
720,306,141,115
722,310,141,114
718,310,141,114
718,309,139,112
716,314,141,111
721,307,134,111
716,308,137,110
716,312,139,110
716,311,139,110
715,311,137,108
710,311,137,108
712,310,135,108
713,310,135,108
711,309,132,105
711,307,131,106
712,310,133,106
708,315,133,102
712,314,128,101
710,314,128,100
711,311,126,101
712,314,126,100
712,314,125,99
712,319,124,96
708,319,126,96
708,317,132,100
709,319,132,99
709,319,131,99
707,312,129,102
710,315,127,99
712,310,125,100
711,312,126,100
710,316,125,97
710,315,125,96
709,316,126,97
710,315,125,97
713,313,123,97
713,319,124,95
710,317,123,94
708,317,125,96
709,316,126,97
711,315,123,95
709,316,123,94
706,316,126,96
709,314,124,98
708,314,126,97
707,311,128,101
709,318,128,99
708,313,128,102
705,315,130,100
709,312,127,101
709,316,126,99
703,309,132,104
705,314,132,103
707,310,130,102
705,312,132,103
705,315,129,99
705,313,133,103
708,313,133,103
706,305,130,104
705,308,131,103
707,307,134,105
707,316,135,101
704,313,134,102
706,313,135,103
709,314,133,102
705,312,131,100
704,316,131,98
709,319,129,98
705,317,130,99
706,313,129,98
704,310,130,101
706,306,129,102
707,302,129,104
706,312,128,99
706,313,125,97
708,314,124,96
709,311,122,97
710,314,121,94
