391,237,98,291
387,246,98,285
386,242,100,288
385,241,102,293
379,238,97,289
376,229,99,291
368,235,100,287
367,233,100,291
363,233,102,290
367,229,100,287
371,228,96,293
366,234,96,292
366,236,97,293
363,240,97,290
362,239,99,292
367,235,101,294
364,234,98,295
369,234,99,294
368,230,97,290
366,233,97,289
381,226,97,288
378,223,100,288
374,223,102,297
358,242,98,292
362,241,98,290
361,240,95,291
361,244,96,290
364,239,98,294
365,241,99,295
395,230,101,302
397,229,103,304
400,231,101,299
402,228,102,301
408,225,99,298
414,223,97,303
415,227,98,303
418,221,96,307
420,220,95,304
422,220,95,301
425,226,95,298
430,238,97,288
429,250,97,289
436,233,97,289
439,246,97,288
436,237,97,288
435,232,96,287
439,238,97,288
444,237,96,285
441,237,97,289
442,232,98,291
445,232,98,292
451,236,97,289
453,240,98,291
458,241,93,296
463,246,95,288
468,238,96,287
475,231,97,295
475,229,98,293
477,231,97,288
479,225,97,289
484,224,97,289
488,221,97,288
487,228,97,288
487,226,97,290
489,226,96,287
489,222,96,290
492,230,96,285
486,223,95,284
487,226,94,281
480,225,95,284
472,229,93,279
467,238,93,278
462,237,95,282
458,242,94,281
450,245,95,283
448,239,94,281
448,246,94,283
447,236,90,289
445,236,87,285
444,234,86,284
438,235,86,285
436,230,83,275
433,233,83,281
419,249,92,275
416,244,92,273
410,241,92,274
408,253,92,274
405,249,91,270
396,240,93,276
394,246,92,274
391,248,92,274
384,243,92,273
377,246,92,273
379,248,94,277
378,247,95,278
375,247,95,275
372,248,92,272
367,248,92,273
363,245,93,275
359,243,97,274
349,245,97,274
338,248,100,286
333,249,101,274
329,252,102,267
325,255,99,272
314,242,95,284
306,246,94,281
301,257,95,282
296,245,96,285
291,243,96,287
288,243,96,285
283,239,100,276
280,248,99,289
275,246,100,279
273,248,97,286
269,240,97,267
268,246,98,262
262,246,95,265
260,242,94,258
259,247,94,259
258,246,90,259
258,241,89,257
258,246,88,256
255,245,89,257
255,244,89,258
253,245,88,258
251,246,88,258
251,247,88,253
250,249,86,254
248,248,88,257
247,249,88,257
245,248,87,255
247,248,90,257
245,249,89,260
250,246,91,265
248,246,92,261
248,247,91,268
247,243,92,266
249,247,94,266
249,247,93,258
252,249,97,259
255,250,95,255
262,249,96,256
260,251,96,253
267,246,95,254
271,243,92,256
277,240,92,259
280,239,94,263
285,244,93,277
286,241,97,270
293,237,97,262
294,239,94,259
299,240,88,265
304,239,81,264
303,245,81,259
302,247,81,256
300,247,83,258
294,254,88,262
299,253,90,260
302,252,92,255
301,251,91,249
302,249,92,247
302,247,91,249
307,249,91,248
305,249,88,249
305,241,87,254
303,240,88,254
304,234,87,249
298,244,84,247
287,248,82,242
284,253,83,252
290,245,83,254
295,248,89,263
298,241,86,267
299,240,84,274
300,239,82,272
298,242,81,275
295,235,80,274
290,240,87,279
284,242,92,276
280,240,94,268
280,240,97,268
280,239,95,271
277,240,95,266
279,241,95,269
275,241,98,270
274,243,99,255
275,241,98,259
275,239,101,259
274,241,101,264
270,239,98,265
273,239,100,259
267,242,102,255
270,240,100,258
270,240,96,276
272,242,97,269
267,240,97,262
275,243,93,268
267,242,97,253
266,236,92,273
267,241,95,255
271,242,92,265
263,244,89,267
265,242,91,262
264,244,92,265
265,241,97,261
263,239,97,257
265,240,96,270
264,240,96,269
269,238,96,261
265,239,98,264
262,239,98,254
263,238,98,255
263,240,98,259
264,240,97,255
264,239,100,255
262,240,98,248
262,241,97,255
260,244,91,263
263,247,93,253
261,248,91,250
263,248,90,244
261,249,89,247
262,250,90,252
262,252,88,247
263,253,85,246
259,257,88,257
257,256,84,259
255,256,83,253
252,258,84,255
251,258,82,251
248,255,82,257
243,254,86,261
241,257,88,266
241,251,84,257
238,251,85,256
239,249,84,257
237,247,83,254
238,247,85,249
237,250,84,246
235,254,85,243
233,255,85,243
232,254,86,243
233,251,85,245
236,246,83,246
235,247,84,245
238,245,83,247
237,246,85,250
236,250,86,255
238,251,88,258
237,255,89,259
246,254,87,248
258,257,84,247
263,251,80,251
266,251,80,250
275,250,78,249
277,247,80,248
279,251,83,245
280,251,84,246
282,250,84,242
286,252,83,248
294,255,82,245
294,256,82,244
298,260,83,248
301,259,84,249
306,261,84,251
311,253,83,248
317,260,84,249
328,259,83,249
339,251,85,251
352,251,87,256
363,252,90,267
368,248,91,271
373,249,92,269
373,253,96,281
376,246,95,280
380,246,96,285
386,245,95,283
389,246,96,287
394,240,98,293
389,241,96,299
391,235,98,297
401,240,97,288
409,235,98,292
419,242,97,289
435,230,99,296
439,234,98,291
442,243,98,293
452,239,99,294
457,242,98,293
451,245,100,297
457,244,102,303
469,226,99,313
472,234,98,314
476,227,95,313
481,225,93,317
485,232,92,315
483,226,96,313
482,235,98,310
486,223,100,309
482,230,103,306
478,231,102,305
481,223,103,308
490,215,102,313
494,210,102,318
494,219,101,311
503,209,96,315
502,208,99,321
505,210,101,323
506,203,99,321
507,212,99,320
509,205,101,325
511,206,103,329
515,204,105,326
513,209,104,329
518,201,109,334
522,201,109,334
525,199,112,338
528,199,111,339
532,201,109,336
534,197,110,340
532,200,108,342
533,197,108,344
539,194,109,345
535,196,110,348
534,196,110,348
530,197,107,353
528,194,110,353
525,200,109,350
521,203,111,355
517,203,111,358
514,200,112,354
511,203,113,355
508,201,114,357
506,201,114,352
508,201,113,355
508,196,110,348
505,207,109,345
508,198,105,340
503,196,107,342
499,224,109,333
498,222,106,326
496,222,106,324
495,222,104,328
492,221,105,328
492,215,104,325
487,220,104,319
485,218,106,320
476,230,108,320
469,219,107,318
466,214,108,321
464,221,107,323
465,216,106,332
461,206,105,332
456,201,104,333
452,198,105,325
446,201,106,327
440,205,109,327
430,211,109,323
425,212,108,321
421,212,109,320
420,218,109,318
409,222,110,313
404,224,110,314
403,220,108,311
404,222,104,312
401,219,101,305
400,221,101,305
398,224,102,308
394,224,105,306
394,229,101,304
390,231,103,302
390,231,100,302
387,234,99,301
385,235,95,301
387,234,93,294
387,235,90,291
384,237,90,290
382,240,90,292
380,241,91,293
380,241,93,290
378,235,95,296
379,235,94,291
380,233,93,289
380,233,94,289
380,231,94,290
380,229,93,294
380,231,92,291
378,227,95,294
378,228,97,295
379,229,97,295
372,233,100,299
375,231,100,297
375,232,102,304
376,231,101,302
378,233,101,301
378,232,100,299
383,228,98,301
383,227,96,297
383,227,98,300
381,231,99,297
381,230,97,299
384,233,94,301
384,234,89,292
380,243,93,298
382,236,92,294
381,242,94,291
388,237,89,294
386,236,85,290
385,232,85,294
384,233,82,279
383,234,83,273
377,238,87,264
376,240,88,261
374,241,91,264
372,242,90,268
375,242,83,258
374,242,78,259
371,242,77,255
367,242,77,265
372,236,75,267
368,240,80,268
368,248,83,264
361,254,87,263
363,260,86,260
360,260,85,262
356,265,85,263
347,260,84,257
345,255,82,257
339,254,81,252
332,254,81,255
327,251,83,256
320,250,86,261
314,256,89,266
312,258,88,271
307,254,89,268
304,258,87,272
299,258,83,266
299,262,86,262
294,261,83,265
293,261,86,269
291,262,81,264
290,264,81,264
287,261,79,260
284,256,75,257
282,259,76,254
281,261,75,251
278,263,75,241
276,268,76,237
273,272,78,242
268,268,77,243
266,271,76,242
262,270,78,240
261,271,80,244
259,271,79,242
260,261,76,244
259,262,75,239
261,258,71,232
260,260,69,233
260,266,68,232
258,264,65,230
258,263,64,230
259,264,63,228
258,266,65,231
257,266,64,227
257,267,63,226
253,263,65,226
252,270,66,222
249,270,67,215
249,273,67,214
247,273,67,212
245,273,69,219
243,275,69,214
242,278,69,211
241,269,68,215
240,262,67,216
240,261,68,223
236,260,69,220
233,259,68,216
231,264,70,216
227,265,73,221
221,267,75,222
222,267,73,220
222,261,72,219
217,266,73,222
218,261,68,216
217,252,71,223
221,260,66,221
220,264,66,220
219,264,67,227
214,259,70,233
210,257,72,235
204,252,73,231
201,253,72,227
201,255,74,222
197,252,75,226
197,252,72,225
197,250,70,225
193,252,73,229
193,253,73,229
191,256,72,227
188,258,74,224
179,271,76,218
174,275,76,224
181,269,76,228
179,272,76,222
175,277,74,218
179,272,74,216
181,265,75,219
180,268,76,220
183,264,77,229
183,261,80,232
183,265,81,237
182,266,81,233
182,267,82,234
181,268,81,238
182,269,80,236
185,263,78,233
181,264,80,232
178,263,78,231
185,253,83,232
180,250,83,230
186,252,81,227
187,252,82,229
190,251,82,233
189,252,81,234
186,254,77,230
189,253,80,239
204,248,82,251
207,245,84,252
211,250,87,254
217,255,87,248
221,256,86,257
225,253,87,259
229,246,90,258
233,252,93,243
231,249,89,253
238,250,90,253
242,250,89,247
247,258,93,245
249,256,95,245
251,259,92,248
257,259,88,240
263,256,87,241
270,252,92,242
273,250,92,250
278,248,94,249
281,249,92,252
284,252,91,244
287,251,88,243
290,248,86,246
290,252,85,253
291,250,85,263
291,250,84,261
291,250,85,262
294,252,86,264
295,254,83,261
293,255,87,263
292,259,87,263
289,258,89,260
288,257,88,257
290,257,88,246
282,255,87,251
280,255,89,249
276,251,87,252
275,249,87,249
272,252,87,245
272,249,87,250
267,251,88,256
263,249,87,259
268,252,90,246
270,252,87,252
270,253,84,254
262,243,75,247
252,253,75,242
245,253,75,236
241,253,81,237
240,261,85,232
238,255,86,233
242,247,85,234
241,250,87,238
238,252,86,234
236,254,87,232
227,255,89,231
226,254,84,228
217,252,84,232
219,255,80,227
217,250,81,237
215,250,82,238
214,251,81,237
216,249,86,240
212,254,88,244
212,251,89,242
214,251,87,241
212,248,87,233
213,247,85,232
212,247,84,229
209,248,84,232
205,254,85,242
208,255,83,245
208,260,84,249
210,257,84,249
211,256,85,242
216,255,83,244
215,260,84,244
217,255,80,240
222,258,77,237
223,253,78,239
228,259,79,239
230,253,78,237
232,253,78,234
236,254,77,234
239,256,78,233
241,254,80,234
240,254,83,233
240,254,82,237
257,257,82,234
264,257,82,235
272,254,82,235
273,256,83,235
269,258,80,240
272,259,81,241
272,260,81,242
283,255,83,246
288,262,82,241
297,259,82,243
307,252,82,238
314,255,85,237
326,253,85,241
335,255,84,241
338,252,83,235
347,251,78,237
354,247,79,235
364,242,80,241
367,238,82,243
369,242,82,243
368,240,83,243
367,244,83,248
378,237,85,254
386,238,86,256
390,237,86,257
392,242,86,257
393,231,88,261
401,243,87,258
410,246,87,259
413,241,89,265
415,241,88,260
419,234,86,260
425,222,84,262
428,221,81,259
431,217,78,256
430,223,78,259
437,221,76,261
435,223,80,269
437,224,81,272
438,232,82,272
445,233,81,283
443,240,81,278
446,237,80,280
447,237,78,275
448,233,77,271
451,234,76,273
450,234,75,272
448,234,74,269
449,229,73,268
449,233,73,269
451,234,72,268
449,228,71,266
451,230,72,266
450,227,74,272
450,230,74,274
450,233,73,270
450,241,73,267
452,236,72,268
451,239,73,269
450,240,74,270
450,236,74,270
450,241,74,269
449,238,73,266
449,238,74,270
449,244,73,264
449,238,72,259
447,241,72,256
449,240,72,262
444,243,74,259
446,242,73,261
446,236,72,259
443,231,72,255
444,232,76,265
444,228,77,264
447,226,79,272
447,231,84,281
448,225,85,279
452,225,88,279
453,205,86,272
464,222,87,278
469,221,88,280
468,235,90,280
475,231,86,285
478,230,84,281
478,227,81,273
483,227,80,275
487,217,79,277
489,228,76,275
490,223,76,269
492,238,75,274
493,236,77,275
492,226,75,271
493,232,75,266
495,239,73,264
494,233,74,261
494,244,74,259
493,249,74,259
492,252,76,258
492,247,75,258
492,249,74,255
493,239,74,257
493,244,74,254
492,250,74,240
492,250,73,249
493,245,73,252
490,250,74,249
491,244,73,249
490,247,73,247
490,256,76,245
488,248,75,243
487,254,77,241
490,252,75,250
488,255,77,246
493,244,73,252
491,254,75,236
487,261,76,234
489,260,75,230
495,244,71,247
496,239,71,243
494,251,74,239
496,246,73,238
493,239,74,233
496,245,73,229
497,242,74,224
500,254,72,227
502,255,72,227
501,250,72,227
507,246,73,231
516,251,74,224
530,256,74,223
539,254,74,225
549,256,73,226
550,249,74,234
549,244,73,235
551,251,72,235
556,245,69,239
554,250,72,239
560,246,70,244
558,254,73,236
565,254,69,237
565,251,70,242
566,247,69,246
567,251,68,241
567,251,68,238
566,252,69,240
567,245,67,239
567,254,68,235
567,251,67,234
567,255,68,231
568,256,68,236
565,254,69,232
566,254,68,234
567,252,68,233
565,254,68,232
565,252,68,234
567,253,67,231
565,255,68,231
567,254,68,231
567,252,68,234
567,248,67,234
568,249,66,231
568,257,68,226
568,259,68,229
567,260,67,221
568,254,66,225
568,261,67,224
566,261,69,225
568,254,66,225
569,263,70,222
567,255,70,231
567,259,70,227
568,260,70,225
564,266,71,217
570,261,67,219
573,262,67,222
573,265,69,217
574,267,69,216
573,266,68,213
576,256,67,215
576,258,68,212
579,256,68,212
581,253,67,215
582,254,68,216
589,256,68,210
593,256,66,210
596,247,67,218
600,249,68,218
606,246,67,220
608,251,70,216
609,249,70,217
610,245,70,219
615,251,69,214
616,259,70,210
620,255,69,211
619,266,71,214
621,261,72,216
625,260,71,213
626,259,70,209
626,266,70,207
628,271,69,205
632,265,68,204
632,266,69,206
634,271,70,208
641,267,69,204
643,275,68,204
645,277,68,206
648,281,67,204
653,272,65,199
655,273,66,202
657,265,63,202
657,272,66,204
659,268,64,202
662,269,65,203
663,269,65,201
665,270,64,198
666,269,64,199
668,268,63,199
670,266,61,194
673,264,61,194
676,265,62,195
676,260,63,198
678,261,62,199
678,263,62,197
679,260,63,198
679,262,64,201
679,264,65,205
679,267,66,205
680,264,65,204
681,262,65,203
682,264,65,200
682,264,66,204
682,266,65,201
683,266,65,203
683,267,66,207
681,268,65,204
681,271,66,202
681,269,64,200
682,269,64,198
683,268,64,201
684,265,62,197
683,265,63,198
683,269,63,196
683,266,63,200
680,269,64,203
680,267,63,200
683,267,61,198
682,271,62,200
682,270,62,200
682,269,62,200
683,269,61,199
682,271,63,203
684,267,61,198
683,271,61,198
682,268,60,196
682,269,61,198
681,271,61,198
