212,165,26,45
212,164,25,45
213,162,25,45
214,165,25,44
214,166,25,43
214,165,24,44
214,168,24,44
214,167,24,43
213,168,24,43
214,167,24,43
214,166,23,45
215,167,24,45
215,165,24,43
216,165,24,42
216,168,24,43
215,168,24,42
216,169,24,43
216,170,24,44
217,170,24,43
218,171,21,43
218,170,24,42
216,167,24,44
217,170,24,43
218,170,24,43
217,172,25,43
217,170,25,43
218,171,23,46
217,169,24,45
215,164,22,44
215,163,23,45
217,165,22,47
217,168,25,44
217,167,24,47
216,166,26,45
216,167,25,47
220,171,23,47
218,168,23,47
215,164,24,45
216,164,23,44
215,165,24,43
219,168,23,49
216,167,24,47
215,166,25,47
215,164,26,48
215,163,25,46
214,162,26,43
215,163,25,45
215,162,26,45
215,164,25,49
214,163,27,51
215,165,26,51
215,162,26,50
215,162,26,47
214,162,26,44
216,161,25,46
214,164,26,43
214,164,26,44
215,162,25,49
215,163,26,50
214,164,27,49
214,163,27,48
215,164,26,45
214,163,27,45
215,162,25,46
215,162,25,45
214,162,27,46
214,162,26,47
215,164,26,46
215,163,26,47
214,163,26,44
215,163,26,46
215,162,26,46
215,161,26,47
215,163,26,45
214,162,26,45
214,162,26,46
215,161,26,48
215,163,26,47
215,163,25,46
215,162,26,46
215,162,26,46
216,163,25,45
215,163,26,45
215,163,25,47
215,162,26,48
214,163,26,45
215,162,25,47
214,162,26,44
215,163,25,45
216,161,25,46
214,162,26,46
215,162,25,45
216,162,25,46
215,164,25,46
215,164,25,43
214,163,26,45
215,164,24,44
215,162,25,46
215,163,25,44
216,164,25,44
215,164,25,44
215,163,25,44
215,164,25,43
215,162,25,46
216,162,24,44
215,162,25,44
215,164,25,44
216,164,25,44
215,163,24,43
216,164,24,43
214,163,25,43
215,164,25,44
215,164,25,44
215,164,24,44
215,165,25,45
215,163,25,43
215,162,25,45
215,164,25,46
215,162,25,45
214,163,26,43
216,164,25,45
215,161,25,46
215,164,25,45
216,164,24,44
215,163,26,45
215,164,25,44
215,163,25,44
215,164,25,45
216,163,25,44
215,162,25,44
215,162,24,46
216,165,25,43
216,162,24,45
216,164,24,45
215,164,25,44
216,163,25,44
215,163,24,44
215,164,25,43
215,162,25,46
216,163,24,47
215,163,25,46
215,164,25,44
214,163,26,46
215,164,25,46
214,162,26,47
214,163,26,47
214,164,25,46
214,164,26,48
214,162,26,49
214,164,26,47
216,165,26,46
215,163,26,45
214,163,26,48
215,164,27,46
214,164,27,46
215,164,26,48
213,165,27,46
213,164,27,46
214,164,26,47
215,162,25,47
214,164,27,48
213,163,27,47
214,163,26,48
215,165,26,47
215,164,26,45
214,163,26,47
214,164,27,46
214,165,27,45
215,163,25,46
214,162,27,47
214,163,26,47
214,165,26,46
215,164,26,45
214,164,27,47
214,164,26,46
215,164,25,47
215,163,25,48
215,164,25,48
215,164,26,48
215,164,26,49
215,164,26,48
216,165,26,48
215,163,26,48
214,163,26,47
215,164,27,48
216,162,27,49
216,162,26,46
217,162,26,49
216,161,26,49
216,161,27,50
216,162,26,50
216,163,27,48
217,161,26,50
216,163,26,48
215,164,26,48
216,165,26,49
216,163,27,50
216,164,26,47
216,165,26,48
214,165,27,46
218,166,25,50
217,162,25,47
217,162,26,48
218,163,25,49
219,162,25,52
218,164,26,49
218,165,27,50
217,164,27,51
218,164,27,52
218,169,26,48
217,165,26,51
217,168,26,48
217,169,26,48
216,167,27,50
218,167,26,51
218,165,26,49
217,165,26,49
219,165,26,49
217,163,27,49
218,164,27,48
216,163,28,47
218,161,27,50
218,161,27,49
218,162,26,48
218,162,26,48
218,162,26,50
218,163,26,47
218,163,26,49
218,162,26,48
219,164,26,49
218,163,26,48
218,161,26,48
219,162,26,50
217,162,26,47
218,163,26,47
217,164,26,47
218,162,26,48
218,160,26,49
218,163,26,47
218,162,27,47
217,164,26,49
219,163,26,46
219,161,25,49
219,161,25,50
217,161,26,48
217,162,26,48
218,162,26,50
218,163,26,49
217,163,27,46
220,163,25,48
219,160,26,49
219,164,26,48
219,162,26,47
220,161,25,49
219,163,26,50
220,162,25,50
219,161,26,49
219,161,26,50
218,162,26,48
218,162,26,51
218,161,26,51
220,162,25,53
219,163,25,50
218,162,26,49
219,163,26,49
219,163,25,51
220,164,25,51
220,164,25,50
220,164,26,49
221,165,25,50
220,165,26,49
221,163,26,52
221,165,26,50
221,165,26,50
221,165,27,51
223,166,26,51
223,167,26,52
223,166,27,52
224,169,27,51
226,167,26,54
224,167,28,52
226,164,26,53
227,167,26,53
227,163,25,53
227,166,25,53
226,166,26,52
225,165,25,53
225,167,26,53
223,167,26,51
225,167,25,50
224,167,26,51
222,167,26,51
223,165,27,53
224,168,27,51
223,167,27,51
223,167,27,51
223,168,27,51
223,166,26,52
224,167,26,52
223,167,28,53
231,166,27,52
239,169,32,48
239,169,32,48
239,169,32,48
239,169,32,48
239,169,32,48
239,169,32,48
271,227,29,49
265,223,29,49
266,221,28,54
266,221,28,54
268,222,27,54
266,224,27,53
266,220,28,55
266,222,27,53
267,220,28,55
267,218,27,55
266,219,28,53
266,223,28,52
265,225,27,51
264,219,28,54
266,218,28,56
265,219,28,54
266,222,27,54
265,212,27,50
265,212,27,50
265,200,29,49
265,200,29,49
280,166,29,55
261,141,29,55
263,131,28,54
263,129,29,54
264,129,28,56
264,128,27,55
264,127,28,56
263,130,27,53
264,128,28,55
263,127,27,54
263,127,27,54
263,129,27,54
264,129,27,53
263,129,27,53
262,130,28,53
264,130,26,53
263,129,27,53
262,126,28,53
263,128,28,54
262,130,27,52
262,133,27,53
262,129,28,53
262,132,27,53
277,138,30,41
277,138,30,41
270,149,32,48
288,154,30,49
288,154,30,49
288,154,30,49
299,162,30,47
299,162,30,47
364,152,27,56
362,144,27,57
361,146,27,55
362,146,28,58
361,146,27,56
361,148,27,57
361,147,28,56
361,146,28,57
360,147,28,57
361,146,29,59
362,147,28,59
362,145,28,57
361,146,28,57
359,139,30,60
359,139,30,60
359,139,30,60
359,139,30,60
359,139,30,60
359,139,30,60
359,139,30,60
359,139,30,60
359,139,30,60
359,139,30,60
359,139,30,60
359,139,30,60
359,139,30,60
359,139,30,60
359,139,30,60
359,139,30,60
359,139,30,60
359,139,30,60
359,139,30,60
359,139,30,60
359,139,30,60
359,139,30,60
359,139,30,60
359,139,30,60
359,139,30,60
359,139,30,60
359,139,30,60
359,139,30,60
359,139,30,60
359,139,30,60
359,139,30,60
359,139,30,60
359,139,30,60
359,139,30,60
359,139,30,60
359,139,30,60
359,139,30,60
359,139,30,60
359,139,30,60
359,139,30,60
359,139,30,60
359,139,30,60
359,139,30,60
359,139,30,60
359,139,30,60
359,139,30,60
359,139,30,60
359,139,30,60
359,139,30,60
359,139,30,60
359,139,30,60
359,139,30,60
359,139,30,60
359,139,30,60
359,139,30,60
359,139,30,60
359,139,30,60
359,139,30,60
359,139,30,60
359,139,30,60
359,139,30,60
359,139,30,60
359,139,30,60
359,139,30,60
359,139,30,60
359,139,30,60
