319,217,75,59
326,217,72,58
333,219,70,57
335,219,70,57
339,219,73,57
348,216,72,61
353,214,77,63
362,213,79,64
369,212,81,64
374,206,83,65
382,209,86,67
384,210,86,67
389,208,88,69
395,208,88,69
400,206,89,70
402,207,88,69
407,209,88,69
409,207,91,71
418,208,93,73
417,210,92,72
415,209,93,73
420,209,92,72
422,209,93,74
426,209,92,73
433,208,88,76
439,208,86,76
437,208,88,75
438,209,88,75
436,210,91,75
437,207,94,76
437,209,93,75
437,209,92,76
434,208,93,77
431,209,93,76
426,210,93,75
422,210,94,74
420,213,94,73
414,210,94,73
410,211,94,72
408,211,95,74
400,207,94,74
394,211,94,73
389,208,95,74
387,209,95,74
381,207,96,75
380,207,95,75
376,207,97,76
375,206,97,75
371,207,98,76
368,206,97,76
365,205,101,77
360,204,102,78
355,203,104,81
351,201,104,82
350,205,105,83
350,207,107,81
346,204,106,84
345,207,106,82
341,204,107,83
340,203,108,84
341,203,107,84
335,204,110,85
339,207,109,83
337,206,109,82
334,205,109,82
335,204,105,82
334,206,106,81
332,203,105,81
332,206,106,81
332,206,103,80
335,209,100,79
334,210,101,79
330,206,102,80
329,208,99,79
329,209,97,79
328,207,96,78
327,209,96,78
324,205,96,80
319,205,98,79
316,205,99,80
313,206,97,79
311,206,97,80
306,202,100,80
308,205,98,80
306,206,97,80
305,205,98,81
300,205,100,79
295,207,99,77
294,207,98,77
292,207,99,78
289,207,100,79
287,209,100,79
285,207,98,79
280,207,100,80
275,206,102,80
277,206,100,81
275,206,101,81
271,206,101,80
264,204,102,80
266,207,101,82
259,204,102,80
254,206,104,81
253,204,103,81
249,206,102,80
248,204,101,79
246,206,101,80
246,208,102,80
245,207,101,79
242,203,102,80
241,206,102,80
237,205,102,80
233,204,102,80
232,204,103,81
230,204,105,82
228,203,106,83
225,204,105,83
223,205,104,83
220,203,106,83
217,206,105,83
215,204,105,82
212,205,106,83
209,205,105,84
207,206,106,83
203,205,105,83
199,204,106,84
198,206,104,83
194,207,104,83
191,208,104,81
188,208,105,82
185,205,105,82
185,209,102,81
182,209,101,80
177,209,102,80
177,209,100,80
174,207,99,77
176,208,97,76
173,208,98,77
172,208,98,77
170,206,98,77
168,204,97,76
170,206,99,78
164,203,101,79
165,207,100,79
166,205,100,78
165,207,101,79
164,204,101,79
166,208,100,79
169,207,99,78
179,206,100,79
186,209,101,79
198,208,100,79
208,208,102,80
212,204,104,82
218,208,106,82
217,204,108,85
218,201,110,86
219,200,110,87
220,202,113,87
222,198,111,87
229,203,110,87
242,207,112,88
268,210,113,89
317,210,116,91
363,212,117,92
393,215,116,91
403,216,118,93
409,215,118,92
414,208,116,91
415,202,118,93
415,196,119,94
413,196,120,94
406,192,121,95
402,191,122,96
401,194,124,97
391,195,125,98
390,193,123,97
386,193,125,98
387,195,126,99
381,192,126,99
377,195,127,99
371,194,126,99
371,195,126,99
365,193,128,101
363,191,129,101
360,194,130,102
359,194,131,103
358,193,129,101
357,194,130,102
354,193,130,102
352,195,128,101
352,197,128,100
349,194,128,101
345,197,128,101
343,197,130,102
342,196,131,103
344,196,131,103
340,195,133,104
344,195,133,104
341,193,133,104
344,197,132,104
344,194,133,105
341,193,136,106
342,195,136,107
339,196,138,109
338,197,140,110
340,194,139,109
341,197,136,107
339,196,134,106
335,199,136,106
337,199,136,107
336,201,131,103
336,198,131,103
336,198,133,105
334,197,133,105
333,196,135,106
327,195,137,108
323,189,139,109
321,189,139,109
319,186,140,110
317,189,140,110
319,191,141,111
322,193,142,111
326,193,141,111
329,188,143,112
330,189,139,110
330,189,141,110
329,196,139,109
328,190,140,110
321,188,142,112
318,188,145,114
313,184,146,115
307,178,149,117
297,174,150,118
295,176,152,119
285,176,153,121
276,173,155,122
271,174,155,122
262,175,157,123
252,175,157,124
243,173,157,124
236,175,158,124
233,177,159,125
234,175,159,125
238,175,158,124
245,172,158,125
250,172,159,125
241,173,160,125
241,168,162,128
241,172,161,126
239,169,161,127
241,170,164,129
242,167,166,131
244,169,168,132
242,173,167,132
245,173,167,129
246,176,170,129
244,173,163,128
247,178,161,126
267,176,160,126
286,173,158,124
299,175,160,126
314,173,163,128
322,179,163,128
330,175,161,126
333,173,160,126
336,173,160,125
334,173,161,126
335,169,161,126
333,174,162,128
337,172,165,129
342,170,164,129
348,169,165,130
357,175,162,127
361,175,164,129
365,172,165,130
368,175,169,132
371,168,170,133
371,171,168,132
375,170,168,132
374,174,163,128
373,171,160,126
376,172,160,126
379,169,164,129
392,169,166,130
406,166,168,132
419,168,170,133
430,165,168,132
432,167,170,133
435,169,171,134
435,164,173,136
427,166,175,137
426,168,178,140
428,165,181,141
441,166,180,142
451,156,180,142
461,160,178,140
469,165,174,137
473,160,174,137
471,164,175,138
471,167,175,137
470,172,173,136
465,171,174,137
461,172,172,136
455,170,174,137
449,170,174,137
442,174,175,137
438,170,176,138
431,165,177,139
428,170,176,139
423,165,176,138
418,164,178,140
415,164,179,141
414,161,182,143
413,158,186,146
417,163,183,144
413,156,185,146
411,159,189,149
409,163,187,147
403,163,187,147
396,163,188,148
395,165,189,148
391,155,191,150
378,156,191,150
372,152,194,152
360,154,197,155
357,155,195,153
353,151,195,154
343,151,194,152
340,149,194,153
333,149,195,154
335,149,196,154
336,152,195,153
335,154,194,152
336,155,196,154
327,151,197,155
332,159,196,154
324,156,199,156
327,157,198,156
325,159,201,158
317,159,203,160
321,163,204,160
320,162,204,161
320,163,208,163
325,165,210,165
329,166,213,168
326,169,215,169
334,174,214,168
336,175,217,171
339,179,219,172
341,181,221,174
345,192,222,175
353,198,222,175
363,201,219,173
373,206,224,176
380,205,226,178
384,207,227,179
386,208,228,179
389,211,230,181
377,215,231,182
360,218,234,184
341,213,235,185
320,208,237,187
297,209,236,185
277,210,237,186
251,210,242,190
229,208,246,194
210,212,245,193
187,207,244,192
161,208,246,194
146,218,247,194
131,221,250,196
121,221,249,196
118,223,249,196
111,218,249,195
104,225,253,199
100,240,252,198
80,235,260,205
80,237,256,201
69,245,259,204
67,257,256,201
56,256,261,205
57,274,258,203
55,286,259,204
53,296,260,204
52,306,261,205
45,313,254,200
50,325,252,198
34,328,249,195
29,353,244,192
4,349,244,191
0,362,240,188
0,371,231,182
0,386,223,175
0,386,223,175
0,401,220,173
0,401,220,173
1,402,217,171
41,402,216,170
