50,217,298,295
48,218,293,292
55,217,294,291
53,224,293,291
55,221,292,289
59,222,291,288
53,214,296,293
50,205,294,292
58,233,297,294
47,225,295,292
48,223,297,294
49,216,303,303
52,215,302,303
54,214,301,303
50,207,305,307
48,209,309,308
47,209,310,303
48,207,311,308
52,207,309,306
56,209,308,309
48,226,310,308
68,232,311,307
67,221,310,309
58,222,309,312
85,236,306,303
55,195,300,318
53,193,307,310
51,198,306,318
48,202,309,316
45,206,311,317
44,210,316,320
44,211,316,318
41,213,316,318
39,209,318,323
38,205,319,327
36,207,325,326
35,206,325,328
31,205,327,324
33,203,326,322
27,204,330,321
27,205,329,316
24,205,326,318
29,198,330,322
40,195,332,326
35,188,327,324
34,183,324,327
30,183,323,324
27,191,319,330
27,189,313,329
28,198,311,323
44,204,297,317
49,198,289,304
49,197,293,302
51,198,301,295
48,198,311,282
47,201,314,287
54,206,311,293
61,202,306,300
63,200,304,303
61,198,303,315
62,197,300,321
62,197,301,319
65,190,307,317
62,190,318,316
59,186,325,316
52,179,335,325
47,183,339,328
49,186,341,337
38,188,335,341
37,185,335,347
38,175,325,352
37,186,330,341
46,182,341,346
65,173,337,337
73,169,337,323
88,177,336,298
82,181,343,308
84,190,340,303
92,200,332,294
94,196,327,302
89,197,329,303
96,192,327,303
100,188,322,311
98,180,330,313
76,169,353,323
90,174,346,327
104,168,347,335
112,170,342,342
102,169,348,343
102,172,353,339
106,164,338,333
104,166,337,338
88,156,350,346
73,162,363,354
62,175,363,355
40,193,357,353
51,195,348,345
54,187,354,350
67,178,357,353
81,165,354,354
87,162,361,357
80,174,366,358
75,153,367,361
75,156,369,360
72,156,374,364
73,159,380,369
79,157,384,363
68,161,392,359
76,179,393,342
73,190,386,333
79,196,379,335
72,196,369,350
63,193,382,330
59,188,384,339
68,185,375,347
64,193,377,346
67,189,374,341
60,185,381,345
63,184,388,351
78,174,383,350
90,179,383,343
93,185,390,344
94,185,390,343
85,163,398,360
96,161,394,365
103,156,395,371
64,146,398,392
85,134,398,389
93,132,400,393
100,132,401,393
96,132,399,394
106,140,398,395
101,138,396,396
90,144,394,393
99,144,398,397
98,136,401,404
91,131,403,404
93,125,403,403
86,132,410,405
84,141,412,402
76,149,419,400
86,143,421,402
90,160,419,385
111,171,414,361
107,171,413,353
108,169,401,349
97,176,395,349
87,178,389,350
80,187,386,357
69,185,379,351
70,187,375,345
70,188,373,340
74,194,374,338
75,191,372,335
77,187,371,337
76,190,374,334
85,189,378,337
85,187,387,341
87,177,394,352
91,170,390,355
83,161,399,364
80,152,401,362
75,161,414,362
72,168,421,353
72,174,406,354
73,179,396,347
72,181,391,345
73,183,381,342
64,180,383,347
64,174,383,358
60,178,384,356
56,180,388,360
46,183,381,362
47,189,374,355
49,198,369,345
51,204,363,340
49,209,356,339
49,200,353,342
47,188,355,356
36,190,354,349
36,192,351,349
24,194,360,354
9,186,373,368
19,183,375,371
48,176,369,368
48,184,355,360
54,182,355,355
59,181,356,352
60,190,353,349
59,181,357,354
55,184,357,354
55,186,360,356
52,172,371,367
51,175,368,364
68,168,371,367
73,186,385,347
73,197,386,350
97,184,399,334
89,159,405,377
74,148,402,398
86,143,420,401
73,155,430,406
68,151,441,403
69,144,441,404
73,143,433,399
70,139,431,403
77,135,426,399
78,132,428,401
93,123,438,411
98,124,443,420
91,117,447,428
62,118,436,420
64,133,431,407
67,145,433,395
74,150,421,387
65,161,414,376
64,171,407,369
67,178,404,358
65,176,405,356
68,179,385,351
72,177,381,345
64,190,366,337
64,195,360,337
67,202,361,340
62,199,359,335
52,203,367,338
56,201,372,338
62,193,375,341
75,162,380,357
71,168,385,358
84,155,386,364
84,148,394,373
57,149,406,382
80,144,397,380
79,152,401,381
79,146,408,386
73,147,413,388
75,150,420,392
70,144,430,394
68,144,436,397
66,142,438,401
66,141,434,404
55,141,426,401
55,142,431,402
57,139,429,399
54,141,431,402
47,136,433,404
49,136,436,403
58,136,439,405
57,139,439,404
62,136,441,407
57,135,448,411
55,128,448,414
61,128,449,414
60,124,453,419
65,125,450,417
64,122,452,419
54,121,441,419
59,126,440,416
65,125,438,413
60,125,426,412
59,125,423,410
55,131,423,406
60,137,422,396
64,134,422,393
59,148,429,387
62,149,422,382
55,145,419,384
53,142,419,393
53,136,419,399
43,143,423,398
44,142,426,401
41,148,433,400
36,153,434,392
37,154,431,389
46,151,424,389
53,154,423,389
48,155,428,391
55,153,428,389
55,148,431,391
50,148,430,395
50,142,433,398
46,140,437,405
30,127,432,419
32,120,432,420
31,118,423,423
30,115,422,424
30,118,423,422
31,123,420,417
32,131,414,413
32,139,416,407
34,143,414,401
34,143,414,401
34,144,412,402
29,147,411,402
30,148,411,398
27,154,409,394
27,158,403,383
23,167,398,376
20,165,407,382
19,167,408,382
19,161,416,386
14,167,418,383
14,169,412,378
12,170,412,375
11,169,414,376
12,170,413,376
17,165,414,381
16,163,415,383
18,165,415,381
21,163,420,386
26,167,411,380
29,172,410,373
38,170,414,373
43,167,414,373
47,155,414,378
38,149,420,383
38,142,420,392
35,134,423,404
31,127,431,413
34,116,434,426
33,116,432,427
33,116,431,426
33,114,423,424
32,112,428,427
40,106,427,429
33,105,425,434
33,103,432,438
33,100,432,439
32,101,433,441
33,97,434,442
32,101,435,440
32,96,437,444
33,90,446,453
33,88,451,454
34,89,450,454
32,96,445,448
33,99,445,447
33,101,440,444
36,108,435,439
35,101,440,441
35,121,431,426
44,135,432,411
48,138,435,405
54,143,435,396
53,141,434,399
45,134,438,407
48,138,438,402
44,141,431,403
31,135,430,413
35,125,434,422
38,117,447,425
39,117,453,426
37,123,443,425
35,128,439,420
34,129,441,419
35,131,444,417
35,130,441,418
33,125,438,421
32,120,436,425
31,125,426,422
33,116,435,431
34,106,444,440
34,111,437,440
32,107,434,443
35,99,434,447
34,104,433,445
32,110,430,439
33,110,431,440
33,109,429,439
33,116,423,433
31,124,416,425
31,122,416,426
31,121,416,427
32,119,419,429
31,120,415,426
32,112,422,433
31,119,416,426
33,115,419,428
32,113,420,431
32,114,421,433
33,109,426,440
34,104,425,440
33,105,427,441
35,107,429,434
36,120,429,430
38,112,439,431
37,121,435,428
38,125,435,423
37,127,436,420
38,129,438,418
39,130,439,416
38,126,441,422
37,123,438,425
36,126,431,422
37,124,433,425
36,130,430,420
36,133,428,417
41,134,428,413
42,122,436,421
38,129,429,416
38,138,425,406
39,131,431,410
39,143,421,400
38,129,429,409
36,146,416,397
39,138,418,400
40,141,416,397
39,143,418,394
37,145,419,393
36,159,409,382
36,153,412,384
36,155,410,385
36,143,414,395
38,129,416,406
38,128,420,405
37,122,425,415
37,119,432,422
38,116,429,424
37,115,427,426
37,115,424,426
39,110,421,428
38,114,420,428
41,109,427,430
39,108,431,430
40,107,435,431
38,108,433,431
35,112,429,428
35,111,430,429
35,114,435,428
34,118,432,427
34,115,437,426
34,115,436,429
34,117,432,428
35,116,433,428
35,113,433,431
32,116,427,429
33,114,428,430
31,112,426,431
31,112,425,432
31,112,424,431
32,112,424,432
33,112,423,432
33,112,423,432
33,114,423,432
33,113,424,432
32,115,424,430
33,116,423,430
32,117,423,429
32,116,422,430
32,116,422,429
32,116,423,429
32,118,424,427
32,120,424,426
32,120,425,425
31,118,425,427
31,117,424,428
31,117,424,430
31,116,423,430
31,116,423,430
31,116,424,430
31,116,422,430
31,117,421,429
31,114,427,431
31,118,424,428
31,118,424,427
31,117,424,428
33,111,433,432
31,116,426,429
31,116,427,429
31,115,426,430
30,115,427,431
30,113,427,431
30,114,425,432
30,109,427,432
32,110,428,427
33,112,426,432
37,106,444,435
37,108,443,436
35,111,442,429
35,129,439,415
33,142,429,403
33,155,418,391
33,159,414,386
34,162,414,382
33,165,412,379
34,165,409,380
34,165,407,380
34,161,409,383
35,158,413,386
37,162,404,382
38,160,407,383
36,159,408,382
36,159,406,380
36,160,407,380
37,162,404,379
37,163,403,380
39,160,404,381
38,161,401,382
37,161,401,383
37,159,402,385
36,159,397,383
37,156,397,385
34,155,395,385
38,155,404,388
37,153,410,390
36,147,405,393
35,149,408,394
36,145,414,400
35,144,414,401
34,141,419,404
37,128,428,414
36,122,431,420
38,115,437,429
36,115,437,427
36,115,435,426
36,113,436,427
35,112,435,428
32,114,425,424
31,120,421,420
28,123,417,416
27,124,412,416
28,123,414,418
29,123,414,419
28,120,416,421
28,119,418,421
28,116,420,424
28,121,418,421
28,118,418,422
28,119,421,424
28,123,418,423
29,118,419,425
28,123,417,423
28,121,418,423
28,124,418,423
28,122,417,424
28,120,418,424
29,117,421,426
29,110,427,431
28,108,425,430
30,108,427,433
30,108,427,432
29,113,422,427
30,112,422,429
28,119,417,422
29,121,415,420
29,125,413,418
30,126,413,418
29,125,412,418
29,130,413,418
30,126,412,420
32,124,411,419
31,120,412,422
32,122,415,423
34,114,423,429
32,116,417,426
32,116,417,425
31,119,416,423
31,122,413,419
34,118,420,426
32,115,419,426
33,118,419,425
32,120,418,422
34,124,413,419
35,118,423,425
37,118,427,426
36,117,425,427
36,118,425,428
35,116,424,428
35,120,420,424
34,115,420,427
35,113,420,428
37,115,421,430
38,112,423,433
35,119,416,426
34,120,411,425
35,122,411,423
35,121,411,423
34,122,411,423
36,120,413,424
35,118,412,424
36,121,412,421
34,118,413,422
35,116,417,424
34,121,409,418
33,121,410,419
33,117,412,422
33,112,415,428
34,110,420,429
35,107,424,432
33,113,424,431
33,112,416,428
32,111,420,431
32,108,422,433
33,107,425,435
34,112,423,433
33,109,424,435
33,110,425,435
31,112,416,429
32,108,423,434
31,107,423,435
32,107,424,435
31,111,421,432
32,105,424,436
31,109,419,432
32,106,421,433
32,115,416,427
32,112,423,431
33,111,424,431
31,111,419,428
31,113,415,425
31,116,415,424
31,110,420,430
32,111,419,429
33,109,421,430
33,112,420,429
33,111,423,431
33,111,424,431
33,109,422,433
33,107,422,433
33,106,419,433
35,107,425,434
34,104,424,434
34,105,424,435
35,103,423,435
34,104,421,434
34,107,420,433
34,110,421,432
35,107,423,435
35,109,427,435
35,107,424,436
35,106,425,435
35,106,423,434
33,109,418,432
33,111,417,430
33,113,416,429
34,110,418,430
33,117,412,423
35,115,416,426
33,115,414,425
36,112,421,431
35,112,419,428
37,111,418,427
37,110,419,429
37,115,415,425
36,114,416,427
35,117,412,424
34,122,407,420
35,121,410,422
35,117,409,423
35,116,411,423
33,115,411,426
35,114,414,427
37,106,420,433
35,109,419,433
34,107,419,433
33,111,416,430
33,109,417,432
32,112,414,427
32,110,416,430
32,109,418,432
31,114,412,428
31,117,412,425
32,115,413,427
30,119,410,423
31,116,411,425
33,110,417,430
34,102,425,436
31,108,418,431
32,108,421,432
31,105,423,434
33,107,422,432
32,114,423,430
32,107,423,435
32,111,426,433
31,109,424,431
32,106,425,435
32,113,424,429
31,105,426,434
33,106,427,433
33,114,429,431
34,111,428,433
33,107,427,435
32,105,426,435
32,113,425,432
32,113,420,428
33,113,426,432
32,111,423,431
33,110,426,433
32,111,421,429
33,113,423,429
33,107,424,434
33,109,424,433
34,111,425,433
35,103,427,437
35,105,428,437
34,103,427,437
33,103,424,435
33,105,426,435
33,107,422,434
33,103,428,436
33,107,427,434
33,104,426,434
33,104,425,435
32,106,426,436
33,105,427,438
34,102,425,437
35,104,425,436
37,108,424,434
35,105,423,434
35,113,423,431
35,109,424,436
36,111,423,434
36,109,425,436
36,112,424,433
37,110,425,433
36,114,419,427
36,111,420,430
36,111,423,430
36,107,425,434
35,105,421,434
36,103,422,435
37,105,423,435
36,101,425,436
36,103,426,436
36,104,425,437
35,109,423,434
36,105,423,435
35,107,423,434
36,102,427,437
36,100,426,437
37,100,427,439
37,101,431,439
36,101,424,438
37,103,426,437
36,98,425,438
37,102,425,437
35,106,423,435
34,104,423,436
34,105,423,435
34,104,423,435
35,100,427,437
37,102,430,436
36,102,432,438
37,98,431,439
37,100,431,436
37,98,436,441
39,97,441,441
35,104,433,438
33,106,428,435
33,105,425,435
34,103,428,436
32,106,426,434
32,104,425,435
31,111,420,428
32,114,422,429
32,116,421,428
33,111,425,432
33,110,427,432
31,111,421,429
31,115,421,427
30,114,416,425
31,117,415,422
31,119,418,424
31,117,419,425
32,113,422,429
34,109,423,432
32,112,419,428
32,112,422,429
33,116,421,428
34,104,424,436
34,102,425,437
33,109,422,433
33,111,424,432
34,115,425,432
33,109,424,434
33,107,425,434
33,111,421,430
33,109,423,432
33,104,422,433
33,109,422,432
34,110,425,433
33,103,425,436
33,109,426,434
33,103,426,436
34,112,426,433
34,111,427,433
34,105,425,435
35,103,426,435
35,104,426,435
35,105,426,436
35,103,425,436
34,105,422,435
35,107,421,435
35,109,424,434
35,105,422,435
36,103,422,434
36,105,422,433
36,108,424,434
36,105,425,436
36,105,423,434
36,106,424,434
36,109,425,435
36,108,425,436
35,105,422,435
35,111,423,433
35,104,423,436
36,106,424,434
33,108,420,431
33,111,419,428
33,110,421,431
33,110,422,431
32,116,421,428
32,116,423,428
33,111,426,431
32,113,425,430
34,113,428,431
33,109,425,432
33,112,427,432
33,115,426,431
34,110,426,434
34,110,427,434
33,109,425,434
33,106,425,434
34,105,426,436
33,110,427,433
32,108,424,433
33,111,425,433
34,108,425,434
34,111,423,432
34,108,426,435
34,109,424,432
34,112,427,433
33,114,422,427
34,113,428,431
35,111,427,431
34,114,428,430
34,116,427,429
34,119,427,426
33,111,425,430
33,116,422,426
33,118,421,424
32,119,420,421
32,119,417,419
32,117,420,423
32,119,418,421
31,121,416,419
33,120,417,421
32,123,413,416
30,122,413,416
32,118,421,424
32,111,423,428
32,111,418,426
31,116,417,424
32,120,412,421
31,116,413,422
32,121,412,420
31,120,413,421
32,117,417,426
33,112,422,430
34,106,425,434
35,107,427,437
35,104,426,437
33,109,425,433
33,111,425,433
32,115,420,429
33,109,422,432
32,113,422,430
32,115,419,429
33,107,426,435
34,107,426,435
35,111,427,434
34,113,426,433
35,109,426,434
35,106,428,436
36,104,426,436
34,113,425,433
34,109,425,435
34,108,424,434
34,113,422,431
34,112,425,433
34,111,425,434
35,113,426,432
35,110,424,432
32,112,421,428
33,114,420,427
33,116,419,427
34,116,423,429
34,110,422,432
34,111,423,432
34,111,424,432
35,111,423,431
35,113,423,430
35,112,423,432
35,110,423,432
36,113,425,432
34,110,423,432
35,111,424,432
34,108,424,434
33,107,423,434
34,108,426,434
34,108,426,434
33,108,427,434
33,108,428,435
33,108,428,434
34,107,429,436
35,100,427,437
34,104,427,437
33,107,426,436
34,103,426,435
35,102,426,436
34,107,427,435
35,103,426,437
33,106,424,435
34,107,428,436
34,104,427,435
34,108,426,435
34,108,426,435
37,104,425,435
33,114,425,431
35,107,429,434
34,107,428,434
33,111,426,433
33,107,426,434
33,113,422,430
33,108,422,430
33,112,422,429
33,111,422,430
34,115,422,428
34,110,422,430
34,111,423,429
34,113,421,428
34,109,421,430
33,112,418,429
34,110,424,433
36,101,424,436
35,104,425,436
34,115,424,431
33,111,420,430
34,106,422,434
34,105,422,434
34,109,421,432
34,111,423,432
33,116,422,429
35,113,428,433
33,113,426,432
34,110,425,431
34,109,425,432
33,114,424,429
33,112,427,432
33,110,424,432
33,111,425,432
33,106,427,435
32,103,427,436
31,111,424,431
30,119,414,423
31,119,413,421
30,120,412,420
30,120,412,419
30,120,415,421
31,115,417,425
30,122,411,419
31,112,421,429
31,113,423,430
32,115,427,430
32,113,424,429
33,115,429,430
33,113,426,431
34,112,427,431
33,117,428,429
32,112,427,430
32,118,428,427
32,112,429,430
33,117,428,428
34,117,429,429
34,114,430,431
33,111,426,432
34,110,427,434
34,110,425,433
34,111,425,433
34,109,425,434
36,106,424,436
35,107,423,436
36,108,424,435
36,104,421,436
35,108,419,433
36,108,422,434
36,108,422,434
36,111,420,430
37,112,423,430
36,115,425,429
37,118,424,428
37,120,423,425
36,120,424,425
36,122,424,424
36,120,421,424
36,123,420,423
37,121,419,422
37,123,422,423
37,123,420,421
37,121,420,423
36,122,422,422
37,118,420,425
37,114,422,429
37,110,423,432
37,110,423,431
37,113,423,430
36,109,422,431
36,109,423,434
36,106,421,435
35,109,424,436
36,107,423,435
36,109,424,435
36,109,426,436
35,111,426,434
35,111,428,434
35,111,425,431
34,114,425,430
33,110,425,430
33,115,424,426
33,118,429,427
32,118,427,427
32,118,429,429
33,116,430,430
32,117,428,430
34,114,429,433
35,114,429,433
33,111,427,433
35,113,427,433
35,113,425,433
35,111,427,434
36,111,426,435
35,112,426,435
34,111,424,435
33,112,423,435
34,111,424,435
35,110,424,436
36,109,424,435
35,112,423,433
36,112,423,434
36,108,423,434
37,111,425,434
36,112,425,432
35,109,423,432
35,110,423,431
36,113,424,431
35,110,420,432
37,112,422,430
38,114,420,429
39,113,419,430
39,113,417,429
39,113,417,429
39,112,415,430
39,110,416,429
39,112,417,431
40,111,418,430
40,108,416,431
41,112,416,428
40,110,416,428
39,115,417,427
39,112,417,428
38,113,418,429
38,114,417,430
38,110,416,432
38,112,419,433
37,111,419,433
36,110,420,435
37,109,419,433
36,111,419,432
36,111,419,432
38,111,422,432
37,111,423,431
37,112,422,430
37,112,423,429
36,110,424,432
36,107,423,434
35,110,422,432
35,111,423,432
35,108,425,433
35,108,425,433
35,107,424,434
36,109,426,434
34,108,424,434
34,107,424,436
33,112,424,432
33,111,424,433
33,112,424,432
34,112,423,431
33,113,423,432
32,113,424,432
32,112,424,432
32,111,424,433
31,111,424,432
32,106,423,432
33,110,426,433
33,109,427,434
33,109,426,433
33,108,426,434
33,109,427,434
33,109,426,434
33,110,427,433
32,112,424,432
32,109,423,433
32,107,424,435
32,110,425,431
33,110,427,432
32,112,424,430
33,113,425,430
33,112,424,430
32,107,424,432
33,111,423,431
33,108,423,432
34,110,425,432
33,110,425,432
33,111,425,432
33,110,426,431
34,114,425,428
35,110,424,428
35,114,425,427
34,114,422,426
34,111,421,428
35,112,422,428
35,113,420,426
35,113,419,425
36,112,424,428
35,112,420,427
35,113,420,428
36,115,420,426
36,114,420,427
36,113,421,428
36,110,420,430
37,114,419,427
38,108,417,431
38,106,418,433
37,112,418,429
38,109,422,432
38,110,421,432
38,110,422,432
38,110,422,432
37,109,422,433
37,110,421,432
38,108,417,431
37,112,419,429
38,113,421,430
37,114,421,429
36,115,422,427
35,114,419,425
36,114,418,423
35,121,417,421
35,121,417,420
35,122,420,421
36,122,419,420
36,123,421,420
36,120,420,421
37,120,421,422
36,120,423,423
36,120,422,424
36,118,422,425
36,116,421,426
36,112,420,430
36,111,418,430
36,111,419,432
36,112,417,430
36,112,416,430
37,114,416,428
36,116,419,427
35,116,419,427
36,120,419,422
37,122,418,420
38,123,419,419
39,124,420,418
39,125,421,418
38,124,422,419
37,123,422,420
37,123,422,420
37,124,422,419
37,122,424,423
36,123,424,421
37,123,424,420
38,122,425,422
38,122,424,422
38,122,424,423
38,120,423,424
39,119,423,424
39,123,424,420
39,125,424,418
39,124,423,418
38,124,424,418
37,124,425,418
38,128,423,414
37,129,426,414
37,129,424,414
36,129,423,414
35,129,424,414
35,129,424,414
36,129,421,414
37,130,421,413
36,128,422,415
37,127,421,414
36,125,423,416
35,124,423,418
36,123,424,419
36,121,424,421
35,121,426,421
36,118,426,424
36,117,426,425
35,119,424,423
33,124,417,421
34,125,420,422
34,123,423,423
35,123,423,424
37,116,430,430
37,115,431,431
36,122,424,425
35,125,423,423
36,122,426,425
35,119,425,426
37,109,436,435
37,117,429,428
36,122,424,424
35,122,425,424
36,122,425,424
36,120,424,426
36,121,424,425
35,120,426,427
35,120,426,427
34,120,425,426
34,123,423,424
32,121,426,425
31,123,420,422
27,129,415,419
27,129,414,420
28,130,413,419
28,125,415,422
28,129,411,420
29,131,409,417
31,119,418,427
33,117,421,430
33,118,420,429
31,129,410,420
34,118,421,429
34,118,421,429
34,116,421,430
34,114,421,431
35,118,422,428
35,116,424,429
35,118,422,429
36,117,424,428
36,120,424,425
38,117,425,426
38,118,423,426
37,119,421,425
38,120,421,424
39,120,420,424
39,119,420,424
39,116,421,428
40,113,419,431
39,117,419,428
39,123,416,422
39,123,415,422
39,124,415,420
39,127,414,417
39,127,414,416
39,124,414,414
40,127,415,414
38,130,416,413
38,128,417,414
38,129,417,413
39,132,417,412
40,131,417,415
40,133,418,413
41,132,417,415
41,132,418,415
41,131,419,416
40,131,417,417
39,130,417,418
38,129,417,420
37,126,420,421
37,124,420,420
38,120,421,423
38,118,422,426
38,117,419,426
38,116,419,427
37,116,418,428
37,114,422,431
37,115,423,430
37,114,423,430
37,115,424,429
37,114,425,429
37,117,423,427
37,115,425,428
37,115,425,428
37,114,427,428
38,115,426,429
35,119,422,425
35,120,422,425
35,119,423,427
36,115,426,430
36,118,425,428
37,125,421,421
34,142,409,404
33,143,407,404
34,143,409,402
33,145,409,401
32,145,409,402
31,143,411,404
31,143,411,404
33,134,417,410
37,120,430,424
34,120,429,425
33,118,428,426
32,121,425,423
33,115,433,430
36,106,437,437
33,115,429,429
32,113,426,431
33,114,423,432
33,109,425,432
33,111,426,432
33,115,425,430
33,117,425,429
32,126,411,419
32,126,413,419
32,129,407,415
32,131,407,415
31,132,405,413
32,131,407,415
32,132,407,415
32,132,408,415
33,132,407,414
32,133,406,413
32,132,407,414
30,132,406,413
30,135,406,411
30,135,407,411
30,136,407,411
30,136,409,412
30,137,410,411
30,138,409,409
31,137,410,410
30,139,409,408
31,140,409,407
32,141,408,406
35,136,415,409
35,137,415,408
36,139,414,405
36,140,414,404
36,140,415,403
34,144,409,401
35,145,408,399
35,145,410,399
34,137,423,408
37,131,429,414
37,137,422,407
36,146,413,398
36,145,414,398
37,146,413,397
39,148,411,394
40,149,412,393
40,139,420,405
40,143,417,402
41,156,406,387
39,156,411,385
42,167,402,372
41,166,402,370
38,163,406,375
37,163,405,375
40,158,404,380
43,153,405,387
44,153,402,387
40,162,399,378
42,154,402,388
43,150,400,392
41,150,398,391
39,149,398,392
39,146,400,395
38,147,399,394
42,139,407,401
39,145,405,397
39,145,405,397
40,142,407,400
40,142,411,401
40,142,409,404
41,141,408,403
42,139,414,406
40,143,411,402
44,134,415,409
44,132,415,411
41,137,407,405
43,139,409,402
45,145,408,399
42,149,402,395
41,151,399,391
40,153,400,388
42,154,400,388
41,161,397,380
41,162,395,379
41,163,393,378
41,162,392,379
41,163,395,379
38,164,397,378
38,159,402,384
36,159,401,386
37,147,409,397
38,133,416,411
39,132,417,410
37,134,419,411
36,137,421,407
35,138,422,407
34,139,426,406
33,142,427,402
32,146,427,399
30,153,424,392
32,155,425,393
36,154,416,395
36,158,401,388
38,160,395,384
37,158,398,386
38,162,393,379
38,163,389,377
34,168,384,372
36,167,379,372
36,169,376,369
34,168,376,372
33,166,376,375
31,165,377,377
30,166,377,377
30,166,379,378
30,169,378,376
31,169,378,375
33,166,379,378
35,167,378,375
37,164,381,376
35,177,378,362
35,174,381,363
38,169,386,368
36,173,380,368
34,160,396,381
35,158,405,386
34,158,407,386
36,156,406,389
36,154,408,393
36,152,410,395
36,158,403,390
41,150,407,398
41,154,405,393
41,156,401,388
38,161,400,382
36,156,403,387
34,159,403,381
36,163,397,376
41,164,392,373
44,164,391,371
42,171,389,367
39,168,394,370
35,163,399,378
35,162,401,382
34,159,403,384
34,160,405,386
36,154,409,393
35,154,411,395
34,156,412,391
33,162,409,385
31,169,404,379
29,168,406,379
30,167,404,379
28,166,404,378
29,162,403,380
30,168,397,374
32,167,392,372
36,161,395,377
39,164,397,373
41,152,409,385
41,146,410,390
42,141,410,397
42,133,411,406
41,127,407,415
39,131,400,412
40,126,402,414
36,135,399,410
37,131,402,412
36,131,410,413
37,132,411,413
39,136,409,406
40,142,405,399
40,146,401,394
42,152,400,388
41,151,401,391
43,151,402,390
43,149,404,392
42,148,406,392
41,152,407,388
40,144,411,394
42,141,415,399
38,140,415,403
38,135,414,410
36,136,415,408
36,135,413,409
35,132,411,414
37,129,409,418
35,133,406,414
38,132,412,414
39,132,417,414
39,131,419,415
35,140,406,409
36,138,407,412
35,138,412,412
36,135,415,413
35,138,409,411
34,132,410,414
34,130,409,416
34,124,412,422
34,122,413,425
33,120,414,428
33,119,415,429
32,119,416,431
33,118,415,432
33,119,416,430
37,118,419,431
37,122,420,427
36,124,418,424
35,127,419,420
34,132,412,416
33,134,410,414
32,135,408,414
33,128,414,419
30,130,409,418
33,116,420,433
33,115,421,436
32,117,416,432
32,116,415,432
31,126,408,421
31,126,407,421
32,128,405,418
34,116,416,432
36,115,417,432
37,121,419,426
36,134,410,412
37,138,408,409
38,141,410,406
38,141,410,406
37,141,408,406
36,139,409,408
36,135,409,413
36,127,410,418
34,124,412,423
35,124,408,422
34,123,408,423
35,123,408,422
35,129,406,417
36,130,408,415
34,125,413,421
35,125,415,422
33,132,410,419
33,136,410,413
33,139,409,408
34,144,413,402
35,144,411,403
34,142,412,406
34,139,411,409
33,137,407,410
32,134,405,414
32,130,406,418
32,125,407,420
32,132,404,417
32,130,404,417
32,131,403,417
33,133,404,416
33,137,403,413
34,137,403,412
34,141,403,408
32,125,408,443
32,127,409,442
32,113,420,455
27,100,436,459
28,98,437,465
28,102,433,461
27,111,422,451
27,117,416,448
28,106,420,453
28,113,414,447
28,112,416,450
29,112,415,448
29,107,420,453
30,100,419,456
30,105,418,454
31,100,419,457
31,104,424,458
30,110,419,450
30,106,422,454
30,116,414,442
30,107,414,447
30,116,411,442
30,108,413,445
32,100,424,456
32,101,426,457
33,100,428,457
33,121,407,433
33,116,412,437
33,120,410,436
34,119,432,420
36,115,428,430
36,118,427,428
38,121,426,424
38,122,424,424
40,121,427,424
40,118,430,422
39,124,426,419
37,126,415,414
31,124,413,413
31,126,416,416
31,126,427,421
32,119,429,429
32,124,423,424
31,130,419,418
32,130,422,418
33,135,422,417
33,133,423,419
33,133,428,421
32,132,429,422
30,130,432,428
31,130,429,427
31,131,426,424
30,131,427,423
30,131,425,422
30,132,423,421
29,128,421,424
30,128,420,423
30,126,417,423
31,125,415,423
29,125,412,422
29,122,412,425
32,114,416,432
33,115,410,432
33,113,412,433
34,111,413,434
34,113,413,433
34,111,413,434
34,110,414,435
33,112,414,434
33,112,412,433
34,113,411,433
36,113,411,430
36,113,412,428
36,117,414,426
39,117,418,428
37,119,417,426
39,122,421,424
39,123,424,423
38,124,423,422
35,135,408,413
36,138,407,412
33,134,412,415
33,129,417,418
34,127,422,420
34,127,422,419
35,125,425,422
36,129,418,416
37,133,418,411
36,134,415,410
36,135,416,409
37,134,419,411
38,132,423,412
37,134,421,410
38,137,416,407
35,137,413,409
34,136,410,410
34,133,409,412
35,121,418,420
37,121,419,420
36,121,417,422
36,113,419,432
36,114,422,433
33,122,411,425
37,116,419,432
36,116,418,432
37,116,416,432
38,118,415,430
37,115,416,432
38,117,419,431
37,118,418,430
38,117,421,432
37,118,419,430
36,121,413,427
37,119,412,429
36,122,414,427
34,124,414,424
33,126,414,420
35,126,416,418
34,125,416,419
36,131,409,415
37,124,413,418
36,121,414,420
39,115,420,427
35,118,417,427
37,118,419,430
38,116,421,433
35,116,422,433
31,119,415,429
33,117,416,431
33,116,415,431
36,114,416,434
37,112,415,434
37,110,413,434
37,111,413,435
36,112,414,435
37,112,415,435
37,113,413,435
39,114,413,435
41,113,415,435
39,120,412,428
42,126,410,422
42,124,414,424
40,128,415,421
39,131,415,417
40,138,413,410
44,133,415,412
43,139,414,407
42,144,413,402
43,146,415,399
41,146,417,398
44,149,413,391
43,154,413,387
41,165,401,377
42,160,406,383
37,160,408,383
36,162,404,382
35,161,396,385
30,169,390,380
41,156,399,392
40,158,392,394
45,161,392,391
39,164,389,392
37,163,389,394
33,167,386,390
35,173,381,383
37,174,376,382
40,177,368,376
39,182,365,366
45,173,366,370
50,161,378,376
55,154,379,379
54,145,390,384
48,131,401,401
43,125,418,409
41,122,426,411
42,123,419,409
38,124,418,416
43,116,420,422
43,113,413,428
43,115,407,428
44,112,411,433
43,114,410,432
44,113,411,431
39,123,399,423
42,119,407,427
43,120,405,427
39,129,396,420
41,132,395,419
44,130,401,420
48,128,406,425
47,137,409,413
46,147,407,405
47,146,410,404
45,146,411,404
47,146,412,404
45,152,408,398
46,150,413,398
46,147,418,397
47,155,410,391
51,162,399,384
47,164,392,384
51,161,404,382
49,164,400,382
46,169,383,381
40,176,379,378
35,179,379,378
27,176,389,380
27,176,392,378
24,172,398,382
26,168,402,387
26,166,403,389
27,165,404,394
30,161,403,399
34,166,397,391
34,166,395,386
33,164,396,386
32,156,396,396
33,151,397,402
34,149,397,405
30,156,395,403
30,153,395,407
29,144,395,414
30,142,396,416
35,145,390,414
42,144,381,416
37,146,381,415
31,150,384,413
30,157,384,409
31,166,377,397
30,163,383,397
28,168,378,389
32,171,372,384
35,174,374,380
33,169,379,388
28,162,392,398
30,163,392,391
34,158,398,390
41,159,399,387
43,162,404,388
45,148,414,403
45,142,421,409
39,130,432,418
41,114,434,432
40,112,436,439
40,108,440,445
44,113,435,438
43,114,437,437
44,114,440,434
43,114,442,431
45,116,442,424
46,129,432,413
46,147,416,395
46,166,408,379
45,175,401,373
44,172,406,373
38,182,401,367
36,180,405,372
36,170,410,377
41,166,406,376
36,174,399,371
36,154,394,390
36,158,386,389
33,167,378,381
32,163,385,388
25,162,395,394
22,178,383,380
26,187,374,368
25,190,373,363
26,179,380,374
33,172,380,376
35,183,368,365
38,182,363,365
39,172,368,374
36,170,372,377
33,175,365,374
30,167,372,386
31,158,373,396
30,138,383,418
29,137,383,419
26,136,381,419
23,136,381,420
21,135,380,419
21,136,379,421
22,144,375,410
19,152,375,403
19,151,375,409
23,163,363,400
22,178,355,379
27,194,342,360
32,195,335,356
37,192,333,353
36,188,331,353
33,199,330,341
26,190,340,353
18,189,351,359
3,174,375,384
18,184,357,367
11,168,374,385
14,174,373,373
18,174,374,373
20,174,378,371
25,170,378,375
27,160,380,383
29,159,374,386
28,153,377,396
28,154,375,395
28,151,378,396
26,146,387,401
29,155,378,390
30,140,389,406
30,131,410,416
32,138,398,407
31,138,400,406
31,156,395,387
30,141,414,406
27,150,406,403
25,158,399,397
24,160,396,396
25,158,390,397
29,154,381,402
30,144,385,415
31,145,385,413
30,149,383,408
29,148,381,407
28,155,377,399
26,169,372,385
27,173,371,380
27,168,376,383
28,174,373,377
27,183,372,371
26,174,385,378
26,167,395,388
24,161,397,395
24,157,397,398
