306,149,137,100
305,149,136,99
301,148,138,98
303,147,139,99
305,147,139,98
301,146,138,99
308,145,139,99
307,146,137,98
305,145,139,99
304,145,136,98
307,145,137,97
304,143,137,99
306,142,138,98
304,139,138,101
301,141,140,99
304,143,143,99
303,143,141,99
302,143,142,99
301,143,140,98
300,144,140,98
301,144,139,97
301,145,139,97
301,145,138,98
300,146,139,96
298,148,139,97
297,148,140,96
295,149,138,96
294,148,140,96
292,149,140,96
289,148,138,96
290,149,138,95
289,150,139,94
286,148,137,96
288,150,136,95
287,149,136,96
289,148,134,96
287,147,132,96
289,147,134,96
288,146,135,98
290,146,139,98
295,144,138,99
294,142,137,98
293,143,140,98
298,142,137,97
301,141,138,99
307,139,138,101
304,139,142,101
310,137,143,104
309,137,144,104
312,137,147,104
314,135,145,104
315,136,149,104
313,135,149,103
314,137,148,104
314,137,149,104
315,136,149,105
315,135,150,106
315,135,148,105
319,134,150,106
318,136,150,106
317,135,151,106
314,138,152,105
314,139,155,104
313,137,151,106
308,140,154,103
310,139,149,104
300,141,152,102
295,143,150,101
289,144,154,101
285,144,153,102
282,147,158,101
279,148,155,100
277,149,154,101
276,152,154,101
277,153,151,102
277,154,151,102
278,156,146,101
277,157,150,102
278,157,149,101
279,156,147,102
278,155,144,102
281,156,150,102
283,153,149,102
287,151,149,102
288,149,149,103
288,148,150,104
289,146,152,105
291,143,152,103
295,139,149,104
297,137,151,102
300,133,148,100
303,127,150,99
309,121,149,97
315,119,149,97
319,118,144,96
319,118,144,96
314,141,117,100
314,141,118,103
317,140,119,106
317,139,122,109
317,139,126,109
318,138,127,109
317,137,128,110
321,133,119,113
315,136,127,108
320,133,116,110
312,132,125,103
313,132,128,99
316,129,124,106
304,143,123,103
317,122,130,97
319,122,128,95
298,146,110,98
300,146,108,101
303,146,117,103
300,145,127,101
304,142,119,104
308,145,117,102
299,150,115,96
303,152,110,94
322,131,129,98
320,127,129,94
320,125,130,89
323,125,128,90
328,126,126,92
309,140,114,96
298,149,109,96
305,145,109,98
304,149,111,96
300,150,115,94
298,149,117,95
305,146,119,98
300,146,122,98
317,132,123,103
313,127,134,98
300,132,135,100
307,125,134,101
308,133,119,105
311,129,121,107
305,132,126,111
302,136,127,108
293,140,132,106
294,137,129,107
290,137,130,108
290,137,128,107
288,137,128,108
291,134,124,108
291,134,124,110
291,133,123,110
291,132,122,110
290,133,121,110
290,132,121,111
290,133,121,110
289,134,122,110
291,133,122,109
290,133,124,109
286,136,130,109
290,138,131,108
293,137,128,108
296,134,121,109
296,133,113,108
304,132,108,105
305,134,105,103
310,131,109,104
310,132,112,106
309,131,111,104
310,131,116,106
307,134,117,108
301,137,119,108
310,134,114,106
311,135,115,106
306,138,120,108
301,140,126,104
302,136,124,105
302,136,119,108
299,132,119,110
307,121,135,103
317,119,133,103
322,121,131,102
321,125,126,109
312,134,121,108
322,125,127,109
327,121,135,101
327,118,136,102
331,120,126,109
327,124,122,117
323,123,136,109
327,137,126,109
326,138,131,111
316,142,137,107
316,145,138,105
311,143,138,106
303,143,140,106
306,141,134,108
308,143,130,107
306,142,130,107
304,144,129,108
302,142,127,109
302,141,127,109
300,140,126,110
296,140,128,102
289,140,130,108
294,129,139,97
294,138,128,105
291,142,128,103
293,137,130,101
292,136,129,96
293,136,128,97
293,135,128,98
296,131,127,94
300,132,123,93
303,132,120,90
307,130,120,90
308,131,121,88
312,131,118,85
311,133,117,86
311,134,115,86
310,137,114,88
314,135,113,85
302,146,119,92
302,143,121,96
298,142,124,97
295,142,127,96
299,149,123,94
305,141,120,89
304,140,121,90
303,139,120,89
297,144,123,93
299,141,121,93
297,140,122,91
294,141,121,91
288,143,123,94
286,144,121,96
283,145,122,96
283,145,120,94
282,145,120,90
286,143,116,86
284,145,117,86
284,146,116,88
284,146,116,88
283,146,117,92
276,145,121,93
280,144,120,96
278,146,120,97
282,147,118,99
277,146,121,97
278,145,122,98
274,146,126,99
281,140,124,101
279,143,118,103
276,141,124,99
276,142,128,95
275,143,121,108
275,143,127,108
274,146,126,103
278,145,122,105
283,141,119,109
288,138,112,107
293,138,105,105
301,136,105,102
301,137,107,101
304,138,108,100
312,134,116,101
317,129,124,104
326,116,146,102
328,113,151,102
326,115,154,102
328,116,155,101
328,116,153,100
330,118,153,100
329,116,154,100
328,117,152,100
329,116,153,100
328,117,152,100
327,117,153,101
327,116,154,102
324,118,151,100
325,113,157,101
324,113,160,101
311,115,160,101
305,117,164,101
299,119,165,103
296,122,164,101
297,124,164,103
294,125,164,100
292,124,168,102
293,124,165,105
296,122,157,105
298,120,149,103
304,110,151,104
307,113,155,102
321,115,160,104
324,115,167,103
324,115,168,109
334,116,166,105
338,115,164,104
345,113,164,104
341,113,166,104
341,114,166,104
338,112,166,102
339,111,168,103
339,111,167,102
340,112,167,102
334,113,166,104
326,116,162,105
315,111,155,100
314,116,158,101
310,126,156,102
307,129,157,101
308,129,160,97
309,134,153,103
300,126,150,107
301,123,144,111
307,124,147,114
307,125,148,114
305,126,150,116
307,131,148,114
312,132,144,115
311,135,137,113
315,137,140,112
314,138,145,109
310,141,145,105
314,138,145,103
318,137,144,102
310,141,148,105
307,145,147,107
307,144,146,112
303,145,147,111
295,146,149,114
291,146,146,115
279,142,155,115
280,135,168,113
281,135,162,113
283,141,141,112
280,146,141,115
279,145,150,115
281,139,158,117
282,139,155,117
286,137,141,124
297,139,139,123
299,139,138,122
299,137,140,123
301,137,140,122
304,134,144,122
305,134,146,122
308,136,144,122
305,135,144,122
307,135,143,121
312,136,144,118
316,139,142,117
320,136,149,116
318,131,154,117
317,129,151,118
326,127,144,118
332,128,139,118
340,125,134,121
345,121,133,124
362,112,165,122
363,104,168,122
383,96,167,122
404,94,169,120
419,90,168,118
434,84,165,120
444,84,163,119
454,83,166,121
484,84,161,122
476,86,164,120
485,87,163,120
487,90,164,122
494,95,161,122
494,99,159,123
487,101,161,120
485,99,161,118
479,100,161,117
488,100,158,122
495,100,155,126
489,100,158,124
475,101,162,118
473,101,161,117
470,102,157,115
471,100,155,113
456,102,157,114
448,98,155,113
434,105,157,112
421,102,156,114
404,101,161,117
397,99,161,117
392,107,157,117
381,109,161,117
378,113,155,116
373,117,151,117
374,117,145,116
370,118,143,121
368,121,158,118
374,120,148,118
381,117,142,116
378,117,143,116
376,118,144,118
371,118,149,117
369,118,146,115
363,118,149,114
363,118,150,113
358,120,145,113
356,121,147,112
348,120,151,111
332,119,152,107
330,118,152,108
314,121,158,112
300,114,157,113
292,113,157,114
282,114,157,111
272,113,158,115
261,112,156,117
262,110,154,120
256,111,152,118
254,111,149,113
252,111,147,111
254,109,147,110
256,104,143,110
258,101,141,110
271,107,137,110
281,112,133,109
279,112,134,113
278,110,138,119
282,112,134,117
284,115,132,117
288,118,128,115
287,117,131,115
288,115,130,115
292,117,126,113
291,116,129,114
290,118,129,114
288,118,133,114
288,119,134,111
292,123,131,111
294,121,127,115
292,109,139,117
294,111,136,110
293,112,135,108
304,110,137,113
306,112,137,112
303,110,137,111
309,107,144,113
308,110,146,115
310,109,145,115
313,110,142,114
320,107,143,112
316,112,144,114
315,114,141,116
317,112,144,119
314,112,135,116
319,114,131,112
310,117,133,107
304,117,140,108
302,121,141,112
294,114,146,112
290,123,147,110
285,123,144,104
274,130,150,112
265,137,151,113
264,137,151,113
262,141,152,111
263,140,152,114
264,139,149,115
266,134,151,120
269,136,150,119
273,142,151,115
284,134,141,123
281,130,154,111
285,130,158,114
281,140,164,118
291,135,151,118
292,140,159,114
298,137,155,116
300,138,150,116
305,139,142,115
304,140,148,118
303,139,150,120
305,139,147,120
305,142,149,118
304,138,154,119
309,137,146,119
309,144,142,116
304,146,138,111
312,138,149,118
308,135,150,120
304,140,151,118
304,137,155,121
298,136,154,121
288,141,149,118
288,143,144,116
286,140,150,115
294,135,146,111
281,136,150,111
284,134,150,111
282,131,149,113
281,140,143,114
282,137,140,120
277,134,147,123
272,136,146,119
280,136,138,119
291,136,131,119
296,137,131,117
293,137,137,114
297,134,140,111
301,131,140,109
302,130,142,110
304,129,142,108
311,127,139,106
315,122,141,104
321,121,141,103
320,120,144,105
327,119,145,105
324,116,151,113
329,115,150,118
337,111,148,119
341,106,149,120
344,102,151,123
349,96,151,127
352,91,152,124
357,85,152,126
359,76,149,125
371,66,150,129
368,64,157,127
372,64,162,126
380,63,169,121
389,57,169,119
393,53,171,116
397,55,166,115
394,57,171,117
405,56,171,116
404,55,176,117
414,54,175,117
418,54,168,117
419,54,162,122
415,55,154,123
418,52,153,122
420,56,152,118
424,53,150,120
422,55,150,119
422,54,150,119
424,59,151,119
421,53,158,117
425,57,153,119
422,58,153,118
417,65,153,114
416,65,156,111
407,64,160,109
334,134,156,109
316,151,157,106
320,150,154,110
319,148,155,111
320,147,159,113
326,146,157,113
324,141,161,116
329,139,163,116
339,135,162,118
348,134,164,119
351,135,166,118
361,136,162,114
368,136,158,113
370,135,157,114
373,134,153,113
374,134,151,114
372,135,151,117
374,134,152,119
373,134,152,122
370,125,152,118
374,129,142,117
370,130,140,118
371,126,146,119
375,122,144,119
375,123,142,122
376,127,143,118
375,130,145,113
373,133,146,111
373,132,144,111
371,135,147,107
365,134,149,109
355,129,152,114
349,124,155,115
357,130,147,117
349,132,150,120
353,135,146,116
349,135,148,118
349,140,147,118
352,140,143,120
349,136,137,126
348,137,144,121
344,138,152,118
345,136,156,120
335,123,162,125
335,127,158,124
338,122,157,130
338,135,164,125
339,135,160,120
338,136,157,115
334,135,161,116
330,137,155,115
329,137,155,117
329,138,161,120
329,134,161,121
328,133,161,122
327,136,159,122
329,137,148,127
330,138,151,132
330,140,155,124
331,140,153,124
330,140,153,123
331,141,153,122
331,138,152,124
326,138,154,120
329,133,154,116
328,133,154,120
329,133,153,120
332,134,150,121
331,132,153,122
333,132,151,121
333,132,151,119
333,130,154,120
333,129,154,120
332,128,153,119
331,125,152,120
332,126,149,118
329,122,148,120
332,119,143,121
334,118,141,120
336,117,138,116
331,118,142,120
329,121,143,121
325,121,146,121
322,123,148,120
316,126,152,122
315,129,152,119
314,130,153,116
307,134,154,120
305,134,156,122
304,135,153,120
300,140,155,121
299,144,152,125
299,145,144,128
292,146,138,127
282,146,137,125
279,145,136,129
287,143,142,131
284,143,152,132
284,143,153,130
282,142,152,128
281,143,150,124
277,143,153,129
275,144,154,133
275,145,149,135
270,149,140,131
267,145,144,132
261,145,149,131
262,142,150,131
265,145,143,130
268,147,142,131
275,144,150,136
274,144,154,133
272,144,156,131
274,143,153,125
276,143,152,120
274,143,152,118
274,143,151,120
270,146,153,122
268,144,155,123
268,145,154,123
266,145,155,126
271,139,155,126
270,139,158,127
270,139,158,125
265,143,161,125
263,147,162,127
263,148,165,131
266,145,164,131
264,148,165,131
264,148,163,127
270,149,158,126
271,148,155,128
272,147,155,130
271,147,157,130
270,148,157,129
272,148,156,129
273,148,154,130
270,148,156,131
269,148,155,130
268,149,155,130
269,149,153,130
267,149,153,130
267,150,153,130
267,149,153,130
268,149,151,130
267,149,153,130
265,150,153,130
267,150,151,130
265,151,151,129
262,151,153,129
264,151,152,130
265,151,150,129
265,152,151,129
263,150,152,130
263,151,152,129
267,148,151,130
264,149,153,130
264,147,155,131
265,147,155,132
264,148,156,133
266,147,156,132
267,145,156,132
267,145,157,133
266,146,158,134
266,145,157,134
266,145,158,134
268,145,157,134
266,147,156,133
269,147,153,132
269,148,153,132
272,146,151,132
268,149,153,131
271,147,151,131
268,148,151,130
268,147,150,131
266,146,151,133
265,146,151,132
266,148,145,131
266,144,146,133
261,149,148,131
265,148,143,131
266,149,143,132
268,155,143,130
269,157,144,130
270,163,143,128
271,167,143,127
274,169,142,127
276,172,144,129
279,173,145,131
282,176,145,131
282,179,146,131
283,182,147,131
282,183,148,130
286,184,147,129
287,184,147,129
289,184,146,130
291,182,146,130
290,183,147,130
293,183,146,131
295,184,146,129
295,185,145,128
298,183,145,128
298,184,143,126
295,183,146,124
298,183,143,127
301,181,142,126
298,182,142,127
296,181,141,128
293,181,145,125
293,180,142,126
290,181,141,127
290,183,139,125
287,182,139,126
286,181,140,126
284,183,139,125
285,181,139,124
282,183,139,124
278,186,140,124
282,185,136,122
282,185,136,122
281,186,136,122
279,186,137,123
282,184,136,122
282,183,139,125
283,182,139,125
285,179,142,128
285,178,144,129
284,178,149,127
277,176,160,116
276,175,160,117
290,173,151,126
290,174,152,126
295,171,152,128
295,171,152,128
300,169,151,127
298,171,153,126
300,168,153,128
303,169,152,127
300,169,157,128
303,170,159,127
302,168,161,128
302,171,163,128
303,169,163,128
299,170,161,128
296,167,159,129
294,166,158,129
293,166,156,129
288,163,155,130
288,160,155,130
285,159,154,130
283,157,153,131
281,156,152,131
278,156,151,130
276,155,151,130
275,155,152,130
273,156,151,130
273,157,149,129
276,157,153,128
276,160,159,130
276,160,161,129
275,161,162,128
276,161,166,129
281,158,168,130
279,158,172,129
278,158,166,129
278,158,163,130
279,156,164,131
279,155,164,132
277,156,163,132
278,156,162,132
281,155,163,132
279,155,164,131
278,155,160,125
282,153,156,126
281,154,149,129
273,154,151,128
274,147,162,135
279,142,166,142
276,151,170,132
279,150,173,130
272,151,163,133
280,139,177,130
274,142,185,131
274,142,181,130
273,148,171,133
273,151,172,126
272,147,172,129
266,146,171,130
265,139,171,130
267,138,165,128
265,136,162,129
265,135,162,128
256,139,165,126
246,145,169,127
243,146,170,128
245,149,169,129
247,153,170,127
247,154,170,127
249,160,165,125
247,163,166,125
244,164,168,124
249,163,167,128
246,149,173,124
248,165,173,123
248,163,179,127
254,163,163,131
268,168,159,126
267,172,178,130
266,173,172,131
270,173,165,133
264,174,161,131
263,177,156,129
271,174,154,131
273,175,151,132
275,177,152,132
277,177,154,131
280,179,148,129
280,180,149,128
285,178,150,127
286,179,150,126
290,175,147,128
292,173,145,130
297,168,153,137
293,168,155,138
289,169,155,139
288,166,156,140
288,164,160,139
284,162,164,137
277,161,170,135
278,160,174,137
278,159,172,133
280,158,173,134
277,161,167,134
266,161,165,133
270,155,165,136
266,162,162,130
266,162,157,129
268,160,154,131
263,161,159,133
265,155,174,137
255,158,188,132
251,160,185,129
252,158,190,132
248,156,190,137
241,160,178,138
236,159,173,139
231,155,171,138
232,162,162,136
225,167,164,129
211,163,175,130
212,163,177,126
210,159,175,125
206,158,175,125
202,158,176,123
204,154,173,124
197,154,174,124
202,158,167,121
201,158,168,122
200,160,172,121
198,160,175,127
195,159,178,116
200,164,168,125
207,164,163,129
213,163,166,132
213,162,171,134
212,157,171,136
230,162,169,135
235,164,175,132
251,164,171,132
255,159,177,135
265,155,180,133
267,143,184,140
283,147,179,141
295,144,179,144
300,143,184,145
305,141,184,148
307,138,188,146
317,137,186,145
319,136,182,146
311,132,183,142
311,133,182,140
324,137,179,143
323,137,178,142
317,136,182,144
308,134,183,142
290,130,187,139
287,131,178,139
292,135,164,140
274,136,183,136
262,145,181,138
258,147,187,138
243,155,180,139
229,162,180,137
210,168,181,140
195,167,184,142
175,169,184,142
170,172,174,144
162,173,176,143
161,172,174,141
168,172,167,142
164,167,174,139
170,167,176,134
181,167,181,132
202,166,183,134
220,164,184,135
239,164,186,133
262,151,173,139
277,131,188,137
302,124,190,139
314,108,193,141
335,103,195,136
350,101,192,140
360,101,186,140
360,99,189,138
376,97,187,137
375,100,188,137
381,105,186,135
373,105,188,137
365,104,187,136
354,111,189,138
333,111,189,138
308,122,191,139
298,125,189,137
276,131,181,137
258,144,187,131
240,150,190,138
215,147,193,141
195,147,193,142
174,158,178,139
168,159,175,137
164,151,173,144
163,154,177,142
150,155,180,144
162,157,179,146
186,152,175,145
216,142,197,140
239,152,192,136
244,139,199,145
280,135,196,143
295,129,180,147
294,128,187,145
311,118,196,143
322,108,195,143
326,103,197,144
327,104,202,147
336,104,195,151
343,105,196,148
327,101,197,143
329,105,193,142
329,108,188,139
331,112,183,137
326,121,178,137
316,125,181,131
297,108,187,135
296,105,188,126
292,105,190,129
287,112,184,134
285,118,185,135
284,124,189,135
282,122,189,137
282,137,187,135
282,138,188,135
287,140,186,133
286,143,184,133
287,140,186,134
287,142,186,133
289,139,185,134
286,141,186,135
287,136,192,137
278,135,193,140
275,139,198,136
268,134,199,140
257,142,201,136
243,137,209,137
225,126,201,140
219,133,195,135
205,137,198,139
197,119,188,146
197,119,188,146
190,113,175,149
195,115,175,150
184,125,159,151
192,124,154,151
202,115,164,158
211,120,171,150
215,122,175,146
218,123,176,143
223,124,173,140
222,123,174,141
219,120,170,143
211,113,184,143
205,114,187,145
202,119,189,141
205,115,170,144
192,105,181,152
190,104,196,143
189,107,196,139
190,105,190,143
189,108,196,148
203,110,194,146
227,116,179,136
230,123,184,130
238,122,173,132
246,122,165,134
263,121,177,134
274,117,185,137
281,117,188,137
283,114,192,139
288,109,193,137
287,108,191,138
281,113,184,137
285,110,188,135
278,113,182,135
279,113,188,136
276,113,194,139
268,117,190,136
270,122,187,135
257,127,169,133
251,131,157,131
232,123,170,133
222,120,189,139
212,134,180,134
205,137,181,133
195,145,183,139
186,150,179,138
184,153,168,138
191,148,155,140
188,143,147,137
198,127,160,138
202,118,169,139
204,123,188,136
206,121,195,134
208,120,199,135
214,114,198,140
220,115,194,138
221,118,195,138
225,119,193,140
222,119,196,143
229,114,194,143
225,121,196,145
224,121,195,145
218,127,195,141
219,124,199,145
219,113,202,145
212,141,183,127
201,136,206,135
198,134,195,136
199,116,179,144
193,124,168,147
186,127,160,149
183,127,170,148
184,127,173,146
181,127,169,145
175,119,168,148
172,119,176,153
173,129,168,145
169,138,173,140
176,136,174,138
173,140,181,137
186,137,178,138
191,137,183,140
199,134,181,139
207,129,175,138
211,126,169,139
223,125,164,137
228,123,175,139
237,120,189,139
252,118,184,143
262,121,178,134
271,116,194,137
280,113,193,138
294,113,180,136
299,109,183,133
297,110,185,130
294,111,190,134
301,110,188,134
303,108,182,132
297,109,179,132
298,110,178,133
293,111,181,136
296,112,179,138
296,111,182,138
292,110,184,137
297,113,184,136
296,116,183,136
296,114,186,138
293,113,188,139
291,112,189,140
292,113,184,137
295,112,180,136
298,113,178,137
300,112,180,138
297,111,182,138
294,113,187,138
294,114,190,139
293,117,187,138
295,115,190,140
288,114,190,139
289,117,188,141
290,118,191,142
288,118,197,142
293,123,193,143
292,122,193,145
293,118,194,142
296,122,193,140
297,124,195,141
298,128,196,143
296,133,191,141
288,135,188,139
289,131,188,139
287,134,188,138
292,136,181,135
290,140,183,135
296,141,182,134
292,139,179,134
292,140,178,131
290,141,177,131
292,138,178,131
290,142,178,129
279,148,178,132
278,149,177,133
280,143,179,135
279,142,178,134
274,156,173,134
283,155,165,131
281,158,170,132
275,166,166,126
280,167,163,124
276,168,164,124
268,164,171,125
273,157,170,129
277,163,162,129
282,161,161,132
282,157,163,133
284,153,162,137
285,147,160,138
283,147,162,134
275,130,168,142
271,130,170,140
260,100,177,152
259,89,178,157
252,93,175,151
261,91,185,147
256,86,190,150
258,82,192,151
262,78,187,145
263,80,190,142
261,78,192,144
265,77,191,143
259,80,191,141
254,82,193,141
253,82,191,138
260,88,187,142
259,93,183,139
254,96,186,139
241,99,184,138
242,92,192,140
238,93,190,140
232,87,191,144
218,88,185,141
217,92,189,141
201,90,192,144
209,93,197,146
224,93,186,145
218,94,198,144
223,94,196,143
220,97,194,143
220,97,196,141
219,98,196,140
216,100,196,141
226,99,193,140
223,98,191,142
224,97,185,140
221,97,185,140
214,97,190,142
210,95,198,142
212,97,199,139
210,95,205,143
215,95,204,145
213,99,203,145
210,101,200,154
212,103,203,155
207,100,202,155
207,106,199,150
203,104,194,147
196,109,208,149
190,110,209,149
184,112,209,150
189,115,208,145
190,117,207,142
191,114,188,142
187,123,187,136
191,126,188,137
187,126,195,142
195,125,198,139
207,129,187,135
227,117,191,131
232,116,203,141
247,104,205,151
273,93,201,151
293,93,195,155
299,90,192,157
319,90,188,151
301,83,206,152
295,81,206,150
297,82,204,149
297,91,201,146
281,95,205,149
277,97,206,153
260,103,209,153
240,109,214,146
229,109,211,148
218,119,218,143
211,120,215,139
203,125,209,141
202,124,218,138
214,128,204,135
215,133,198,132
224,135,193,133
223,137,189,135
241,134,172,133
239,127,174,134
252,124,174,138
254,116,181,138
253,106,190,141
251,99,196,141
243,102,202,139
240,113,206,137
236,112,212,138
233,126,205,131
233,127,201,132
234,122,201,137
234,124,201,140
237,125,200,141
237,128,196,139
239,128,195,139
239,132,196,138
240,126,198,143
233,129,196,142
232,126,193,140
227,125,195,142
224,128,194,140
222,130,195,141
218,124,198,146
220,126,197,143
219,124,199,144
218,127,200,143
218,124,199,143
221,127,200,141
219,129,202,141
221,129,203,141
220,124,204,144
221,125,203,142
225,128,200,138
228,129,200,136
223,131,199,136
231,128,197,135
225,126,199,137
226,130,196,135
225,127,196,137
226,130,193,134
227,133,188,131
224,133,188,132
224,136,184,129
223,133,183,131
221,141,184,128
218,144,182,126
210,130,193,139
207,124,203,140
205,127,206,138
209,124,205,139
217,110,200,144
223,118,184,137
225,132,168,138
237,135,158,136
236,137,165,132
236,135,175,130
242,135,166,129
242,131,179,124
244,128,181,126
247,126,180,124
247,127,179,127
248,125,174,129
249,124,172,127
248,123,175,130
250,124,172,129
251,123,172,129
252,126,170,128
249,124,171,128
247,123,167,128
246,125,169,131
245,124,180,134
252,128,171,128
249,131,167,128
246,129,168,132
246,131,167,132
238,129,173,135
229,129,182,136
226,122,183,140
224,121,179,141
228,120,171,141
224,125,166,137
225,125,166,134
231,124,167,132
232,124,167,128
229,124,164,127
230,128,163,123
232,124,163,125
230,119,164,128
228,118,172,129
227,120,173,131
228,121,175,132
231,122,173,129
237,125,168,127
242,126,164,126
238,123,170,130
236,122,173,129
237,127,156,130
239,129,173,126
240,126,174,124
244,129,165,126
248,134,160,122
244,135,160,119
246,134,155,120
250,132,151,125
254,129,149,128
262,131,142,127
267,129,137,130
269,121,149,132
270,114,162,137
272,108,171,134
277,117,172,136
276,113,173,135
278,113,172,133
280,118,174,135
280,118,168,135
278,117,162,130
279,122,158,127
279,121,158,126
281,121,159,125
279,123,159,125
279,123,163,125
276,116,166,123
272,114,165,121
272,115,166,120
270,115,164,116
261,117,170,116
253,119,170,116
250,123,174,116
246,130,177,115
241,130,178,116
240,121,173,120
239,123,180,121
239,128,184,119
238,130,186,119
238,131,188,119
239,129,190,124
239,131,188,125
241,128,186,126
245,121,182,129
249,118,183,129
258,115,185,126
266,112,183,124
268,112,182,127
272,114,182,126
281,110,182,122
284,115,183,123
280,118,184,124
277,118,187,122
271,119,192,122
270,121,191,119
275,116,186,119
285,117,176,122
280,118,163,126
270,122,160,128
270,129,166,122
269,132,168,120
265,133,164,119
259,127,161,126
262,122,148,125
270,112,160,128
255,126,177,127
255,119,192,129
258,121,189,130
267,113,182,131
269,112,177,128
270,118,181,125
262,116,185,125
255,117,189,125
255,126,176,124
245,122,160,134
237,142,146,136
236,151,141,134
230,151,151,135
223,154,155,134
220,153,161,129
233,157,153,128
237,152,168,130
236,150,171,132
235,150,169,134
249,158,169,118
249,144,162,129
260,131,155,130
267,112,179,127
278,103,197,124
285,89,199,123
291,77,198,125
298,59,181,128
308,52,181,136
304,50,181,138
307,48,181,134
308,49,189,125
307,47,196,127
310,48,198,128
343,49,186,129
346,48,185,137
373,57,180,139
366,65,184,134
370,80,178,133
356,99,184,134
352,109,185,134
334,123,185,131
327,126,185,127
312,131,173,128
297,128,179,128
284,130,185,131
277,128,178,126
268,139,171,118
271,141,167,116
270,142,170,123
283,139,150,124
289,135,155,118
283,110,179,120
283,105,185,119
290,100,189,119
297,91,185,123
314,84,175,127
319,79,175,130
323,76,173,132
320,80,175,133
322,80,176,135
321,87,175,134
322,92,175,127
321,92,177,121
317,87,181,122
309,92,171,127
311,101,154,134
304,108,169,132
305,118,178,126
302,123,178,125
292,117,184,129
295,124,182,130
286,118,181,128
276,116,181,128
279,139,180,120
264,141,178,126
258,144,181,126
252,152,180,125
255,147,175,123
254,137,180,129
253,138,175,124
249,134,174,126
245,139,178,127
250,142,174,125
255,144,175,124
253,155,170,120
255,155,176,119
259,158,176,116
257,153,190,126
272,161,180,123
282,158,176,124
290,148,173,129
299,138,177,133
300,134,180,133
299,142,173,128
296,142,177,128
300,140,178,126
294,148,178,126
289,141,187,131
277,159,178,131
270,152,188,136
258,154,192,134
242,157,190,129
244,162,179,128
230,163,181,124
237,162,170,122
232,163,162,122
234,154,159,125
237,154,155,124
242,156,157,120
235,154,167,120
243,149,170,119
261,142,169,118
279,137,173,123
294,135,169,126
310,125,171,131
323,116,175,142
334,112,182,139
341,108,171,138
349,105,180,137
348,110,185,134
351,113,187,133
347,114,185,141
335,115,180,135
324,117,182,136
306,125,191,133
292,131,182,135
282,138,187,131
268,129,193,132
260,136,177,125
254,135,184,126
252,133,183,126
257,126,194,128
258,117,195,129
257,130,186,126
266,131,173,126
279,128,173,127
308,123,182,129
318,118,188,137
323,120,180,137
327,118,190,135
339,123,185,131
349,117,178,135
351,115,175,138
347,118,177,138
345,124,179,133
336,124,180,129
328,128,184,130
312,130,186,126
307,128,184,123
305,126,180,125
292,113,195,133
296,113,189,130
291,117,184,127
295,119,186,126
301,117,186,125
303,112,182,129
312,115,178,128
313,117,178,129
329,120,165,123
335,122,175,122
336,121,174,124
347,114,170,127
344,113,166,143
338,109,167,145
340,115,172,142
334,118,174,133
328,117,180,132
318,128,179,127
311,121,176,123
294,127,183,129
280,125,189,131
268,126,190,130
264,125,196,128
262,127,189,125
261,138,166,117
259,137,176,118
261,128,180,130
266,131,182,123
265,129,184,126
280,139,175,124
278,143,172,122
291,138,170,122
292,137,169,122
297,136,166,120
294,140,168,122
295,142,172,123
294,124,174,131
300,144,165,123
297,138,172,122
295,145,171,121
298,145,165,116
298,144,167,117
301,145,170,117
300,146,167,122
306,156,161,117
300,153,164,119
295,155,172,118
301,161,164,115
302,159,166,113
302,154,168,114
308,155,163,111
308,156,161,111
312,153,160,114
312,153,157,113
314,146,161,119
310,133,170,124
313,133,169,124
320,147,159,117
319,155,161,112
322,156,161,113
319,154,165,117
315,153,164,117
318,156,151,115
318,157,148,115
319,157,149,116
322,159,155,117
319,156,161,120
326,160,158,118
321,150,162,115
324,154,158,112
321,160,158,115
322,161,157,115
323,163,154,114
327,160,154,115
324,161,156,115
323,160,155,115
319,164,156,111
315,159,155,110
312,158,155,108
311,160,152,105
305,160,154,105
301,159,155,105
298,157,158,107
291,154,158,107
294,161,155,105
288,159,157,108
283,163,156,107
279,161,156,112
274,164,157,112
272,169,156,107
270,169,154,103
270,169,151,98
271,165,149,101
268,168,153,101
272,169,149,101
271,167,150,104
268,165,154,108
268,167,156,109
272,165,157,112
274,164,158,113
276,161,158,114
277,162,158,111
283,158,161,112
285,158,160,110
287,154,159,106
287,159,159,109
295,160,154,112
294,159,149,110
298,159,144,108
302,156,140,106
308,152,137,106
318,146,137,110
336,146,149,115
339,146,160,119
337,141,166,119
338,136,167,120
345,137,166,115
357,142,163,114
354,137,160,115
353,135,156,113
358,131,149,112
361,132,147,108
357,135,150,107
348,139,153,108
342,142,157,110
343,142,156,111
328,135,157,113
317,142,164,109
308,142,162,110
301,145,164,109
298,144,164,108
292,143,169,111
293,142,166,110
292,140,162,111
288,139,161,111
287,139,165,111
288,138,163,115
288,139,166,114
291,141,165,112
291,142,166,113
289,144,167,110
282,144,169,115
291,149,163,116
291,149,169,121
291,147,171,123
285,150,173,124
288,150,173,124
275,152,181,125
273,152,179,123
277,146,174,123
269,143,181,131
258,143,183,137
259,146,176,137
256,144,179,132
254,142,173,127
246,140,178,129
241,138,184,130
239,140,187,131
238,137,179,129
235,142,183,132
233,142,188,131
231,145,191,130
228,152,191,130
233,150,188,131
236,150,184,132
232,152,179,133
235,151,172,132
232,152,171,134
232,155,172,134
231,159,178,133
226,164,185,134
219,166,187,133
206,160,205,133
212,159,189,131
208,145,204,138
210,145,199,140
195,147,208,141
189,151,212,140
186,147,213,141
185,141,209,144
191,141,209,141
197,148,198,138
199,143,206,137
211,144,199,137
220,139,198,142
224,138,196,139
228,138,189,140
239,138,180,143
244,140,176,145
251,141,173,146
254,143,174,145
258,148,172,142
256,149,176,144
260,154,175,142
247,161,184,140
243,162,190,140
240,165,192,140
232,163,194,140
219,161,205,144
212,168,195,145
202,180,185,138
207,176,182,138
202,180,181,134
202,171,185,139
201,172,192,138
201,172,191,140
196,166,190,145
202,169,190,147
200,167,195,144
208,174,199,138
222,168,194,139
220,169,205,137
235,165,202,140
254,166,188,138
258,167,200,136
274,172,196,140
287,172,194,140
292,168,193,144
295,167,185,137
297,156,181,142
297,153,187,141
295,155,190,133
286,149,196,132
284,150,190,130
269,151,195,132
260,157,194,135
251,165,192,140
230,160,199,143
219,166,184,138
211,170,192,134
203,179,191,137
195,181,190,135
190,185,188,135
183,187,184,136
186,186,180,135
184,186,176,135
185,187,180,135
196,188,179,132
201,194,184,128
207,192,186,128
219,189,188,133
232,186,186,134
256,178,185,135
278,175,197,139
299,164,200,142
311,159,202,145
311,150,199,149
332,140,183,150
334,137,184,149
341,143,180,144
340,144,172,145
334,151,177,138
319,156,194,138
305,159,199,140
296,166,191,135
268,172,177,131
242,174,180,135
230,174,179,132
214,169,176,137
194,154,170,146
168,161,177,149
168,161,177,149
155,152,191,152
143,149,195,155
143,149,195,155
134,144,202,161
139,153,201,159
142,159,201,156
174,163,193,152
196,168,193,145
209,172,191,135
216,171,194,140
244,173,184,136
284,158,198,143
308,147,202,145
321,138,191,144
335,122,199,152
351,110,197,158
358,103,194,155
365,106,188,154
361,109,184,145
359,108,179,153
339,114,187,149
325,120,188,149
303,129,192,153
285,138,192,150
271,159,178,138
256,170,175,131
220,175,180,131
206,179,180,130
191,178,178,129
179,176,176,132
161,173,177,137
148,174,173,139
146,172,173,138
145,168,176,139
144,168,176,140
146,169,174,139
158,172,169,133
175,176,168,127
