292,46,40,32
293,47,39,31
293,47,39,31
294,48,39,30
295,48,38,31
296,48,38,31
297,49,37,30
296,49,38,31
297,48,38,32
298,49,38,32
298,49,39,32
299,49,39,32
299,49,41,31
300,50,40,32
299,50,38,32
301,51,38,31
301,50,39,32
302,51,40,32
301,52,40,31
303,51,41,32
302,51,41,32
304,52,42,33
304,51,42,34
304,53,43,34
305,52,42,32
306,53,42,33
306,53,43,34
307,53,43,33
307,53,42,33
309,54,43,34
308,54,43,34
310,54,42,34
311,54,43,34
310,54,43,35
312,56,43,34
311,55,43,34
313,55,42,34
314,56,43,34
313,55,43,34
316,56,43,35
316,57,43,34
315,57,43,34
316,56,44,35
317,57,45,35
316,56,44,36
318,57,45,35
318,57,46,36
320,57,46,35
321,57,45,35
320,57,46,35
320,58,45,36
322,58,46,35
323,58,45,36
323,57,45,38
323,59,46,37
324,59,47,37
326,60,45,36
326,59,46,37
328,61,46,36
329,61,46,37
329,62,46,36
329,60,47,37
329,62,47,37
329,61,48,37
329,61,47,38
330,60,47,39
331,62,48,39
332,62,49,39
332,61,49,39
332,61,50,38
334,62,49,38
336,62,49,39
339,63,49,39
340,63,49,38
341,61,50,38
343,63,50,39
343,62,48,38
345,64,49,39
348,64,48,39
351,64,48,38
351,64,48,39
355,64,49,39
358,64,48,39
361,65,48,38
364,65,48,38
366,65,48,39
371,65,48,38
372,66,48,38
376,66,47,38
377,66,47,38
383,67,47,37
385,66,47,37
387,66,48,38
393,66,47,38
392,66,48,38
399,66,47,38
401,66,49,39
403,65,48,39
406,65,49,39
406,65,49,39
418,64,49,39
416,66,49,39
418,64,50,40
424,64,50,40
427,66,50,40
432,65,51,40
436,64,51,40
441,65,52,41
445,64,51,41
448,63,52,40
452,64,52,41
457,61,53,40
459,62,55,42
463,62,55,43
464,62,55,42
466,60,56,41
469,61,53,40
477,62,54,41
485,62,53,42
482,62,55,40
482,62,55,40
490,63,52,41
490,61,52,41
492,61,53,42
493,61,52,41
495,61,51,41
494,60,52,41
494,61,52,41
494,62,52,42
496,63,51,41
496,64,50,42
496,62,51,42
497,64,52,41
497,65,52,42
496,63,51,41
496,64,51,42
496,63,51,41
496,63,51,41
497,65,51,41
496,63,51,41
496,65,52,42
496,63,52,42
494,63,53,43
495,61,52,42
494,61,53,43
495,62,53,43
495,59,52,43
494,61,52,43
494,61,53,43
495,64,54,43
495,62,53,42
495,62,53,44
494,63,53,43
494,62,53,43
495,63,53,42
495,61,53,42
496,63,52,41
495,64,53,42
495,64,53,42
495,64,53,42
495,62,51,43
494,62,53,43
496,64,52,42
494,63,52,43
494,63,54,43
494,62,53,43
494,63,53,42
495,61,52,42
495,62,53,42
494,63,54,43
495,62,53,42
494,63,53,42
493,61,53,43
493,61,54,44
494,62,54,44
493,61,54,44
493,60,55,44
491,59,54,44
493,59,54,44
492,61,55,44
493,62,55,44
492,60,55,44
492,61,56,44
489,60,56,45
489,60,57,44
486,58,56,44
487,59,56,45
488,59,56,45
485,59,57,45
485,59,57,45
481,58,58,46
482,59,58,47
481,60,60,47
480,62,60,48
477,59,62,47
474,60,61,48
472,59,65,50
467,59,63,48
465,58,63,49
462,58,63,49
461,58,59,49
460,58,60,49
456,58,63,49
454,58,61,48
454,59,61,47
454,57,61,48
451,59,61,46
450,58,61,48
451,58,61,47
448,57,62,47
451,56,63,50
449,58,60,49
448,58,62,48
448,58,61,47
448,58,62,49
446,58,60,48
442,58,62,47
440,58,61,47
440,58,61,47
439,59,58,46
438,59,58,45
437,58,59,45
436,58,59,46
434,58,56,48
432,58,59,46
430,58,58,46
429,58,57,46
426,58,59,46
428,58,61,46
424,58,61,47
424,57,62,44
422,58,61,45
421,57,62,46
420,56,62,46
419,58,62,47
417,56,63,47
417,56,63,48
416,55,62,49
415,56,60,47
412,56,61,46
413,57,60,45
410,57,58,48
411,55,58,47
410,56,61,48
408,57,60,48
407,56,60,48
404,57,59,48
402,57,59,48
399,57,58,50
400,57,58,49
396,57,56,48
396,57,57,48
397,58,56,48
395,57,56,49
395,58,55,48
396,58,55,46
394,59,55,47
393,59,53,48
396,57,55,45
397,58,53,45
395,60,52,46
394,59,54,46
396,59,52,46
396,59,53,46
397,59,51,46
400,60,50,44
399,60,50,43
397,60,50,43
398,59,51,45
400,59,50,44
399,60,50,43
401,59,49,44
402,62,48,43
403,60,51,44
403,60,49,43
405,60,48,42
405,60,49,44
407,59,49,42
407,59,49,42
409,60,51,43
408,60,50,42
411,60,50,42
412,59,51,42
412,60,51,42
414,58,51,42
414,58,50,41
414,58,50,41
415,57,51,41
416,58,51,42
417,56,53,41
415,56,51,41
417,57,53,41
418,56,52,41
419,56,53,42
418,57,53,42
418,55,54,41
418,55,56,42
418,55,54,43
419,53,54,42
417,55,54,41
419,55,53,42
417,55,53,40
421,55,52,40
422,54,52,44
421,54,52,42
420,54,54,43
420,54,55,44
420,54,55,44
422,53,56,44
421,53,56,43
421,53,57,45
420,53,56,45
420,54,57,45
420,54,57,44
420,56,57,45
418,55,58,44
416,54,59,44
419,54,59,45
418,54,58,45
416,53,60,45
416,53,60,45
416,52,60,46
417,56,59,47
417,58,59,47
421,54,59,47
411,53,61,45
417,55,62,47
410,55,60,45
421,53,62,48
417,53,62,45
422,53,60,48
417,54,62,47
417,54,62,48
420,55,61,49
422,54,61,49
415,52,65,46
421,54,63,51
416,50,67,48
416,52,63,49
415,53,64,46
421,53,61,49
418,53,61,49
422,53,61,48
421,53,59,47
420,53,59,47
421,53,58,47
423,53,60,48
420,53,60,48
417,51,61,45
418,50,62,47
421,52,61,47
425,53,59,47
423,53,59,47
425,53,60,46
425,53,58,46
427,55,58,46
425,52,58,45
427,52,57,44
426,54,56,45
427,53,56,45
425,54,57,44
427,53,57,45
425,54,57,45
426,52,57,44
428,53,57,45
427,52,56,45
427,54,55,44
427,54,54,43
428,55,54,43
428,54,54,43
428,55,54,43
427,55,54,43
427,55,54,43
427,55,55,44
427,54,55,44
426,54,55,44
426,55,56,44
423,54,57,45
424,54,58,46
422,54,58,47
422,54,59,47
423,54,60,48
422,54,61,49
421,53,62,49
420,53,62,49
421,52,62,49
419,53,62,50
421,53,62,50
420,53,62,50
421,54,62,49
421,52,62,49
422,53,63,50
421,53,63,50
419,51,64,51
419,52,64,51
421,52,64,51
419,52,64,51
418,50,65,50
419,52,63,50
419,52,63,50
419,51,63,50
420,51,62,50
419,52,63,50
419,51,63,49
419,52,64,49
418,51,65,49
420,51,64,50
415,51,68,47
417,51,67,48
415,50,68,47
418,51,66,48
415,52,66,47
415,52,65,45
418,51,64,47
418,50,65,45
421,52,64,46
420,53,64,46
418,52,65,46
420,55,61,46
420,53,63,46
419,53,64,47
419,52,65,47
422,54,62,50
422,52,62,50
422,55,63,51
420,52,64,50
417,52,66,50
421,53,64,51
419,51,66,51
418,52,66,50
416,50,68,50
416,49,69,51
416,50,69,51
415,48,70,50
415,48,70,51
414,49,70,50
415,49,70,51
417,47,69,50
417,51,68,52
414,47,69,50
415,49,68,51
416,48,69,50
415,49,70,49
417,50,68,51
418,51,68,49
418,49,67,51
420,53,65,52
416,49,67,49
420,53,65,52
415,48,68,49
417,50,67,51
416,49,68,50
419,51,65,51
416,49,68,50
418,50,66,51
419,52,66,51
416,51,66,50
415,48,68,49
414,48,68,49
415,49,70,51
414,48,69,52
414,48,70,50
416,49,70,52
412,47,71,53
412,47,71,50
414,47,72,51
413,47,70,52
413,48,70,51
414,48,70,49
414,48,69,49
414,48,69,50
415,50,68,52
415,48,70,51
415,50,69,53
414,48,69,51
414,49,69,50
417,49,68,51
415,48,68,49
416,50,68,52
416,49,68,50
418,51,67,52
419,51,65,50
421,53,63,51
421,53,64,51
418,49,66,50
419,50,66,51
421,52,65,52
421,52,64,51
422,52,64,49
420,52,63,49
420,51,65,50
421,53,64,51
420,51,66,50
419,50,67,49
424,52,65,52
420,52,65,52
421,54,65,52
422,52,65,52
420,51,68,53
421,53,65,52
422,53,64,51
421,53,64,50
420,52,65,48
422,52,64,51
420,53,64,50
419,52,64,50
417,50,63,50
421,53,64,51
418,51,62,50
420,52,63,51
418,54,64,50
419,51,63,50
419,51,64,50
423,53,63,51
422,51,64,50
424,52,63,50
422,50,60,51
427,54,64,51
425,50,59,51
422,48,59,52
423,48,61,52
424,50,61,53
423,47,61,53
424,50,62,53
425,49,59,52
427,49,58,52
429,50,60,52
427,51,61,52
423,53,64,51
423,50,62,53
424,50,62,51
424,48,62,50
425,51,63,51
424,50,62,53
423,48,63,53
422,47,61,52
425,55,64,51
424,50,61,53
424,49,63,52
424,49,61,52
424,49,61,53
424,49,62,54
424,50,63,53
424,49,62,52
426,52,63,51
425,48,62,52
425,52,62,52
426,54,63,51
427,52,61,50
427,53,60,51
427,52,61,50
428,54,62,50
428,53,62,50
426,55,63,51
430,53,62,50
427,53,61,50
428,54,60,49
426,51,60,50
428,55,62,50
428,54,62,50
430,54,62,49
431,55,61,49
429,50,58,50
430,55,61,49
429,56,61,49
431,54,60,48
430,56,61,49
429,54,62,49
427,52,61,50
431,54,62,49
427,54,63,50
429,52,62,50
428,54,63,50
427,53,63,51
428,52,62,50
425,49,63,51
429,51,61,50
427,50,62,51
428,51,61,51
430,49,61,53
427,51,63,52
426,49,63,51
425,50,61,50
428,53,61,50
429,49,60,51
425,50,60,52
426,49,61,50
428,50,61,51
429,49,60,51
429,49,61,50
428,49,61,52
429,49,63,52
428,49,62,50
428,49,61,50
426,48,61,51
