652,231,55,67
651,231,54,65
650,230,54,66
650,231,54,67
650,230,53,66
650,230,53,67
648,230,53,66
648,230,53,67
647,230,53,67
646,230,53,66
645,230,53,66
644,233,55,66
642,231,55,66
643,231,54,66
644,231,55,67
645,229,55,68
643,232,56,68
642,230,56,69
643,231,56,68
645,232,55,67
639,232,56,68
643,233,56,69
641,231,58,70
640,230,58,71
637,234,58,71
638,231,57,70
640,229,55,71
642,229,54,71
642,229,55,70
643,231,56,67
643,231,57,68
645,230,59,69
646,230,59,70
647,228,58,70
647,231,58,70
647,230,58,69
649,230,57,70
651,229,57,70
650,228,58,71
649,228,59,72
649,228,59,72
649,228,59,72
649,230,59,71
650,230,61,68
650,230,60,69
650,230,60,69
651,231,59,68
651,231,59,68
651,231,57,67
651,230,56,67
650,230,55,67
650,230,55,67
650,231,55,66
650,230,55,67
649,231,55,66
648,230,56,67
647,230,56,67
646,231,56,66
646,231,56,66
645,230,56,67
645,229,55,67
643,229,56,68
643,230,56,67
641,230,56,67
640,231,55,66
638,230,56,66
638,230,56,66
637,230,57,66
636,231,56,65
636,231,55,65
636,231,55,65
636,231,55,65
635,231,55,65
635,231,55,65
636,231,54,65
636,230,53,66
636,230,53,67
635,231,53,66
636,230,53,68
635,230,53,67
634,230,52,67
633,231,53,67
636,230,51,67
635,230,51,67
635,229,54,69
648,231,55,68
647,231,57,69
645,230,58,71
637,230,59,72
638,231,60,73
636,229,61,74
630,228,62,75
628,228,63,77
630,231,63,76
629,229,64,78
629,231,64,78
623,228,63,79
619,224,64,78
619,225,63,82
617,225,64,81
615,223,64,83
614,223,63,83
613,221,61,88
611,225,63,85
611,223,63,85
610,224,65,85
611,224,65,85
612,225,65,82
614,226,63,79
620,227,60,74
617,228,62,75
618,228,61,74
619,229,61,71
621,229,59,70
623,230,58,70
623,230,58,72
624,230,58,71
625,230,57,70
626,229,56,71
627,230,57,70
627,230,56,69
628,231,55,68
628,231,55,67
629,231,54,68
629,231,55,68
629,232,54,67
630,232,54,67
630,232,55,67
629,232,55,67
630,232,54,66
630,231,54,67
630,232,54,67
631,231,55,68
630,231,55,68
630,231,54,67
630,230,55,69
630,231,54,68
630,230,54,68
629,230,55,68
628,230,55,69
627,230,55,69
627,230,55,69
626,230,55,67
626,230,54,68
626,231,54,67
625,231,54,68
625,230,54,68
626,231,54,68
625,230,54,67
626,231,54,68
627,231,53,67
627,230,53,67
627,230,54,67
628,231,54,67
629,230,54,67
629,230,56,69
630,230,56,69
631,230,56,68
633,231,56,68
633,232,56,67
635,232,55,69
636,228,58,71
636,230,58,71
633,232,59,72
633,232,59,72
623,176,59,72
614,182,60,73
599,183,60,74
589,188,60,73
589,188,60,73
571,187,59,72
562,187,60,73
542,198,60,73
536,188,60,73
536,188,60,73
514,192,60,74
500,191,59,72
480,222,58,71
476,226,59,72
465,229,58,71
455,231,57,70
446,232,57,69
436,227,57,69
429,230,56,69
429,230,56,69
411,233,56,69
403,228,56,68
403,228,56,68
360,235,56,68
360,235,56,68
339,227,56,68
339,227,56,68
339,227,56,68
339,227,56,68
339,227,56,68
339,227,56,68
339,227,56,68
254,209,56,69
236,232,56,68
220,232,56,68
212,228,56,69
212,228,56,69
212,228,56,69
177,228,55,67
177,228,55,67
177,228,55,67
177,228,55,67
171,219,55,67
171,219,55,67
92,244,54,66
85,249,54,66
77,245,54,66
77,245,54,66
43,245,54,66
40,229,54,66
26,233,54,66
6,260,55,67
0,261,55,67
0,261,55,67
0,261,55,67
0,261,55,67
0,261,55,67
0,261,55,67
0,261,55,67
0,261,55,67
0,261,55,67
0,261,55,67
0,261,55,67
0,261,55,67
0,261,55,67
0,261,55,67
0,261,55,67
0,261,55,67
0,261,55,67
0,261,55,67
0,261,55,67
0,261,55,67
0,261,55,67
0,261,55,67
0,261,55,67
0,261,55,67
0,261,55,67
0,261,55,67
0,261,55,67
0,261,55,67
0,261,55,67
0,261,55,67
0,261,55,67
0,261,55,67
0,261,55,67
0,261,55,67
0,261,55,67
0,261,55,67
0,261,55,67
0,261,55,67
0,261,55,67
0,261,55,67
0,261,55,67
0,261,55,67
0,261,55,67
0,261,55,67
0,261,55,67
0,261,55,67
0,261,55,67
0,261,55,67
0,261,55,67
0,261,55,67
0,261,55,67
0,261,55,67
0,261,55,67
0,261,55,67
0,261,55,67
0,261,55,67
0,261,55,67
0,261,55,67
0,261,55,67
0,261,55,67
0,261,55,67
0,261,55,67
0,261,55,67
0,261,55,67
0,261,55,67
0,261,55,67
0,261,55,67
0,261,55,67
0,261,55,67
0,261,55,67
0,261,55,67
0,261,55,67
0,261,55,67
0,261,55,67
0,261,55,67
0,261,55,67
0,261,55,67
0,261,55,67
0,261,55,67
0,261,55,67
0,261,55,67
0,261,55,67
0,261,55,67
0,261,55,67
0,261,55,67
0,261,55,67
0,261,55,67
0,261,55,67
0,261,55,67
0,261,55,67
0,261,55,67
0,261,55,67
0,261,55,67
0,261,55,67
0,261,55,67
0,261,55,67
0,261,55,67
0,261,55,67
0,261,55,67
0,261,55,67
0,261,55,67
0,261,55,67
0,261,55,67
0,261,55,67
0,261,55,67
0,261,55,67
0,261,55,67
0,261,55,67
0,261,55,67
0,261,55,67
0,261,55,67
0,261,55,67
0,261,55,67
0,261,55,67
0,261,55,67
0,261,55,67
0,261,55,67
0,261,55,67
0,261,55,67
0,261,55,67
0,261,55,67
0,261,55,67
0,261,55,67
0,261,55,67
0,261,55,67
0,261,55,67
0,261,55,67
0,261,55,67
0,261,55,67
0,261,55,67
0,261,55,67
0,261,55,67
0,261,55,67
0,261,55,67
0,261,55,67
0,261,55,67
0,261,55,67
0,261,55,67
0,261,55,67
0,261,55,67
0,261,55,67
0,261,55,67
0,261,55,67
0,261,55,67
0,261,55,67
0,261,55,67
0,261,55,67
0,261,55,67
0,261,55,67
0,261,55,67
0,261,55,67
0,261,55,67
0,261,55,67
0,261,55,67
0,261,55,67
0,261,55,67
0,261,55,67
0,261,55,67
0,261,55,67
0,261,55,67
0,261,55,67
0,261,55,67
0,261,55,67
0,261,55,67
0,261,55,67
0,261,55,67
0,261,55,67
0,261,55,67
0,261,55,67
0,261,55,67
0,261,55,67
