363,136,27,13
363,136,26,13
361,137,26,12
359,137,26,12
356,137,27,13
356,137,27,13
356,138,26,13
355,139,27,13
351,139,26,12
353,140,26,12
349,140,26,12
349,139,24,12
347,140,24,12
345,141,24,12
343,141,26,12
342,141,23,13
340,143,24,13
338,143,26,13
337,142,24,13
334,143,24,13
333,143,23,13
331,145,24,13
329,146,23,13
327,146,26,13
326,146,22,14
323,146,22,14
321,146,26,12
320,148,25,12
319,149,26,12
318,148,26,12
317,149,26,12
316,148,24,13
317,148,22,14
314,149,26,12
312,150,26,12
311,150,26,12
311,151,26,12
310,151,26,12
309,152,26,12
308,152,27,13
307,153,27,13
307,153,26,12
306,153,25,13
305,153,26,12
303,154,27,13
301,155,26,12
300,154,27,13
299,155,26,12
297,155,26,12
296,155,26,12
293,156,27,13
293,157,27,13
293,158,27,13
292,158,27,13
290,159,27,13
288,160,27,13
288,160,27,13
287,161,27,13
284,162,27,13
282,162,26,12
279,163,27,13
279,164,28,13
277,164,28,13
275,165,29,13
273,165,28,13
271,164,27,14
271,165,28,13
272,167,29,13
272,167,29,14
271,167,29,14
272,168,28,13
275,170,28,13
275,170,28,13
275,170,28,13
276,171,28,13
277,171,29,14
277,172,29,14
279,173,30,14
277,173,30,14
276,173,31,15
275,173,31,15
275,173,32,15
273,175,34,13
274,175,32,15
273,177,33,14
274,175,32,15
272,177,31,14
272,178,32,15
270,179,33,14
269,178,32,15
270,181,31,14
268,181,32,15
266,180,34,16
264,181,34,15
263,183,34,14
260,182,35,16
258,185,36,15
258,186,33,15
256,185,33,16
252,187,37,17
254,187,32,16
252,188,33,16
250,190,32,16
248,190,33,16
246,191,36,18
247,193,38,18
246,195,37,18
245,196,38,18
246,199,36,19
246,200,37,18
246,201,37,19
247,203,32,20
246,203,32,20
248,204,30,21
245,205,36,19
245,206,31,20
242,208,33,20
241,210,38,18
241,211,39,18
239,212,37,20
237,214,35,19
236,216,35,21
235,216,35,21
233,218,35,20
232,221,37,20
232,222,36,21
232,222,35,20
232,225,32,19
232,225,33,20
231,226,33,21
229,227,34,21
229,228,36,21
226,232,39,19
224,233,37,20
224,235,38,19
224,236,41,19
224,237,39,20
225,241,37,20
222,243,37,21
224,244,41,20
223,246,38,21
223,247,41,21
223,249,40,20
225,251,39,21
224,253,39,21
227,255,43,20
228,257,43,20
231,259,43,20
230,260,43,21
231,260,44,21
230,263,44,21
252,263,45,21
276,262,44,22
276,262,44,22
276,262,44,22
321,287,41,21
332,276,42,21
333,279,45,22
333,281,44,22
335,284,45,23
336,288,43,21
336,290,44,22
338,293,45,23
338,295,47,23
337,297,43,22
339,300,48,22
338,304,48,23
336,308,49,22
340,309,50,24
342,312,50,24
342,317,52,25
345,319,52,25
344,324,53,25
342,329,54,26
344,333,54,26
339,336,54,26
341,342,55,26
346,349,55,26
344,352,57,27
350,358,56,27
350,363,55,27
354,366,57,27
357,371,57,27
361,377,55,27
369,383,56,27
377,388,56,27
383,393,56,26
391,399,58,26
400,400,58,28
412,410,59,28
416,416,60,28
419,420,60,29
422,425,60,29
