541,55,210,456
531,66,204,449
530,63,202,447
525,70,201,447
531,63,199,451
537,49,191,457
541,40,192,453
536,49,203,446
523,54,203,441
526,67,200,435
522,73,199,448
521,86,197,468
527,93,200,460
536,91,197,463
533,92,199,475
510,83,208,456
494,63,206,449
478,60,206,449
453,60,205,446
444,68,199,444
437,65,198,443
441,62,188,436
448,61,190,438
461,55,191,436
471,51,191,438
476,39,185,447
473,27,187,444
459,10,193,439
435,2,190,415
412,2,187,406
397,2,185,401
379,8,186,399
362,16,184,390
344,14,178,387
341,14,169,393
335,16,163,397
331,14,158,398
333,16,152,393
339,11,152,391
342,10,155,386
342,8,160,399
344,16,160,406
334,20,157,408
326,9,160,394
326,7,159,390
325,22,153,396
317,9,157,387
309,8,162,367
265,49,146,382
213,74,151,374
207,27,151,384
167,12,156,374
143,13,159,375
134,13,157,373
133,11,153,365
133,7,156,364
119,0,166,362
112,0,169,368
98,3,171,371
58,1,166,380
37,0,172,397
13,0,177,385
0,0,177,385
0,0,170,369
0,0,170,369
0,0,170,369
0,0,170,369
0,0,170,369
0,0,170,369
0,0,170,369
0,0,170,369
0,0,170,369
0,0,170,369
0,0,170,369
314,16,164,380
324,8,164,382
330,8,160,374
330,8,160,374
312,13,175,375
273,0,177,385
249,7,174,379
194,1,174,378
154,4,173,375
112,3,174,377
58,0,171,373
34,38,174,382
16,64,173,389
17,93,172,407
28,120,169,409
24,95,171,389
16,117,173,381
7,127,172,375
0,139,169,368
0,61,174,377
0,0,173,376
0,8,169,368
0,8,169,368
0,20,159,364
0,26,160,357
0,35,161,354
0,42,157,352
0,24,150,328
0,18,148,319
0,21,142,309
0,20,137,298
0,17,136,296
0,21,133,289
6,23,139,289
19,29,138,290
26,28,139,290
21,29,145,295
14,30,149,301
0,19,146,318
0,49,146,317
0,68,142,308
0,68,142,308
0,68,142,308
0,68,142,308
0,68,142,308
0,68,142,308
0,68,142,308
0,68,142,308
0,68,142,308
0,68,142,308
0,68,142,308
0,68,142,308
0,68,142,308
0,68,142,308
0,68,142,308
0,68,142,308
0,68,142,308
0,68,142,308
0,68,142,308
0,68,142,308
0,68,142,308
0,68,142,308
0,68,142,308
0,68,142,308
0,68,142,308
0,68,142,308
0,68,142,308
0,68,142,308
0,68,142,308
0,68,142,308
0,68,142,308
0,68,142,308
0,68,142,308
0,68,142,308
0,68,142,308
0,68,142,308
0,68,142,308
0,68,142,308
0,68,142,308
0,68,142,308
0,68,142,308
0,68,142,308
0,68,142,308
0,68,142,308
0,68,142,308
0,68,142,308
0,68,142,308
0,68,142,308
0,68,142,308
0,68,142,308
0,68,142,308
0,68,142,308
0,68,142,308
0,68,142,308
0,68,142,308
0,68,142,308
0,68,142,308
0,68,142,308
0,68,142,308
0,68,142,308
0,68,142,308
0,68,142,308
0,68,142,308
0,68,142,308
0,68,142,308
0,68,142,308
0,68,142,308
0,68,142,308
0,68,142,308
0,68,142,308
0,68,142,308
0,68,142,308
0,68,142,308
0,68,142,308
0,68,142,308
0,68,142,308
0,68,142,308
0,68,142,308
0,68,142,308
0,68,142,308
338,12,142,308
341,1,145,315
319,1,145,315
295,6,143,312
284,9,142,310
254,11,143,311
224,9,145,315
197,0,150,326
166,0,155,338
129,0,156,339
90,0,154,335
64,1,148,328
46,5,141,334
22,7,143,331
0,0,149,323
0,2,149,325
0,0,144,312
0,0,138,301
0,2,132,287
125,2,133,289
97,8,131,276
67,12,128,272
46,6,128,270
18,12,126,270
0,0,125,272
0,0,125,272
0,0,125,272
0,0,125,272
0,0,125,272
0,0,125,272
0,0,125,272
0,0,125,272
0,0,125,272
0,0,125,272
0,0,125,272
0,0,125,272
0,0,125,272
0,0,125,272
0,0,125,272
0,0,125,272
0,0,125,272
0,0,125,272
0,0,125,272
0,0,125,272
0,0,125,272
0,0,125,272
0,0,125,272
0,0,125,272
0,0,125,272
0,0,125,272
0,0,125,272
0,0,125,272
0,0,125,272
0,0,125,272
0,0,125,272
0,163,122,266
0,180,120,261
0,180,124,269
25,174,125,271
42,180,122,266
56,183,120,262
69,175,122,265
86,175,121,263
92,174,121,263
109,185,121,264
118,176,121,264
123,174,119,259
123,174,119,259
134,197,115,252
138,202,115,257
148,207,114,266
148,207,114,266
194,194,116,263
136,207,120,260
122,212,122,258
122,212,122,258
150,207,117,262
150,207,117,262
79,215,117,254
82,218,119,261
65,227,116,255
49,223,112,254
49,223,112,254
145,215,119,265
210,214,121,262
214,213,119,259
217,206,120,258
220,212,118,258
223,215,117,255
228,218,116,253
235,221,114,251
236,225,114,252
249,223,110,249
262,216,104,250
262,216,104,250
259,217,99,248
274,211,95,244
277,206,96,243
279,203,97,245
280,206,96,242
280,206,96,242
282,222,95,244
288,202,97,243
290,198,98,247
297,201,97,251
293,192,107,240
292,195,107,238
297,192,100,251
292,190,105,247
297,188,101,251
295,185,102,253
298,186,101,251
300,190,101,252
302,181,103,261
302,182,105,258
311,180,100,261
299,206,101,250
295,213,101,243
295,215,101,244
296,218,100,241
304,218,100,245
316,215,100,250
308,226,102,247
303,230,105,245
284,247,114,242
281,244,114,244
276,243,115,244
277,246,115,244
349,176,115,267
376,163,112,278
379,162,111,276
375,158,112,273
375,167,110,268
376,176,110,268
373,179,108,264
374,185,103,258
361,207,101,242
354,212,103,237
349,217,102,233
343,222,103,231
337,227,105,231
329,231,105,228
320,233,108,230
310,234,108,229
302,236,109,227
291,241,109,226
272,243,108,219
262,245,105,216
252,247,106,213
242,252,105,212
232,252,103,209
216,256,101,207
207,254,101,207
199,254,100,208
194,256,100,210
187,256,99,209
176,257,96,204
171,256,97,207
164,255,97,206
159,254,96,205
167,255,93,204
155,256,93,202
149,258,95,201
148,258,94,203
144,260,95,204
143,264,96,202
129,267,98,206
119,266,98,204
110,268,100,207
100,268,101,210
92,270,101,208
80,266,98,208
74,265,101,207
65,263,100,203
63,267,96,201
60,270,96,204
50,276,95,205
53,276,97,204
51,270,97,206
45,276,99,206
37,273,101,207
31,277,97,204
28,277,96,206
25,278,94,206
27,277,92,202
22,279,91,201
20,283,88,196
18,285,88,194
16,284,87,193
6,285,90,192
1,287,92,193
0,293,93,190
0,297,92,188
0,302,89,187
0,304,86,179
0,300,83,173
0,300,83,173
0,301,80,174
0,301,80,174
0,301,80,174
0,301,80,174
0,301,80,174
0,301,80,174
0,301,80,174
0,301,80,174
0,301,80,174
0,301,80,174
0,301,80,174
0,301,80,174
0,301,80,174
0,301,80,174
0,301,80,174
0,301,80,174
0,301,80,174
0,301,80,174
0,301,80,174
0,301,80,174
0,301,80,174
0,301,80,174
0,301,80,174
199,287,84,182
189,279,85,184
178,279,85,185
168,276,86,188
159,277,88,191
153,279,89,193
149,275,89,194
144,272,90,196
143,271,90,197
140,271,89,193
141,274,89,193
141,277,90,197
139,275,90,197
139,273,89,196
144,277,90,195
143,277,90,197
135,267,90,197
110,274,89,199
90,266,92,201
72,263,93,202
67,260,93,202
66,253,93,202
64,259,92,203
57,256,93,203
56,256,94,204
51,257,95,208
47,252,97,210
39,260,97,211
33,255,96,209
25,258,98,214
24,252,97,214
20,256,97,215
24,256,98,215
12,259,99,218
25,259,98,215
24,259,101,220
5,266,101,221
4,262,101,224
5,261,102,221
6,259,103,227
6,256,104,230
8,252,103,228
14,257,103,228
12,256,103,226
9,251,101,226
6,254,103,229
15,254,105,233
3,248,109,239
0,252,106,232
0,250,104,226
0,253,102,221
0,245,99,215
0,249,96,209
0,250,94,204
0,256,90,196
0,263,87,190
0,268,83,182
0,276,81,176
0,277,80,175
0,276,79,172
0,269,77,168
0,265,76,165
0,260,75,163
0,260,75,163
0,260,74,162
0,262,74,161
0,264,73,160
0,268,74,160
0,274,71,154
0,278,69,149
0,279,68,148
0,276,68,148
0,269,68,148
0,264,69,150
0,266,68,148
0,267,68,148
0,268,68,148
0,270,68,149
0,270,68,148
0,272,68,148
0,271,67,147
0,271,68,148
0,273,68,148
0,276,67,147
0,276,68,148
0,272,68,149
0,272,69,151
0,273,68,149
0,269,69,150
0,268,69,150
0,269,69,149
0,263,68,148
0,264,67,145
0,264,68,148
0,265,67,147
0,265,67,146
0,262,68,148
0,260,69,150
0,266,68,149
0,269,69,149
0,259,69,150
0,262,68,148
0,256,69,150
0,260,68,148
0,261,69,149
0,259,69,150
0,263,67,147
0,266,67,146
0,266,67,146
0,268,66,144
0,265,66,144
0,264,64,140
0,253,62,135
0,254,61,133
0,254,60,131
0,260,59,129
0,267,58,126
0,270,59,128
0,282,57,125
50,282,57,125
46,280,57,123
32,267,56,122
26,266,56,122
0,251,58,125
0,260,60,130
0,267,60,132
0,269,60,131
0,267,61,133
0,270,61,133
0,270,61,133
0,270,61,133
0,271,60,131
0,271,60,131
0,275,60,131
0,274,60,131
0,277,59,129
0,280,59,129
0,280,59,128
0,281,59,128
0,283,58,126
0,287,57,125
0,288,57,124
0,287,56,122
0,288,55,120
0,282,53,116
0,286,52,113
0,285,50,110
0,285,50,109
0,286,50,109
0,284,50,109
0,289,50,109
0,287,50,109
0,287,49,107
0,286,48,104
0,287,47,102
0,287,46,100
0,290,45,97
0,281,44,97
0,276,45,98
0,263,45,98
0,224,44,96
0,186,43,94
0,190,43,93
0,194,43,94
0,197,43,94
0,224,43,94
0,259,44,96
0,270,44,97
0,258,46,100
0,260,47,103
0,265,47,102
0,265,46,101
0,263,46,101
0,264,45,99
0,264,45,97
0,261,45,98
0,259,46,100
0,253,47,103
0,252,46,101
0,253,45,99
0,255,45,98
0,258,46,101
0,254,46,101
0,256,47,102
0,257,47,103
0,259,49,106
0,258,49,108
0,260,50,108
0,262,51,111
0,261,51,112
0,264,53,115
0,265,53,115
0,266,53,115
0,267,52,114
0,269,52,114
0,271,53,115
0,271,52,114
0,274,52,114
0,273,52,114
0,272,52,112
0,276,53,115
0,277,53,115
0,273,52,114
0,274,52,114
0,274,52,114
0,275,52,113
0,276,53,115
0,278,52,114
0,280,53,115
0,284,53,116
0,282,54,117
0,289,54,118
0,288,54,118
0,288,56,122
0,286,57,124
0,280,59,128
0,275,60,131
0,277,60,132
0,277,61,132
0,279,61,132
0,279,60,131
0,280,60,130
0,288,60,131
0,293,62,136
0,291,64,141
0,290,67,146
0,288,67,147
0,277,68,148
0,265,68,148
0,265,68,148
0,325,68,149
0,338,68,149
0,329,66,145
0,336,65,143
0,339,66,144
23,331,66,143
49,288,65,141
0,308,66,144
0,280,68,148
0,281,68,149
0,276,70,153
0,273,72,158
0,268,74,161
0,265,75,164
0,263,75,164
0,260,75,164
0,260,75,163
0,262,75,164
0,259,75,162
0,261,73,158
0,265,72,157
0,269,69,151
0,270,68,148
0,271,68,148
0,272,68,148
0,266,67,147
0,267,68,148
0,267,67,146
0,255,67,146
0,311,66,143
0,322,65,143
0,322,65,141
0,322,67,146
0,323,67,145
0,320,66,144
0,311,65,143
0,310,66,143
0,313,65,143
0,326,65,142
0,334,65,141
0,331,65,141
0,329,63,137
0,387,63,138
0,397,64,139
0,415,66,143
0,436,63,138
0,436,63,138
0,436,63,138
0,413,64,139
0,413,64,139
0,413,64,139
0,413,63,138
0,418,62,134
0,418,61,133
0,420,61,132
0,423,60,131
0,423,60,131
0,424,60,131
0,424,60,130
0,424,60,130
0,420,60,131
0,422,60,131
0,427,59,129
0,430,59,128
0,430,59,129
0,431,60,130
0,431,59,128
0,434,60,132
0,438,59,129
0,437,59,128
0,436,60,130
0,443,58,127
0,440,57,124
0,445,58,126
0,442,58,126
0,440,57,125
0,438,56,123
0,436,56,122
0,434,57,124
0,433,57,125
0,433,57,124
0,433,56,123
0,429,57,125
0,427,57,125
0,424,59,128
0,422,58,127
