732,246,173,152
716,250,170,149
710,247,162,148
702,249,164,149
699,251,166,150
693,250,169,151
685,252,172,150
673,248,173,151
669,252,174,149
660,249,169,148
652,254,168,148
637,255,168,147
627,252,167,146
609,260,166,148
602,265,165,148
589,266,167,149
575,262,170,150
565,264,165,150
549,261,168,149
544,267,169,149
542,267,167,148
536,263,168,151
546,265,163,148
558,264,168,149
570,260,169,148
580,263,169,149
596,260,170,149
607,263,171,150
624,263,172,151
630,265,173,152
648,258,178,153
657,262,176,154
667,264,177,156
683,264,178,156
689,261,180,158
708,260,178,156
722,264,177,155
729,263,180,158
745,264,178,157
756,266,182,160
770,261,187,164
773,260,185,163
777,268,181,159
781,268,177,155
786,274,172,151
787,283,171,150
791,283,167,147
745,239,169,148
703,229,170,149
644,222,168,148
672,222,168,148
699,238,168,147
765,260,165,145
716,241,163,143
691,249,164,144
722,238,165,145
695,246,162,142
664,247,159,140
641,243,160,141
661,242,161,141
637,247,159,139
709,263,159,140
796,298,162,142
831,300,141,144
798,301,160,140
797,298,160,141
765,298,161,141
735,297,162,142
707,298,163,143
690,293,163,143
671,299,160,140
652,296,160,141
648,294,159,139
652,297,159,140
655,293,157,138
670,292,158,139
674,293,158,139
669,296,157,138
676,299,155,136
670,298,153,134
665,300,155,136
656,297,154,135
650,299,156,137
645,300,154,136
629,298,152,134
621,306,152,133
618,301,151,134
614,300,149,133
604,302,148,135
596,309,144,129
591,306,142,130
586,306,140,130
582,304,141,130
585,306,140,130
594,306,130,129
595,310,136,125
594,308,133,127
597,305,130,128
594,305,129,126
586,306,126,121
580,300,130,123
580,303,124,123
576,302,121,125
568,306,122,122
555,302,125,123
550,303,122,122
544,303,123,122
543,301,125,124
542,301,126,122
540,299,128,123
544,302,122,120
548,303,120,120
553,306,115,117
556,309,115,115
560,307,115,118
563,310,111,113
562,305,114,115
567,309,110,114
570,309,108,113
574,309,108,112
574,309,112,113
575,306,112,111
579,309,109,111
579,307,114,108
580,306,113,110
584,306,110,110
586,308,108,108
590,310,106,106
593,307,106,107
597,308,104,106
598,303,106,108
601,304,105,106
604,305,105,105
610,305,102,107
615,306,103,105
618,306,102,108
620,309,105,105
622,309,103,105
625,310,102,104
629,308,101,105
631,312,100,102
634,312,98,100
637,315,95,96
640,312,96,98
642,313,96,97
644,307,99,102
645,308,100,99
647,306,99,98
647,307,100,98
647,308,99,97
653,308,99,94
652,310,96,93
655,308,96,92
658,310,93,90
660,309,92,91
662,313,89,88
665,312,88,91
667,313,89,90
670,313,89,91
673,315,87,89
677,313,87,91
677,316,87,88
680,310,88,94
685,314,84,90
687,315,83,91
688,315,82,90
690,313,84,91
692,314,85,90
694,312,83,91
695,312,85,89
697,314,84,87
697,311,87,87
700,314,84,85
700,313,83,83
702,314,80,81
703,317,81,81
704,314,79,83
704,315,82,82
704,316,81,82
705,314,83,83
707,314,82,81
709,317,81,79
709,313,83,82
711,315,82,81
714,313,82,81
715,310,84,83
718,312,81,79
718,312,80,80
718,309,82,80
719,309,83,83
721,312,82,83
722,313,85,83
722,315,83,81
722,316,86,80
721,315,85,79
719,313,88,80
723,314,86,78
720,315,88,78
722,317,84,76
722,318,81,76
719,316,87,76
714,316,82,77
711,320,79,75
705,321,80,74
699,318,82,75
698,318,82,75
697,318,83,74
691,315,85,75
685,316,83,74
675,318,83,72
664,318,82,73
658,319,81,72
655,317,81,73
651,317,81,74
641,318,79,73
639,315,79,73
639,315,80,73
638,314,79,72
638,313,76,71
638,314,75,67
638,313,74,68
635,310,76,68
637,312,76,67
636,312,73,66
635,309,77,69
635,309,77,69
637,309,74,68
635,310,76,67
636,312,72,68
637,314,73,69
637,316,74,68
638,318,73,69
637,315,75,70
637,314,76,69
636,314,77,69
638,314,75,68
638,316,74,68
639,317,73,68
639,317,75,68
638,316,73,69
640,317,71,67
639,316,72,69
640,317,72,69
639,316,72,68
639,317,73,68
637,316,75,68
639,315,73,69
638,317,72,67
637,317,72,66
639,319,69,64
639,318,65,65
638,317,69,66
638,318,68,65
637,318,68,64
638,319,65,64
640,319,67,62
640,321,66,61
639,320,65,62
640,320,64,62
638,321,63,62
637,320,65,62
637,319,65,64
633,318,65,64
634,321,61,61
633,323,62,60
628,319,64,63
627,321,63,62
627,323,60,59
626,322,60,60
624,324,59,60
622,323,59,60
620,325,58,58
617,324,58,58
617,326,56,56
615,325,56,57
611,323,58,57
609,326,58,55
606,323,60,56
605,324,58,55
604,321,60,55
602,321,60,55
600,321,60,54
598,321,60,55
594,321,61,55
592,320,62,55
590,322,62,55
588,321,64,55
586,322,62,54
584,321,63,55
581,323,59,54
579,324,57,53
575,324,57,54
573,325,57,53
568,325,57,53
564,325,56,53
559,325,56,54
557,324,56,54
554,324,55,53
552,325,57,54
548,322,58,55
547,322,54,54
546,323,55,54
545,322,52,54
544,322,51,53
543,323,51,53
542,324,50,53
539,323,48,52
537,323,52,52
533,324,52,53
531,324,52,50
527,324,54,51
525,323,55,51
523,325,55,50
522,325,55,50
520,326,54,49
518,324,55,50
515,326,53,50
514,325,54,50
512,325,54,50
511,323,56,52
509,323,56,50
509,323,56,49
508,323,54,50
506,324,54,48
505,324,54,47
504,324,54,47
502,324,53,47
501,325,53,47
501,324,52,47
501,325,50,48
496,325,53,47
494,325,54,47
492,326,53,47
490,326,53,46
486,326,52,46
483,327,52,46
482,328,51,44
480,328,49,44
478,328,51,45
476,326,50,45
473,327,51,45
471,327,50,44
468,328,49,43
467,327,49,43
464,328,48,42
463,327,50,45
459,327,49,43
458,328,50,43
455,326,48,42
457,327,47,43
455,327,46,41
452,327,48,43
449,325,49,42
449,326,50,42
443,325,51,42
441,325,49,42
438,326,50,41
439,327,48,41
437,326,48,41
437,327,47,41
437,328,45,41
435,329,45,40
435,329,45,39
434,331,43,38
431,331,43,37
429,329,44,37
429,330,45,37
428,330,43,36
425,329,44,37
426,327,44,38
425,328,45,38
424,326,45,40
423,325,44,40
422,326,43,40
421,325,45,41
419,326,47,41
417,325,44,41
414,328,46,39
413,328,45,39
412,329,46,38
411,329,44,38
409,329,45,38
409,329,44,38
409,330,42,37
412,330,38,36
420,331,39,34
427,329,41,32
427,330,40,32
427,331,39,32
427,330,39,32
426,329,40,33
427,329,40,32
426,330,39,33
426,330,39,32
426,330,38,31
426,331,37,31
427,331,37,31
427,331,36,30
427,331,37,30
426,331,36,30
426,331,36,30
426,331,36,30
425,331,35,30
425,331,35,30
425,331,35,29
425,331,34,30
424,331,34,30
424,331,34,30
424,331,33,29
424,331,33,30
424,331,33,30
424,331,33,29
424,331,33,30
424,332,33,29
424,332,35,28
424,331,36,28
425,331,37,28
424,331,35,29
424,332,37,28
425,331,36,28
425,331,36,28
424,331,36,28
424,332,35,28
423,332,35,28
423,331,34,28
423,332,33,28
422,332,33,28
422,331,32,28
422,331,31,28
422,332,31,28
421,332,30,27
421,332,29,28
422,333,28,27
421,333,29,28
421,333,29,28
420,332,28,29
420,332,27,29
421,332,28,28
420,333,27,29
420,333,27,29
420,333,26,28
420,332,26,29
420,333,27,28
420,333,27,28
421,333,27,27
421,333,26,28
421,333,27,28
421,334,27,27
421,334,26,27
422,335,26,25
422,335,26,25
420,334,25,27
421,335,25,26
421,336,26,25
420,335,26,26
420,334,26,26
422,337,26,24
421,336,26,25
421,337,26,25
421,336,25,25
421,338,25,24
421,336,25,25
420,337,25,24
419,335,25,26
421,337,25,24
420,336,25,24
421,337,25,23
