112,265,60,144
113,265,57,142
114,264,58,142
115,265,58,143
118,270,59,145
119,270,61,147
121,282,58,142
118,283,59,139
105,269,61,147
116,279,54,141
113,279,58,146
115,277,55,144
112,273,57,144
108,271,51,144
102,270,55,146
100,271,53,145
104,272,53,143
101,271,51,144
130,276,59,142
133,282,58,141
133,284,59,142
121,280,58,143
138,279,58,141
137,281,58,140
140,280,58,140
139,279,59,141
142,277,58,143
149,274,59,146
154,272,60,146
153,269,60,145
159,265,59,142
156,267,59,141
155,269,59,141
155,271,57,142
155,269,59,142
159,272,57,146
154,275,59,142
156,274,59,144
156,271,60,145
155,267,60,145
155,269,59,143
156,264,59,144
157,267,59,141
157,263,59,142
157,265,60,144
158,262,60,145
161,254,60,144
161,259,60,144
165,256,59,143
167,261,59,143
169,265,59,143
169,255,59,142
171,260,59,143
170,258,60,144
171,259,60,145
168,260,60,145
167,264,60,144
168,268,60,144
168,266,60,144
168,265,61,146
160,262,59,146
169,259,61,147
142,260,57,147
164,261,58,145
131,262,53,148
131,261,52,147
134,262,56,147
137,262,56,144
144,260,58,147
145,260,58,150
148,265,54,149
155,270,56,149
159,269,54,154
162,263,53,153
163,260,55,160
163,257,55,160
163,254,55,166
167,256,54,166
169,254,55,168
165,253,54,166
166,253,53,166
169,254,54,165
164,254,54,164
160,252,55,162
161,252,56,164
162,252,58,162
161,254,59,161
162,251,59,165
162,256,59,162
163,256,60,160
163,258,59,159
163,259,60,161
164,258,56,163
165,258,56,161
163,260,54,155
166,261,56,156
165,263,56,155
164,264,57,154
163,266,60,155
166,269,58,156
166,266,57,155
168,268,58,156
164,273,61,150
167,271,60,153
165,266,57,157
166,265,54,153
172,266,55,156
175,271,58,155
176,272,58,154
178,273,59,152
182,276,60,148
181,278,60,148
186,274,59,147
194,281,61,145
200,284,60,144
199,283,58,144
200,280,59,144
206,280,58,147
199,281,59,142
200,284,57,140
201,285,58,141
201,285,57,135
200,287,57,138
199,290,56,135
198,292,54,132
193,286,55,135
196,288,55,135
190,290,55,131
187,284,56,136
186,287,52,138
186,286,55,135
187,287,55,134
185,287,53,131
186,288,53,129
184,288,53,128
186,285,53,128
182,288,54,130
174,286,55,132
177,286,55,133
171,289,55,133
172,288,55,132
172,283,54,131
171,285,54,131
169,282,54,130
169,280,54,131
171,283,54,129
170,284,54,130
168,287,54,129
170,288,54,129
166,286,54,130
165,286,54,130
168,286,49,134
153,287,48,133
140,285,50,130
129,279,50,134
118,277,51,138
114,276,56,138
106,270,51,138
133,275,53,136
155,274,56,138
156,277,56,136
154,274,55,134
153,279,55,132
157,275,51,140
157,281,53,137
159,278,50,143
160,272,48,152
157,270,46,146
151,269,45,146
136,271,42,145
138,267,48,153
135,264,47,157
130,269,51,152
127,271,53,147
124,273,54,143
170,279,52,137
172,277,51,138
175,281,47,134
177,280,47,134
178,280,45,133
177,282,44,131
181,284,46,133
182,288,48,129
179,284,45,130
178,285,46,129
180,288,46,128
178,285,44,128
177,280,43,131
177,283,44,128
178,278,46,132
176,278,45,131
172,278,44,130
173,279,46,132
171,281,45,130
171,284,45,131
171,282,48,134
169,278,48,137
167,278,48,137
164,278,46,135
166,281,48,138
162,281,50,140
163,283,48,142
160,277,50,145
159,285,53,143
162,279,51,151
158,282,48,141
157,282,48,142
157,281,50,143
158,280,52,147
157,280,51,146
156,277,51,143
157,277,52,149
150,277,52,147
151,277,54,148
147,279,54,146
147,278,55,151
143,280,55,147
142,282,53,142
140,282,54,146
129,286,58,147
129,287,58,146
128,287,60,145
126,286,59,150
126,286,60,146
122,288,60,144
123,288,59,143
114,289,59,143
118,288,59,142
108,291,60,145
104,290,60,145
129,291,62,149
124,292,62,150
124,289,63,151
120,284,63,153
129,289,62,151
117,287,57,155
128,287,58,153
149,283,58,156
140,287,56,152
142,286,59,152
149,292,62,152
152,295,58,154
150,295,55,153
155,296,58,154
160,298,56,151
162,298,54,151
164,299,54,150
166,300,54,150
170,297,52,154
170,297,52,154
166,298,51,150
166,289,52,152
165,289,51,152
158,287,52,151
160,286,52,153
167,288,54,153
167,285,53,153
166,284,51,153
164,285,50,153
165,286,52,152
170,286,50,151
168,286,50,152
168,287,50,151
164,288,50,149
165,290,50,149
168,290,51,152
166,288,50,153
167,287,49,155
164,289,50,151
159,288,51,153
160,286,50,152
161,287,51,153
164,287,49,155
165,293,51,153
160,293,50,152
164,298,49,151
167,296,49,150
167,294,49,150
169,288,49,152
169,287,49,151
163,282,49,149
165,286,51,145
174,287,48,149
169,285,48,148
164,282,50,145
158,281,50,146
159,283,49,148
163,287,49,147
166,291,50,149
161,287,52,149
166,291,52,145
167,286,52,153
171,277,50,153
174,275,50,151
157,273,54,146
155,274,52,141
162,281,53,140
165,281,52,144
172,284,51,139
183,281,49,144
188,282,50,146
183,281,50,146
188,280,48,145
190,278,45,148
190,280,45,152
186,286,47,148
171,289,51,146
169,292,51,146
168,294,53,145
165,293,51,145
168,286,52,149
177,297,51,151
179,296,52,145
179,292,51,143
181,288,51,148
172,283,50,143
178,285,50,144
171,285,61,148
178,282,51,151
172,286,52,149
175,298,53,149
171,294,53,153
178,290,52,156
182,289,51,157
178,289,57,154
175,285,62,148
172,281,62,149
182,287,62,149
194,294,61,148
182,284,55,157
179,284,59,153
173,275,62,151
169,281,63,152
172,283,62,150
169,280,62,151
169,284,62,150
92,287,63,151
112,301,62,149
143,291,62,149
146,293,62,149
118,287,62,149
103,302,61,147
90,306,60,144
109,297,60,144
94,300,56,149
95,298,56,153
96,297,56,146
93,298,56,149
86,302,59,143
81,296,58,140
79,297,58,139
75,300,58,140
69,302,58,139
67,300,59,141
62,308,58,141
63,310,59,142
62,311,59,143
60,307,60,145
56,310,59,143
97,311,58,141
78,311,59,142
122,306,59,141
122,304,58,141
121,307,59,141
121,308,59,141
123,313,59,143
124,314,60,144
128,313,59,142
132,316,58,141
139,314,55,147
118,307,56,148
140,301,53,157
144,303,54,153
151,304,54,153
132,305,58,149
94,302,60,145
98,297,60,144
99,303,60,144
101,298,60,144
103,300,60,146
104,296,61,146
106,302,61,146
113,301,60,145
111,292,59,148
115,300,62,148
119,301,61,146
125,302,60,149
126,298,58,156
128,300,62,150
133,299,60,151
137,291,58,160
141,287,56,166
142,292,59,164
145,293,60,163
148,293,59,164
150,289,60,169
150,293,64,163
150,288,53,168
151,288,54,168
149,285,59,168
150,287,57,168
148,284,54,168
142,284,56,165
143,286,56,167
148,284,58,172
143,287,57,164
146,282,59,171
145,283,59,170
150,284,61,172
150,282,60,171
152,283,57,163
159,285,56,167
163,287,57,169
159,288,57,166
158,290,58,166
155,290,58,162
157,290,60,161
154,296,62,156
161,288,65,161
128,292,63,160
111,292,64,155
115,294,62,158
117,294,63,156
121,296,62,155
123,297,62,155
126,298,61,155
130,298,61,152
134,296,62,155
137,295,64,156
137,294,62,153
140,293,63,154
139,291,62,152
140,290,61,153
140,291,58,150
141,290,57,152
144,291,58,154
144,293,60,151
144,296,60,153
148,295,57,151
148,294,55,152
152,295,55,152
156,289,54,159
153,295,57,150
153,298,58,151
150,295,59,151
152,294,58,158
145,298,62,150
144,297,63,152
143,294,63,154
140,295,65,157
140,293,62,157
141,292,64,157
140,291,62,156
140,291,62,160
141,290,64,157
138,290,61,155
138,294,63,154
139,293,60,156
138,296,62,160
141,296,64,158
140,297,65,157
141,298,60,160
141,298,64,158
142,301,62,158
142,300,61,157
141,307,59,151
140,304,62,148
141,301,61,152
144,305,60,152
145,300,60,153
144,301,56,154
148,304,55,153
146,304,55,151
146,305,56,149
147,304,55,150
148,304,54,152
147,303,51,155
147,304,53,153
148,304,51,155
148,305,55,155
147,305,53,157
145,305,53,158
143,307,51,158
146,307,55,159
143,313,59,150
141,313,57,156
142,310,61,152
143,308,58,157
141,307,59,154
143,307,58,157
143,307,54,158
142,307,60,154
140,307,55,157
139,308,60,155
140,307,58,154
137,311,58,152
137,310,57,158
134,311,62,149
135,311,59,157
134,309,55,157
134,311,58,150
135,306,55,157
134,306,56,152
134,306,58,153
134,311,59,151
133,311,59,153
130,310,60,154
130,306,62,149
129,312,59,154
127,312,57,158
125,309,61,153
123,312,61,152
123,314,61,147
122,311,60,149
122,312,58,149
121,314,61,146
122,309,61,146
124,312,60,144
127,313,61,146
125,312,61,147
128,313,61,146
130,311,60,144
129,309,60,146
132,309,61,146
133,308,61,147
133,305,60,148
130,305,58,152
134,304,62,151
138,305,63,151
139,304,62,151
141,312,61,148
143,312,61,147
149,313,60,145
154,316,61,147
157,316,60,144
160,319,58,139
169,317,58,140
168,318,59,143
172,315,59,143
173,317,60,145
176,318,60,145
178,320,61,146
179,316,61,147
175,325,62,151
175,319,63,152
175,320,64,153
179,320,64,155
176,319,66,159
178,319,66,159
176,320,65,158
179,318,66,160
177,318,66,160
178,318,66,160
183,322,65,156
183,322,65,156
181,325,63,152
187,325,63,153
191,326,63,152
191,328,62,150
193,326,63,152
194,326,63,152
193,326,63,152
196,325,63,153
194,324,63,151
193,323,62,150
190,314,62,149
191,304,61,147
192,297,60,145
193,285,60,145
192,277,61,148
198,266,62,151
199,253,62,149
207,246,61,147
205,239,60,146
207,231,59,142
210,222,61,147
215,214,62,149
214,207,62,150
218,199,62,149
217,189,63,151
218,185,61,146
219,179,63,149
223,174,61,147
223,167,62,147
228,164,62,148
227,160,58,147
230,156,60,148
231,154,59,148
231,151,60,148
232,148,60,145
231,146,58,143
232,140,59,147
233,139,60,142
231,142,61,137
231,137,61,141
226,136,61,144
225,140,58,138
253,136,57,147
249,138,55,146
250,142,56,142
244,139,56,140
249,139,54,134
251,139,56,133
244,142,55,127
241,144,54,125
244,144,54,123
241,143,51,126
239,146,53,126
234,149,51,126
232,150,53,123
231,148,52,123
231,149,52,122
232,147,53,124
230,145,53,123
227,148,51,124
230,144,56,124
227,146,57,124
237,143,57,129
240,141,56,133
225,136,61,142
237,142,58,129
235,143,57,132
243,141,56,142
241,141,56,141
238,140,56,141
239,141,56,140
237,141,56,140
231,143,57,135
218,144,53,130
222,143,53,129
219,145,53,127
219,145,54,128
221,143,55,129
222,143,55,132
220,142,55,133
219,140,55,134
219,141,55,132
220,139,55,136
241,138,58,140
235,135,58,138
246,140,59,134
270,138,62,142
267,138,60,139
248,139,57,139
214,141,48,132
216,139,47,143
213,138,49,141
212,139,51,138
208,143,49,134
209,138,51,130
230,140,53,134
244,138,58,141
240,140,58,137
237,141,56,136
236,139,57,135
235,138,57,137
235,138,57,138
232,136,56,128
232,136,55,139
233,135,55,144
231,135,53,142
230,132,54,136
228,137,54,135
226,136,55,137
225,135,54,137
222,142,54,131
217,139,54,130
214,137,53,129
231,136,46,133
233,137,47,130
252,145,44,132
254,152,43,130
252,149,44,132
249,155,44,126
252,148,44,130
253,150,43,131
253,156,41,126
249,154,42,124
251,152,41,128
252,157,41,125
249,145,41,131
248,149,40,129
248,149,41,130
246,145,41,130
245,146,42,131
248,147,41,130
247,145,41,131
244,145,42,132
251,143,42,135
247,148,42,131
247,145,42,132
249,147,42,134
250,145,42,132
245,144,43,131
246,145,42,132
245,142,42,134
245,148,43,130
245,146,42,134
240,144,43,133
241,144,43,132
242,141,42,137
245,142,42,134
245,141,42,133
246,143,43,133
243,141,43,133
245,139,43,131
242,138,43,133
243,140,42,136
245,145,42,131
245,141,42,135
240,144,43,131
241,140,43,129
242,138,43,133
242,138,44,134
244,139,44,134
243,139,44,133
238,137,47,136
236,132,53,142
240,134,48,138
237,131,53,144
240,133,53,145
241,132,53,142
239,134,50,137
241,131,49,137
239,130,48,136
241,130,44,133
240,125,57,148
240,122,61,153
235,117,66,158
238,122,57,148
234,117,66,159
236,114,65,157
233,116,65,156
238,118,64,155
234,120,65,157
237,119,66,158
238,117,65,157
236,118,65,157
239,122,61,152
239,120,64,154
236,124,60,151
246,128,54,144
242,129,54,145
242,129,54,145
250,132,47,137
246,139,47,134
244,134,52,141
242,134,47,133
241,133,51,139
248,135,51,137
246,134,50,136
242,130,60,150
248,134,53,144
245,133,53,142
238,127,64,154
251,138,48,135
243,134,53,139
247,137,49,135
251,137,47,133
244,135,48,130
243,135,49,131
241,136,48,129
237,135,50,131
237,134,50,131
236,136,50,133
236,138,51,133
229,134,56,140
232,140,51,129
230,139,51,130
230,138,50,131
229,138,50,131
222,139,52,130
228,137,53,137
222,136,57,142
228,134,55,140
244,121,63,152
235,124,54,140
251,136,53,139
257,141,52,136
255,138,52,142
255,137,53,144
239,130,55,148
236,127,57,153
238,127,57,156
246,127,54,156
252,126,53,156
257,130,55,158
252,134,60,148
235,139,57,134
239,138,58,136
232,135,53,137
235,121,65,156
244,132,55,143
245,135,54,144
247,136,53,142
250,136,53,137
248,138,52,139
253,136,51,140
251,139,50,137
254,139,48,141
255,143,47,136
258,146,48,135
254,145,47,132
257,146,50,134
261,146,49,137
261,149,48,136
263,149,47,135
261,147,47,137
260,152,47,131
260,147,46,133
258,145,45,135
263,151,44,133
262,149,44,136
258,148,45,136
258,147,45,135
256,147,46,135
257,149,45,133
254,147,44,134
256,150,45,131
256,149,45,134
252,148,45,132
258,149,44,136
252,150,46,132
255,151,45,132
253,148,46,134
252,146,45,134
254,148,44,134
252,149,44,133
251,147,44,135
252,150,44,133
253,149,45,136
248,154,46,130
246,149,46,133
246,148,46,136
246,150,46,134
251,151,44,135
246,151,44,133
248,153,44,132
243,156,44,128
243,152,42,133
245,156,42,131
247,154,42,129
244,153,42,131
248,152,41,130
247,156,41,128
247,152,40,129
248,155,40,129
247,155,40,129
244,158,39,127
245,154,40,131
245,154,39,129
245,153,39,130
245,156,39,128
245,154,40,129
247,155,40,128
243,157,40,128
242,153,40,128
245,152,39,129
243,152,40,126
246,153,40,128
244,156,40,127
242,154,40,127
242,157,40,128
243,152,41,129
239,155,42,127
242,151,41,132
241,155,42,128
243,151,43,132
244,158,42,126
244,158,43,126
246,153,43,130
249,160,42,124
249,161,44,122
249,153,44,129
248,151,44,131
250,154,43,130
251,158,43,127
247,146,56,134
250,155,43,138
253,155,45,141
256,156,46,138
244,144,56,135
252,138,56,136
248,142,55,132
221,143,55,133
252,142,55,133
250,140,55,133
233,149,55,133
216,146,56,135
214,144,56,134
214,143,55,133
214,144,55,132
248,135,54,130
226,106,54,131
247,151,54,131
210,151,54,130
213,145,41,128
214,152,40,125
214,149,40,128
215,139,41,130
221,141,42,128
225,153,43,133
227,152,38,120
231,156,37,119
228,158,34,115
227,162,34,115
227,156,34,116
228,160,34,113
229,164,35,113
237,163,36,118
241,168,37,117
235,164,49,118
193,139,48,117
200,106,49,118
201,123,49,118
207,153,38,117
218,156,37,118
218,155,41,123
218,152,41,124
219,152,42,128
216,150,42,127
221,151,41,128
223,148,41,130
228,152,40,127
225,156,41,125
231,154,40,126
234,150,38,124
236,156,38,124
