560,375,57,142
559,375,57,141
559,376,57,140
554,375,57,141
559,381,57,140
557,377,56,140
558,379,56,137
558,381,54,128
558,381,53,130
557,382,52,126
556,384,50,122
556,386,48,121
547,394,54,136
546,392,54,136
553,392,55,138
545,397,56,140
516,389,55,138
493,379,55,138
432,372,56,141
410,376,56,139
431,364,55,141
428,363,55,147
427,367,54,150
426,369,56,147
427,371,58,144
427,374,57,145
428,375,58,144
428,376,58,142
427,377,59,139
424,373,60,144
422,371,61,148
419,374,61,144
417,375,60,140
414,374,58,139
412,376,53,139
409,378,53,139
406,378,54,139
402,377,56,139
400,378,56,139
423,382,53,137
407,376,55,142
394,374,56,140
391,371,58,138
404,374,55,139
451,382,60,137
413,376,58,137
447,385,61,133
444,384,61,133
441,386,61,131
437,386,58,135
434,386,57,134
431,388,57,131
428,386,57,133
427,388,57,130
423,386,57,132
421,370,63,159
419,384,59,136
416,384,58,138
416,384,56,138
415,383,57,136
414,384,57,136
413,384,57,133
416,385,54,134
412,387,54,138
413,379,61,154
399,379,61,153
401,385,60,150
406,392,60,149
403,392,60,150
407,383,60,150
408,387,60,150
424,356,61,153
412,379,61,153
336,378,62,155
282,371,62,156
297,370,61,153
341,381,53,142
341,382,52,141
377,387,53,142
380,386,49,141
379,387,49,139
379,388,48,136
382,378,60,149
372,372,60,151
376,378,61,153
375,379,61,153
373,377,62,154
372,381,61,152
354,394,60,150
346,384,60,150
365,379,59,148
376,386,52,130
380,391,48,123
379,390,48,120
385,385,52,132
390,383,54,136
392,387,51,131
396,390,45,117
339,391,59,123
333,389,56,126
333,390,53,123
334,390,51,123
329,388,49,124
328,389,47,121
323,384,49,122
321,385,49,121
321,389,50,125
319,388,48,120
319,388,48,124
317,389,48,121
316,391,48,118
318,391,44,118
318,393,44,118
320,394,44,119
319,394,44,116
315,395,44,111
319,395,44,111
322,397,44,110
324,399,43,109
325,400,44,106
329,402,44,104
329,398,46,104
332,401,45,102
332,401,45,102
336,402,44,99
333,400,46,101
339,401,44,97
341,401,47,109
340,403,45,101
343,394,51,128
346,398,45,99
346,401,46,102
346,397,49,114
348,402,45,91
348,390,51,128
373,384,51,128
368,388,51,128
372,390,51,128
370,383,50,126
401,389,51,128
382,389,51,127
381,394,51,128
384,397,51,129
396,403,42,106
410,404,41,105
414,403,40,103
416,403,40,102
417,405,39,100
420,405,40,99
416,401,41,102
409,388,47,118
411,401,39,98
409,399,43,105
410,402,42,104
409,396,44,111
404,396,44,111
412,400,42,109
409,399,40,104
408,399,42,108
413,402,41,106
410,400,40,104
411,400,40,105
409,400,40,104
410,397,42,110
409,400,41,104
408,396,42,108
411,399,40,104
409,397,39,104
409,395,40,107
410,396,39,107
411,400,40,109
409,397,41,110
410,398,41,109
410,397,41,110
409,395,41,111
408,393,41,112
410,397,39,110
409,395,39,112
408,393,39,113
409,396,39,112
407,392,40,118
401,390,44,117
405,390,42,120
405,392,41,117
406,396,41,113
405,397,41,113
404,397,42,112
405,396,44,114
403,396,44,113
405,399,40,109
407,399,39,108
405,398,42,111
407,401,39,105
403,392,47,119
404,392,46,119
406,398,41,110
406,398,40,108
407,400,38,105
405,400,39,103
408,397,40,108
408,398,38,105
406,402,38,102
406,401,38,102
409,400,37,104
406,400,38,105
409,401,38,108
408,401,38,108
408,399,40,110
407,399,39,108
408,399,39,106
410,399,38,108
407,400,39,107
409,398,40,110
409,400,41,112
409,397,40,111
409,398,40,111
410,398,40,113
411,399,39,112
404,392,48,125
409,395,43,117
408,399,40,110
408,396,43,115
406,394,45,119
404,386,51,128
407,393,45,119
409,398,40,107
409,398,42,112
409,395,43,113
407,387,49,126
410,401,40,106
410,402,40,106
407,397,42,111
410,397,42,108
410,400,41,109
410,403,42,108
410,403,39,102
408,396,43,111
412,403,40,102
412,405,39,101
411,403,39,98
414,403,38,100
413,405,38,99
412,403,38,95
415,405,37,99
416,406,36,97
414,404,37,97
414,404,36,96
415,406,36,97
413,399,42,109
416,402,38,102
417,404,35,97
416,404,34,98
420,404,35,98
418,404,37,103
417,402,39,105
419,407,34,98
419,401,37,104
420,406,35,101
418,405,36,102
418,407,35,98
420,407,34,97
419,406,33,96
420,405,34,97
418,403,37,102
419,407,35,98
416,402,39,103
420,408,35,98
420,407,35,96
419,407,35,96
419,409,34,95
421,409,35,97
419,410,34,95
419,407,37,99
421,409,35,95
420,410,34,92
419,409,35,93
419,408,36,95
420,406,38,100
419,405,38,101
420,413,36,96
421,409,37,99
418,401,44,111
418,407,41,105
422,412,36,97
423,410,36,99
420,406,40,104
418,405,43,109
421,411,36,95
421,410,36,96
422,414,34,91
424,413,33,89
425,414,32,90
425,412,32,90
424,409,32,90
424,410,33,90
423,410,35,93
420,414,35,90
424,409,33,91
421,406,36,94
425,414,34,90
425,409,33,92
424,410,33,92
