286,103,34,29
286,103,34,28
289,104,34,28
292,104,34,29
292,105,34,27
294,106,34,28
294,106,34,28
295,107,36,27
298,106,34,29
300,108,35,29
299,109,38,26
302,110,37,26
305,108,34,29
305,110,35,30
308,111,35,29
309,111,36,28
311,112,36,29
313,113,36,28
313,114,38,26
317,113,34,28
319,114,35,28
319,115,37,28
323,115,36,31
323,116,38,28
325,116,37,28
329,116,35,29
329,117,37,29
330,117,38,29
332,117,38,31
332,120,41,28
335,119,40,30
335,119,40,31
337,118,39,33
335,119,42,30
333,119,44,31
332,118,44,30
333,117,43,32
334,119,44,31
333,119,45,32
336,119,40,32
334,119,45,32
335,119,44,33
356,125,43,37
364,129,44,36
365,131,46,36
368,132,45,37
370,134,47,35
371,135,47,35
375,136,48,35
376,138,49,35
381,137,48,38
381,139,49,36
385,140,48,35
386,142,49,35
389,144,50,36
392,144,50,38
394,146,52,37
396,148,50,38
399,149,51,39
401,151,52,36
405,153,48,37
406,153,49,40
408,155,49,40
411,156,49,39
412,159,50,41
415,163,50,42
417,167,48,40
419,168,51,42
421,169,52,42
420,174,56,40
420,177,58,43
421,179,59,44
420,181,61,42
421,186,58,42
421,186,63,44
420,188,66,44
420,195,64,43
420,195,65,46
418,205,61,43
416,205,63,45
414,213,61,43
411,217,62,43
408,221,65,44
404,227,61,43
399,230,66,45
395,234,69,48
388,244,66,46
382,250,65,49
370,258,69,48
363,264,68,47
351,273,71,50
340,281,68,52
321,293,69,54
311,302,66,49
294,313,66,49
275,326,68,52
252,338,72,50
228,352,70,50
203,361,66,51
172,374,67,46
133,390,69,50
