281,240,54,128
279,240,54,127
279,241,54,129
279,238,55,130
278,237,56,131
276,240,58,127
278,242,56,129
277,241,57,127
279,243,57,127
281,246,54,125
282,247,54,125
283,250,52,125
283,253,54,126
285,255,55,128
288,257,54,124
290,259,53,124
291,258,54,125
294,258,52,125
295,259,51,125
296,258,51,125
297,257,50,126
300,255,50,127
300,254,50,126
302,251,50,125
302,251,51,124
305,251,52,122
309,251,50,125
312,254,50,126
315,255,50,126
319,258,49,124
323,258,48,122
327,258,48,120
329,260,50,116
330,262,51,115
333,261,54,116
336,261,52,111
339,259,51,112
341,260,52,111
343,254,50,115
345,256,48,114
346,257,51,116
351,255,48,115
357,258,46,113
360,256,45,117
361,253,42,118
364,258,40,114
369,261,41,116
370,263,43,118
372,263,46,118
376,264,46,117
380,268,50,109
382,268,49,110
383,268,50,111
384,266,49,112
385,267,50,111
385,267,50,111
386,267,50,112
387,267,50,114
390,268,48,114
392,269,46,114
392,270,48,114
393,270,47,117
392,271,49,120
391,272,48,119
390,274,51,117
389,271,52,123
388,275,52,117
387,276,51,115
387,278,50,115
388,279,49,117
390,279,48,113
392,283,49,113
395,285,49,114
396,282,50,120
399,283,48,120
400,278,48,125
402,281,45,122
402,278,43,124
402,277,44,124
400,275,46,124
400,273,48,124
400,276,46,125
399,278,48,126
401,280,47,124
402,280,46,117
404,283,44,115
405,282,42,115
407,284,41,114
407,286,41,113
409,284,40,113
410,285,39,111
409,285,41,111
409,282,42,110
410,285,42,106
411,286,43,103
412,287,42,102
412,291,42,98
413,289,42,100
414,287,43,106
415,287,40,104
416,290,42,101
418,292,41,98
419,287,42,105
419,286,44,108
421,281,47,114
422,281,48,114
425,279,49,119
428,285,44,107
427,278,49,118
430,282,47,113
433,285,43,103
436,286,42,103
438,290,39,100
439,289,44,99
440,287,43,100
441,287,44,99
444,290,42,98
444,283,43,102
445,286,44,98
446,283,45,104
448,284,45,102
450,283,45,104
453,280,45,108
454,282,45,103
456,284,45,101
458,287,42,99
460,284,42,103
462,284,43,105
465,286,41,100
467,287,42,99
468,286,42,99
471,285,42,100
473,284,42,102
474,281,42,106
477,282,44,106
480,281,42,108
482,280,42,106
486,279,40,108
487,277,40,113
488,283,41,108
492,283,40,110
493,283,40,109
495,281,40,110
496,283,42,106
500,286,42,101
502,284,41,101
506,287,39,100
507,276,47,118
510,286,40,102
510,286,41,101
512,287,42,106
512,286,41,102
512,284,42,107
514,288,40,101
514,287,40,101
514,285,41,102
514,285,44,103
515,284,43,105
516,284,43,107
517,285,43,105
518,284,42,102
520,283,44,102
524,281,45,104
526,281,45,105
528,282,43,105
529,280,43,106
531,281,42,104
536,277,40,110
537,279,41,105
539,280,42,105
541,279,43,105
544,280,44,105
548,279,43,104
553,276,41,110
557,277,40,111
561,279,41,109
566,278,42,112
572,277,40,116
574,276,41,116
575,276,43,115
578,274,42,115
579,276,43,114
581,275,40,114
581,273,41,114
580,273,41,117
580,274,42,118
579,274,43,122
580,272,43,121
580,272,43,121
579,271,42,122
580,273,43,121
582,271,41,121
582,272,41,123
583,272,40,122
582,271,39,124
579,269,39,125
582,273,39,117
582,269,39,122
583,270,40,125
587,272,38,120
588,273,39,120
589,274,40,121
588,271,40,124
588,270,42,127
587,274,41,124
585,274,40,124
583,271,41,123
582,273,41,121
581,272,40,121
581,272,39,122
580,271,39,121
579,270,42,123
578,271,39,123
577,273,39,124
575,275,38,120
568,270,46,125
566,274,45,125
560,272,49,128
554,275,52,129
552,273,44,123
546,272,41,121
540,272,52,130
533,270,52,129
535,273,51,127
533,274,46,121
534,275,36,115
530,272,46,122
528,276,44,122
526,274,47,127
523,273,50,127
518,270,55,131
516,270,55,131
516,274,56,132
518,273,55,131
515,274,52,129
511,276,52,129
512,274,49,129
507,273,53,132
509,279,44,126
508,278,39,122
505,277,39,122
500,278,39,122
498,282,39,121
494,283,40,122
492,285,40,120
490,286,41,116
488,286,43,118
486,284,41,118
486,283,42,119
484,282,44,117
482,282,45,117
480,280,45,118
478,280,46,119
477,280,47,120
475,280,48,118
474,279,49,117
475,276,51,120
473,277,52,114
474,276,49,111
474,276,49,109
473,274,51,109
476,276,50,110
477,273,52,111
478,273,52,112
479,271,54,115
480,270,54,117
481,269,55,119
488,268,53,120
486,267,55,118
487,268,55,117
489,267,56,121
493,268,54,122
489,268,56,119
492,268,56,119
490,270,56,118
486,271,56,115
485,272,56,114
485,271,53,114
488,273,51,113
490,274,49,113
491,277,45,109
493,276,40,110
497,275,39,113
498,274,40,114
499,272,43,115
501,273,43,115
503,273,44,118
504,270,44,124
504,268,46,127
503,270,46,123
503,268,48,125
504,266,48,126
505,265,48,125
504,267,49,122
506,265,48,124
509,267,51,121
509,269,50,119
509,268,49,120
509,265,49,123
510,263,49,124
508,263,50,124
507,265,51,119
506,265,51,120
503,265,52,119
505,264,53,120
505,264,53,124
506,264,54,127
506,265,54,129
508,266,52,128
510,265,52,131
512,266,51,129
512,268,51,127
514,270,50,124
517,273,47,119
517,274,47,118
517,274,45,118
516,276,46,115
513,273,46,117
512,273,47,119
513,274,46,119
511,274,45,120
510,275,44,120
509,277,44,118
505,274,48,123
502,271,51,128
501,273,46,122
498,269,49,126
498,274,46,120
493,265,57,136
494,272,54,132
492,276,57,136
495,274,55,133
494,272,57,136
499,269,57,136
500,282,57,135
501,283,56,133
504,299,54,129
505,299,55,131
506,296,54,129
507,290,53,127
509,299,50,119
508,301,53,126
509,304,51,121
510,313,44,95
510,306,46,101
510,315,43,87
512,307,45,100
511,317,43,87
512,317,42,87
515,317,41,85
515,318,40,85
516,319,42,86
516,321,42,86
518,322,41,86
521,319,42,90
522,324,40,83
524,325,40,81
527,325,41,81
527,324,39,80
530,322,40,81
541,317,39,82
535,316,40,84
535,315,38,82
531,314,39,84
534,313,41,87
540,309,38,88
548,313,36,80
555,312,34,82
559,315,34,80
562,317,34,78
563,318,35,77
564,318,35,79
566,318,35,79
566,320,36,78
567,317,35,81
565,318,37,80
565,318,38,79
564,319,38,77
564,319,38,77
563,319,37,77
563,318,38,75
564,316,38,77
565,316,40,74
567,316,39,75
572,316,38,74
575,315,37,76
578,314,37,76
580,315,36,76
583,317,35,73
583,320,36,73
584,320,37,73
586,322,38,73
588,320,38,73
585,322,38,72
588,320,37,72
589,319,37,73
587,319,36,73
587,318,37,72
586,317,36,73
586,316,37,74
587,315,37,77
588,314,37,76
588,313,37,78
589,313,38,74
593,315,36,72
592,317,36,71
590,317,37,69
589,318,37,68
589,317,38,69
588,316,39,69
588,316,40,68
587,316,40,68
586,314,39,70
586,312,39,70
586,309,40,72
589,307,39,73
589,307,40,73
589,308,38,74
591,313,37,70
588,315,38,71
586,317,38,71
584,318,36,71
581,320,37,69
577,321,37,68
573,325,37,70
570,330,36,72
569,333,38,70
573,331,37,71
573,330,36,67
571,326,37,68
568,325,38,67
562,325,37,72
556,328,38,73
547,336,38,73
541,341,38,75
537,348,38,70
537,351,37,66
536,350,36,65
535,348,36,63
534,350,36,61
536,351,37,62
539,352,37,62
540,352,37,62
541,350,35,65
541,350,34,65
547,349,33,70
553,352,33,69
557,353,34,64
559,350,33,66
560,352,34,62
564,350,31,70
567,353,31,68
571,352,30,72
570,352,30,69
568,355,32,66
571,354,29,70
571,357,31,64
571,357,29,66
571,354,30,65
571,351,29,67
579,347,29,69
573,350,29,70
577,349,29,69
580,351,29,69
579,352,29,69
577,349,29,69
578,347,29,69
577,346,29,70
579,344,30,71
575,346,30,71
575,343,30,71
579,345,30,71
587,345,30,71
583,345,30,73
595,342,31,74
602,343,32,75
604,340,32,76
607,338,32,77
606,340,32,75
606,340,31,75
605,340,32,76
604,338,32,76
602,337,33,76
601,337,33,76
600,337,32,76
603,337,32,77
606,341,32,77
605,339,33,78
605,340,33,79
605,337,33,79
607,338,32,77
605,339,32,77
605,340,32,76
603,341,32,77
602,340,32,77
601,342,32,77
603,342,32,76
601,342,32,76
602,342,32,77
601,342,32,77
600,345,34,72
600,342,32,77
599,344,32,77
600,345,32,77
600,347,32,77
600,347,32,76
600,346,31,75
599,345,31,74
597,345,31,75
596,344,32,76
597,347,31,75
597,346,31,75
598,345,31,75
600,347,32,76
599,344,32,77
598,345,32,77
597,344,32,77
595,343,32,77
593,346,32,76
595,345,33,78
597,351,33,78
598,351,33,79
599,350,33,79
596,351,33,79
600,349,33,79
602,350,33,79
603,354,34,74
604,355,34,76
605,352,33,79
607,351,33,79
607,350,33,78
607,352,33,78
606,351,32,78
608,352,32,77
612,351,32,78
612,351,32,77
613,351,32,77
615,352,31,75
614,351,31,74
614,352,31,74
613,355,31,74
617,353,31,74
619,353,31,75
621,354,31,74
628,350,31,73
629,349,31,74
633,354,31,74
629,354,31,75
632,353,32,76
629,352,31,75
632,352,32,77
636,351,32,77
631,347,32,77
630,348,32,77
629,351,32,78
634,354,33,78
643,356,33,79
645,356,34,80
649,355,33,79
649,355,33,80
653,353,34,81
658,352,34,81
662,351,35,83
664,352,35,85
663,350,36,86
663,347,36,87
662,344,37,88
666,346,37,89
669,346,38,90
672,347,38,91
679,347,39,94
684,348,39,94
686,345,40,95
685,343,40,95
672,346,40,95
669,347,40,97
665,348,41,98
659,347,42,96
654,345,41,98
648,345,41,97
644,350,41,98
647,348,41,98
644,354,41,97
646,354,41,97
652,354,41,97
654,352,40,96
656,350,40,95
657,350,40,97
657,348,40,96
654,349,42,95
651,345,42,95
653,348,41,95
656,349,42,92
656,344,40,92
659,341,39,94
661,342,40,93
665,346,39,92
664,347,39,90
665,348,39,89
664,348,39,88
666,347,39,86
664,346,38,88
664,346,39,87
663,347,38,89
665,348,37,86
665,349,35,85
666,348,35,83
667,348,34,84
669,347,33,85
669,348,33,81
671,347,32,80
672,348,32,79
667,348,38,91
669,351,30,79
664,352,29,77
665,357,27,76
664,359,28,74
662,357,27,74
663,358,28,73
663,357,26,73
657,358,35,84
660,367,30,77
665,361,27,76
667,358,25,74
671,359,25,75
673,358,25,74
675,357,26,74
677,355,27,74
679,358,26,74
678,356,26,73
680,357,26,75
679,354,26,76
681,355,27,75
680,355,26,78
678,356,26,74
675,356,26,74
671,353,28,72
669,354,28,71
666,353,29,70
668,354,29,72
668,351,31,74
671,352,31,76
672,350,32,77
673,351,32,77
675,353,31,79
675,355,32,79
673,354,32,80
671,355,33,79
666,352,35,79
665,352,35,80
662,355,36,81
662,356,35,78
660,357,36,79
658,357,36,78
655,362,34,80
651,366,34,81
648,368,33,80
647,368,34,81
643,368,34,82
641,367,35,80
639,367,35,83
637,365,36,82
637,363,35,82
636,363,36,82
633,362,36,82
631,363,36,81
628,362,36,83
627,365,36,85
625,365,36,86
621,366,36,86
618,365,37,83
617,366,36,81
614,366,37,80
614,366,37,78
613,367,38,79
613,367,38,78
612,367,38,77
611,366,38,79
612,367,37,77
609,368,37,79
605,368,37,88
601,366,37,87
603,368,37,88
598,365,37,88
595,366,37,88
593,367,37,89
591,365,38,87
591,363,37,89
591,372,37,88
594,362,37,80
594,364,37,87
597,364,38,88
597,358,37,88
597,357,36,87
599,355,37,87
601,355,35,89
603,353,34,88
604,353,34,89
603,351,36,89
605,351,36,90
606,352,35,88
607,351,35,88
608,351,34,90
608,350,34,90
606,350,35,90
602,348,37,92
603,346,36,95
604,345,35,96
601,343,38,97
604,344,38,95
605,345,39,96
605,343,39,96
609,344,38,92
607,344,40,95
607,345,43,98
607,349,43,100
607,349,44,102
609,351,43,101
611,349,44,102
609,348,44,105
608,345,46,107
609,346,45,108
607,346,45,107
607,347,46,104
607,349,45,101
607,353,44,99
608,353,43,100
607,353,44,103
609,355,43,100
612,356,43,96
616,354,42,96
617,356,43,94
617,353,44,96
619,355,43,94
620,353,43,98
621,354,43,99
621,355,42,98
619,356,42,99
620,358,42,97
619,358,42,96
617,358,42,97
617,359,41,96
617,360,41,97
616,360,41,98
618,360,41,98
617,362,42,97
617,361,43,97
614,357,44,101
613,356,45,100
609,354,46,103
608,358,45,102
608,360,45,99
608,361,46,98
609,364,46,100
607,362,46,106
606,362,46,103
607,363,46,102
605,364,45,100
604,365,44,101
601,364,45,100
597,365,45,101
599,364,44,99
598,363,44,102
601,363,42,101
600,362,42,100
598,361,42,103
598,358,42,101
595,355,44,103
590,353,46,106
580,349,46,110
572,350,47,109
576,349,47,107
579,349,46,100
575,346,46,105
574,345,47,104
575,343,47,103
574,341,47,103
573,342,44,108
575,342,44,103
576,343,43,100
573,342,44,101
572,343,44,104
572,345,44,104
569,345,45,102
569,345,43,104
573,352,38,98
573,352,39,94
570,347,40,98
572,350,40,92
572,348,40,93
574,351,38,90
569,345,38,93
570,348,37,92
572,353,36,89
569,341,45,107
557,343,38,92
550,336,41,96
547,335,42,93
542,332,44,96
540,333,44,98
535,329,43,100
532,327,41,100
530,322,45,101
527,322,46,104
525,324,46,108
526,331,47,110
522,329,45,105
517,324,46,99
513,327,44,98
510,325,44,100
503,327,41,108
502,329,41,102
499,328,40,99
497,331,39,97
496,333,37,97
496,337,34,96
492,340,40,99
489,341,35,93
487,341,37,95
484,341,35,91
482,341,35,90
480,339,36,89
478,343,36,87
464,336,42,88
456,334,44,92
455,335,44,95
453,333,41,98
448,329,41,100
442,328,42,104
441,327,41,104
439,325,42,102
441,325,39,100
439,323,39,98
437,323,40,98
437,322,42,101
439,326,43,99
435,324,44,100
423,318,47,105
415,318,47,98
415,322,46,99
413,321,46,101
413,322,46,104
408,323,45,99
409,321,43,102
405,319,44,100
404,318,44,100
407,319,44,100
409,319,44,105
409,320,40,98
411,318,44,105
409,321,39,97
407,314,45,109
403,312,42,105
401,309,45,111
399,305,47,114
394,304,43,107
384,295,44,105
383,291,48,115
384,288,49,117
386,299,48,115
384,303,48,114
382,296,46,111
382,302,47,117
384,304,48,115
379,300,44,113
384,293,47,114
384,292,47,117
389,290,47,115
397,297,48,113
403,300,48,114
402,299,47,111
412,302,47,112
415,303,46,109
422,306,47,111
422,298,48,111
427,303,48,112
428,302,45,108
428,297,47,112
428,296,49,112
430,293,49,111
431,295,49,110
437,297,50,114
437,299,50,118
442,296,51,121
444,299,51,121
444,299,52,121
442,299,53,123
445,296,53,126
445,299,52,125
443,294,53,126
440,283,53,128
437,283,51,126
438,284,51,123
438,284,52,122
435,279,54,128
437,279,52,121
444,272,57,136
441,271,54,128
441,271,56,128
441,269,55,128
445,269,53,125
449,274,52,125
451,271,55,129
450,271,53,129
452,278,54,129
447,280,51,124
446,280,52,130
444,280,50,126
439,284,50,126
437,282,50,130
434,280,47,130
429,279,48,138
429,286,45,131
429,294,46,127
426,288,43,129
424,287,42,128
421,280,43,134
424,289,47,127
421,285,40,130
421,283,42,133
424,292,45,123
426,289,44,125
425,291,43,122
427,293,42,120
430,289,44,123
428,282,42,130
429,288,40,123
428,283,41,127
427,281,41,128
426,278,40,131
427,278,41,132
426,270,42,139
426,269,42,139
427,277,40,130
429,282,38,128
429,285,38,125
431,287,41,125
431,284,41,128
431,290,37,121
431,285,38,125
432,285,38,125
433,289,37,121
433,285,38,125
433,286,38,123
432,279,38,130
432,278,37,129
433,285,37,123
433,286,38,124
432,278,39,128
433,278,40,129
434,276,43,133
435,275,44,136
439,268,53,134
440,257,54,134
445,250,55,124
449,250,55,119
453,247,52,120
460,248,51,120
462,246,52,124
465,250,50,120
474,252,51,122
481,254,53,128
481,256,53,128
484,260,52,126
428,265,44,126
439,267,45,127
422,268,45,125
420,268,45,127
419,273,45,127
418,275,44,123
417,271,46,124
411,267,49,125
409,269,48,125
407,267,49,126
407,267,50,127
404,266,50,127
401,271,49,119
398,269,50,118
399,270,49,117
398,272,46,116
396,273,45,114
394,271,47,116
392,269,47,120
393,272,47,119
390,274,48,122
388,273,49,124
411,265,48,127
420,261,47,130
416,262,49,127
413,262,50,124
410,260,51,128
405,257,53,131
404,259,52,129
402,256,52,132
403,257,50,130
404,257,49,130
405,257,49,130
409,261,47,128
411,264,46,126
414,263,44,128
419,269,43,122
422,270,42,121
425,271,42,121
428,273,42,117
432,275,41,114
436,275,40,113
441,277,40,110
387,266,49,119
387,264,47,119
389,265,46,113
389,262,46,113
388,259,48,117
389,261,48,117
386,261,51,115
385,261,52,115
378,258,54,113
375,257,53,111
371,251,54,118
372,250,52,121
368,247,54,124
369,253,51,118
366,249,52,128
365,258,52,126
363,261,51,127
360,263,49,130
360,262,49,130
359,265,48,125
358,263,49,129
357,260,48,129
357,254,49,136
357,253,50,135
358,253,51,136
361,252,51,133
362,255,50,131
365,260,47,128
366,256,47,132
367,251,49,135
368,259,50,128
368,256,51,133
373,264,53,129
370,262,50,134
369,264,50,135
372,269,53,130
372,267,53,130
376,264,54,128
373,265,53,128
368,258,52,127
368,261,53,127
367,255,50,131
366,254,49,131
365,255,49,129
365,256,49,126
363,253,49,127
364,252,50,128
364,259,50,125
364,254,50,131
365,259,51,126
368,253,52,131
372,253,52,127
375,251,54,133
377,253,52,126
378,251,51,127
382,252,50,130
381,245,52,134
383,247,53,134
385,252,51,131
388,255,50,129
390,255,47,133
390,255,47,136
388,246,49,144
387,245,48,143
386,245,49,141
384,238,51,149
384,241,49,148
383,237,50,153
383,241,50,151
382,236,51,150
382,249,50,143
382,247,49,142
380,242,52,142
381,244,50,142
381,242,51,140
381,245,51,139
379,244,52,143
377,231,54,148
377,237,54,145
377,235,55,148
378,231,56,147
378,235,54,147
376,232,54,149
375,234,55,148
375,226,55,152
374,221,56,157
375,224,56,157
376,220,57,156
380,222,58,149
383,227,57,150
388,231,54,152
390,237,55,150
390,236,54,151
391,236,54,147
390,231,56,150
389,231,55,154
387,228,57,155
389,239,60,154
389,236,58,156
390,240,56,151
390,234,55,155
390,229,57,159
390,231,59,159
390,240,57,156
390,240,57,157
393,242,56,158
395,248,55,157
396,254,52,154
396,249,52,161
395,243,54,164
398,252,56,158
403,260,60,160
403,264,55,156
406,278,72,171
408,287,71,168
408,288,70,167
408,292,67,162
406,284,67,164
402,260,56,159
408,271,58,155
420,293,54,153
423,280,58,161
427,280,60,159
429,275,60,162
433,291,55,159
435,303,51,146
436,308,50,140
438,318,51,133
441,325,52,132
445,333,49,123
455,335,61,144
457,344,47,129
461,346,53,136
465,336,60,144
470,334,60,143
474,333,60,144
477,334,59,141
479,339,59,140
482,333,58,138
485,342,58,138
486,339,43,131
491,344,57,136
494,346,57,136
494,346,54,132
497,357,47,124
503,359,50,124
508,357,55,131
511,355,48,126
514,353,52,130
519,353,52,128
522,354,38,120
531,358,47,129
537,360,47,130
543,361,51,130
549,360,51,129
553,355,49,131
558,354,49,128
561,351,51,128
564,355,52,129
566,361,46,131
572,365,44,132
583,368,48,131
592,367,49,132
604,371,53,129
612,368,50,130
625,379,52,125
646,387,55,131
616,370,45,122
638,380,49,122
666,401,53,127
672,398,53,127
677,396,53,127
681,396,50,126
682,402,43,119
687,397,42,118
690,391,40,118
698,384,44,124
707,384,50,125
716,393,51,124
722,397,48,123
728,396,51,124
740,397,52,125
748,397,43,114
753,405,53,126
729,411,49,127
727,413,53,126
732,404,49,126
734,410,53,127
738,406,51,126
740,406,53,126
742,423,52,124
743,425,52,123
747,430,51,120
750,437,50,118
749,438,48,115
751,440,48,114
750,438,48,114
747,441,47,113
748,436,45,108
748,432,47,112
747,432,42,103
745,440,46,111
733,431,41,109
737,440,44,108
726,439,38,104
727,443,34,95
726,440,38,98
726,441,39,96
729,439,46,110
730,420,46,110
729,445,46,109
720,449,43,100
717,456,41,91
713,456,40,86
705,455,41,87
699,453,39,92
702,466,38,88
704,468,38,88
705,459,41,98
708,455,41,99
712,453,42,99
716,455,42,99
718,453,41,99
721,457,41,97
719,454,41,97
719,456,41,98
713,460,40,96
707,461,39,94
700,460,39,93
682,465,38,90
667,475,38,91
614,470,38,90
614,464,37,89
609,466,39,83
602,477,39,85
598,471,35,88
597,464,36,93
599,466,35,91
601,465,30,90
604,465,28,91
610,463,34,91
613,462,36,92
614,463,34,91
615,463,31,90
618,463,37,89
619,467,31,85
625,462,37,88
625,469,33,86
626,470,37,88
622,475,30,83
619,471,36,87
616,469,33,84
612,473,29,81
609,471,31,82
604,476,28,78
597,477,29,79
585,483,30,76
578,484,30,75
576,485,30,73
576,486,31,73
576,488,30,72
577,488,30,73
579,493,30,71
579,493,31,71
580,492,30,70
579,485,29,74
578,482,31,75
577,482,30,75
577,480,30,75
579,482,30,75
580,482,29,77
580,482,29,76
580,481,29,78
579,479,28,77
580,480,29,78
580,479,27,77
584,479,30,80
586,480,29,78
588,479,30,78
590,477,28,76
593,473,28,76
597,471,28,77
598,472,29,76
600,468,28,76
605,467,28,77
610,466,31,78
613,460,31,81
614,460,29,79
614,462,28,76
615,458,32,81
613,459,31,80
611,456,30,80
612,452,36,85
605,457,29,77
601,453,30,79
598,455,30,79
598,454,33,82
596,454,31,79
598,454,31,79
596,455,29,77
596,455,31,79
591,455,31,80
594,456,34,82
588,456,31,80
582,460,28,75
580,454,35,84
571,461,31,79
559,458,26,72
547,448,29,75
542,454,30,72
547,455,35,85
545,455,35,84
541,456,34,83
541,456,35,84
543,456,35,84
543,460,35,84
542,459,36,86
545,458,36,86
547,460,36,85
552,462,35,85
555,462,34,83
558,472,30,73
560,468,32,76
561,467,32,79
554,469,29,74
552,465,29,73
545,461,27,73
534,457,30,73
520,456,34,74
514,456,33,78
519,447,36,86
520,449,36,87
522,449,34,84
521,453,30,78
523,455,30,77
521,459,28,74
521,456,33,81
517,459,33,79
515,459,30,76
515,463,29,72
514,464,27,68
516,463,27,68
509,462,27,67
505,456,30,72
498,450,26,65
491,446,27,65
484,439,33,79
464,429,33,78
457,443,30,75
454,453,33,79
452,454,33,78
452,457,31,76
447,462,30,74
443,462,31,75
438,468,29,72
434,474,29,67
430,476,30,66
430,473,29,69
430,466,30,73
429,468,29,67
429,464,27,70
425,458,26,72
417,450,26,69
407,440,28,70
394,428,34,82
370,420,34,74
361,419,34,78
367,414,32,80
372,416,34,81
372,415,33,80
374,412,34,80
376,414,33,79
376,410,33,78
377,411,33,79
379,410,33,78
381,410,32,77
384,408,31,75
390,403,32,77
393,406,29,73
398,403,31,75
400,406,30,75
402,402,30,74
406,396,32,78
407,396,28,74
408,397,26,73
408,391,30,78
407,388,35,83
399,379,35,83
393,373,33,79
385,367,34,81
360,371,34,82
358,351,35,83
352,359,31,67
346,359,30,70
342,358,30,70
336,363,28,77
334,366,31,81
332,369,31,77
333,366,34,82
334,369,33,78
336,367,34,81
336,371,31,75
338,370,32,75
338,375,29,70
339,372,32,74
340,370,33,76
340,372,31,68
338,372,33,68
339,371,33,69
337,369,32,72
334,365,32,73
330,360,30,72
331,355,29,71
340,358,28,71
348,355,27,71
354,350,27,71
359,342,27,75
359,336,26,75
349,312,33,80
344,304,33,79
329,307,33,79
299,321,33,78
299,324,32,78
301,325,33,78
311,333,32,76
337,333,32,77
342,341,24,70
343,343,24,68
341,344,24,67
340,343,24,67
340,343,23,68
340,340,24,69
340,339,24,71
330,328,34,81
339,328,30,77
340,339,34,80
386,326,33,79
386,327,33,79
405,324,34,81
452,284,34,81
436,264,33,79
432,252,33,79
424,262,33,79
421,262,33,80
421,264,34,80
422,260,34,81
422,277,33,79
425,261,33,79
425,257,33,79
424,272,33,78
425,271,32,77
426,271,32,77
431,269,32,77
431,276,32,77
434,272,33,78
439,270,32,77
438,274,32,76
442,277,31,75
447,272,32,76
448,266,32,76
448,265,32,76
453,263,31,75
457,267,31,74
460,268,31,74
468,266,31,73
475,272,31,73
482,270,30,73
488,277,30,72
496,273,30,72
503,283,29,70
513,267,29,69
521,264,29,69
527,270,29,69
533,265,29,69
535,261,29,69
539,262,29,70
541,266,29,70
550,260,30,72
553,272,30,72
556,263,30,71
562,262,30,71
564,266,30,71
570,267,29,70
573,269,30,71
580,263,30,71
583,268,30,71
590,267,30,71
593,268,29,70
602,275,29,69
609,275,28,68
619,275,28,67
625,276,28,67
630,277,28,66
634,279,28,67
640,275,28,66
642,274,28,67
648,293,28,66
649,282,28,67
651,265,28,67
653,269,27,66
653,286,27,65
660,290,27,65
662,274,27,65
667,255,27,66
670,257,27,64
666,270,26,63
662,276,27,64
669,269,26,63
675,289,26,63
679,276,26,63
680,279,26,63
670,271,26,61
676,285,25,61
684,270,25,61
681,280,25,60
673,280,25,61
679,278,25,61
668,275,26,61
667,277,26,61
670,272,26,62
670,301,26,63
668,273,26,62
663,281,26,62
659,277,25,61
664,294,25,61
660,298,25,61
662,282,25,59
660,280,24,58
654,280,24,58
658,286,24,59
666,279,24,58
670,280,25,59
655,280,24,58
668,281,24,58
652,278,24,58
652,280,24,59
662,279,24,58
668,280,24,58
667,278,24,57
648,284,23,56
647,281,24,57
650,284,24,57
655,282,23,56
645,285,23,55
659,286,23,55
656,287,23,54
656,287,23,54
648,289,22,54
658,271,22,53
654,282,22,53
655,275,22,53
652,269,22,53
660,293,22,53
667,296,22,52
679,289,21,51
674,282,21,51
684,287,21,51
686,289,21,51
695,296,21,51
691,290,21,50
672,291,21,50
692,292,21,49
710,303,20,48
695,291,20,48
703,298,20,48
691,293,20,47
697,287,20,47
693,290,20,48
702,290,20,47
698,281,19,47
712,303,19,46
719,294,19,46
722,308,19,46
735,307,19,46
731,305,19,46
735,306,19,46
734,303,19,45
721,303,19,45
726,301,19,45
727,309,19,45
719,306,19,45
731,309,18,45
723,310,18,45
722,305,18,44
710,306,19,45
691,302,18,44
728,309,18,44
730,311,18,43
727,306,18,43
742,309,18,43
725,300,18,44
739,309,18,43
747,308,18,43
748,309,18,43
751,307,18,43
756,304,18,43
759,305,18,43
762,303,18,43
764,304,18,43
765,305,17,42
765,305,18,43
765,307,17,42
760,310,18,42
766,309,17,42
759,308,17,42
765,310,17,42
766,309,17,41
749,305,17,41
756,304,17,41
770,305,17,41
772,305,17,40
772,304,17,40
773,300,17,40
763,303,17,40
776,304,17,40
778,304,16,40
781,306,16,39
781,306,16,39
782,302,16,39
784,304,16,39
782,301,16,40
784,302,17,40
785,302,17,40
787,303,17,40
788,301,17,41
789,303,17,41
791,303,17,41
794,303,17,42
794,300,17,42
797,301,17,41
800,300,17,42
805,303,17,42
806,304,17,41
807,304,17,41
809,301,17,41
810,303,17,40
810,302,17,40
799,302,17,40
812,301,16,40
812,304,17,40
815,303,16,40
815,303,16,39
816,304,16,39
815,303,16,38
814,304,16,38
812,303,16,39
811,304,16,39
811,303,16,39
811,301,16,39
810,302,16,39
812,301,16,39
812,301,16,39
813,303,16,40
813,300,16,40
813,300,16,40
812,297,17,40
812,299,17,40
811,291,17,40
805,294,16,40
807,296,17,40
805,296,17,40
803,295,16,40
802,297,16,39
801,296,16,39
799,298,16,40
799,297,16,40
798,299,16,40
796,303,17,40
794,300,16,40
793,301,17,40
790,299,16,39
788,299,16,40
775,296,16,39
780,300,16,39
784,301,16,39
786,304,16,40
786,304,17,40
786,307,17,40
783,309,17,40
781,311,17,40
776,313,17,40
775,317,17,40
774,319,17,40
763,318,17,40
758,325,16,40
762,317,17,41
771,327,17,40
768,327,17,40
763,326,17,41
749,324,17,40
730,304,17,41
715,303,17,41
679,302,17,41
679,334,17,41
676,334,17,40
686,323,16,40
689,333,16,39
689,339,16,39
692,335,16,39
693,343,16,38
697,360,16,38
701,358,16,39
705,370,16,38
715,383,15,34
726,384,15,36
736,386,16,32
747,384,16,35
761,384,14,34
769,390,16,38
776,408,13,35
785,402,16,39
796,402,16,40
805,396,17,41
821,388,16,40
835,387,15,43
848,394,14,41
865,401,13,37
878,409,13,35
892,406,15,37
909,399,16,39
926,383,16,38
937,376,13,37
942,375,16,38
942,369,16,38
943,347,15,37
942,341,16,38
943,328,15,37
942,296,16,38
938,331,16,38
920,360,16,38
924,374,15,37
925,364,15,37
925,365,15,37
941,394,15,37
940,423,15,37
914,430,15,37
902,400,15,37
894,403,15,37
887,402,15,37
880,401,15,37
872,397,15,37
865,393,15,37
859,393,16,38
851,391,16,38
844,390,16,38
838,389,16,39
830,392,16,39
826,384,16,38
821,401,16,38
818,402,15,37
814,405,15,37
807,389,15,37
804,391,15,37
801,399,15,37
801,416,15,37
802,442,16,38
797,448,15,37
789,443,13,33
782,445,13,33
775,451,13,32
770,453,15,36
779,462,15,36
786,458,15,36
772,442,14,35
767,433,13,32
762,430,12,31
757,421,12,31
749,422,12,31
745,424,12,30
741,422,11,30
740,429,15,35
739,433,14,35
738,436,15,36
738,429,15,36
739,418,15,36
739,414,15,36
739,414,15,37
741,404,15,37
743,404,15,37
745,397,14,34
749,399,15,35
749,406,12,31
746,410,13,32
740,413,12,32
735,419,13,32
731,422,13,32
728,419,12,33
727,426,13,30
725,428,13,30
725,426,14,33
725,428,13,32
727,427,15,36
730,430,13,30
733,428,15,36
734,428,14,35
735,430,12,30
738,429,12,29
739,430,11,29
739,430,11,29
740,427,11,29
740,425,11,28
739,426,11,28
739,427,11,28
739,427,11,28
738,427,11,28
740,427,13,33
736,459,14,33
736,456,14,33
736,454,14,33
743,442,14,33
747,445,14,34
742,439,14,34
738,438,14,33
735,436,11,29
739,432,11,29
742,430,11,29
738,427,12,29
737,432,12,30
731,433,12,29
726,435,14,34
722,434,13,28
720,432,12,30
718,430,13,31
719,428,14,33
717,424,14,33
720,422,14,33
721,413,14,33
709,423,14,33
704,428,14,34
696,435,14,34
691,427,14,34
684,422,14,34
675,410,14,35
671,406,14,35
668,407,14,35
664,408,14,35
662,406,15,35
660,407,14,35
660,408,14,35
659,408,14,35
661,406,15,35
661,406,15,36
659,403,15,36
657,401,15,36
655,388,15,36
656,397,15,36
675,411,15,36
685,439,15,37
680,430,14,32
672,428,15,32
666,428,14,33
662,430,14,33
656,426,16,38
655,424,16,39
654,423,16,39
649,426,16,39
653,425,16,39
656,424,16,40
657,425,16,40
659,423,16,39
663,421,16,38
661,420,16,38
664,414,16,39
662,416,16,40
654,415,17,40
643,423,15,41
643,423,17,41
643,422,15,43
646,424,16,41
648,423,17,40
649,417,16,39
652,416,17,40
655,409,17,40
658,407,17,40
658,406,17,40
659,405,16,40
668,410,17,40
674,411,16,39
671,407,16,39
674,410,16,38
676,411,16,39
676,415,14,36
676,415,14,36
677,415,14,35
676,415,13,34
675,414,13,34
674,410,14,34
675,405,14,34
678,397,15,36
677,400,14,33
677,397,13,33
676,403,13,31
673,385,14,36
673,373,15,37
662,350,15,36
671,346,15,36
668,346,15,36
668,351,15,37
669,352,15,37
669,356,15,37
657,359,15,37
659,364,15,37
672,390,15,37
677,405,15,38
676,403,14,37
679,403,15,37
677,404,15,37
676,406,15,37
675,406,14,36
676,409,14,33
677,408,14,36
677,407,14,38
685,408,15,36
682,407,14,36
683,406,14,36
686,404,14,37
688,403,14,35
696,397,15,36
696,396,14,35
697,397,13,32
700,397,13,33
701,400,13,32
706,410,12,33
708,413,11,33
708,413,11,33
708,413,11,32
707,410,10,32
708,406,12,32
708,408,11,30
709,409,10,29
710,410,12,31
711,412,12,30
709,411,10,28
707,407,10,27
707,405,11,31
707,403,11,32
707,397,12,30
700,383,13,31
692,376,13,31
692,375,13,31
692,372,13,32
692,369,13,32
688,369,13,31
683,369,13,31
681,378,13,31
680,390,13,31
679,405,13,31
676,413,13,31
668,414,13,31
662,412,13,31
658,413,13,31
656,415,13,32
655,417,13,32
653,418,13,31
652,420,13,31
649,418,13,32
649,417,13,31
645,413,13,31
638,409,12,29
634,409,11,29
631,408,11,28
628,408,11,27
626,406,11,26
624,403,11,26
623,402,10,25
624,405,10,25
624,414,11,26
626,417,11,27
622,411,12,27
620,405,12,26
620,401,11,26
617,401,12,27
616,403,13,28
611,405,12,27
606,405,12,28
603,406,12,27
601,409,12,27
601,408,12,27
600,408,11,27
598,407,12,29
597,408,12,28
596,407,12,28
595,408,13,29
596,409,13,28
597,408,12,29
598,408,12,28
598,403,12,27
599,400,12,28
602,404,12,27
604,406,11,26
600,402,11,26
594,398,11,25
588,394,11,28
580,391,12,28
568,382,12,28
561,380,10,26
559,380,11,28
556,382,11,28
562,395,11,26
561,392,12,26
559,387,11,27
555,385,11,27
553,385,11,27
550,385,11,26
550,383,10,25
550,382,10,25
550,380,10,25
550,380,10,24
551,380,10,25
554,381,10,23
556,382,10,24
558,382,10,24
561,382,10,25
566,381,10,25
567,381,10,25
567,380,10,24
569,378,10,22
571,378,10,23
571,378,10,23
571,379,10,23
569,385,10,25
568,388,10,25
566,386,10,25
565,386,10,25
566,386,10,25
565,384,10,25
580,379,10,25
589,378,10,25
595,376,10,24
596,375,10,24
595,377,10,24
593,376,10,24
593,375,10,24
591,376,10,25
590,375,10,24
590,376,10,25
591,374,10,24
589,373,10,25
587,373,10,25
587,374,10,25
585,372,10,25
584,373,10,24
579,373,10,24
580,374,10,25
579,372,10,25
577,374,10,25
576,373,10,25
572,372,10,25
571,372,10,24
575,373,10,24
576,372,10,24
578,371,10,24
578,370,10,24
578,370,10,24
578,368,10,23
579,369,10,23
579,369,10,24
580,370,10,24
581,370,10,24
581,371,10,24
584,370,10,24
584,369,10,24
583,370,10,25
584,370,10,25
584,371,10,24
585,371,10,24
581,373,10,24
582,375,10,23
582,374,10,23
582,373,10,23
587,373,9,23
588,371,9,23
590,372,9,23
589,367,10,23
594,370,9,23
594,370,9,23
594,370,9,23
599,370,9,23
599,370,9,23
598,370,9,23
600,370,9,23
601,370,10,23
601,370,10,23
603,368,10,24
605,368,10,24
604,368,10,24
605,368,10,24
606,368,10,24
605,368,10,24
608,368,10,24
610,369,10,24
611,368,10,24
615,367,10,24
618,367,10,24
623,367,10,24
624,365,10,24
629,364,10,24
632,362,10,24
635,361,10,24
635,361,10,24
638,361,10,24
640,362,10,24
642,360,10,24
643,357,10,24
644,359,10,24
645,359,10,24
649,361,10,24
650,361,10,24
651,362,10,24
653,360,10,24
652,359,9,23
654,359,9,23
655,360,9,23
657,360,9,23
657,361,9,23
657,360,9,23
656,360,9,23
661,359,9,23
661,357,9,22
662,356,9,23
662,355,9,23
663,355,9,23
664,356,9,23
665,356,9,23
662,357,9,23
660,357,9,23
657,359,9,23
657,359,10,23
654,361,10,23
659,358,9,23
660,356,9,23
660,355,9,23
654,357,9,23
656,360,9,23
655,361,9,23
648,363,10,23
645,363,10,23
643,364,10,23
646,358,9,23
649,353,9,23
645,352,9,23
648,353,9,23
647,354,9,23
640,353,10,23
635,353,10,24
634,352,10,23
631,348,10,23
625,346,10,24
625,348,9,23
630,353,9,23
625,356,9,23
633,356,10,23
641,353,9,23
648,348,10,23
653,345,10,24
662,345,10,24
664,346,10,24
672,348,10,24
672,352,10,24
677,355,10,25
678,356,10,25
684,360,10,24
689,360,10,24
694,361,10,24
693,361,10,24
696,360,10,24
699,359,10,24
702,358,10,24
710,361,10,24
716,365,10,24
724,371,10,24
728,373,10,24
739,375,10,24
750,374,10,23
753,373,10,24
765,375,10,24
773,377,10,23
780,377,10,24
791,380,10,24
794,378,10,24
803,375,10,24
809,374,10,24
816,370,10,24
822,366,10,24
824,362,10,24
831,361,10,24
830,362,10,25
830,363,10,24
826,365,10,23
825,367,10,23
823,368,10,24
821,368,10,24
822,367,10,24
820,368,10,24
823,367,10,24
823,368,10,24
828,368,10,23
834,368,10,23
840,368,10,23
842,365,10,23
847,366,9,23
849,366,9,22
851,365,9,22
852,365,9,22
855,366,9,22
856,366,9,23
861,366,9,23
866,366,9,23
878,366,9,22
890,366,9,23
903,364,9,23
913,362,9,23
923,358,9,23
932,354,10,23
949,354,9,23
948,352,10,23
948,350,10,24
948,347,10,24
948,348,10,24
948,347,10,25
948,347,10,25
948,346,10,24
948,344,10,25
948,344,10,25
948,344,10,25
948,343,10,25
947,352,11,26
948,344,10,25
948,337,10,25
947,337,11,26
937,332,10,26
918,342,11,26
917,342,11,26
924,338,11,26
930,336,11,26
938,334,11,26
947,337,11,27
947,332,11,27
947,332,11,26
948,331,10,26
948,330,10,25
948,328,10,25
930,329,10,24
935,335,10,24
948,337,10,24
948,332,10,24
948,337,10,24
948,325,10,24
948,326,10,24
948,340,10,24
948,342,10,24
942,331,10,24
948,327,10,24
948,341,10,24
943,333,10,24
941,336,10,25
944,332,10,25
948,333,10,25
948,332,10,25
948,331,10,25
947,331,11,26
947,334,11,26
948,336,10,25
948,336,10,25
948,337,10,24
948,339,10,24
940,333,10,24
935,330,10,24
942,337,10,24
942,332,10,23
940,334,9,23
927,335,9,23
928,335,9,23
948,334,9,23
948,333,10,23
949,331,9,23
932,334,9,23
931,332,9,23
932,330,9,23
936,330,9,23
937,328,9,22
934,329,9,22
938,329,9,22
940,329,9,22
937,328,9,22
932,329,9,22
930,329,9,22
935,327,9,21
949,334,9,21
949,334,9,21
949,336,9,21
948,334,8,21
949,335,9,21
944,334,9,21
943,331,9,21
950,340,8,21
950,339,8,20
943,336,8,21
949,342,9,21
946,341,9,21
944,342,9,21
945,340,9,21
938,339,9,21
938,336,9,21
931,338,9,21
927,339,9,21
924,340,9,22
928,330,9,21
924,328,9,21
928,335,9,21
916,339,9,21
911,341,9,21
909,347,8,20
907,346,8,21
906,347,8,20
908,346,8,20
909,346,8,20
909,342,8,20
912,346,8,20
908,340,8,20
910,349,8,20
908,350,8,20
907,342,8,20
913,335,8,20
914,330,8,20
918,326,8,20
916,335,8,20
913,333,8,19
914,328,8,19
915,327,8,19
916,331,8,19
916,333,8,19
915,337,8,19
914,337,8,19
914,338,8,19
915,342,8,19
915,337,8,19
914,336,8,19
911,343,8,20
914,344,8,20
910,344,8,20
911,344,8,19
913,345,8,19
908,346,8,19
910,347,8,19
911,348,8,19
909,347,8,19
911,346,8,19
912,346,8,19
908,333,8,19
909,332,8,19
904,337,8,19
905,343,8,19
906,352,8,19
909,352,7,18
909,348,7,18
908,352,7,18
910,353,7,18
912,351,8,19
915,351,8,19
914,351,8,19
912,347,7,18
913,350,7,18
918,350,7,18
924,350,7,18
928,348,7,18
932,343,7,18
934,349,7,18
937,349,7,18
934,351,7,17
937,353,7,17
934,354,7,17
930,354,7,17
925,354,7,17
923,355,7,17
920,352,7,17
922,351,7,17
923,350,7,17
924,344,7,18
921,339,7,17
924,338,7,17
925,339,7,17
924,347,7,18
926,340,7,18
927,333,7,18
927,341,7,17
930,333,7,18
933,332,7,17
935,330,7,17
937,330,7,17
944,324,7,17
942,331,7,17
940,334,7,17
940,345,7,17
937,336,7,17
942,333,7,17
938,335,7,17
940,338,7,17
943,341,7,17
942,342,7,16
950,348,7,17
951,342,7,16
952,337,6,16
952,332,6,16
952,333,6,16
952,335,6,15
952,338,6,15
952,339,6,15
952,336,6,15
952,326,6,15
939,317,6,15
939,303,6,15
946,305,6,15
949,304,6,15
952,305,6,15
952,307,6,15
952,308,6,15
952,295,6,15
946,291,6,15
940,288,6,15
940,288,6,15
943,287,6,15
945,287,6,16
945,288,6,16
947,286,6,15
948,288,6,16
949,288,6,16
950,289,6,16
952,289,6,16
951,276,6,16
952,270,6,16
952,269,6,15
952,269,6,15
952,284,6,15
952,285,6,16
952,285,6,15
952,290,6,15
952,294,6,15
952,282,6,15
952,280,6,15
952,290,6,15
952,294,6,15
949,293,6,15
944,296,6,15
943,295,6,15
952,285,6,16
952,273,6,16
952,271,6,15
952,271,6,15
952,270,6,15
952,267,6,15
950,276,6,15
952,285,6,15
952,285,6,15
952,274,6,15
950,276,6,14
952,276,6,14
944,280,5,14
939,288,5,14
941,292,5,14
943,300,5,13
940,303,5,13
939,303,5,13
938,303,5,13
936,303,5,13
936,303,5,14
937,304,5,14
935,305,5,14
938,304,5,14
940,303,5,14
942,303,5,13
942,303,5,13
942,303,5,14
943,304,5,14
940,307,6,14
942,306,6,14
947,305,6,14
952,296,6,14
949,294,6,14
951,300,6,14
952,298,6,14
953,298,5,14
953,298,5,14
953,298,5,13
953,297,5,13
953,297,5,13
950,298,5,14
950,296,5,13
951,293,5,13
953,291,5,13
951,294,5,13
953,291,5,13
951,293,5,13
952,297,5,13
953,297,5,13
953,297,5,12
953,297,5,12
952,299,5,12
950,300,5,12
953,301,5,12
953,300,5,12
953,301,5,13
953,297,5,13
953,299,5,13
953,299,5,13
953,298,5,13
952,297,6,14
952,296,6,14
952,296,6,15
952,295,6,15
951,305,6,15
952,316,6,15
952,311,6,15
950,304,6,15
952,315,6,14
952,314,6,14
952,313,6,14
952,313,6,14
952,314,6,14
952,317,6,14
952,318,6,14
952,319,6,14
952,309,6,14
952,321,6,15
952,323,6,15
950,323,6,14
952,324,6,14
952,324,6,14
952,324,6,14
952,324,6,14
952,312,6,14
952,308,6,14
952,309,6,15
952,324,6,15
952,325,6,15
952,326,6,14
952,326,6,15
952,325,6,15
946,318,6,15
952,321,6,15
952,311,6,15
941,308,6,15
935,308,6,15
934,310,6,15
934,310,6,15
933,311,6,15
930,311,6,15
927,312,6,15
924,314,6,15
921,318,6,15
921,319,6,15
917,314,6,15
916,317,6,15
919,312,6,15
920,311,6,15
918,314,6,15
917,315,6,15
918,315,6,15
919,315,6,15
920,317,6,15
923,315,6,15
923,321,6,15
924,322,6,15
923,325,6,15
924,326,6,15
924,326,6,14
925,329,6,14
925,326,6,14
924,322,6,14
927,323,5,14
926,326,6,14
924,325,5,14
924,328,5,13
926,322,5,13
925,326,5,13
920,329,5,13
917,329,5,13
917,332,5,13
916,332,5,13
917,331,5,13
919,332,5,12
921,332,5,12
920,331,5,12
922,332,5,12
923,333,5,12
923,334,5,12
921,335,5,12
919,337,5,12
918,338,5,12
916,337,5,11
918,334,5,11
913,333,5,11
912,336,5,11
913,334,5,11
912,336,5,11
911,337,5,10
916,337,5,10
914,337,5,10
912,339,5,10
911,339,5,10
906,339,5,10
896,339,5,10
895,331,5,10
903,331,5,10
904,330,5,10
901,326,5,10
896,326,5,10
889,326,5,11
895,332,5,11
896,334,5,11
890,339,5,10
880,337,5,10
871,343,5,10
865,348,5,10
858,348,5,11
853,348,5,10
849,347,5,10
844,349,5,10
836,348,5,10
829,349,5,10
819,349,5,10
810,350,5,10
803,348,5,10
802,345,5,11
803,347,5,10
802,352,5,10
801,354,5,10
808,348,5,10
809,345,5,10
808,344,5,10
812,338,5,10
809,336,5,10
805,336,5,10
800,339,5,10
797,339,5,10
792,340,5,10
790,342,5,10
785,346,5,10
783,348,5,10
787,346,5,10
786,343,5,10
788,339,5,10
784,338,5,10
785,338,5,10
784,337,5,10
787,338,5,10
786,336,5,10
791,335,5,10
791,337,5,10
792,347,5,11
796,346,5,10
799,346,5,11
802,346,5,10
805,346,5,10
811,346,5,10
815,345,5,10
821,344,5,11
828,343,5,11
832,342,5,11
837,342,5,11
845,341,5,11
856,341,5,11
865,341,5,11
873,341,5,11
882,339,5,11
891,338,5,11
897,336,5,11
908,334,5,11
919,335,5,11
926,335,5,11
927,334,5,11
928,332,5,11
927,331,5,11
927,336,5,11
932,331,5,11
929,324,5,11
926,325,5,11
927,325,5,11
930,325,5,11
935,325,5,11
939,325,5,11
943,323,5,11
948,324,5,11
953,321,5,11
953,331,5,11
953,334,5,11
953,333,5,11
953,329,5,11
953,324,5,11
949,327,5,11
953,324,5,11
