462,217,45,100
453,219,42,102
445,213,45,101
438,215,44,103
429,212,46,102
425,214,43,96
420,216,43,92
412,214,42,93
405,214,42,94
397,202,45,102
394,211,40,97
389,213,40,92
384,211,39,90
380,211,40,89
376,210,39,89
372,210,41,86
367,212,41,81
363,209,41,85
359,204,41,85
357,202,41,88
353,206,39,82
352,205,40,78
348,205,40,79
345,203,41,81
342,201,41,81
340,203,39,82
337,198,40,78
335,196,41,81
332,195,43,78
331,193,42,78
328,192,40,82
326,195,40,76
322,193,40,76
319,189,42,79
317,184,42,82
314,185,39,76
314,187,39,78
312,183,38,76
310,184,37,76
308,180,38,77
306,180,37,74
302,176,38,78
301,174,38,76
298,178,37,75
298,176,37,71
297,177,38,73
295,175,37,75
292,174,37,73
289,175,38,73
287,171,36,74
284,169,36,74
280,168,37,74
279,169,36,70
277,166,36,71
274,166,37,71
271,168,36,72
267,167,36,70
265,161,33,73
261,162,35,68
259,163,35,70
258,162,33,66
256,160,32,70
253,162,33,67
248,161,36,67
243,156,36,73
240,154,34,71
236,147,35,68
235,139,35,78
231,147,34,61
224,151,40,65
223,152,36,74
220,154,39,67
219,152,36,69
217,147,35,70
214,145,36,70
212,146,37,70
209,146,33,67
207,148,33,69
204,148,34,67
199,146,33,72
196,147,33,74
193,146,33,70
190,145,32,72
187,144,32,71
186,146,31,69
183,144,32,66
179,146,32,68
176,146,33,69
174,144,32,67
171,146,31,67
169,145,32,66
169,143,32,66
166,142,34,66
165,146,34,64
163,142,34,67
161,141,35,68
160,139,35,65
158,139,36,63
157,138,34,65
156,138,34,63
156,139,34,61
152,136,34,64
149,136,36,63
146,128,34,72
144,126,33,74
143,127,33,73
140,125,32,72
138,126,32,72
141,119,32,71
140,129,32,69
141,125,32,71
144,130,32,65
127,122,31,70
127,123,31,69
151,128,31,69
140,129,32,64
122,129,32,66
122,129,31,69
124,129,30,68
121,125,33,62
114,124,34,54
113,124,34,57
113,124,35,57
112,124,36,54
117,127,34,57
125,131,33,63
132,135,32,62
133,134,32,63
134,134,32,63
113,128,32,62
104,119,32,58
103,118,30,57
102,118,30,56
99,117,30,58
96,120,31,57
96,122,31,54
93,116,32,57
92,119,31,55
90,116,30,58
89,114,29,57
88,114,29,55
88,115,30,57
85,115,31,56
83,111,30,59
83,112,28,60
83,115,29,60
83,112,28,59
83,111,28,59
84,113,28,56
84,114,27,56
83,112,28,56
83,111,27,58
82,109,27,57
83,111,26,59
84,109,26,58
85,109,26,56
84,107,26,57
84,108,26,58
84,107,26,57
83,109,26,57
82,106,26,58
81,106,26,58
82,107,26,58
83,104,26,57
83,104,25,58
82,106,25,56
80,106,25,54
79,103,25,56
79,102,25,57
79,104,25,57
77,105,25,54
78,103,25,56
78,103,25,55
77,105,26,54
76,102,25,56
74,102,25,55
74,100,25,55
74,101,24,55
73,100,24,54
76,101,24,54
74,105,24,50
74,104,24,51
72,101,24,53
70,100,24,52
70,100,24,54
71,99,24,54
73,99,24,54
73,99,23,54
73,98,24,53
72,100,23,53
71,98,24,54
70,97,23,53
70,95,24,53
70,96,23,54
71,97,23,54
71,96,23,53
71,94,24,53
70,96,23,50
69,95,24,51
67,92,24,51
69,92,23,52
68,92,24,53
67,89,24,53
69,91,23,51
69,92,24,51
68,94,23,49
67,92,23,48
67,89,23,52
67,89,23,52
67,90,23,52
67,90,23,52
66,90,23,49
66,90,23,50
66,91,23,50
65,90,24,49
66,88,23,51
65,86,23,52
66,88,23,53
66,89,24,51
67,84,23,51
68,87,24,52
69,88,24,46
69,89,23,47
69,85,22,50
70,84,23,51
70,85,22,50
73,85,22,50
73,84,22,50
73,86,23,47
73,86,24,46
74,86,24,46
75,85,22,50
75,82,22,50
76,83,22,50
75,83,22,50
76,82,22,49
77,82,22,49
76,85,22,47
76,81,22,49
77,81,21,48
76,81,21,48
77,81,21,48
77,81,21,48
78,80,21,48
79,79,21,47
79,81,21,48
79,80,21,47
78,78,21,48
78,78,21,47
78,78,21,47
98,68,21,47
121,66,21,47
156,75,21,47
166,95,21,46
193,106,20,45
210,100,20,45
229,92,20,44
231,69,20,44
231,71,20,40
232,73,19,40
231,66,20,43
232,65,21,42
233,66,21,42
233,64,22,42
234,63,20,46
233,59,20,46
235,62,20,46
235,65,21,41
235,64,22,39
234,66,23,40
232,63,22,41
236,64,21,45
237,62,20,46
238,64,21,44
