299,325,41,72
300,324,39,71
300,324,39,71
301,323,39,71
299,323,39,70
300,324,39,70
300,321,39,71
298,320,40,71
299,320,40,71
299,321,39,72
298,320,39,73
298,320,39,72
299,320,39,72
298,320,38,72
298,320,38,72
298,320,39,72
298,320,40,71
299,319,40,71
297,318,40,72
298,317,41,74
298,317,41,73
300,317,41,73
301,318,43,73
301,318,42,73
301,318,42,73
301,318,42,73
301,318,42,72
302,320,42,74
302,317,40,77
302,317,39,77
302,317,42,77
303,317,41,76
303,318,41,76
303,318,42,75
302,317,42,76
302,318,42,77
300,319,43,75
300,320,43,76
300,319,43,75
300,322,42,74
299,322,42,74
297,322,44,74
296,322,44,74
297,320,44,77
294,321,45,76
294,322,46,75
292,321,46,76
291,320,45,75
292,321,47,75
292,320,46,76
291,321,48,76
290,322,47,76
291,322,46,76
289,322,48,76
289,321,49,78
288,323,49,76
289,322,48,78
287,322,49,77
288,319,48,80
290,319,47,79
291,319,46,80
291,318,46,80
290,320,46,81
290,320,46,81
289,320,46,80
290,320,46,81
288,318,47,81
289,320,48,81
289,317,48,82
288,317,48,82
293,317,47,82
292,316,48,83
293,314,47,82
295,313,46,82
296,313,47,83
294,313,48,83
297,314,46,82
300,315,46,81
301,314,46,82
302,316,46,82
306,316,46,82
308,315,45,81
311,315,44,83
315,314,44,85
319,314,44,84
325,313,46,83
330,311,46,84
334,310,46,82
337,311,46,82
341,310,47,83
345,309,47,84
347,308,47,84
351,308,47,84
353,308,46,84
355,305,46,83
359,307,46,83
364,306,47,83
366,303,46,84
372,304,47,84
375,303,45,87
382,302,45,85
385,301,41,90
389,300,41,91
393,299,43,91
397,302,42,90
398,301,43,91
398,300,43,92
398,300,44,90
401,299,43,90
402,301,42,89
400,298,44,90
410,304,46,84
407,302,45,87
407,299,44,87
409,300,45,85
412,300,45,85
415,299,45,86
420,301,46,85
423,300,45,87
423,299,45,86
427,300,44,88
426,298,43,87
428,298,44,87
429,298,44,88
428,297,44,87
428,297,43,87
426,294,45,89
427,295,45,89
426,296,48,89
420,291,45,93
420,292,44,93
419,292,45,92
420,294,45,92
418,294,45,92
420,295,47,92
419,295,48,92
417,294,46,93
416,296,46,89
416,297,46,88
416,297,48,88
415,297,46,88
413,297,46,88
412,297,48,90
411,298,47,91
411,298,46,94
409,298,48,93
407,299,47,92
406,299,48,92
403,298,45,93
403,300,47,92
402,301,47,90
400,301,46,94
398,303,49,94
397,303,49,95
397,302,49,97
395,302,46,98
396,303,51,97
394,303,50,97
395,302,50,96
395,302,50,97
393,302,47,94
393,301,45,95
392,301,45,91
392,300,47,91
392,300,47,90
393,301,48,92
390,302,51,91
389,302,51,93
383,300,52,93
382,299,51,92
380,298,50,94
377,298,51,92
374,296,54,95
375,296,54,93
373,296,56,95
373,298,56,94
373,297,57,93
383,298,56,95
373,298,57,89
371,298,57,92
384,297,57,94
375,298,58,91
376,298,60,91
376,297,60,92
377,297,62,91
375,295,65,94
378,294,64,96
382,294,63,100
384,287,59,105
379,292,63,98
384,293,61,98
386,293,61,99
387,295,63,94
388,291,61,101
391,291,62,102
396,289,59,104
397,287,59,104
390,291,66,94
397,286,61,99
400,284,61,103
397,286,65,96
404,283,63,103
404,288,67,96
411,285,65,97
415,286,65,100
413,288,69,97
422,282,65,106
421,287,67,96
428,280,63,102
429,282,63,104
426,281,64,102
428,283,64,103
430,279,62,109
429,280,62,110
424,280,64,102
428,279,62,108
428,279,62,110
425,279,62,110
427,277,61,108
425,279,62,110
428,277,63,110
430,279,63,111
430,277,63,110
429,277,63,111
430,279,62,109
427,282,67,105
430,279,63,111
426,281,67,104
430,281,64,113
429,280,64,112
427,283,63,112
429,283,64,112
424,282,64,113
425,284,63,111
426,285,62,109
424,285,62,110
420,284,63,110
421,282,63,110
424,282,61,108
420,284,61,107
417,282,62,109
413,285,65,106
409,285,62,110
407,285,61,108
406,285,60,106
406,285,59,104
409,285,59,104
405,287,58,102
408,287,57,101
407,287,58,101
408,285,57,100
409,285,57,100
409,282,56,98
410,284,56,98
410,284,56,99
411,286,56,99
411,286,57,100
413,287,57,101
415,285,56,98
420,287,55,97
414,288,55,96
416,287,55,98
416,289,55,97
411,288,56,96
411,289,56,97
414,288,56,99
414,288,58,93
422,290,55,96
422,289,55,97
423,292,55,96
424,292,55,97
426,294,55,97
415,296,58,90
418,296,57,91
422,295,53,91
421,297,53,94
421,299,53,94
415,300,53,93
413,301,53,94
408,301,53,94
409,300,53,94
403,301,54,95
402,302,54,95
401,303,53,93
398,302,53,93
398,301,53,94
397,303,53,94
396,304,53,93
397,303,52,92
393,305,53,93
392,305,53,93
395,307,52,92
394,309,51,90
391,311,51,91
389,309,53,93
388,310,53,93
390,308,53,93
389,310,52,92
384,309,54,94
386,306,54,96
389,307,54,96
379,308,54,96
382,305,55,98
383,304,56,99
382,303,57,100
386,303,56,98
388,301,56,98
383,303,55,97
383,305,55,97
383,305,55,96
383,305,54,96
384,303,55,96
384,304,54,95
379,305,55,96
381,299,56,98
378,300,54,96
378,297,55,96
379,294,55,96
378,291,54,96
384,300,55,96
385,301,55,96
384,301,55,97
377,298,55,97
379,300,56,99
382,299,56,98
384,299,57,100
386,301,57,100
383,297,57,101
387,300,56,98
388,300,56,99
388,298,56,99
387,301,56,99
388,298,56,98
392,298,55,97
392,299,56,98
390,295,55,97
392,300,54,96
384,296,55,97
391,298,55,98
392,297,55,97
395,302,55,96
398,303,54,96
398,304,54,95
395,308,53,94
395,306,53,93
390,302,52,92
388,302,52,92
383,301,53,93
380,304,52,92
379,308,51,90
378,307,50,89
378,306,51,90
373,307,52,91
371,311,52,92
369,310,52,92
364,311,52,92
360,309,52,92
357,310,53,94
350,309,54,96
345,311,54,96
344,308,55,97
343,309,55,97
337,308,55,98
329,306,57,100
323,308,56,98
315,313,55,98
311,309,56,98
305,310,57,100
297,310,58,102
297,311,57,101
293,309,59,105
291,307,60,105
294,304,61,107
294,302,61,108
294,303,61,108
293,302,61,107
296,301,60,106
295,300,61,108
294,301,62,109
294,301,62,110
292,299,63,110
289,300,63,111
288,298,64,112
287,302,64,112
285,300,63,110
281,298,62,110
276,299,64,113
272,303,65,114
260,306,64,113
257,311,65,114
247,309,66,117
236,313,68,119
235,310,68,120
230,311,69,121
224,309,69,122
218,308,68,120
212,308,70,123
207,308,70,123
197,306,71,125
195,311,70,123
192,312,69,122
187,313,70,123
179,310,69,122
173,315,71,125
174,310,71,125
167,309,71,126
165,305,72,127
158,298,74,130
155,304,73,129
154,300,72,127
149,298,72,126
148,298,73,129
139,302,73,129
127,300,73,129
120,309,73,129
114,306,73,128
108,304,73,129
100,301,75,132
89,306,76,134
90,308,75,132
84,310,76,133
76,307,77,136
66,302,77,136
52,308,78,138
50,311,79,139
44,313,79,140
37,314,80,141
32,308,80,141
18,301,81,142
11,302,82,144
2,298,84,147
0,296,83,146
0,298,82,144
0,298,82,145
11,223,83,145
0,215,81,142
0,233,78,138
32,325,78,138
126,325,79,138
131,314,79,139
142,309,80,140
93,296,80,141
26,275,80,141
73,331,79,140
81,296,80,141
110,298,80,140
29,300,80,141
64,304,80,141
22,304,80,140
14,303,79,140
20,307,79,139
46,310,80,140
36,309,79,139
32,322,78,138
6,306,78,138
17,310,78,138
7,313,77,136
13,318,76,135
25,318,77,135
0,316,77,136
0,314,76,135
2,318,76,134
1,316,75,131
0,319,73,129
0,317,72,127
0,315,72,126
0,311,71,125
0,318,72,126
0,321,70,123
0,320,70,123
0,322,70,124
0,325,68,120
0,328,68,121
0,324,67,118
0,328,67,118
9,329,66,117
0,286,67,118
33,251,66,117
58,284,67,117
66,322,67,117
40,322,68,119
14,327,66,117
0,330,65,115
0,332,65,114
0,329,64,112
0,325,63,110
38,341,62,110
80,356,62,109
87,364,61,107
100,386,60,106
126,361,60,107
55,390,60,106
56,398,60,106
74,394,59,104
40,351,59,103
39,364,58,102
41,363,57,101
1,348,58,102
2,358,57,100
15,370,56,98
1,350,56,99
0,352,55,97
0,352,55,98
0,353,55,96
0,351,55,97
1,352,55,98
1,349,57,100
2,351,56,98
0,352,54,95
0,354,54,96
0,354,54,96
0,355,54,94
0,354,55,96
17,361,54,95
14,350,54,95
72,324,54,95
55,332,54,95
68,322,54,96
66,362,54,96
35,358,54,95
5,351,55,98
12,356,55,96
5,341,55,96
5,331,54,95
18,333,55,97
