513,257,108,209
516,258,106,205
514,256,106,206
513,263,104,203
514,258,105,203
514,256,104,203
515,260,104,203
514,261,103,202
513,256,104,202
513,256,106,203
512,258,104,204
511,261,103,204
513,259,103,202
513,258,100,202
512,258,99,202
512,258,99,200
513,258,97,202
513,258,97,202
514,258,97,202
514,260,97,200
514,259,96,201
515,259,95,199
514,260,97,200
515,262,97,199
516,260,98,202
515,261,99,200
514,260,99,202
514,261,102,203
515,258,103,203
514,258,106,203
514,257,107,202
514,256,106,204
515,258,106,204
515,257,106,206
515,257,107,204
516,260,106,202
516,260,106,200
515,258,107,203
515,260,107,203
516,261,107,203
515,260,108,203
515,261,107,205
514,260,106,204
515,261,106,205
515,261,106,205
516,260,104,208
515,261,106,206
516,261,106,207
516,262,104,206
516,261,104,206
517,261,102,207
516,262,105,206
517,263,104,204
519,263,103,202
519,264,103,202
520,262,102,203
521,263,102,202
521,264,103,201
521,264,105,201
523,263,105,202
522,262,104,201
523,264,106,198
524,265,104,198
525,263,103,199
525,263,103,202
525,263,104,200
525,265,104,198
525,265,103,198
526,262,104,199
526,265,104,193
525,264,107,196
527,264,104,195
525,263,106,198
526,262,106,199
525,263,106,198
526,262,104,198
527,262,104,199
526,262,104,197
526,264,105,196
525,265,107,196
525,263,106,197
525,263,106,197
526,262,104,199
525,263,105,199
523,262,106,199
521,262,106,199
521,263,106,198
521,262,105,198
520,263,105,198
519,263,106,198
519,262,105,199
520,264,104,200
520,261,104,201
519,262,104,201
518,260,104,202
519,260,103,203
518,263,103,203
518,262,103,204
517,264,103,204
517,262,103,204
516,260,103,204
516,255,103,207
518,257,100,204
520,255,98,205
520,255,99,206
518,254,100,206
517,256,100,206
518,258,100,204
518,258,101,203
518,260,101,203
518,258,101,205
518,258,100,204
518,257,98,202
518,258,100,201
518,257,100,204
519,257,100,206
520,258,99,203
519,258,99,203
519,258,100,202
519,258,99,203
520,258,100,204
519,257,100,204
521,259,99,201
520,259,100,200
520,258,99,202
521,260,98,200
521,258,98,200
523,260,96,200
523,260,96,199
524,261,97,199
525,260,96,201
526,260,95,200
527,261,95,198
528,261,94,200
528,262,93,196
529,262,92,198
529,262,92,198
529,263,91,199
530,264,92,198
529,263,92,198
530,263,90,199
530,264,91,200
530,265,90,195
528,264,89,196
528,264,88,196
529,267,88,191
526,266,90,192
525,266,92,188
523,266,95,190
523,264,94,191
521,265,96,190
523,266,94,190
521,267,95,189
522,268,93,187
523,268,93,190
523,267,90,188
522,268,92,191
520,268,91,193
518,269,92,193
518,271,90,192
517,272,90,192
517,272,88,190
517,275,87,185
517,271,89,196
515,267,89,200
513,270,87,195
510,267,89,203
509,272,90,193
508,269,90,199
504,269,93,199
504,270,90,197
503,268,90,199
506,271,87,196
505,269,85,198
504,273,83,191
504,271,82,195
504,271,82,194
507,271,82,193
505,267,81,200
501,264,82,201
480,259,105,204
502,263,81,197
502,267,82,196
503,263,82,198
502,262,85,195
505,264,87,199
500,262,85,199
500,263,88,198
498,259,88,201
498,261,90,200
495,260,90,202
491,263,91,198
493,262,91,200
492,262,91,200
492,265,91,196
491,264,92,197
490,265,94,194
491,265,95,195
494,265,98,195
490,264,95,197
489,266,95,194
492,264,93,199
493,266,92,197
495,269,93,190
495,266,91,194
496,264,91,195
494,265,93,194
496,261,95,198
494,261,96,195
497,261,95,191
493,259,96,192
494,257,94,193
495,260,96,192
498,260,97,192
497,258,100,199
499,259,99,197
507,264,98,194
511,262,95,193
513,264,95,192
514,263,96,195
515,260,95,192
516,257,96,195
517,259,97,194
518,262,95,192
523,263,92,193
523,259,93,196
524,263,94,195
527,261,96,197
532,259,95,199
535,260,97,197
538,263,98,193
542,256,98,202
546,254,99,205
550,250,99,205
553,247,103,204
557,244,107,206
561,243,108,209
563,240,107,212
573,239,103,213
581,237,99,215
595,236,95,210
600,236,96,208
608,229,96,214
616,234,96,206
629,234,99,210
635,239,97,212
640,238,103,210
650,240,102,210
649,239,106,206
659,240,103,207
665,238,102,212
666,237,106,212
674,238,103,213
679,236,99,217
687,240,96,211
689,239,97,209
697,236,98,207
702,237,101,206
709,239,104,208
712,231,106,201
719,230,105,204
716,225,104,204
724,227,97,201
729,230,96,194
720,243,105,204
761,250,106,205
759,246,107,207
776,242,106,206
772,242,107,208
769,246,107,207
769,244,106,206
754,252,106,206
783,255,105,204
779,248,106,206
736,234,107,208
768,242,106,206
773,249,107,207
782,249,108,210
782,241,108,209
791,246,108,210
775,245,108,209
774,245,107,207
784,246,108,209
770,244,108,210
751,252,109,211
760,251,108,209
786,246,109,211
790,245,108,210
780,254,106,206
778,253,105,204
798,255,105,203
781,255,105,204
776,251,103,200
775,249,103,200
775,253,102,199
774,250,103,199
787,262,103,199
771,255,102,198
746,252,102,199
770,256,103,200
768,258,102,197
757,271,99,192
751,266,99,193
744,255,100,194
746,259,99,192
750,254,100,195
736,237,102,197
734,243,101,195
778,254,101,196
800,243,100,194
778,242,100,194
804,245,99,193
792,255,99,193
799,237,97,196
803,242,98,195
804,247,98,190
799,245,96,187
804,245,96,186
807,247,95,185
804,244,96,187
803,245,95,184
803,252,94,182
802,253,94,182
801,251,93,181
804,251,92,178
804,254,93,180
802,254,92,178
800,250,91,177
803,255,89,174
804,253,89,173
804,255,88,172
806,255,89,173
801,256,91,177
801,251,92,178
803,251,91,176
805,254,90,176
807,258,90,175
810,252,91,176
813,255,89,174
811,252,89,180
813,248,91,182
815,244,85,187
813,244,89,186
818,252,89,177
814,252,90,179
817,246,89,184
820,247,90,180
821,249,88,184
819,244,85,191
819,250,90,181
819,243,86,186
817,236,85,193
813,247,92,183
816,243,88,186
813,248,89,186
811,247,90,181
812,238,83,191
809,242,85,186
809,244,86,186
809,240,84,187
808,245,86,184
807,253,87,175
806,252,87,179
805,247,88,182
805,244,87,183
803,248,88,181
800,251,88,184
797,245,89,184
797,248,91,183
800,242,88,189
798,243,94,188
793,251,94,185
795,244,96,189
798,243,94,190
795,243,96,186
800,244,92,189
798,242,96,185
801,240,94,191
796,242,98,189
799,245,97,188
796,241,98,189
789,243,97,188
793,240,97,188
789,244,97,189
785,241,97,188
785,240,98,191
785,243,97,188
786,246,98,189
788,240,97,189
788,245,97,188
792,248,97,188
789,239,100,193
783,237,102,197
788,246,103,199
786,238,102,197
790,243,100,193
788,245,101,196
786,240,103,201
783,238,104,201
785,243,105,203
781,234,105,203
782,239,102,199
786,246,102,198
783,246,101,196
780,245,102,198
787,247,99,192
781,246,98,191
786,249,97,189
785,255,96,186
787,246,96,187
784,253,95,185
781,247,94,183
783,248,93,181
788,253,92,179
786,251,93,180
786,256,92,179
784,251,92,179
788,251,93,181
782,251,92,179
784,255,91,177
783,254,93,179
786,252,93,181
788,255,93,180
783,252,94,182
785,254,93,181
784,252,94,183
780,252,94,183
782,254,94,182
785,251,94,183
784,250,95,184
786,252,96,187
784,257,94,182
782,255,95,184
782,252,95,185
779,256,95,184
782,257,95,184
779,262,93,181
780,259,92,179
778,264,92,179
775,263,92,178
778,266,92,178
778,262,92,179
770,267,92,179
774,263,93,181
771,259,95,185
771,252,93,180
769,258,92,179
771,251,91,177
773,246,93,181
772,246,93,181
766,237,93,181
766,237,94,183
769,236,93,180
772,242,94,182
772,241,93,180
774,243,93,181
770,242,93,180
774,249,93,180
776,247,90,175
780,246,92,178
779,250,92,179
780,250,93,180
782,252,93,180
780,253,93,180
782,248,94,183
779,252,94,182
783,255,93,180
781,251,93,180
782,255,92,177
782,254,91,176
782,256,91,176
785,252,93,179
785,252,93,180
782,251,93,181
786,252,93,179
790,258,93,180
783,255,92,179
787,259,92,179
782,252,94,182
787,259,93,181
788,256,93,180
788,256,92,178
783,256,93,180
789,254,93,180
780,254,92,179
785,256,91,177
787,258,92,178
785,258,92,178
786,252,93,180
781,253,93,180
782,253,96,185
786,256,94,183
789,253,94,182
789,256,93,181
788,260,92,178
788,260,92,178
790,262,92,179
792,260,91,177
796,263,91,177
799,263,89,172
802,262,88,171
805,263,88,171
805,261,87,171
800,264,89,172
798,260,84,170
796,263,85,167
788,270,84,164
788,267,85,164
774,267,85,164
770,265,85,164
765,267,86,167
762,266,86,167
761,266,85,166
760,266,85,166
756,267,86,166
757,265,86,166
755,265,85,165
750,264,85,165
748,266,86,167
747,269,86,166
750,269,84,163
748,270,84,164
750,264,83,161
752,270,83,160
751,267,83,161
750,269,83,161
751,271,84,163
751,269,83,160
757,269,82,159
756,273,81,158
756,270,82,158
759,271,82,159
757,271,81,157
760,269,81,157
759,272,81,157
760,270,81,157
761,271,82,158
760,272,82,158
760,271,83,161
763,267,83,160
763,269,82,159
765,272,82,159
768,265,81,158
764,269,81,156
766,274,80,156
765,273,82,158
764,270,81,157
764,271,80,155
764,280,80,155
761,279,79,154
764,274,81,157
762,276,82,159
761,274,81,157
761,276,81,158
758,280,82,159
754,278,81,157
758,276,82,160
759,270,82,159
753,274,82,158
752,270,82,159
758,270,82,159
756,273,82,160
756,272,80,156
758,273,80,155
750,276,80,155
746,274,80,155
745,271,78,151
740,269,79,153
741,271,78,152
736,267,79,154
740,268,79,153
729,268,80,156
726,266,80,156
728,266,80,156
723,265,81,157
722,265,80,155
716,266,81,158
713,269,80,155
709,268,81,157
706,268,83,160
706,268,82,160
704,264,83,161
710,268,83,161
704,268,84,163
699,264,84,163
694,269,85,164
686,266,85,165
680,263,85,166
673,264,86,166
666,259,86,168
661,258,86,167
653,259,85,166
653,254,85,165
653,262,84,164
651,259,85,165
645,260,85,165
644,257,85,165
638,259,87,169
642,260,85,166
637,262,86,168
631,260,87,169
631,259,88,172
631,261,86,168
634,264,86,166
621,265,86,167
630,265,87,168
624,263,86,167
626,266,86,166
622,264,86,168
621,263,88,171
617,263,91,176
616,256,92,178
621,260,93,180
614,255,93,180
618,257,94,182
614,260,92,179
613,262,91,177
616,260,91,176
624,260,90,175
624,262,90,174
620,256,90,175
637,258,88,170
643,257,87,169
651,258,86,167
648,256,85,166
655,258,85,165
657,262,86,167
653,256,86,168
651,256,87,170
654,257,88,170
655,255,87,170
654,256,86,167
653,258,85,165
655,257,84,164
659,260,83,162
654,260,83,161
653,260,82,159
647,264,81,158
646,260,82,159
644,261,83,162
639,261,83,162
642,260,86,166
641,260,85,166
635,260,86,167
638,254,88,170
634,258,88,170
631,257,88,172
634,255,89,173
633,256,90,175
632,254,91,177
628,254,91,177
632,251,92,178
630,249,94,182
631,245,95,185
635,243,97,189
636,239,97,188
638,245,97,189
640,242,97,188
640,236,97,188
642,241,95,184
644,242,94,182
642,244,93,181
642,242,95,185
643,243,96,187
644,243,96,187
637,243,98,189
639,244,98,191
638,246,98,190
637,246,99,193
635,247,99,192
633,247,97,189
630,246,100,193
623,244,101,196
620,241,101,195
621,240,102,198
619,240,101,197
618,241,102,197
619,240,103,200
617,232,104,203
616,235,105,204
623,233,104,203
617,235,103,200
621,239,103,200
624,240,103,200
621,241,103,200
619,242,103,201
621,242,103,200
618,246,102,199
620,246,102,198
618,242,105,203
620,240,105,204
617,238,104,203
618,244,104,202
619,241,104,202
616,234,107,208
613,240,109,210
612,238,110,209
616,236,109,211
614,237,108,210
618,237,106,206
616,238,106,206
614,237,107,207
623,238,107,208
618,236,108,209
615,238,108,209
618,239,108,210
618,237,109,212
614,239,109,211
617,240,108,210
615,235,110,213
620,238,110,213
620,240,110,213
614,236,109,211
618,242,110,212
616,235,108,210
614,234,109,211
614,243,109,211
617,238,108,209
623,239,107,207
618,242,107,207
620,247,107,208
619,238,106,206
620,245,105,204
615,245,105,204
615,245,106,206
615,239,107,208
618,245,107,207
614,239,107,207
611,243,105,203
610,245,103,199
615,248,103,200
609,247,104,203
611,242,105,204
612,247,106,205
616,248,107,207
616,245,107,208
616,248,108,209
611,249,106,206
611,254,108,209
612,261,109,209
614,260,108,207
606,260,108,210
615,261,108,210
614,262,106,205
613,265,106,205
608,262,105,204
607,256,106,206
603,250,107,207
606,238,106,206
603,236,106,206
601,225,108,209
600,221,107,208
604,224,109,212
601,226,109,212
604,229,109,212
608,232,108,210
601,229,108,210
604,231,108,209
606,237,107,208
600,236,106,205
594,231,107,207
598,233,108,210
599,232,110,214
594,227,109,212
596,232,110,213
596,222,109,223
594,226,109,216
595,231,107,216
593,231,105,215
591,230,103,220
591,224,106,223
589,227,106,220
590,229,109,219
587,230,108,221
583,228,109,220
587,225,108,217
585,231,110,213
585,233,109,212
586,239,110,213
586,241,110,213
582,239,110,213
589,235,108,210
578,242,111,215
576,231,111,216
582,234,111,215
583,243,109,212
586,245,109,212
588,247,110,213
584,241,109,212
581,248,109,211
591,244,109,213
591,245,109,211
589,246,107,209
584,245,102,213
586,243,104,210
582,241,102,213
581,239,103,216
580,244,105,210
582,239,104,218
583,242,104,211
583,244,105,207
580,252,106,206
581,252,106,206
576,242,107,209
576,244,108,209
576,241,109,212
567,250,107,210
571,244,105,213
570,239,105,219
572,238,102,218
574,236,99,222
578,235,95,220
574,234,101,221
573,231,97,225
570,228,97,229
569,228,97,230
569,225,98,232
564,223,101,238
567,224,95,241
566,221,96,240
564,225,93,239
560,226,96,241
566,237,115,222
567,248,114,222
568,238,116,224
546,240,115,223
610,297,114,221
556,262,115,222
554,240,116,225
484,246,117,227
452,247,110,219
490,241,113,223
485,242,116,223
484,238,115,223
484,237,116,225
485,244,113,220
479,242,113,220
477,243,114,219
478,249,113,216
476,251,112,217
472,254,113,212
468,252,111,214
464,250,112,213
465,249,111,214
458,256,112,213
449,253,109,212
442,249,111,215
444,247,112,217
440,247,112,217
432,252,112,217
433,243,114,214
430,247,111,215
429,247,110,214
429,243,111,216
422,247,111,212
416,247,110,214
418,244,110,213
413,248,108,209
415,248,109,210
405,249,110,213
399,248,109,212
393,257,111,208
391,254,110,205
388,256,108,203
385,254,110,203
381,255,108,202
381,253,105,206
378,258,102,198
376,259,99,196
374,260,97,200
370,258,101,199
370,259,101,200
369,257,99,207
371,255,99,206
363,255,103,203
363,263,103,202
358,258,102,199
354,260,100,199
351,258,100,199
346,260,99,196
343,268,99,190
338,267,98,192
335,274,95,187
334,269,96,190
333,267,93,190
331,268,92,191
330,262,95,190
329,262,93,195
329,266,91,193
326,262,96,194
327,266,92,193
324,265,95,190
323,261,96,193
321,263,99,193
322,268,98,193
325,271,93,192
324,273,94,190
325,266,96,191
328,261,95,184
328,265,94,182
332,265,92,179
336,272,91,177
335,272,91,177
338,270,90,175
346,270,90,174
354,272,89,173
354,271,88,170
358,272,88,171
360,270,88,171
368,272,88,176
366,268,89,177
368,270,88,179
370,269,89,178
374,268,90,175
375,271,90,174
380,275,90,175
382,273,90,175
379,263,92,178
383,270,91,177
384,270,91,176
386,267,91,177
383,264,92,178
387,263,91,177
387,269,92,178
387,268,91,177
388,263,92,178
391,265,91,177
392,265,91,177
390,261,91,176
391,265,91,176
391,267,90,180
393,268,89,177
393,268,90,179
395,267,90,182
392,262,90,181
394,263,87,184
396,263,85,189
397,260,84,186
397,273,83,175
401,269,80,179
400,268,79,182
401,275,77,179
402,273,76,183
402,272,77,179
403,269,76,181
403,264,75,189
404,268,75,186
404,264,74,186
404,259,75,191
407,257,74,190
407,263,73,186
407,263,74,187
408,255,74,195
407,262,74,190
408,258,76,197
407,260,78,199
406,258,77,197
406,259,77,196
406,257,77,202
406,259,79,196
406,261,79,196
406,257,80,198
406,258,80,197
406,263,82,189
406,262,80,191
407,257,83,192
407,255,82,202
406,257,85,198
406,260,83,201
407,255,82,202
407,253,81,202
407,257,85,198
407,258,81,203
407,257,79,204
406,265,80,194
406,255,80,204
407,256,78,204
407,257,78,204
406,260,79,199
409,255,76,204
407,258,78,199
406,259,78,204
407,256,78,203
406,257,79,202
408,254,79,205
406,264,80,199
407,257,79,201
406,260,81,199
406,257,80,197
406,263,80,196
409,254,78,201
407,255,79,198
406,259,80,198
406,257,81,197
407,260,82,192
407,255,79,198
407,259,81,192
409,265,80,186
409,260,76,196
409,254,77,198
409,259,77,196
410,254,77,197
408,263,78,195
409,258,77,196
408,258,80,196
408,253,78,199
410,252,77,202
409,258,78,198
410,254,78,204
408,257,82,200
406,258,81,201
408,258,80,198
406,253,81,202
406,256,80,206
408,256,78,201
408,254,78,202
407,254,80,201
406,256,79,203
406,262,80,197
407,257,80,197
407,257,80,200
409,263,79,197
409,255,79,200
408,259,81,200
407,260,80,194
408,263,80,194
407,259,80,197
409,252,79,203
408,256,80,197
409,259,79,199
408,259,79,199
411,254,77,198
411,258,77,196
412,257,76,195
411,260,76,197
412,261,78,194
413,258,77,195
414,259,77,194
414,260,77,195
414,259,80,193
415,260,82,194
416,265,84,191
419,259,91,181
421,260,92,178
425,251,92,179
423,254,92,179
427,267,92,178
434,267,91,176
435,255,90,175
437,264,90,174
440,262,91,176
447,255,91,177
452,251,92,178
455,248,93,181
457,250,95,184
460,252,96,187
465,253,96,186
462,254,96,186
467,253,96,187
469,251,95,185
477,246,95,185
477,250,97,188
481,251,97,188
480,245,99,192
483,244,99,193
482,247,100,194
485,248,100,195
494,246,101,197
497,245,101,196
505,243,101,196
506,246,102,199
513,248,103,199
522,247,103,200
522,246,104,203
529,240,104,202
531,243,103,200
540,242,104,201
543,243,104,203
545,243,105,203
546,245,104,202
547,246,103,201
555,247,102,196
554,257,101,194
561,255,103,193
557,240,104,201
554,263,103,200
542,259,104,201
545,251,105,203
553,249,104,202
552,252,105,205
564,257,106,205
575,240,105,204
599,259,106,205
594,255,105,204
596,251,104,202
602,239,105,204
604,239,103,200
603,236,103,200
608,240,101,196
609,246,102,197
608,245,101,196
609,251,102,197
613,245,101,196
614,253,99,193
618,250,100,193
616,248,100,193
619,244,99,197
619,246,98,191
620,251,97,192
626,252,96,192
628,249,97,187
625,254,96,187
627,255,95,188
627,254,96,185
626,250,94,182
622,249,96,186
617,251,99,191
611,252,98,190
602,250,99,191
599,253,98,195
591,248,93,200
591,253,96,196
580,245,101,196
578,252,101,195
572,253,100,194
570,250,99,192
572,251,93,201
567,249,89,207
565,250,87,205
562,250,86,200
555,255,86,198
553,250,83,203
549,252,84,200
544,258,84,199
539,260,84,199
535,261,86,194
534,262,84,194
531,264,83,191
529,261,81,194
527,265,84,190
523,265,83,191
523,260,83,194
519,264,84,195
519,262,85,192
519,262,85,191
517,262,87,194
515,263,88,189
514,262,88,191
513,267,88,188
508,266,89,190
504,262,91,190
501,264,91,189
493,263,93,184
487,257,94,182
484,255,94,183
479,260,92,178
471,257,92,179
467,255,93,181
460,258,93,181
458,263,93,181
452,261,92,179
452,259,93,180
444,260,92,179
439,260,93,180
440,257,94,183
435,256,92,183
430,256,94,183
424,255,92,183
420,255,92,180
410,254,92,180
397,250,92,179
406,243,92,179
412,248,93,180
397,247,95,184
394,252,94,182
411,243,95,184
417,255,96,185
429,282,96,187
423,247,96,185
427,263,96,186
432,275,95,185
424,267,96,186
422,262,95,184
428,270,94,183
397,253,96,186
346,279,97,187
334,266,97,188
337,257,97,189
307,264,97,187
302,265,97,188
287,268,91,198
288,268,97,189
288,259,98,190
286,269,97,188
287,262,97,188
286,262,96,186
284,262,95,185
281,264,94,183
280,266,92,178
273,273,93,180
270,266,92,179
270,267,90,174
263,267,91,177
260,264,90,175
256,267,92,178
254,270,89,172
254,266,89,172
251,267,89,174
247,264,89,173
246,262,89,173
245,263,89,173
245,272,90,175
246,271,90,175
243,273,90,174
239,267,91,176
244,267,90,175
243,268,89,173
244,274,90,174
249,269,90,174
251,264,89,173
248,261,89,173
252,264,89,173
250,258,89,174
253,259,90,175
253,261,89,174
254,263,89,174
255,265,90,174
257,263,90,175
259,263,89,174
259,264,89,173
266,266,90,174
263,262,92,178
263,263,93,179
264,258,94,183
261,252,95,185
270,257,94,183
273,259,93,181
279,261,93,180
278,261,93,180
282,252,93,181
283,254,93,181
285,257,94,182
285,260,94,182
287,257,94,182
294,257,94,182
291,268,94,181
298,260,94,183
301,260,95,185
312,257,94,182
315,255,95,184
324,258,95,184
333,258,94,183
343,263,94,182
343,255,95,185
351,252,97,188
358,252,98,189
362,250,97,187
364,246,97,189
372,250,97,188
374,254,95,190
380,258,91,194
386,253,90,196
391,254,92,194
395,254,91,194
401,245,96,187
405,256,97,187
407,252,97,188
412,255,96,187
415,253,97,188
417,253,99,191
423,247,97,187
425,254,96,187
421,253,98,189
424,251,98,190
426,247,99,192
424,243,98,191
448,247,99,191
445,242,99,191
435,253,99,192
449,269,100,194
447,253,99,193
462,248,98,191
472,258,99,193
460,253,100,194
453,244,101,196
446,254,101,196
451,256,103,199
461,244,102,198
473,247,102,198
472,238,104,202
491,247,104,202
504,251,103,200
503,250,104,199
500,250,102,204
502,243,105,204
509,250,100,206
515,245,101,209
523,253,100,205
517,245,100,202
514,246,103,199
522,237,104,201
525,245,103,200
533,240,105,204
539,242,104,202
541,244,105,203
539,239,103,199
543,244,103,200
544,243,103,199
543,242,101,196
543,242,101,197
545,236,101,196
551,239,100,195
554,242,100,195
549,242,100,194
552,237,100,194
553,242,101,196
546,241,95,207
545,245,95,203
543,244,93,206
544,245,89,209
547,244,91,203
544,248,89,203
544,249,87,206
542,250,90,204
542,247,90,206
540,245,99,199
543,242,99,196
540,239,98,196
538,243,101,197
537,253,93,199
534,247,98,196
533,247,98,198
531,248,98,194
531,245,99,199
529,253,98,196
529,250,96,201
530,248,93,202
528,249,94,205
529,247,93,202
530,245,90,202
529,248,91,206
528,246,90,205
531,245,87,205
529,250,90,199
530,251,88,207
530,249,88,205
532,248,89,199
530,252,92,199
531,249,91,194
533,249,91,193
535,251,88,196
530,246,93,194
529,244,96,190
527,241,96,189
532,247,95,194
529,248,94,194
534,246,94,195
527,246,98,193
525,242,98,189
526,255,97,194
529,256,95,197
528,253,95,198
528,254,95,194
530,260,95,191
528,257,96,190
529,258,96,192
527,256,96,191
521,250,100,191
521,251,101,191
520,252,101,194
521,253,101,192
522,254,100,192
521,253,100,192
523,257,99,193
518,251,97,195
520,257,101,193
519,255,99,193
520,256,98,196
516,259,98,194
517,255,96,192
515,260,98,191
512,253,99,192
510,257,97,192
507,255,98,191
510,260,96,190
506,259,95,189
507,260,96,194
500,256,96,194
502,261,98,192
502,261,97,190
500,261,97,193
500,259,96,192
500,261,97,191
499,261,96,193
498,260,97,193
497,258,96,193
494,257,97,194
494,256,95,195
493,259,98,196
490,259,98,193
491,255,97,194
490,255,98,194
486,258,97,194
484,251,97,194
479,246,100,195
484,251,99,196
480,250,101,195
483,250,98,195
477,251,99,193
475,255,97,194
478,251,98,195
478,253,99,194
474,255,100,196
474,257,98,199
475,251,99,199
474,253,100,198
472,259,99,200
472,256,100,200
467,253,99,196
466,254,98,196
468,258,96,199
466,256,95,200
466,252,95,195
466,253,95,196
463,251,97,195
464,249,98,191
461,246,96,187
460,242,95,184
460,251,95,185
461,244,95,184
459,244,96,186
462,248,96,188
461,240,97,189
463,254,97,192
459,246,97,189
460,242,98,190
463,251,98,194
458,245,101,196
460,247,101,199
462,256,100,199
466,257,101,199
465,254,100,198
464,250,101,196
467,252,98,195
465,251,98,193
462,248,98,192
464,252,98,194
467,251,98,195
466,248,98,192
464,247,98,192
469,250,97,190
472,258,95,191
465,253,96,189
475,255,95,191
475,256,96,192
478,252,98,191
478,254,96,191
475,247,97,188
481,262,95,188
479,251,96,187
479,252,97,188
483,251,99,192
485,253,100,193
485,252,97,191
488,256,98,191
487,256,97,188
490,249,96,188
488,251,95,186
495,249,96,187
499,251,97,189
498,255,95,191
494,255,97,189
494,254,98,186
498,254,97,190
499,254,97,191
501,258,97,194
498,258,97,191
498,260,96,193
499,259,95,189
498,258,95,189
501,264,95,184
499,262,93,189
497,258,94,186
498,260,95,187
500,261,94,185
501,261,94,192
500,261,95,189
503,260,94,185
502,259,93,186
502,264,93,185
506,261,92,186
505,262,92,186
506,262,90,185
506,261,90,188
506,261,91,184
508,262,89,185
508,262,88,184
510,263,87,183
509,264,89,184
508,263,87,182
509,261,89,183
509,262,90,183
509,264,89,182
510,264,90,182
510,264,89,180
512,264,87,182
514,264,85,184
513,262,88,185
516,260,86,184
515,260,86,186
510,254,91,183
509,256,93,185
510,256,95,187
509,258,95,187
512,253,96,188
516,258,94,189
517,260,91,192
518,259,93,191
519,261,94,187
520,261,95,185
522,258,96,185
525,257,95,187
527,259,96,186
533,259,96,186
537,252,97,188
541,250,97,188
544,249,96,186
549,250,96,186
555,250,96,187
558,252,98,190
563,254,99,192
567,249,100,198
574,247,98,201
575,257,101,196
582,249,102,198
583,247,99,198
589,247,97,200
591,247,96,200
594,248,95,197
601,245,90,200
602,246,90,201
604,243,89,202
606,249,86,201
607,246,84,207
609,246,85,203
611,243,83,206
611,243,82,206
613,251,82,197
611,252,83,194
615,247,79,195
613,247,80,193
615,247,79,188
616,253,82,186
617,249,79,190
617,254,81,180
618,248,78,183
620,255,78,181
622,254,78,184
622,258,82,181
620,258,82,181
621,251,81,188
621,257,89,184
622,263,91,178
623,260,90,176
622,262,90,175
625,261,88,172
627,265,88,170
626,263,87,169
626,262,88,171
627,263,88,170
633,265,87,169
637,268,85,165
636,269,86,167
638,265,85,165
639,263,84,164
642,265,85,165
641,266,85,164
641,262,84,162
643,264,84,162
643,268,82,159
643,264,81,157
643,267,80,156
643,268,80,156
641,266,80,155
644,270,80,155
639,269,81,157
636,268,81,158
634,273,82,159
633,273,82,159
632,272,81,157
636,273,81,158
633,274,81,157
633,272,81,158
633,273,81,157
631,271,82,159
629,271,80,162
626,269,82,160
630,267,81,158
629,266,79,158
624,271,79,157
626,271,78,157
625,270,76,159
622,271,79,158
613,274,79,155
606,275,79,154
605,274,79,157
604,277,78,152
603,276,76,153
602,274,76,151
598,273,77,149
595,278,77,150
591,275,78,152
590,275,79,153
590,271,79,154
590,275,79,153
590,274,78,152
592,274,78,153
587,275,78,151
582,278,78,152
589,276,77,151
581,274,77,153
580,273,79,154
581,272,78,158
576,271,80,160
575,271,81,161
575,273,78,167
581,273,75,166
578,270,77,164
572,272,82,159
572,275,81,160
567,276,80,156
569,271,82,159
564,269,83,161
558,274,82,160
552,274,81,158
548,272,82,160
542,274,82,159
543,267,84,163
536,267,84,164
533,264,86,167
528,261,86,166
525,264,86,167
521,264,87,169
518,261,88,170
507,265,87,168
507,259,87,172
500,267,87,170
495,263,87,169
494,268,87,169
495,265,86,170
495,268,85,171
490,268,84,168
496,267,82,169
488,266,84,170
478,271,86,168
479,271,83,167
477,270,84,167
475,266,85,166
470,270,86,166
469,270,87,168
474,268,84,172
471,270,83,172
478,268,81,172
473,262,81,172
463,269,85,171
455,272,85,167
453,265,87,169
449,273,86,167
446,267,86,167
446,270,85,165
452,267,84,166
448,268,86,168
453,272,85,166
451,272,83,167
436,273,86,167
434,273,86,169
429,274,85,167
423,274,85,164
419,277,84,163
415,277,82,160
410,275,82,160
405,279,82,158
402,273,81,156
400,279,80,156
396,280,80,155
390,278,80,156
390,281,80,156
388,277,79,154
391,281,77,150
391,282,78,151
391,280,76,148
388,287,77,150
387,280,78,151
389,277,76,148
388,286,76,148
383,278,77,149
388,285,75,145
387,285,75,145
387,285,74,144
387,282,74,144
386,288,74,143
386,287,73,142
385,285,73,142
386,286,74,145
384,284,75,146
385,284,76,147
385,283,74,144
383,283,74,144
384,283,74,144
383,281,74,144
382,284,73,142
386,281,74,143
385,279,75,145
386,282,75,146
382,284,75,146
382,281,76,148
381,280,76,148
379,282,77,150
381,282,77,149
379,282,77,149
378,283,75,146
377,281,74,144
379,286,73,141
378,280,72,141
377,286,72,140
375,282,71,138
373,289,71,137
374,284,71,139
373,283,71,137
371,286,71,138
368,289,70,137
370,290,70,136
368,287,69,135
366,289,71,137
364,285,71,138
364,284,71,138
362,286,72,141
360,286,72,141
361,282,72,141
360,285,73,142
358,285,72,140
357,286,71,138
357,287,71,137
359,283,71,138
354,289,71,138
354,285,72,139
352,283,72,141
350,284,72,141
348,286,73,141
345,288,74,144
344,282,73,141
341,287,73,142
341,283,72,140
337,290,72,140
337,291,70,137
336,289,70,136
334,291,70,136
332,288,70,135
331,287,70,136
331,282,70,137
326,288,72,139
322,285,72,140
320,285,73,143
318,284,73,141
312,281,73,142
307,286,74,143
305,285,73,142
304,280,75,145
301,283,75,146
295,287,76,147
294,279,75,146
294,284,75,145
292,281,75,146
292,288,73,143
292,286,73,142
287,285,74,144
288,292,73,142
286,290,72,140
285,288,73,142
280,283,72,141
281,290,72,140
280,286,73,141
275,288,74,143
274,282,75,145
272,283,74,145
267,284,75,145
266,281,75,146
262,284,76,148
261,285,77,149
260,280,76,148
259,282,74,145
256,286,73,142
254,286,73,141
250,290,72,139
250,288,71,138
246,286,70,136
243,284,70,136
240,289,71,137
235,293,71,138
232,293,70,137
232,290,71,138
228,290,73,142
226,291,73,141
225,290,73,141
222,290,72,140
222,283,74,143
219,291,74,143
217,290,74,143
216,288,74,144
212,285,75,146
215,290,75,145
217,284,75,145
217,289,75,145
214,286,74,143
215,286,73,143
215,290,74,143
213,287,73,142
210,281,73,141
212,283,73,142
213,285,74,143
214,284,75,145
216,284,74,143
216,284,73,141
215,283,73,141
220,288,73,141
218,290,74,143
227,284,74,139
228,285,72,141
232,283,72,138
232,287,73,139
235,285,73,138
238,278,68,136
238,278,69,135
242,283,68,133
236,292,70,136
240,297,70,136
243,291,71,138
244,291,72,139
246,290,72,140
243,295,72,140
241,291,71,138
240,295,70,137
241,293,70,137
239,295,70,137
236,291,70,137
237,290,71,138
238,294,71,137
236,297,70,136
238,294,69,135
238,300,69,135
235,298,70,136
236,294,70,136
232,298,70,136
234,297,70,136
239,293,70,135
235,294,69,134
234,299,69,133
232,291,70,136
236,295,69,135
233,296,70,135
238,296,69,134
235,297,70,136
234,297,69,134
232,299,68,132
234,303,67,131
237,300,67,130
241,300,67,130
243,300,67,129
243,298,67,131
242,299,67,131
241,299,66,129
240,298,66,129
237,298,66,128
239,298,67,130
238,298,68,131
242,296,68,132
238,295,68,133
239,292,69,135
240,293,69,134
241,295,68,133
240,294,68,131
244,296,68,132
242,296,69,134
245,297,67,131
248,295,68,133
253,295,69,134
253,297,68,132
263,292,69,133
265,296,70,135
267,292,71,137
273,290,72,139
277,289,72,140
285,283,73,142
289,285,72,139
292,284,72,141
296,283,72,139
296,281,71,137
292,284,70,137
298,282,71,137
304,287,70,135
309,287,70,136
309,286,71,138
314,287,72,139
318,286,71,139
320,291,72,139
324,285,73,142
324,287,73,141
327,280,73,142
330,286,74,144
331,283,75,145
333,279,75,145
340,281,73,142
342,283,73,142
344,285,73,142
350,281,73,141
351,280,72,139
357,280,72,140
361,283,70,135
370,279,70,136
376,280,71,137
382,280,71,138
387,280,71,139
393,277,71,138
399,277,71,137
407,276,72,140
416,275,73,141
419,277,72,140
419,270,72,140
425,275,73,142
431,271,73,141
435,274,75,145
437,271,75,145
439,272,74,143
443,266,73,143
448,267,72,140
456,265,72,140
461,266,73,142
465,269,73,141
470,268,73,143
473,268,74,143
477,267,75,146
483,267,76,147
483,261,75,145
489,259,73,143
494,261,73,141
503,262,72,140
506,262,71,137
509,267,71,138
517,264,71,139
526,265,70,137
536,265,70,137
542,268,70,136
547,274,69,135
559,273,70,137
565,279,69,133
574,276,69,133
578,273,69,135
584,276,70,135
593,276,69,134
593,273,70,136
595,278,69,134
594,280,69,135
595,282,71,137
599,276,71,138
601,279,72,140
613,274,73,142
624,274,72,139
636,271,71,138
646,274,71,137
649,268,71,138
650,263,71,137
652,264,70,135
657,266,70,135
662,264,69,135
664,257,69,134
667,257,68,133
679,261,68,132
681,262,68,132
687,265,69,134
691,264,69,133
694,266,68,133
701,264,69,134
705,270,68,131
708,269,68,133
725,269,67,131
728,266,68,131
735,265,64,137
735,270,67,129
741,267,66,128
747,269,66,129
748,267,65,127
753,269,66,127
757,268,67,130
759,269,65,127
763,264,66,129
769,265,66,128
775,269,66,128
777,271,66,128
780,269,67,129
787,264,66,129
795,266,67,129
803,267,65,126
804,264,64,125
808,264,63,123
814,267,62,121
819,266,63,122
818,267,62,120
824,264,61,119
825,262,62,120
829,260,63,123
831,264,62,121
834,264,62,120
835,264,62,120
837,267,62,120
844,264,62,120
844,263,61,119
845,268,60,117
848,270,61,119
847,272,61,118
851,269,60,117
852,273,59,115
851,272,60,117
849,274,60,117
849,267,61,119
850,267,62,121
851,267,62,120
850,269,62,121
854,270,62,121
854,268,63,123
854,269,64,125
853,265,65,127
857,272,65,126
859,267,65,127
858,268,66,129
855,272,66,128
858,269,66,129
857,267,66,128
858,268,65,126
859,265,65,125
860,264,64,125
861,264,65,126
861,266,65,126
863,264,64,124
863,265,65,126
866,266,65,127
861,266,66,128
857,268,65,126
852,275,65,127
849,271,67,129
842,273,67,130
838,273,67,130
837,273,67,130
833,268,67,130
832,272,67,130
830,271,65,127
828,274,65,127
825,273,65,127
826,276,66,128
820,272,67,130
821,274,68,131
817,268,68,132
816,273,68,131
814,270,67,131
811,270,68,132
808,270,67,131
808,273,67,129
805,276,66,128
801,275,67,130
801,273,68,131
797,277,67,131
800,275,67,130
802,268,67,130
802,268,66,129
799,267,66,129
799,269,66,128
801,271,65,126
800,268,65,126
801,272,64,124
796,273,63,122
795,274,63,122
796,274,62,120
793,279,61,118
794,283,60,116
786,285,59,115
783,281,59,114
781,284,59,115
777,287,61,118
776,278,61,119
775,280,61,118
774,278,62,120
766,279,61,119
764,281,61,118
764,278,62,120
761,283,61,119
758,275,62,120
755,279,63,123
754,279,63,122
749,280,62,120
751,279,61,118
750,279,62,120
748,280,61,119
746,276,61,119
741,280,60,117
742,281,60,116
737,280,59,115
735,284,58,113
729,280,59,114
727,283,59,114
723,282,59,114
720,281,59,114
718,282,58,113
714,283,57,111
710,288,56,109
708,289,56,109
700,291,57,111
697,292,57,111
688,290,59,114
680,289,59,115
680,285,59,114
677,287,58,113
673,290,59,114
672,285,59,115
667,286,60,116
662,287,60,116
660,285,60,117
655,280,61,118
650,280,60,116
648,280,60,116
644,280,60,116
639,281,60,116
635,279,60,116
630,283,60,117
625,283,60,117
620,285,61,119
615,281,61,118
612,284,61,119
610,278,60,123
613,274,58,128
608,279,62,121
612,279,62,120
606,283,62,120
601,287,63,121
593,285,63,122
585,286,64,124
583,286,65,127
581,285,66,128
577,288,66,128
574,285,66,129
569,279,65,127
555,277,65,126
563,275,64,125
559,275,64,124
558,284,64,124
554,286,63,123
555,280,64,124
553,285,64,125
550,281,65,126
549,283,65,126
548,286,66,128
496,268,66,127
485,268,66,128
515,274,64,124
548,284,63,123
522,289,63,121
494,288,62,121
472,239,64,124
476,262,63,123
477,267,63,123
467,234,63,122
473,256,62,120
468,283,63,122
474,301,63,123
471,289,64,124
466,260,63,123
463,257,63,122
462,270,62,120
466,289,63,122
460,291,63,123
456,295,62,121
452,297,62,120
451,285,62,121
451,285,63,122
448,288,64,123
447,286,64,125
444,282,65,126
443,282,65,127
442,280,66,129
438,282,66,129
437,284,67,130
432,280,66,128
424,277,65,126
421,276,65,126
412,285,65,127
411,278,65,127
409,281,67,129
406,277,66,129
399,281,66,128
398,278,66,129
393,281,65,127
393,277,63,123
390,282,63,123
385,280,63,122
385,278,62,121
379,280,62,121
378,278,63,121
371,283,62,121
371,281,62,121
361,280,62,121
349,288,63,122
344,286,63,123
342,287,64,124
335,291,63,122
332,290,63,122
330,288,63,122
326,291,64,124
325,288,64,123
328,291,62,121
324,291,62,121
319,292,62,120
319,288,62,120
320,289,63,122
315,290,64,123
315,290,62,121
314,289,62,121
311,291,62,120
306,290,62,121
304,288,62,120
302,285,62,121
296,281,63,122
297,280,62,121
292,281,62,121
293,282,62,120
294,280,62,121
296,282,63,122
292,283,63,123
293,281,63,123
292,285,62,121
287,285,63,122
286,287,63,122
284,289,63,122
283,291,62,121
285,288,63,122
282,290,62,121
280,290,64,124
278,291,65,126
280,290,65,126
280,287,64,125
280,276,65,126
279,271,64,125
272,269,64,125
274,269,65,126
282,250,65,126
272,248,66,128
266,247,67,129
264,245,67,130
263,243,67,129
266,245,66,129
266,246,66,127
264,249,66,127
263,254,65,126
259,266,65,127
258,272,65,127
260,271,66,128
259,263,67,131
261,265,66,129
261,265,67,131
260,267,68,132
260,269,67,130
263,270,67,131
259,271,68,132
261,273,69,133
263,270,70,135
262,272,69,135
262,271,70,137
263,262,70,137
264,265,71,139
264,262,70,135
294,256,70,136
288,262,71,137
278,267,71,138
276,262,72,140
270,264,73,142
269,268,73,142
266,268,73,142
265,264,73,142
269,264,73,142
281,258,73,142
287,254,72,141
262,258,73,142
262,248,74,144
266,253,74,144
274,251,75,146
272,255,75,146
275,255,74,144
274,258,75,146
282,255,75,146
290,256,75,146
296,256,74,144
315,247,75,145
321,246,75,147
331,245,77,149
338,240,77,150
341,233,78,151
351,246,79,154
354,246,79,153
360,244,79,154
361,245,81,157
363,247,80,155
367,252,79,152
378,246,77,149
391,250,77,149
412,245,75,146
422,247,73,146
431,247,75,145
440,246,76,144
444,249,76,148
452,245,78,150
455,241,78,151
458,239,78,152
465,234,79,154
474,224,78,152
477,232,80,155
487,232,80,156
492,235,79,154
506,241,79,153
513,247,77,150
521,244,77,150
526,244,79,152
531,242,79,154
533,239,81,156
538,242,81,158
544,242,81,156
545,240,80,155
552,240,81,156
553,243,80,156
558,243,81,158
566,246,80,156
571,241,81,157
577,246,80,156
583,248,80,154
588,248,80,156
594,251,79,154
598,247,80,155
602,245,81,157
605,248,82,159
607,241,81,158
606,243,82,159
613,240,81,157
613,238,83,161
619,238,83,161
613,236,83,161
614,234,82,159
622,246,81,157
622,247,81,156
623,248,82,160
617,244,82,160
615,241,83,162
612,243,83,161
615,251,83,162
613,254,82,160
611,253,82,160
610,250,83,161
609,248,84,163
612,249,83,162
610,244,84,164
609,241,83,169
608,251,85,165
608,245,87,168
617,243,81,172
611,252,85,164
612,252,82,167
611,256,84,162
613,253,80,164
614,247,79,166
603,250,80,162
599,257,81,157
602,252,78,159
599,253,80,156
596,251,79,154
595,256,78,151
594,251,78,151
594,255,75,146
594,254,76,148
591,260,76,147
590,260,76,148
590,259,76,147
590,261,76,147
586,262,75,146
582,261,76,147
577,266,75,146
572,261,77,149
572,261,77,150
572,261,77,149
571,259,77,149
572,259,76,148
569,264,76,148
569,261,76,148
569,257,77,149
566,257,77,150
568,262,76,147
566,263,75,145
564,263,75,145
561,263,74,143
559,266,72,140
557,263,73,142
556,267,73,142
555,266,72,139
554,267,71,139
554,266,72,140
550,265,72,140
546,264,71,138
545,265,72,139
542,265,71,139
546,269,71,137
543,265,70,136
543,267,69,134
540,264,68,132
537,269,67,131
535,268,68,131
533,269,67,131
530,270,67,131
528,266,69,134
525,267,69,133
521,269,68,132
515,271,69,133
514,268,67,130
513,275,68,133
508,267,69,134
505,268,71,137
503,265,71,138
502,271,71,137
500,263,70,136
500,261,68,138
498,267,70,136
497,268,70,136
495,270,68,133
496,273,68,133
494,274,68,132
490,272,68,132
487,273,69,134
484,271,68,132
480,273,66,129
480,275,65,126
476,279,65,126
473,274,66,128
469,275,65,127
469,278,64,124
465,274,63,122
464,280,63,123
458,282,63,122
456,279,63,123
452,277,64,124
452,279,63,121
449,279,62,121
449,278,61,119
443,279,62,121
437,278,63,122
435,278,63,123
427,278,64,124
422,281,64,125
421,276,65,126
417,277,64,125
412,279,64,124
407,279,64,124
404,282,65,126
399,281,65,127
395,282,66,127
396,279,64,125
392,282,64,125
392,286,64,125
390,281,65,126
389,279,65,126
388,273,66,127
387,277,66,127
382,281,67,131
382,280,66,129
379,278,67,130
381,278,67,130
373,280,66,128
369,280,67,130
368,284,65,126
362,283,65,126
362,286,65,126
357,287,64,125
353,287,64,124
349,290,64,124
347,287,64,125
345,285,64,124
343,286,64,125
341,286,63,123
338,287,63,122
336,289,62,121
332,290,63,123
330,289,63,123
325,291,63,123
321,290,62,121
319,292,63,122
316,293,63,122
308,295,63,122
310,292,63,122
309,291,63,122
307,290,64,124
304,292,62,121
303,291,61,119
303,290,62,121
304,290,63,122
304,293,62,121
302,293,62,121
299,294,62,120
298,296,62,120
298,297,61,119
300,291,62,120
297,298,63,123
297,294,62,120
295,295,61,119
298,297,61,118
296,294,61,119
295,296,62,120
293,296,62,121
292,293,63,122
291,297,62,121
288,295,62,121
288,296,63,122
285,299,63,123
279,294,64,125
276,294,65,126
273,294,64,124
272,293,64,123
270,291,63,121
265,293,61,118
264,292,61,119
262,290,62,120
258,293,62,121
259,288,62,121
258,291,62,120
258,297,61,119
260,298,60,117
258,298,60,117
257,297,59,115
258,298,58,113
260,302,57,111
261,298,57,110
261,302,56,109
261,302,56,108
262,303,55,107
260,299,54,105
261,301,54,104
260,305,53,103
262,300,53,103
262,299,53,104
263,298,53,104
263,299,52,102
264,301,52,101
265,298,52,102
264,299,53,103
261,299,53,102
262,302,53,103
260,297,53,103
257,300,53,103
260,302,52,101
260,304,52,102
254,304,53,102
256,303,52,102
257,303,52,101
260,303,52,100
262,305,52,101
266,302,52,102
269,302,53,103
272,302,53,102
277,303,52,102
279,302,52,102
281,300,53,103
281,299,53,103
281,295,53,104
281,298,53,104
284,300,54,104
284,298,53,104
286,296,52,102
286,296,53,103
288,298,53,103
287,300,53,102
287,300,53,103
291,299,53,104
286,299,54,105
288,299,54,105
287,296,54,105
289,294,56,108
289,296,56,108
285,292,55,107
281,296,55,107
281,293,57,110
281,293,57,111
281,294,57,112
281,290,58,112
282,297,58,112
283,294,58,112
284,292,58,113
286,288,59,114
287,287,58,114
292,290,58,112
289,292,57,111
291,291,57,111
291,290,59,114
293,285,60,116
292,285,61,118
291,281,61,119
293,279,61,119
292,278,61,119
292,277,62,120
294,278,61,119
294,277,61,118
292,280,62,120
292,278,61,119
293,282,62,121
290,281,62,120
290,282,61,119
288,283,62,120
287,280,62,121
286,280,62,121
285,279,63,123
283,277,63,123
284,276,63,122
283,275,62,120
284,277,62,120
281,276,62,121
280,272,63,123
279,272,64,124
279,272,64,124
278,271,64,124
279,271,64,125
279,271,65,125
279,270,66,128
279,270,67,130
279,273,67,131
278,270,68,133
276,267,68,133
279,272,68,132
280,270,67,131
279,271,66,128
279,270,67,129
279,267,67,129
278,265,68,132
277,264,68,132
276,264,68,133
276,265,69,134
276,262,70,136
273,265,70,136
270,268,71,137
270,265,70,136
267,268,70,137
265,267,70,136
260,265,70,136
259,267,70,137
257,268,69,135
255,269,68,132
255,270,68,133
255,268,68,132
255,267,68,133
255,264,68,133
254,263,69,133
250,260,70,136
245,265,72,139
240,264,73,141
242,264,73,141
242,267,73,141
241,260,73,141
244,262,73,142
245,257,75,145
241,262,74,144
244,263,73,142
246,256,75,145
242,255,75,146
245,255,76,147
245,257,75,145
246,254,75,146
246,250,75,145
246,251,75,145
246,250,75,146
247,254,75,145
246,255,75,146
244,257,75,145
246,249,76,147
246,253,75,146
244,251,75,146
238,251,76,148
241,250,77,149
241,252,76,147
242,243,78,151
235,244,79,154
248,230,79,159
240,229,82,160
242,233,82,159
247,228,83,162
249,228,85,164
256,227,85,164
258,229,85,165
263,230,86,170
268,229,87,167
270,227,89,172
270,226,90,174
277,222,91,176
277,220,92,178
286,214,92,179
288,214,93,180
292,213,93,180
300,212,92,179
307,213,92,178
314,210,91,176
318,217,91,176
320,217,91,177
325,218,92,179
330,217,92,178
337,218,92,178
333,214,93,180
341,212,93,181
351,216,94,182
368,208,94,183
385,199,93,180
364,212,94,183
370,201,93,181
377,214,91,178
383,211,92,179
388,212,92,179
388,209,93,181
398,207,93,180
406,210,92,178
415,212,91,177
421,208,92,179
428,214,92,178
435,206,92,179
450,200,92,178
458,205,92,178
474,210,91,176
490,210,89,172
538,193,87,172
542,207,89,174
548,208,89,173
552,212,91,176
557,204,92,178
568,212,93,180
582,208,93,180
591,210,93,180
608,206,93,181
590,210,92,184
588,207,94,182
596,203,94,182
610,198,95,184
625,197,97,188
634,196,97,189
646,198,99,191
653,186,100,194
663,189,99,193
674,188,100,193
678,179,100,193
684,180,100,195
691,177,102,198
697,176,103,200
704,173,104,203
708,179,106,205
714,168,107,207
727,175,107,207
735,177,106,205
744,174,105,204
752,179,105,203
769,185,105,204
771,178,106,206
774,183,105,203
783,183,105,205
787,174,107,208
797,180,107,207
809,178,106,205
812,185,105,204
814,180,104,202
817,184,104,202
819,182,103,201
824,185,105,203
833,181,106,205
838,180,104,202
843,187,104,201
848,191,103,200
858,198,100,194
860,191,98,190
864,197,94,183
864,179,94,183
864,175,94,181
868,179,90,175
870,181,88,170
879,175,83,172
885,170,78,174
880,178,82,170
875,181,82,164
874,186,81,158
878,192,80,155
881,193,77,149
884,200,74,144
886,205,72,140
888,210,70,137
889,216,69,134
889,218,69,133
890,222,68,132
888,237,70,136
884,228,72,140
878,228,74,143
877,214,76,145
876,226,76,147
875,224,76,148
872,224,77,149
869,225,78,151
870,225,78,152
870,220,77,150
864,220,78,152
868,223,78,154
865,219,78,153
855,227,77,150
851,228,77,151
844,234,76,148
838,231,77,149
835,232,77,148
826,230,77,148
825,231,77,147
820,234,76,147
814,237,75,141
808,240,74,137
801,246,74,135
799,242,72,134
794,242,74,140
787,242,72,133
782,242,74,145
774,243,75,145
769,239,73,148
762,245,73,145
753,242,68,144
741,244,71,141
738,239,68,140
730,245,70,141
725,244,70,141
717,245,70,138
713,247,71,139
708,245,70,137
709,244,69,138
707,236,68,140
701,244,72,143
699,248,73,143
694,246,73,141
687,242,73,143
681,250,74,143
672,249,73,143
661,247,73,141
656,255,73,142
645,248,74,144
634,249,74,144
625,252,73,141
619,250,68,148
612,254,70,145
601,253,69,141
590,255,72,139
584,251,72,140
580,254,72,141
564,256,72,141
560,254,73,142
550,258,74,144
539,259,74,144
532,258,74,143
526,258,73,142
518,259,73,141
509,257,73,142
507,257,72,140
501,252,73,141
499,258,71,138
497,258,71,138
490,258,72,140
486,255,72,140
484,257,72,140
478,257,71,138
476,259,71,137
472,257,69,134
469,259,71,137
467,260,70,136
465,260,69,135
461,262,69,134
461,263,68,132
455,264,67,130
457,259,68,132
452,260,68,132
451,261,67,131
450,263,68,131
444,263,68,131
441,259,69,134
440,262,69,134
435,260,69,134
433,258,69,134
433,258,70,135
428,261,70,136
426,259,71,138
426,258,71,138
424,256,71,138
421,261,71,138
422,255,72,139
420,256,71,139
418,253,72,140
416,256,72,139
415,259,72,139
415,258,71,139
417,258,70,137
415,258,71,139
419,263,71,138
419,263,70,135
419,263,71,137
420,261,70,136
427,263,70,136
425,259,71,138
430,261,70,136
434,262,70,137
435,266,70,136
442,262,70,136
444,259,70,135
445,263,71,138
447,260,70,137
452,259,70,137
454,261,71,137
460,254,71,139
456,256,73,143
455,252,75,146
457,249,77,149
453,252,77,149
456,254,76,148
453,253,77,150
449,255,77,149
448,260,75,145
448,263,74,144
446,259,74,143
447,258,75,145
442,261,74,143
438,260,73,142
435,262,74,143
434,263,73,143
434,261,73,142
431,255,71,141
429,264,72,140
426,263,72,139
425,261,71,137
425,265,71,137
424,264,71,138
424,265,71,139
424,263,70,137
424,257,70,136
425,264,69,134
424,266,68,133
428,261,69,135
429,263,70,136
429,264,70,137
435,258,72,140
434,258,73,142
437,259,74,144
435,256,76,147
436,255,77,149
439,250,75,146
442,256,76,147
443,262,76,147
440,255,77,149
442,257,77,149
444,250,77,149
447,252,75,145
446,258,75,145
446,254,75,146
445,258,74,143
447,258,74,144
444,258,74,144
443,260,73,142
445,262,73,141
444,260,73,142
442,260,72,140
443,264,73,141
442,266,70,137
438,263,69,135
441,265,69,135
438,262,70,136
437,264,71,137
435,263,70,136
432,263,70,136
435,264,70,136
431,262,71,137
429,268,69,134
433,268,69,135
432,266,70,135
430,261,70,136
428,259,70,136
429,261,70,136
427,260,70,136
430,260,71,137
429,259,71,137
429,260,71,138
425,262,70,137
430,257,71,138
428,259,72,140
431,260,71,138
430,261,71,139
430,262,70,137
434,261,71,137
433,259,71,138
425,262,72,140
425,257,73,141
419,257,73,141
420,259,73,141
420,258,72,140
418,260,72,140
416,261,71,138
416,264,71,139
415,262,72,139
412,266,71,138
411,262,72,140
413,263,71,139
410,263,72,139
414,262,72,139
415,264,72,140
414,261,72,140
417,261,72,139
418,262,70,136
419,259,70,135
421,260,70,135
422,262,69,138
422,265,70,136
423,265,69,135
423,261,70,135
426,266,70,135
424,263,70,136
424,269,69,135
426,268,68,132
425,268,68,132
426,266,68,133
425,261,68,133
426,270,68,132
425,265,68,132
423,260,68,133
425,266,68,131
427,267,68,132
433,268,67,130
433,271,67,130
435,273,66,128
438,274,65,127
440,280,65,127
439,279,66,128
443,279,66,128
446,272,67,130
449,262,67,130
448,262,68,132
447,254,68,133
447,246,67,133
449,250,66,128
447,249,67,130
444,254,66,128
448,256,64,131
451,266,63,127
450,273,64,126
450,268,65,127
452,264,63,127
452,265,61,128
446,271,63,122
445,275,63,122
446,273,63,123
448,270,63,124
445,271,62,123
444,274,63,122
445,272,62,121
441,276,62,121
442,273,62,120
441,274,63,122
440,275,63,122
440,274,63,123
439,273,63,126
438,274,64,125
437,271,63,123
436,274,64,124
437,273,63,123
436,269,64,125
434,275,64,124
435,273,65,126
434,272,65,126
434,275,65,126
431,273,64,125
432,273,66,128
432,270,66,128
431,276,67,129
430,272,67,129
429,274,66,128
428,275,67,130
431,269,68,131
427,272,68,131
426,272,66,129
426,272,66,129
425,271,68,132
419,268,69,133
414,269,69,134
412,270,68,131
410,270,67,131
410,268,67,130
407,268,67,130
402,270,67,130
403,267,68,133
398,267,70,135
393,266,70,136
393,267,70,136
385,264,70,136
377,269,70,135
368,266,70,136
361,268,70,137
356,261,70,135
351,261,70,137
349,264,70,137
344,262,71,138
356,253,68,143
350,252,70,145
342,260,72,143
334,261,73,142
334,261,72,139
328,261,72,141
333,257,72,144
326,256,73,145
323,257,74,145
317,259,75,146
313,259,76,148
307,260,76,148
302,256,77,149
297,257,78,151
288,258,77,149
290,259,77,148
284,260,76,147
276,261,77,150
273,259,76,148
275,259,77,150
273,258,77,150
263,256,77,150
261,256,77,149
257,259,77,149
254,257,74,145
252,259,74,144
248,260,75,143
243,256,75,147
237,259,76,147
232,256,74,144
230,259,75,145
230,260,74,144
221,262,75,145
217,262,75,146
211,263,75,146
208,261,75,146
205,264,75,146
193,262,75,145
183,265,75,145
182,262,76,148
176,262,76,148
180,263,77,139
178,259,75,146
176,258,77,149
176,257,76,147
174,257,76,148
170,257,76,147
167,250,76,147
163,255,74,145
159,260,76,147
158,259,75,146
158,258,75,146
150,262,76,147
143,263,75,146
140,268,74,144
135,270,74,145
126,272,75,146
123,263,76,150
118,262,78,151
111,255,78,151
105,257,79,153
107,257,77,150
107,255,77,149
106,259,75,145
100,262,75,146
100,255,76,147
102,256,77,150
103,254,76,148
104,252,76,148
101,256,75,145
99,256,75,146
98,254,75,145
97,251,75,147
96,253,77,150
96,252,77,149
97,252,76,147
96,253,75,146
96,255,75,146
98,254,75,145
99,255,75,145
100,256,74,143
102,259,73,142
105,261,73,143
108,256,75,146
110,260,76,147
113,259,75,147
119,262,77,149
122,262,77,150
123,266,77,150
136,270,76,148
142,269,77,150
152,270,78,150
159,269,78,152
170,263,79,153
171,261,78,151
173,261,78,151
174,259,78,151
176,257,78,152
186,253,79,154
185,255,78,151
186,260,78,151
192,256,76,148
194,257,78,150
198,256,77,149
203,253,77,150
201,250,76,148
204,255,77,150
203,256,76,148
204,256,76,148
205,258,75,146
208,259,74,144
208,262,74,144
203,261,75,146
209,261,76,147
205,261,76,148
207,262,76,147
210,266,75,145
208,265,74,144
213,273,74,143
218,277,74,144
219,276,74,143
221,271,74,143
226,270,74,143
229,267,74,143
232,259,73,141
233,256,74,143
235,247,73,141
235,241,72,140
240,235,72,140
237,237,73,141
240,233,74,143
241,237,74,144
244,239,74,144
243,251,74,145
245,255,75,145
245,266,75,145
243,262,74,143
240,260,75,145
242,260,74,144
239,264,75,146
239,262,75,146
241,267,75,145
234,272,75,146
232,271,76,147
231,269,76,148
232,268,77,149
231,264,78,151
229,260,77,150
228,262,77,150
231,267,76,148
229,263,77,149
228,263,78,151
227,266,78,151
225,268,77,150
225,260,79,152
221,259,77,150
224,263,77,150
223,262,77,149
224,263,77,149
224,261,77,149
226,258,77,150
229,265,76,148
231,268,77,149
236,269,77,150
238,267,77,150
238,266,78,151
242,265,77,150
247,266,79,153
245,266,79,154
252,266,77,150
251,266,78,152
261,264,77,150
260,266,77,150
265,264,78,151
268,260,78,152
271,273,77,150
280,267,78,152
286,268,77,150
300,261,76,155
303,265,78,151
315,266,77,149
324,261,76,148
337,261,74,146
343,259,73,147
346,265,74,144
355,274,70,148
383,255,74,143
382,259,74,143
382,255,74,145
390,253,74,144
396,253,74,143
403,254,74,144
411,255,75,145
425,254,74,147
431,258,75,146
446,250,76,147
462,247,75,146
476,247,75,145
491,245,76,147
496,245,75,145
500,249,73,143
506,249,73,141
516,252,74,143
523,244,74,144
529,248,73,142
538,252,73,142
552,251,74,144
567,252,74,144
598,239,65,156
602,252,72,141
621,245,70,148
626,246,73,141
635,243,73,141
644,243,71,143
650,248,72,139
677,247,70,141
713,245,72,141
723,252,72,139
736,251,71,138
744,253,70,136
717,253,69,136
729,250,72,139
743,250,71,141
757,250,72,140
770,244,72,140
779,244,73,142
789,239,73,141
792,229,72,141
808,226,72,141
819,233,71,139
829,235,72,140
835,234,71,138
843,232,70,137
851,239,71,137
857,241,71,138
865,243,71,137
872,243,71,137
876,236,70,136
885,225,69,134
883,219,69,133
888,214,67,131
892,211,66,129
893,207,65,127
894,209,64,125
893,210,65,126
893,209,65,127
894,213,64,124
894,211,64,124
893,209,65,126
894,211,64,125
894,214,64,124
894,213,64,125
893,213,65,126
893,212,65,125
894,216,63,123
893,211,65,126
895,212,63,123
895,217,63,123
894,211,64,125
892,210,65,126
893,207,65,126
893,208,65,125
893,209,65,126
894,211,64,124
895,211,63,122
895,213,63,122
896,214,62,121
896,214,62,120
897,214,61,118
896,212,62,120
896,213,62,120
892,216,61,119
897,209,61,119
897,215,61,118
896,215,61,119
897,214,61,119
897,216,61,118
898,215,60,117
899,215,59,116
899,217,59,114
900,217,57,111
902,219,56,109
903,222,55,107
904,224,54,105
904,224,54,105
905,226,53,104
905,226,53,104
905,225,53,103
905,226,52,102
907,229,51,99
907,232,51,98
907,231,51,98
907,231,51,99
908,232,50,98
907,229,51,99
908,229,50,98
908,230,50,97
908,232,50,97
908,231,50,98
909,233,49,96
910,234,48,94
910,234,48,94
909,232,49,94
909,234,49,95
910,234,48,94
910,234,48,93
911,236,47,92
911,233,47,91
911,235,47,91
913,237,45,87
913,238,45,87
914,238,44,86
914,240,44,85
914,241,44,85
914,240,44,86
914,241,44,86
914,240,44,85
915,239,43,84
911,257,44,85
915,243,43,83
915,243,43,83
916,242,42,82
916,243,42,81
916,245,42,81
916,308,42,81
917,310,41,79
916,307,42,82
915,304,43,84
907,303,43,82
903,304,43,83
899,305,43,83
898,304,43,84
895,303,44,85
894,301,45,87
888,300,44,86
886,301,44,85
882,302,43,84
876,305,44,85
870,305,44,85
867,305,44,85
864,307,44,85
863,302,45,87
864,299,44,87
867,297,45,87
873,296,45,87
873,296,45,87
840,306,45,87
837,305,46,89
833,307,45,88
829,306,46,89
828,308,46,89
825,308,45,88
819,308,46,89
815,308,45,88
812,310,45,88
814,308,46,89
814,307,46,89
808,307,46,89
804,305,46,89
802,302,45,90
800,299,44,89
793,304,46,89
793,304,47,91
788,304,47,90
785,305,46,89
779,311,46,90
774,307,47,91
769,309,47,91
766,306,47,91
759,309,47,91
756,306,47,92
758,306,47,91
752,307,47,91
751,306,47,91
753,307,46,89
753,306,45,88
753,306,46,89
752,305,46,89
752,308,45,88
750,306,45,88
751,305,46,89
750,308,45,87
752,307,45,87
751,309,45,88
752,307,46,89
752,305,46,89
753,303,46,89
755,303,47,91
753,304,47,90
755,305,46,89
757,304,46,89
762,305,46,89
764,305,45,88
765,306,46,89
763,307,45,88
748,304,44,89
750,304,46,90
749,306,46,89
750,304,45,87
750,306,44,85
750,307,43,84
751,309,42,83
750,308,43,84
750,309,43,85
748,308,44,85
750,311,44,85
757,306,44,85
754,308,42,83
753,308,43,83
749,309,42,82
748,312,43,84
744,308,43,84
742,306,44,85
740,306,44,86
739,308,44,85
738,308,44,86
733,308,44,86
737,305,44,85
734,305,44,86
731,306,44,86
731,307,44,86
732,304,45,87
733,305,45,87
732,305,45,87
730,305,45,88
719,309,45,87
715,309,42,92
711,310,45,87
706,312,44,86
701,314,44,87
698,314,44,86
695,315,44,85
694,319,43,84
689,323,43,83
689,329,42,83
686,333,43,84
685,331,43,84
682,337,43,83
680,338,42,82
679,344,41,79
680,344,40,80
676,353,41,80
675,355,42,82
673,357,42,82
671,365,42,81
666,368,42,81
666,367,42,82
663,367,41,80
661,369,41,80
661,370,41,80
659,366,42,81
632,368,41,81
631,365,40,85
632,365,41,84
630,359,38,84
627,363,41,82
629,365,42,82
629,362,42,82
634,360,43,83
629,360,43,84
628,357,43,84
626,356,44,85
624,356,43,85
623,354,43,84
622,354,44,85
618,355,44,86
620,353,44,86
617,353,44,86
616,353,45,87
614,355,45,87
614,353,45,87
615,351,44,88
614,354,44,87
613,357,44,86
611,355,44,86
611,357,45,87
611,356,45,87
610,355,45,88
609,356,46,89
607,356,45,88
608,355,46,89
608,356,46,89
607,355,46,89
605,356,45,87
607,356,46,89
604,355,45,88
605,356,46,89
602,356,47,91
603,355,47,92
605,354,47,91
606,353,48,93
602,350,48,94
603,349,49,95
601,348,50,96
598,347,50,97
596,348,50,97
596,344,50,98
595,341,51,100
596,342,52,101
594,341,52,101
593,343,53,102
591,343,53,104
591,345,53,104
591,344,53,104
590,346,53,102
587,347,53,103
588,346,54,104
588,345,54,106
586,339,55,107
588,340,55,107
587,336,55,108
589,340,56,108
590,341,56,109
589,341,56,109
593,344,56,109
595,338,56,110
599,341,57,111
598,339,58,112
600,341,57,111
602,338,57,111
601,337,57,111
603,341,56,109
606,339,56,110
609,334,56,110
608,335,57,111
609,336,57,110
611,335,56,109
614,336,57,111
618,337,57,111
620,336,57,111
623,335,58,113
624,336,58,112
630,336,57,110
628,338,57,110
630,340,56,110
630,338,56,109
633,335,56,109
633,338,56,108
635,335,55,107
636,336,55,106
638,335,54,105
637,336,54,105
638,335,54,105
637,333,53,104
633,335,54,104
630,335,54,105
632,338,53,103
631,337,53,102
628,338,53,103
625,339,52,102
625,337,52,101
625,340,52,101
618,343,52,100
618,340,51,99
620,339,50,97
617,343,50,98
617,340,50,98
614,341,50,98
617,341,50,97
615,343,50,97
615,346,50,98
613,347,50,96
616,349,50,97
615,354,50,97
614,357,50,97
615,358,50,97
617,363,49,96
616,362,50,96
618,367,50,97
620,368,50,97
619,369,50,97
622,370,50,97
624,368,50,98
627,370,51,99
627,368,52,100
628,367,52,102
630,364,52,102
634,359,52,101
635,361,52,101
641,357,52,101
641,357,52,102
645,355,53,103
649,353,52,101
650,348,52,101
652,351,51,99
649,349,52,101
652,348,51,99
654,345,50,102
653,346,51,98
653,337,51,99
654,340,52,100
656,337,52,102
655,336,53,102
656,335,53,103
657,335,53,104
657,335,54,105
657,334,55,107
660,335,54,105
663,335,54,105
665,332,53,103
668,336,53,103
668,333,53,103
671,333,52,100
673,333,52,100
673,332,52,101
677,331,51,100
677,328,52,101
676,328,52,101
680,331,51,99
678,329,51,99
677,328,52,100
675,327,52,101
676,326,52,101
676,328,51,99
677,327,52,100
675,328,51,99
677,330,50,97
676,331,50,98
675,331,50,97
674,329,50,98
676,330,50,98
673,328,50,97
671,330,49,96
673,329,50,96
672,329,50,97
673,324,51,98
671,328,50,97
669,328,49,96
669,324,49,96
669,326,49,95
669,325,50,96
668,330,50,97
665,327,51,99
664,325,51,99
664,328,51,98
663,328,50,98
662,330,51,98
661,327,51,99
660,327,50,98
657,325,50,98
657,325,51,98
660,324,51,99
662,321,51,98
659,321,51,98
660,323,50,97
660,324,51,98
659,323,51,100
656,325,51,98
655,323,51,99
656,328,51,99
653,326,51,99
648,324,52,101
645,326,51,100
641,328,51,99
638,328,49,96
635,328,51,99
633,328,50,98
635,330,50,97
633,327,50,98
633,329,51,99
633,329,51,99
631,328,51,99
630,329,51,99
629,329,52,101
628,330,52,101
626,327,52,102
624,329,53,104
621,326,53,104
618,326,54,105
616,323,55,107
612,325,54,105
608,326,55,106
604,326,55,107
603,323,55,107
606,318,52,113
610,322,55,112
609,327,56,109
609,321,57,110
608,321,56,110
603,324,56,109
600,319,56,109
597,320,56,109
594,321,57,111
593,313,57,114
589,316,58,113
587,315,59,115
582,315,58,113
580,315,59,114
575,315,59,115
573,317,58,113
576,314,58,112
570,314,58,113
569,314,58,113
568,313,58,113
566,316,58,112
561,313,58,113
562,311,59,114
561,309,60,116
563,311,59,116
561,312,60,117
563,312,60,117
564,313,61,118
564,311,62,120
562,311,62,121
562,312,63,123
561,313,63,123
561,312,64,125
563,309,64,125
562,310,64,125
563,312,64,125
560,310,65,127
558,312,66,127
559,307,65,126
561,309,65,126
561,308,65,126
559,310,65,125
556,309,64,125
565,311,64,124
570,315,64,125
572,312,64,125
575,313,64,125
580,313,63,123
582,317,63,122
590,315,63,123
594,316,63,122
598,317,62,121
600,316,63,121
601,316,61,119
606,314,62,120
610,315,62,120
611,315,61,119
618,314,61,118
615,314,61,118
620,314,61,119
620,315,62,120
624,313,61,119
624,316,61,119
625,317,61,118
629,321,60,117
629,321,60,116
630,324,59,114
631,324,58,113
631,322,59,114
628,323,59,115
628,324,60,116
629,320,60,117
629,321,60,117
630,318,60,117
628,318,60,117
631,321,60,116
630,319,60,117
631,320,60,116
634,317,60,116
635,319,60,116
635,318,60,116
639,322,60,116
639,317,61,119
643,319,61,118
647,320,60,116
649,320,59,115
650,318,59,115
649,319,60,116
651,315,60,116
653,318,59,115
654,317,58,113
651,319,58,113
654,320,58,112
656,318,59,114
656,316,59,114
652,317,60,117
652,317,61,119
650,316,61,118
651,319,60,117
652,317,59,114
649,319,58,113
650,318,57,111
651,321,58,112
645,321,57,110
644,323,55,107
646,324,55,108
648,322,56,109
644,323,56,108
643,320,56,109
642,322,57,110
641,321,57,110
639,321,57,111
639,318,58,113
640,320,58,112
641,321,57,110
637,322,56,109
638,321,56,108
636,324,56,109
636,323,57,111
636,322,57,110
635,323,56,110
636,320,56,109
635,323,57,111
633,325,57,111
636,324,57,110
634,325,56,109
633,324,57,110
634,323,57,111
635,320,57,110
633,323,56,110
633,326,56,109
632,325,56,108
629,329,55,108
628,327,56,108
630,326,55,107
629,329,56,108
630,326,55,107
629,328,55,107
629,327,55,107
628,327,55,107
623,324,56,109
620,323,57,111
619,322,56,109
622,326,56,109
622,326,57,110
624,333,56,109
621,336,56,108
621,341,56,108
618,342,55,108
616,338,55,108
616,330,54,106
613,322,54,105
614,301,54,106
613,288,55,107
609,281,54,106
609,277,54,105
604,270,54,106
606,266,55,106
606,260,55,107
603,263,55,106
602,260,54,105
602,264,54,107
601,264,56,110
602,269,56,109
604,277,55,107
606,284,56,108
608,288,55,114
607,305,56,110
615,321,56,109
609,330,55,108
606,337,55,107
606,340,55,108
600,345,55,108
601,345,55,106
601,344,52,108
600,348,53,103
599,346,53,102
596,344,53,103
594,344,53,103
593,342,53,103
591,341,53,103
592,338,52,109
586,339,52,107
581,341,53,109
582,338,51,109
573,342,54,104
568,341,54,106
563,340,54,105
561,339,54,105
558,339,54,105
556,336,54,106
557,333,54,105
554,332,55,106
557,332,54,105
557,329,55,106
554,325,55,108
556,325,55,108
556,328,55,106
558,333,55,106
557,332,55,108
559,331,55,106
560,332,55,106
565,333,54,106
565,332,53,103
569,332,53,103
569,332,53,103
569,333,53,103
572,334,52,101
573,338,52,100
576,342,51,100
578,348,51,99
577,347,50,98
578,350,50,98
580,350,49,96
581,351,49,95
580,350,48,93
579,346,48,93
580,347,47,92
580,345,47,92
580,346,48,92
578,344,48,93
578,343,48,92
578,345,48,94
580,346,49,96
581,346,48,94
583,344,49,95
590,345,45,99
589,348,47,92
591,345,47,91
591,350,46,90
595,349,43,94
598,349,46,89
599,349,46,89
598,347,45,88
599,347,45,88
600,350,44,86
600,350,44,86
600,350,44,86
601,349,44,85
602,349,43,84
603,349,43,83
607,352,43,83
608,350,43,84
608,350,43,84
614,349,43,84
613,351,43,85
614,353,43,84
615,352,42,82
614,352,42,82
619,351,42,82
620,353,42,82
622,354,42,82
621,351,43,83
622,350,42,82
622,351,43,83
623,351,42,82
622,351,41,81
624,349,41,81
622,351,41,79
622,352,41,81
620,351,40,81
616,356,41,81
615,355,42,81
613,356,41,82
610,360,42,81
608,356,42,82
604,352,42,85
605,350,41,88
601,353,43,84
600,355,43,83
596,355,43,84
594,353,43,85
593,351,44,86
592,349,44,88
590,351,45,87
590,353,45,87
590,354,44,86
591,355,44,85
588,354,44,86
589,354,44,86
590,353,43,84
588,356,44,85
589,353,44,86
592,353,44,86
590,354,45,87
590,351,44,86
591,352,45,88
590,350,45,87
591,351,44,86
593,351,45,87
594,346,44,86
598,345,45,87
598,342,45,87
597,343,45,87
597,343,45,88
597,344,44,87
597,348,45,88
595,346,45,88
599,348,45,87
598,350,44,86
598,348,44,86
601,347,44,86
598,356,43,84
598,357,43,83
596,353,44,85
596,347,43,86
596,346,43,85
596,349,44,86
596,347,45,87
598,343,45,87
598,341,45,87
601,336,44,90
600,335,45,90
602,337,44,91
604,340,44,91
604,342,45,88
605,340,46,89
606,339,47,91
606,341,46,90
609,341,46,90
611,338,47,92
613,336,48,92
616,337,48,93
618,337,47,91
622,338,46,93
626,334,46,95
630,338,48,93
634,341,46,94
641,340,47,94
645,342,48,94
653,340,49,95
662,338,49,96
669,335,50,97
674,335,51,99
681,332,51,99
683,329,51,100
687,324,52,101
688,322,53,103
694,323,54,104
698,320,54,104
702,321,54,106
707,321,54,106
712,324,55,107
714,324,55,108
714,322,56,108
713,322,55,106
712,317,54,106
718,316,55,108
719,320,55,107
721,325,55,108
720,324,54,110
724,318,53,111
726,320,53,107
727,321,54,105
727,321,55,106
726,322,55,107
729,322,54,105
730,324,54,106
730,329,55,107
735,322,54,106
732,320,55,107
730,316,55,108
727,312,55,106
727,306,53,110
721,307,55,107
720,308,56,108
716,309,54,106
712,313,54,105
707,312,54,105
702,312,55,106
696,309,56,108
686,307,56,109
678,306,56,110
676,315,56,110
671,312,56,109
669,309,56,109
668,313,57,112
667,303,56,114
667,300,57,112
661,297,58,113
658,299,59,115
651,299,59,116
643,293,57,117
632,281,55,116
623,282,56,117
613,292,57,119
597,312,61,118
584,308,61,118
568,309,59,115
549,309,59,114
558,296,58,112
567,306,57,111
548,302,58,112
535,297,59,114
510,300,58,113
496,300,58,113
491,298,52,115
476,303,52,113
460,304,54,114
447,307,56,112
439,297,56,112
431,313,58,113
420,301,57,118
399,311,60,116
390,311,60,116
363,317,59,114
349,325,59,116
335,302,59,116
323,311,59,115
320,314,60,117
315,313,61,115
305,316,61,115
292,311,59,120
268,314,61,118
257,314,61,119
255,308,62,121
239,305,62,121
231,299,63,121
222,300,63,122
207,293,62,121
202,294,63,122
190,296,63,123
182,299,64,123
171,298,64,124
162,296,64,124
147,299,64,124
137,310,65,121
127,318,65,113
114,314,62,121
93,317,63,122
76,318,63,122
57,321,64,124
48,325,63,123
41,327,54,128
22,323,62,121
16,318,62,121
10,314,63,121
8,317,62,120
0,318,61,118
0,320,60,116
0,326,57,112
0,336,56,109
25,305,56,108
4,309,56,109
0,304,57,111
0,305,58,113
0,302,58,113
0,298,57,112
0,300,57,110
43,319,56,108
42,319,55,108
88,319,55,106
105,308,55,107
122,299,55,107
126,296,54,105
108,285,54,106
130,297,55,107
173,300,55,106
243,311,55,107
256,304,55,107
257,308,54,106
254,312,54,105
273,322,54,105
331,328,54,106
330,319,54,104
291,307,54,105
259,306,53,102
255,312,52,102
258,311,52,102
254,309,53,104
260,307,55,106
264,306,54,104
269,313,53,104
260,308,55,106
264,317,54,106
263,312,54,105
262,316,54,104
264,312,54,105
264,310,55,106
265,310,55,106
266,312,54,105
265,310,55,106
266,312,54,106
264,314,55,106
268,312,54,106
266,314,54,105
265,313,55,107
263,311,55,107
261,313,55,108
257,314,56,109
257,314,55,108
259,314,55,108
258,317,54,105
258,317,54,104
260,319,53,103
259,321,53,102
260,319,53,102
260,320,53,104
259,319,54,106
263,317,54,104
263,320,53,103
262,318,53,102
261,316,53,103
261,315,54,105
263,314,55,107
264,314,55,108
266,312,56,108
265,308,56,110
265,309,56,108
267,308,56,109
267,309,57,110
271,308,57,111
269,310,56,109
270,309,56,110
268,305,57,110
269,303,58,112
269,300,58,112
270,294,58,113
268,293,58,113
265,293,58,113
264,295,58,113
259,296,57,110
257,295,57,110
256,296,56,109
255,296,57,110
255,294,56,109
256,297,56,109
251,295,56,109
252,296,56,108
251,296,56,110
250,294,56,109
252,294,56,109
253,297,56,109
248,297,56,109
248,297,56,110
248,298,55,108
250,298,55,106
250,297,55,106
247,294,55,106
250,299,54,106
248,296,55,106
247,295,54,106
247,294,55,107
245,291,55,108
246,294,56,108
249,295,56,108
248,294,55,108
248,294,55,106
248,294,55,107
248,292,55,108
248,290,56,108
250,293,56,108
248,291,57,110
248,291,57,110
249,293,57,110
247,291,57,110
245,292,58,112
248,290,58,113
249,290,58,113
246,288,58,113
247,290,59,115
244,288,59,115
247,291,60,116
249,293,59,114
250,293,59,116
252,293,59,114
252,290,59,114
253,296,59,114
253,294,59,114
256,297,58,113
254,296,58,113
256,297,57,111
257,297,56,109
252,297,56,110
252,292,57,110
250,295,56,109
252,294,56,108
251,296,55,107
250,293,56,109
251,297,56,109
252,294,56,109
250,294,56,109
249,294,57,110
249,293,57,112
250,294,58,113
251,291,57,111
251,293,56,110
250,296,56,108
250,295,56,109
249,295,56,109
249,293,57,110
248,294,57,110
249,295,56,109
249,295,57,111
249,296,58,112
248,295,59,114
249,296,58,112
247,301,57,110
249,298,57,110
248,297,56,109
246,299,57,110
247,297,57,110
249,300,56,110
248,299,56,109
247,301,57,111
247,297,57,110
248,301,57,111
246,300,57,110
248,295,57,111
248,296,57,112
249,299,58,112
247,296,58,112
247,296,59,114
249,300,58,112
248,299,57,112
247,299,57,110
249,298,56,110
249,301,56,108
250,297,56,108
251,299,57,110
246,296,56,110
248,297,56,110
248,299,56,108
251,300,56,109
250,297,56,109
248,298,56,109
250,295,57,110
250,298,56,109
250,296,57,110
247,296,58,112
247,294,58,114
247,293,58,114
245,293,58,113
248,296,58,113
250,293,58,113
248,295,58,112
250,298,57,111
247,295,57,111
246,295,58,112
249,294,57,111
250,294,57,111
250,300,57,110
251,299,56,109
250,301,56,109
250,308,56,108
251,313,57,111
252,317,57,110
252,321,56,110
252,326,56,109
255,334,55,108
254,336,55,108
257,336,55,107
256,335,55,107
258,335,53,104
260,330,52,102
263,326,53,102
265,312,53,102
266,299,52,102
268,286,52,102
268,277,53,102
266,270,53,104
268,269,53,103
268,271,54,104
266,274,54,105
267,276,54,106
272,286,53,104
273,296,54,105
274,305,55,106
275,317,55,106
276,323,55,107
275,321,55,106
276,319,54,105
274,317,54,105
277,311,55,106
278,308,54,105
291,308,54,105
289,309,54,106
278,312,54,106
272,309,55,106
273,309,55,107
274,307,56,109
278,308,55,108
286,304,56,108
280,306,56,109
275,307,56,108
272,308,56,109
274,311,56,108
273,306,57,111
268,309,57,111
271,309,57,110
269,307,56,110
270,308,56,109
271,309,55,107
269,309,56,109
271,308,57,110
271,306,56,109
270,310,56,110
268,307,57,110
265,306,56,110
263,306,58,112
258,307,57,112
253,306,58,113
252,308,59,114
235,312,58,113
243,311,59,114
237,312,59,114
235,314,59,114
231,315,58,113
224,315,58,112
222,315,57,110
217,313,57,112
215,315,57,110
214,317,56,109
210,317,56,109
207,315,56,108
206,316,56,109
192,321,56,108
189,317,56,110
185,316,56,108
184,316,55,107
178,317,54,106
169,316,55,107
162,314,55,106
162,315,56,108
162,314,56,109
157,318,57,110
156,316,57,111
156,318,57,110
153,324,56,109
149,323,57,110
145,325,57,111
140,322,58,113
133,321,58,114
123,322,59,115
115,322,59,114
111,323,58,113
102,323,59,114
97,322,59,114
89,322,59,114
82,321,60,116
79,320,61,118
71,324,60,117
72,320,60,118
67,324,61,119
60,325,61,119
56,323,61,119
53,324,61,119
50,325,61,119
46,321,61,118
41,324,61,118
41,321,61,119
40,321,61,118
34,320,60,117
32,322,59,116
30,320,60,117
31,323,61,118
30,324,61,118
28,321,61,118
28,324,60,117
24,324,59,115
19,328,59,116
12,330,58,114
0,331,60,116
0,328,58,113
0,330,57,111
0,327,56,110
0,327,57,110
0,325,57,111
0,325,56,109
0,326,55,108
0,321,55,107
0,321,54,105
0,325,54,105
0,326,54,105
0,331,54,105
0,331,55,107
0,331,54,105
0,332,54,104
0,332,53,103
0,333,53,103
0,334,53,102
0,335,52,100
0,338,51,99
0,340,51,99
0,339,51,99
0,340,50,97
0,340,50,96
0,342,49,96
0,342,48,94
0,344,48,93
0,344,48,93
0,346,47,92
0,348,46,90
0,349,46,89
0,351,45,88
0,348,45,88
0,349,46,89
0,350,45,87
0,351,43,84
0,351,43,83
0,351,43,83
0,352,42,82
0,352,42,82
0,353,42,82
0,351,41,79
0,353,40,78
0,354,41,79
0,355,40,79
0,357,40,78
0,357,40,78
0,358,40,78
0,356,40,78
0,356,41,80
0,357,41,80
0,357,41,80
1,356,42,81
3,355,41,80
1,355,41,81
2,353,42,82
2,354,42,81
3,351,43,84
1,351,44,85
3,351,44,86
2,351,45,87
0,351,45,87
0,352,45,87
0,352,45,87
0,352,45,88
0,351,45,88
0,352,46,89
0,349,47,91
0,348,46,90
0,349,46,90
0,349,46,90
0,350,46,89
0,349,46,89
0,350,45,88
0,349,46,89
0,350,46,89
0,351,45,88
0,349,44,87
0,350,44,86
0,351,44,85
0,353,44,85
0,356,43,83
3,356,43,83
8,357,43,84
12,355,43,84
12,353,43,84
14,355,43,84
17,354,43,83
18,353,43,83
17,352,43,83
17,354,44,85
19,350,44,86
18,353,44,86
19,353,44,85
19,350,44,85
20,354,43,84
21,351,43,84
19,353,43,85
18,353,43,85
14,353,44,86
14,354,44,85
13,355,43,84
13,354,44,85
13,352,44,85
10,351,44,86
12,351,44,86
10,351,45,87
8,352,45,87
8,351,45,88
7,350,45,88
7,349,46,89
9,348,46,89
11,350,47,91
13,350,46,89
12,349,46,89
15,348,45,89
14,347,46,89
15,352,46,89
18,352,45,88
18,351,45,88
19,349,45,87
21,350,44,85
22,350,44,85
24,351,44,85
24,348,44,85
26,351,43,84
28,350,44,85
26,349,43,84
29,349,43,84
30,350,43,84
29,349,43,84
31,350,43,83
32,350,42,82
32,350,42,82
30,352,42,83
32,353,42,82
32,353,42,81
30,352,42,81
32,353,41,81
30,356,41,80
33,353,42,81
29,354,41,81
28,356,41,79
29,357,40,78
29,356,40,78
29,357,39,77
30,357,39,76
28,357,39,75
28,355,39,76
29,356,39,76
29,358,38,74
30,358,38,74
30,359,38,75
30,356,38,75
25,356,38,75
34,372,38,74
27,372,38,74
18,372,39,75
1,375,39,75
2,366,37,79
0,365,40,77
0,359,40,77
0,357,41,78
0,356,40,79
0,345,40,79
0,347,41,79
0,345,40,79
7,345,41,81
0,346,41,80
36,353,42,81
36,351,42,82
49,326,42,82
59,306,42,82
62,297,42,82
65,297,42,81
63,304,41,80
61,301,41,80
63,302,41,81
61,301,42,81
70,305,42,81
70,304,42,81
70,314,41,81
51,349,41,80
47,350,41,80
46,351,41,79
45,351,41,79
44,351,41,79
40,349,41,79
42,350,41,79
41,351,40,77
40,350,40,77
41,347,41,79
38,350,40,79
38,348,41,80
40,346,41,79
38,347,41,79
37,348,41,79
37,347,41,80
38,347,41,81
35,347,41,80
37,348,41,80
36,347,41,80
35,349,42,81
34,346,42,81
33,347,42,81
32,347,42,82
30,348,42,83
29,349,42,82
27,350,42,81
26,349,42,81
25,349,42,82
25,348,42,82
22,348,43,83
22,349,42,82
20,348,43,83
20,353,43,84
19,347,43,85
18,347,44,86
18,347,44,86
17,347,45,87
16,347,45,87
17,347,44,86
14,347,43,84
15,348,43,83
16,351,43,83
15,347,43,83
14,347,43,85
15,346,43,84
15,350,43,83
15,348,43,84
14,346,44,86
13,347,45,87
13,347,45,88
14,344,45,88
13,343,46,89
13,344,45,88
12,342,46,90
13,342,46,90
12,343,46,90
13,342,47,91
10,342,47,92
10,340,47,92
9,341,48,94
9,339,48,94
10,340,49,95
10,341,49,96
9,338,50,97
11,336,50,98
8,336,50,98
9,335,50,97
10,336,50,98
10,338,50,97
6,335,51,98
12,334,50,98
7,336,51,99
10,336,51,99
10,334,51,99
10,335,50,98
10,335,50,98
11,335,51,99
10,335,51,100
11,336,52,100
11,336,51,100
12,333,51,100
11,336,51,99
12,338,51,99
9,337,51,99
10,336,52,101
6,336,53,103
9,335,53,103
3,335,54,106
12,334,54,106
14,332,54,106
13,333,54,104
12,333,54,105
14,332,53,103
13,339,53,102
15,341,53,103
15,343,53,104
17,344,55,107
19,348,55,108
21,348,56,108
29,352,56,109
29,354,56,110
30,358,57,110
35,354,56,109
37,352,56,109
40,349,55,107
43,345,55,107
45,337,55,108
45,328,55,107
46,320,55,106
50,312,54,105
52,293,54,105
56,289,54,105
55,292,54,104
53,302,53,104
53,309,53,103
53,313,53,103
54,315,53,103
56,315,54,105
53,316,54,105
54,314,54,104
56,312,54,105
59,311,54,105
62,314,53,103
65,311,53,103
65,311,52,101
68,313,52,101
73,313,53,103
74,314,52,102
78,315,52,101
82,316,51,100
86,318,52,101
91,320,52,100
102,323,50,98
104,322,51,100
112,321,51,100
120,321,51,100
125,321,51,99
128,318,51,100
136,317,51,99
141,317,50,98
143,318,49,95
148,320,49,95
153,322,49,96
159,324,49,94
162,329,49,95
166,331,50,96
171,332,50,97
176,335,50,97
178,336,50,97
187,330,50,97
197,327,50,97
198,335,49,95
195,331,48,94
195,328,49,95
191,328,49,95
194,327,49,96
199,330,49,95
206,331,48,94
191,331,49,94
194,333,48,94
192,334,48,94
196,336,47,92
193,339,47,92
189,339,48,93
185,342,47,91
179,342,47,91
179,340,46,90
171,340,46,90
166,338,46,89
164,337,46,90
158,337,46,89
153,338,45,88
144,342,45,88
141,342,46,89
131,343,46,89
124,344,47,91
117,345,46,90
107,342,46,90
94,344,47,91
84,340,47,92
87,339,47,92
78,341,47,92
75,337,46,90
70,337,48,93
65,335,48,93
61,335,47,91
58,336,46,89
34,339,45,88
28,341,45,87
18,343,45,87
14,344,45,87
