190,154,420,189
193,159,416,186
210,166,418,189
216,169,417,188
225,174,415,188
225,181,412,188
221,194,416,186
219,204,417,187
215,214,409,187
210,222,410,189
204,224,415,189
195,227,417,189
182,226,421,188
165,221,423,188
145,215,432,190
132,212,422,191
119,212,420,186
114,208,412,185
112,204,413,185
117,198,412,185
122,192,412,190
133,187,403,187
137,179,403,187
137,177,398,185
130,175,406,184
131,179,399,183
119,188,412,180
112,196,407,184
99,207,410,185
77,217,416,189
57,222,422,188
43,225,419,186
27,225,422,187
17,225,410,184
0,226,408,185
0,226,407,181
0,225,405,181
0,220,407,185
0,219,412,183
0,219,406,180
0,219,401,179
0,219,401,179
0,220,402,176
2,220,408,174
0,221,406,171
0,217,401,168
0,219,398,163
0,219,396,161
0,219,399,163
0,218,391,167
5,220,386,172
16,221,394,172
27,222,404,175
42,226,411,165
76,230,403,165
104,234,390,160
122,239,383,161
154,241,357,160
158,240,379,162
198,245,336,159
195,227,409,188
193,227,432,194
192,231,412,187
192,227,435,195
205,227,434,195
208,229,424,191
211,230,417,187
226,227,411,185
219,225,406,182
217,226,398,179
256,230,392,176
227,230,393,176
227,232,397,178
234,232,389,175
249,232,381,171
244,238,377,169
268,233,366,164
248,230,366,164
262,235,360,162
277,233,353,158
269,231,351,157
252,234,352,158
257,230,346,155
257,235,342,154
253,230,339,152
254,236,338,152
240,238,338,152
232,232,338,152
224,231,340,153
216,233,339,152
219,233,335,150
211,230,336,151
211,233,333,150
209,236,332,149
191,235,327,147
200,230,327,147
196,229,325,146
204,238,320,144
196,238,310,139
198,236,312,140
193,236,314,141
197,239,306,138
186,236,307,138
192,239,302,136
198,241,300,135
194,241,300,135
191,241,296,133
201,244,292,131
204,241,290,130
210,250,287,129
221,249,287,129
204,251,291,131
204,250,291,131
207,251,288,129
220,250,286,128
230,257,266,125
242,259,225,116
226,253,277,124
218,257,278,125
229,252,276,124
229,258,255,118
230,256,239,115
220,256,269,121
234,255,236,114
231,253,252,117
234,254,249,115
233,253,235,114
249,258,202,108
253,261,190,106
248,260,210,110
253,263,190,108
252,263,205,112
252,267,206,111
254,266,204,110
251,264,218,112
243,266,234,115
241,260,249,116
228,263,262,118
248,269,244,113
230,267,255,115
238,265,252,113
242,268,249,112
247,274,218,105
253,278,231,107
238,278,248,111
241,278,250,112
249,282,232,107
228,275,250,112
224,275,255,115
223,278,242,113
219,279,238,110
215,274,241,112
208,274,242,112
206,273,259,116
218,273,214,107
200,268,243,114
198,267,264,118
201,271,234,112
192,267,252,116
201,278,217,108
182,277,263,118
179,279,262,117
190,278,245,114
182,273,263,118
182,275,267,120
180,277,264,119
182,282,261,117
186,284,261,117
187,282,263,118
178,287,265,119
205,294,203,100
214,296,203,100
213,291,219,106
227,300,203,99
217,291,245,112
244,297,191,96
244,292,190,97
254,293,190,97
260,290,191,97
268,292,193,98
285,306,192,95
293,309,194,97
290,305,196,99
296,308,197,98
303,308,198,99
302,305,196,98
297,310,197,97
301,314,195,96
301,316,193,96
296,321,192,93
284,307,192,98
283,302,190,97
279,300,187,96
287,308,189,96
288,314,192,98
291,328,191,98
294,332,187,96
290,330,184,97
296,325,185,97
296,324,187,98
302,313,184,99
309,305,185,98
315,304,176,97
315,302,171,97
317,311,173,95
311,317,178,96
304,318,178,95
296,323,182,93
286,319,178,96
280,318,177,94
272,315,176,95
275,318,172,91
268,318,172,90
271,314,173,90
270,312,170,89
272,305,171,91
275,301,173,92
284,297,176,93
294,296,174,91
301,290,174,92
318,295,174,88
324,296,175,90
328,296,175,91
330,306,176,87
335,305,173,88
329,307,172,90
327,309,172,91
323,307,173,92
322,310,177,92
320,308,174,93
320,309,176,93
323,307,178,94
325,308,179,92
328,304,177,92
333,304,176,90
339,302,173,89
335,297,172,93
338,293,175,93
342,293,173,91
338,290,170,92
335,289,173,91
329,287,176,92
326,283,177,92
321,282,177,91
316,280,176,90
314,275,174,89
314,273,172,89
313,271,170,89
315,271,171,88
316,270,173,90
324,271,171,89
325,273,172,88
331,272,171,88
334,272,173,89
343,276,171,86
342,269,170,89
345,267,170,87
346,267,171,87
351,261,170,88
357,261,172,87
361,254,170,89
357,257,171,88
356,249,172,92
347,250,174,91
341,254,172,91
327,264,180,95
316,278,180,95
308,299,178,91
299,312,178,94
289,327,179,90
274,337,180,93
261,345,179,90
248,342,179,91
231,342,178,94
209,352,178,91
188,377,181,93
172,398,179,93
170,422,178,92
162,443,175,90
154,457,175,88
144,462,174,88
141,453,167,89
143,451,170,88
142,438,169,90
151,424,170,91
167,410,170,90
178,402,170,89
185,400,165,86
184,395,163,88
177,398,167,88
146,402,172,89
126,407,173,89
100,416,172,88
83,422,167,87
57,427,170,89
30,425,162,86
25,424,159,86
27,423,159,87
45,417,161,89
66,421,169,85
136,435,167,86
181,445,166,87
216,452,173,82
259,446,169,85
294,439,168,86
339,418,170,89
360,400,170,90
374,380,166,90
384,360,167,88
389,342,166,89
385,325,165,87
382,317,164,88
384,313,163,86
384,308,161,87
388,307,166,88
396,310,168,86
410,309,171,89
418,315,177,88
427,319,186,88
424,319,188,89
416,316,191,89
391,319,210,94
421,326,208,93
408,385,209,94
471,377,207,93
611,278,208,93
438,145,207,93
360,127,207,93
316,84,208,93
235,77,209,94
180,123,209,94
154,153,210,94
140,154,206,93
55,212,206,93
3,269,207,93
2,272,206,93
0,146,209,94
103,316,210,94
232,402,208,93
374,344,162,82
372,357,167,90
366,360,170,88
364,361,172,88
364,357,167,89
363,362,168,88
360,364,169,88
359,355,168,91
355,346,167,92
354,328,167,92
347,319,170,95
348,306,174,94
352,285,168,95
361,276,170,94
367,274,168,93
375,281,170,92
388,287,176,94
409,302,175,90
413,299,172,91
419,287,169,93
419,280,171,91
418,269,167,93
412,262,169,93
407,259,170,93
396,262,171,92
390,260,173,95
382,267,173,91
374,261,171,93
373,264,170,91
375,262,175,93
380,267,179,93
386,269,178,92
395,259,177,93
399,262,177,92
409,262,176,90
412,260,175,91
418,262,175,92
425,278,176,94
420,285,175,94
415,287,177,94
403,281,178,97
392,272,182,95
368,257,182,95
357,247,178,95
348,239,176,95
344,230,177,94
