696,208,181,130
692,208,177,128
687,211,175,127
682,212,177,127
676,210,176,127
672,213,174,126
670,212,174,124
667,211,175,126
668,213,172,125
666,214,172,125
664,212,173,125
662,210,174,126
661,210,173,127
663,209,172,128
663,210,172,128
663,210,174,127
658,212,176,128
657,212,176,127
649,215,178,128
635,211,177,127
618,226,177,127
679,90,173,124
685,28,173,124
613,73,171,123
594,53,169,121
551,91,168,120
649,80,166,119
632,50,166,119
548,58,165,119
528,62,169,121
449,52,170,122
362,49,169,121
293,119,169,121
180,129,166,119
88,146,168,121
0,271,164,118
0,212,165,118
0,209,166,119
0,139,169,121
0,210,172,123
0,134,174,125
0,158,177,127
0,169,185,133
81,326,186,133
60,265,182,130
134,246,180,129
148,261,181,130
268,234,182,131
272,237,183,131
260,236,184,132
226,244,186,133
255,233,186,133
284,236,184,132
346,237,184,132
512,230,180,129
513,229,178,132
504,226,178,129
509,230,178,130
510,232,180,129
510,232,178,129
513,231,174,129
512,230,171,130
513,231,166,130
510,233,170,129
505,236,175,128
502,238,171,129
498,239,172,128
495,239,168,130
490,241,169,128
483,240,174,127
477,242,170,124
472,239,166,127
465,241,171,125
460,243,175,125
453,241,168,123
444,245,177,125
436,244,177,128
422,244,178,131
412,245,181,130
397,243,186,134
387,244,189,135
373,239,193,138
358,242,192,138
349,242,197,141
335,237,199,143
323,240,201,145
302,235,201,149
292,238,207,149
270,231,205,154
251,234,211,159
235,231,219,157
229,235,212,162
220,233,215,159
208,223,217,159
199,224,218,162
198,227,216,168
192,229,218,165
185,223,223,166
184,231,218,167
174,224,222,166
177,232,216,170
161,221,228,167
156,227,223,171
149,227,217,167
138,227,224,167
129,228,220,168
126,227,215,163
117,225,215,160
108,229,213,166
99,226,213,163
92,223,209,158
87,221,201,158
82,224,202,163
70,222,205,158
62,226,210,160
57,225,210,158
57,226,207,155
58,228,206,154
50,225,209,151
57,226,206,153
56,226,208,153
62,228,203,151
63,233,208,157
59,234,210,163
59,230,210,158
59,227,208,154
56,231,210,161
52,232,214,158
57,232,207,155
58,234,210,157
59,237,212,164
57,240,205,167
57,236,206,163
55,237,208,162
49,239,211,162
47,236,215,157
48,236,214,157
49,236,207,158
48,237,205,161
51,235,204,159
47,238,205,160
56,235,202,159
58,237,203,164
54,239,205,164
76,229,190,153
74,240,196,154
74,229,196,149
78,232,199,150
81,227,198,145
84,234,200,151
85,233,204,152
90,237,199,150
101,237,197,150
104,239,195,152
111,237,198,151
115,234,201,149
119,236,202,153
123,231,204,151
131,227,200,145
143,228,199,152
147,230,199,154
160,227,191,152
168,228,188,149
173,228,190,148
180,225,190,151
186,223,183,147
198,220,179,142
203,225,178,147
209,221,180,143
209,222,183,142
215,225,181,142
219,230,181,143
221,225,178,138
231,229,171,135
237,231,176,139
241,228,175,136
249,231,168,131
256,227,173,126
262,227,171,125
271,214,168,123
275,220,166,123
281,219,164,126
288,221,157,126
292,220,158,127
296,223,149,129
301,237,144,136
310,229,142,138
318,236,141,138
325,233,138,142
325,244,138,131
318,224,182,131
347,237,130,130
355,235,130,130
355,196,146,121
362,189,147,120
369,193,144,118
377,192,144,123
387,190,147,127
399,180,146,128
411,187,150,132
415,178,149,126
421,174,144,126
426,182,156,126
434,189,162,124
439,189,169,123
450,188,167,121
458,191,166,119
469,188,163,117
470,186,160,115
485,187,164,117
493,188,161,116
497,186,158,118
503,184,157,117
504,184,160,114
515,187,159,114
518,184,159,114
520,185,160,115
524,189,162,117
526,185,165,118
529,181,166,119
538,184,168,120
543,183,167,119
548,178,169,121
555,174,171,123
561,179,172,124
573,178,172,124
576,177,173,124
582,175,171,123
582,176,167,120
585,173,164,118
594,170,163,117
594,174,163,117
604,168,163,117
613,175,161,117
630,172,160,115
638,174,159,116
647,172,153,119
652,175,161,115
659,168,157,118
664,166,157,116
675,172,159,114
681,166,159,114
684,165,159,114
682,165,159,114
687,168,161,116
691,174,161,116
693,173,162,116
696,175,163,117
694,176,163,117
699,173,161,116
699,174,165,119
690,170,164,118
689,174,163,117
681,172,165,118
662,173,167,120
656,177,169,122
651,181,175,125
636,187,176,126
619,195,175,126
611,194,175,125
592,199,176,127
583,202,176,126
570,195,179,128
556,196,177,127
541,198,177,127
536,195,174,125
534,196,172,123
528,196,174,125
526,194,178,127
526,196,179,128
527,193,183,132
520,198,182,131
511,197,182,131
512,207,183,131
507,212,180,129
499,196,179,128
501,198,178,128
495,191,177,127
512,186,177,127
528,177,178,127
546,179,177,127
565,187,179,128
577,198,177,127
611,208,178,127
620,219,180,129
628,224,180,129
647,225,179,129
666,225,175,125
682,220,176,126
698,211,175,126
708,204,176,127
712,196,175,126
706,195,176,126
703,194,177,127
704,194,181,130
698,200,180,129
698,194,183,131
692,193,184,132
684,193,186,133
683,198,188,135
678,198,188,135
673,203,187,134
660,202,187,134
649,206,184,132
636,202,183,132
620,197,181,130
606,198,182,131
591,197,183,131
573,196,184,132
559,197,186,133
546,193,186,133
532,194,186,133
517,193,188,135
496,192,189,136
475,199,190,136
468,198,190,136
453,199,193,138
449,205,195,140
432,206,194,139
426,201,195,140
410,205,196,140
406,208,194,139
405,205,195,140
392,209,196,141
387,217,193,139
384,217,198,142
377,222,200,144
375,217,203,146
378,215,204,146
375,219,201,144
370,227,199,143
375,218,199,146
382,219,196,150
386,218,197,142
387,220,199,143
396,215,198,142
398,215,196,141
404,214,195,140
406,214,196,140
399,213,198,142
412,209,191,137
420,207,194,139
417,211,194,139
421,212,191,137
428,213,191,137
431,206,193,138
440,207,193,139
445,206,192,138
459,209,187,134
468,203,186,134
474,206,185,133
481,206,184,132
479,205,179,129
487,203,180,129
497,201,173,131
500,199,176,132
503,198,176,129
512,193,178,128
517,190,181,131
529,187,179,128
533,185,176,126
552,185,175,126
559,181,176,126
565,176,175,126
579,177,172,123
590,179,172,123
599,179,169,122
606,178,169,121
616,184,166,119
623,190,166,119
630,191,169,121
633,193,166,119
633,191,168,120
635,190,165,119
637,190,164,118
640,185,162,116
638,189,158,113
630,194,157,113
626,193,158,113
620,199,159,114
606,196,160,114
598,197,160,115
586,200,157,113
557,171,158,113
537,168,158,113
516,166,158,113
501,176,157,113
477,175,157,112
461,177,159,114
438,178,160,115
421,176,157,113
409,180,153,113
385,180,153,114
373,176,142,117
360,180,143,117
357,182,137,114
346,182,136,111
342,187,136,111
335,184,132,113
325,187,134,114
317,188,134,113
306,194,136,108
306,199,131,105
304,204,127,104
304,206,127,101
299,207,124,98
295,205,125,98
290,209,123,97
288,209,123,94
285,205,126,97
282,213,122,94
279,220,121,92
278,212,126,98
277,223,121,92
274,222,122,94
271,224,123,95
269,226,120,94
265,228,125,95
264,223,126,94
269,224,123,95
267,231,120,92
269,231,121,93
268,226,127,97
268,237,121,91
261,232,136,101
266,233,118,92
268,228,123,94
269,230,118,90
275,230,117,92
277,229,118,92
276,226,118,90
277,221,122,94
