106,372,39,88
107,371,38,88
108,372,39,89
109,370,39,89
109,373,40,90
109,374,40,90
109,371,40,91
112,370,40,91
113,370,40,91
113,371,40,91
114,375,40,92
116,374,41,91
118,372,41,93
116,371,41,94
107,377,43,88
101,380,43,87
97,377,42,94
97,376,42,93
98,376,43,93
100,376,43,92
100,377,43,90
103,378,44,90
104,378,43,88
104,380,43,86
104,380,43,84
105,381,43,83
106,382,42,84
106,380,43,88
104,382,42,91
103,382,43,93
100,383,46,95
95,380,47,100
92,381,48,97
93,380,48,98
92,379,48,98
91,383,48,93
91,384,48,92
92,386,47,93
93,388,46,89
91,387,47,93
86,386,47,95
78,386,46,97
66,386,47,98
60,385,47,95
56,384,44,94
51,386,45,91
45,386,45,91
39,391,45,88
34,391,46,89
28,392,45,89
18,392,46,93
0,396,49,91
19,391,44,100
35,385,44,100
75,380,44,101
75,378,44,100
88,383,44,100
103,414,44,100
114,420,44,99
107,416,43,99
120,431,43,97
113,425,43,98
118,437,43,97
109,417,43,97
104,412,43,98
57,385,44,99
0,400,45,96
0,394,43,97
0,404,43,89
0,398,41,92
0,400,40,90
0,399,40,91
0,400,40,91
0,401,40,91
0,403,40,92
0,402,41,93
0,396,42,94
0,397,41,93
0,395,42,95
0,397,42,94
0,397,42,96
0,398,43,98
0,398,43,99
0,398,44,100
0,406,44,100
16,419,44,100
9,417,45,102
0,402,46,104
0,402,46,105
0,402,48,108
26,409,48,109
83,444,48,108
36,444,48,109
0,466,48,108
0,465,46,104
0,470,47,83
0,428,46,103
0,465,45,102
0,470,44,88
0,469,40,86
1,466,40,95
0,465,41,106
0,458,40,104
0,461,41,106
0,459,42,110
0,454,42,114
0,455,43,114
0,450,44,116
0,449,46,119
0,443,46,123
0,443,49,126
0,430,50,136
0,433,50,134
0,435,50,132
0,432,52,135
0,425,53,141
0,430,57,139
0,426,54,141
0,436,61,138
0,424,56,144
0,434,62,140
0,425,55,145
0,424,56,145
0,436,61,138
0,426,57,143
0,427,56,142
0,429,56,140
0,435,61,139
0,433,54,136
0,439,52,131
0,440,59,134
0,427,56,143
0,432,60,139
0,436,54,134
0,428,54,141
0,429,55,142
0,432,57,139
0,434,62,140
0,426,56,145
0,428,56,143
0,432,63,142
0,425,58,147
0,432,56,139
0,427,56,145
0,432,63,142
0,433,57,138
0,426,56,145
0,430,60,141
0,431,63,143
0,427,56,145
0,431,63,143
0,428,58,143
0,427,58,145
0,430,64,144
0,428,57,144
0,430,57,141
0,426,56,147
0,428,61,144
0,428,58,143
0,429,59,144
0,431,57,140
0,425,57,146
0,426,57,145
0,426,57,146
0,430,64,144
0,426,56,145
0,430,63,144
0,430,56,141
0,433,62,141
0,430,57,141
0,430,57,141
0,428,59,143
0,427,58,144
0,427,56,142
0,435,53,133
1,434,52,132
1,435,51,132
1,430,52,137
0,432,52,139
1,432,53,139
1,436,52,132
1,437,53,130
0,437,51,131
0,433,53,139
0,435,54,132
0,436,54,132
0,434,56,135
0,436,56,134
0,436,55,134
0,435,56,136
0,431,55,140
0,431,56,141
0,434,56,136
0,434,56,136
0,433,57,138
0,434,58,137
0,433,58,138
0,433,57,138
0,434,57,137
0,432,58,140
0,431,59,140
0,433,58,137
0,430,58,141
0,435,55,136
0,435,56,135
0,436,56,133
0,435,56,134
0,434,56,136
0,433,55,136
0,433,56,137
0,432,55,136
0,437,52,135
0,436,51,133
0,435,53,137
0,436,54,133
0,437,53,132
0,435,52,134
0,434,53,138
0,432,55,140
0,434,55,135
0,437,53,134
0,438,54,132
0,433,53,137
0,434,53,138
0,434,54,138
0,434,55,136
0,435,55,135
0,436,55,134
0,434,55,136
0,435,55,135
0,433,56,137
0,436,54,135
0,438,54,132
0,438,55,132
0,438,54,132
0,438,54,131
0,438,54,131
0,436,55,134
0,436,54,134
0,436,55,135
0,435,56,136
0,434,56,136
0,435,55,136
0,436,55,136
0,437,55,134
0,437,55,133
0,436,56,134
0,437,55,133
0,437,55,134
0,438,55,135
0,437,55,135
0,438,54,134
0,437,53,135
0,436,55,136
0,440,53,132
0,439,54,132
0,441,54,131
0,441,53,132
0,441,54,132
0,440,54,132
0,440,55,133
0,440,54,133
0,440,55,133
0,439,55,134
0,437,55,135
0,439,55,134
0,439,55,134
0,439,55,132
0,439,55,134
0,440,55,133
0,439,55,133
0,441,55,133
0,441,54,132
0,439,55,133
0,439,56,134
0,438,55,134
0,438,55,134
0,439,55,133
0,441,54,132
0,441,54,132
0,442,53,131
0,443,54,130
0,441,55,132
0,441,54,131
0,441,54,131
0,440,54,132
0,440,55,133
0,442,53,131
0,442,54,131
0,440,53,131
0,442,51,126
1,442,48,127
3,440,48,126
0,443,49,128
1,445,49,123
1,446,49,123
0,444,49,125
0,447,49,123
1,445,48,123
1,440,47,124
0,441,49,128
1,441,50,129
0,448,48,120
0,444,49,123
0,442,50,129
0,446,49,122
0,448,48,121
1,448,47,122
1,447,47,121
1,447,47,120
2,454,43,109
2,450,41,111
2,450,43,116
2,451,44,121
1,457,44,110
0,460,45,109
1,455,44,109
0,455,46,115
0,457,45,111
1,459,43,109
2,454,42,108
1,455,43,111
1,457,44,115
1,455,45,118
1,460,43,110
1,460,43,109
0,455,44,114
0,453,46,119
0,454,47,113
0,454,47,116
0,453,48,114
0,452,48,116
0,452,48,116
0,452,48,117
0,452,48,117
0,452,48,118
0,455,47,115
0,453,48,117
0,453,48,117
0,453,47,117
0,453,49,116
0,452,49,118
0,452,49,117
0,456,47,114
0,456,46,116
0,455,47,117
0,456,47,116
0,455,46,116
0,454,48,117
0,454,47,118
0,453,49,116
0,452,49,118
0,453,48,120
0,453,49,118
0,452,49,118
0,452,49,117
0,451,50,117
0,451,48,122
0,453,50,118
0,452,49,118
0,451,49,119
0,456,48,115
0,455,48,117
0,453,49,117
0,457,47,114
0,451,46,119
0,452,47,119
0,452,49,120
0,453,48,118
0,458,47,114
0,451,47,117
0,451,48,122
0,451,49,122
0,456,47,115
0,454,48,118
0,454,48,118
0,453,49,120
0,453,49,118
0,452,48,120
0,453,49,118
0,451,48,120
0,451,50,123
0,456,48,115
0,454,46,118
0,454,53,120
0,455,47,115
0,454,48,118
0,453,49,119
0,453,49,116
0,452,49,118
0,452,48,118
0,456,47,115
0,456,47,116
0,457,46,115
0,459,46,113
0,452,46,116
0,452,48,119
0,455,52,119
0,449,48,122
0,452,50,121
0,456,48,116
0,454,48,117
0,455,48,118
0,454,47,118
0,454,51,119
0,450,49,121
0,456,48,116
0,457,46,114
0,452,47,117
0,451,47,119
0,455,53,119
0,451,47,121
0,452,54,122
0,451,49,122
0,452,50,120
0,452,50,120
0,452,49,120
0,452,48,120
0,453,50,118
0,452,50,120
0,451,47,120
0,453,50,118
0,452,48,120
0,452,49,118
0,452,49,120
0,452,48,120
0,452,49,120
0,457,47,115
0,458,46,113
0,453,46,116
0,453,47,118
0,456,52,118
0,453,48,120
0,452,49,118
0,452,48,120
0,453,48,119
0,449,47,118
0,450,48,121
0,450,50,124
0,454,49,117
0,452,48,119
0,453,48,119
0,451,48,119
0,450,50,121
0,452,49,121
0,451,49,119
0,450,49,121
0,450,49,122
0,457,48,116
0,453,48,118
0,453,49,119
0,453,47,120
0,453,49,118
0,454,48,119
0,450,50,122
0,456,48,116
0,454,48,118
0,453,49,119
0,452,49,119
0,452,47,120
0,453,48,119
0,453,48,119
0,453,49,119
0,452,49,118
0,452,48,120
0,452,48,120
0,452,50,118
0,452,49,120
0,456,47,115
0,455,47,117
0,455,48,117
0,451,47,119
0,451,47,119
0,452,54,122
0,451,49,122
0,457,47,115
0,451,47,117
0,453,52,120
0,452,50,119
0,452,50,120
0,458,48,115
0,454,47,114
0,458,48,117
0,462,47,110
0,468,43,104
0,463,45,108
0,466,44,105
0,462,44,108
0,462,47,112
0,469,44,99
0,474,43,96
0,474,41,98
0,477,39,93
0,480,36,91
0,483,35,88
0,487,33,85
0,490,32,82
0,491,31,80
0,496,31,76
0,495,30,75
0,495,31,77
0,494,30,76
0,492,32,80
0,492,31,79
0,491,32,80
0,490,32,81
0,493,32,79
0,489,33,81
0,487,34,85
0,484,36,87
0,481,36,88
0,481,36,91
0,477,36,93
0,478,37,93
0,481,40,90
0,479,36,92
0,479,42,95
0,472,39,97
0,477,43,97
0,466,41,102
0,467,40,104
0,466,41,104
0,460,43,110
0,465,46,107
0,461,47,111
0,454,45,116
0,457,47,114
0,459,51,115
0,456,46,116
0,455,47,116
0,453,50,118
0,452,49,118
0,451,49,119
0,451,47,122
0,452,48,119
0,452,52,121
0,455,49,117
0,454,48,116
0,455,52,119
0,451,49,119
0,449,50,123
0,455,49,115
0,459,50,111
0,462,54,99
0,472,59,84
0,471,60,88
17,459,53,103
17,462,55,102
48,459,50,114
0,465,60,88
0,464,60,93
0,457,60,92
0,458,59,95
0,456,59,106
0,456,64,93
0,458,64,91
0,461,62,93
0,459,61,85
0,459,63,85
0,459,62,92
0,452,58,87
0,446,58,92
0,440,59,100
0,439,58,108
0,437,58,122
0,440,59,113
0,446,62,113
0,458,61,89
0,449,54,122
0,447,56,127
0,441,55,125
0,445,55,125
0,443,58,131
0,442,58,118
0,445,61,106
0,445,61,101
0,442,62,107
0,445,63,111
0,438,65,108
1,438,59,112
2,441,58,110
2,445,57,111
3,437,56,108
3,435,59,119
2,427,61,113
1,423,64,126
1,416,62,117
1,417,62,125
0,415,66,114
0,419,67,144
0,423,66,150
0,431,63,143
0,436,61,138
0,439,60,135
0,432,60,137
0,433,62,141
0,438,62,117
0,438,60,106
0,431,64,112
0,436,66,112
0,437,62,118
0,427,63,117
2,428,61,121
3,429,60,121
1,428,64,124
2,423,61,118
0,423,66,124
0,416,68,112
0,416,65,110
0,421,67,132
0,419,69,155
0,415,68,155
0,420,68,154
0,417,67,151
0,417,68,154
0,418,72,122
0,420,77,122
0,412,81,121
0,410,80,124
0,419,69,155
0,405,73,126
0,411,67,115
0,417,68,115
0,417,70,120
0,412,70,111
0,421,67,153
0,427,65,147
0,421,65,146
0,428,65,146
0,423,64,145
0,427,65,147
0,423,65,135
0,423,66,114
0,418,67,116
0,415,70,121
0,420,70,121
0,414,70,116
0,418,69,111
1,415,68,117
2,405,66,118
3,407,62,128
3,412,59,126
2,415,56,130
0,420,56,127
0,423,58,132
0,420,64,145
0,423,65,147
0,427,65,147
0,421,64,145
0,426,64,144
0,426,66,142
0,421,68,126
0,416,71,138
0,412,67,152
0,405,73,140
6,412,65,130
9,412,58,124
9,412,52,129
7,415,53,139
6,419,53,133
0,425,59,125
0,429,64,130
0,437,65,115
0,442,64,108
0,441,68,117
0,439,60,135
0,443,58,131
0,439,57,130
0,442,59,128
0,432,64,116
0,434,65,113
0,436,67,117
0,429,66,116
0,430,65,118
0,422,64,114
4,421,59,121
5,418,60,130
4,413,60,123
3,412,61,126
0,416,68,131
0,422,67,152
0,425,66,149
0,422,66,148
0,423,66,149
0,428,73,117
0,416,77,123
0,410,77,129
0,408,74,139
3,404,67,132
6,411,61,129
7,409,55,141
5,410,57,146
3,412,57,142
2,417,57,149
2,412,59,142
1,414,60,150
1,409,61,147
0,409,61,151
0,411,62,158
0,409,62,152
0,414,62,159
0,409,62,151
0,410,63,156
0,416,63,154
0,410,64,154
0,415,63,163
0,419,63,152
0,413,63,152
0,415,64,158
0,418,64,154
0,419,62,147
0,424,59,146
0,428,58,143
0,432,55,140
0,433,55,138
0,432,59,140
0,429,57,143
0,429,59,143
0,431,58,140
0,432,57,139
0,433,56,136
0,428,57,141
0,430,59,142
0,431,57,141
0,428,57,143
0,431,63,143
0,424,58,145
0,429,64,145
0,425,58,146
0,428,64,146
0,428,59,145
0,421,59,151
0,423,60,151
0,425,60,147
0,427,60,147
0,420,60,151
0,421,63,153
0,424,62,149
0,425,60,149
0,420,63,155
0,417,64,158
0,418,62,153
0,413,64,157
0,416,64,159
0,412,64,154
0,411,69,166
0,404,69,164
0,405,69,170
0,406,69,164
0,405,70,172
0,407,70,164
0,407,69,163
0,408,68,159
0,404,70,172
0,405,68,165
0,407,68,164
0,408,68,160
0,412,66,159
0,413,66,159
0,406,66,160
0,409,68,167
0,412,68,160
0,407,68,159
0,406,68,161
0,409,69,167
0,412,68,160
0,416,65,156
0,416,64,157
0,414,66,160
0,416,65,157
0,414,66,160
0,416,66,158
0,413,66,157
0,413,67,163
0,414,65,159
0,416,66,156
0,412,65,155
0,412,65,159
0,412,68,166
0,414,67,158
0,412,67,156
0,411,69,166
0,414,68,158
0,409,67,159
0,409,68,163
0,410,70,167
0,408,70,161
0,410,72,167
0,412,70,157
0,414,70,153
0,412,71,146
0,414,70,137
0,413,71,134
0,417,72,143
0,412,72,132
0,413,71,133
0,409,72,147
0,405,73,140
0,399,75,155
0,390,75,146
1,390,74,151
3,390,75,160
4,386,75,161
2,384,77,178
1,388,77,169
0,393,75,167
0,400,77,157
0,400,79,150
0,403,79,152
0,401,83,144
0,403,81,144
0,400,76,141
0,403,75,137
0,394,75,129
0,394,77,142
0,397,74,138
0,389,76,142
0,389,78,153
0,388,78,148
0,386,76,147
1,386,73,149
2,381,69,157
3,392,66,159
4,400,63,151
4,407,60,146
5,414,58,139
4,419,56,135
4,425,53,128
3,428,53,127
3,429,51,127
4,432,49,125
4,433,48,122
3,428,49,123
3,431,50,129
3,434,49,122
2,432,49,121
2,432,49,123
2,433,50,126
2,435,50,127
2,435,50,122
2,436,49,121
2,435,49,120
2,436,50,126
2,436,49,120
3,438,47,118
4,440,46,117
4,439,45,116
4,441,45,115
4,443,44,113
4,444,44,111
4,442,44,111
4,442,45,115
5,443,44,112
5,443,43,112
5,444,43,111
4,443,43,111
4,447,42,110
4,446,42,109
4,444,43,116
4,443,43,111
4,445,43,115
4,446,42,110
4,443,42,110
4,443,43,117
4,448,41,108
4,443,42,111
4,444,43,113
4,446,42,110
4,447,41,109
4,446,41,110
4,447,40,109
4,448,41,109
5,448,40,107
5,449,40,107
5,454,38,104
5,452,39,105
5,453,38,104
5,452,38,105
5,453,38,104
5,456,37,103
5,455,38,103
5,455,38,103
5,454,38,104
5,453,38,105
5,448,39,109
5,453,38,111
5,450,38,107
5,450,39,113
5,457,37,102
5,456,37,102
5,451,38,106
5,452,38,111
5,456,37,102
5,450,38,106
5,452,38,111
5,455,37,103
5,456,37,102
5,457,36,101
5,454,37,103
5,454,38,109
5,459,36,100
5,456,37,102
5,459,36,100
5,459,36,99
5,460,36,99
5,459,36,100
5,454,37,103
5,454,37,109
5,449,38,105
5,454,38,109
5,448,39,107
5,453,38,110
5,458,36,101
5,453,37,103
5,455,37,106
5,459,36,100
5,463,35,97
5,463,35,96
5,459,36,106
5,463,35,97
5,456,36,102
5,456,37,108
5,462,35,97
5,459,35,98
5,459,36,104
5,454,37,103
5,454,38,109
5,455,37,101
5,461,35,98
5,458,36,102
5,459,36,105
5,464,35,96
5,466,34,94
5,460,35,97
5,461,35,104
5,464,35,95
5,458,36,101
5,463,35,96
5,463,35,96
5,462,36,96
5,458,37,101
5,464,35,95
5,458,36,99
5,458,37,105
5,457,36,99
5,458,37,105
5,456,37,100
5,456,37,106
5,454,37,102
5,460,36,104
5,463,35,96
5,461,36,96
5,463,35,95
5,461,36,97
5,460,36,97
5,461,36,97
5,456,37,101
5,459,37,105
5,464,36,96
5,459,36,98
5,464,36,95
5,462,36,95
5,466,35,93
5,461,36,96
5,466,35,94
5,460,35,95
5,462,35,99
5,460,36,104
5,465,35,94
5,462,35,96
5,458,36,99
5,462,36,102
5,465,35,94
5,464,35,94
5,461,36,103
5,466,35,93
5,464,35,94
5,463,35,95
5,459,36,98
5,464,35,95
5,459,37,97
5,464,35,95
5,459,37,97
5,458,36,98
5,463,36,96
5,465,35,94
5,460,37,97
5,464,35,95
5,463,36,95
5,464,35,94
5,464,36,94
5,464,36,94
5,463,36,95
5,459,36,97
5,462,36,100
5,462,36,96
5,458,37,99
5,460,37,104
5,457,37,100
5,457,37,106
5,461,37,97
5,461,37,97
5,459,36,97
5,458,37,106
5,459,37,99
5,459,36,98
5,457,37,107
5,456,37,100
5,458,37,104
5,458,37,98
5,459,37,99
5,458,36,99
4,459,37,106
5,459,37,99
4,458,38,107
5,458,38,100
5,457,38,101
4,458,38,100
5,456,38,102
5,458,38,101
5,458,38,101
4,462,37,97
4,464,36,96
4,462,36,97
5,460,37,99
5,464,36,96
4,465,36,95
4,464,36,96
4,462,36,98
4,465,36,95
4,460,36,100
4,460,36,103
4,459,37,107
4,464,36,97
4,465,36,96
4,460,37,98
4,466,35,94
4,465,36,96
4,466,36,96
4,460,37,100
4,456,38,103
4,451,38,109
4,453,39,114
4,446,39,112
4,446,40,116
4,442,41,117
5,452,40,107
4,455,38,104
4,460,37,100
4,451,38,109
4,449,40,116
4,443,41,119
4,450,41,110
4,444,41,113
4,441,42,123
4,437,44,126
3,440,44,127
4,445,42,113
4,441,42,115
4,441,42,120
4,445,42,123
3,440,43,118
3,442,43,127
4,448,41,112
3,440,42,118
3,443,41,117
3,440,43,125
4,447,42,113
4,450,41,111
3,444,41,115
3,443,42,122
3,440,44,127
3,437,43,121
3,440,43,122
3,443,43,126
3,439,42,121
3,443,43,125
3,448,42,115
3,449,42,113
3,441,43,127
3,438,43,124
4,442,43,125
3,441,43,120
4,438,43,124
3,441,44,127
3,442,44,126
3,437,43,125
3,440,44,128
3,442,44,127
4,437,43,128
3,435,45,132
3,441,45,123
3,433,45,129
4,438,44,130
3,441,44,123
3,443,44,120
4,438,44,125
3,434,45,129
3,429,46,129
3,429,47,134
3,434,46,135
3,433,47,129
3,439,45,124
3,432,46,133
3,437,45,132
3,431,47,133
3,434,46,135
3,439,45,124
3,440,44,128
3,435,45,127
4,438,46,126
4,441,44,117
4,434,45,120
4,440,44,117
4,437,45,117
3,435,47,127
