22,317,102,141
51,314,99,131
71,304,97,129
101,295,92,125
125,283,96,131
153,268,97,138
175,256,97,134
193,286,101,140
208,294,101,140
216,272,101,139
223,255,101,140
230,248,101,140
228,275,100,138
231,262,100,139
236,253,101,139
244,244,99,137
249,241,96,134
256,238,95,132
259,238,94,130
259,252,94,130
260,218,94,131
267,226,95,131
268,210,95,132
273,209,96,133
274,201,97,134
278,197,97,134
279,193,99,137
281,192,98,136
284,184,98,135
292,180,97,134
294,178,97,134
293,176,96,133
302,174,94,131
305,173,95,131
310,168,92,128
313,174,92,127
315,167,91,126
324,163,91,126
328,158,90,125
330,154,90,125
335,155,90,125
338,155,89,124
343,150,90,122
341,147,89,123
346,145,87,120
346,146,86,117
351,145,86,117
354,137,85,118
364,143,85,114
364,138,84,117
362,131,83,115
375,136,78,110
369,130,80,112
370,128,79,110
376,128,76,108
379,125,76,106
379,124,76,108
375,124,77,107
377,120,77,109
380,123,73,104
382,120,73,103
382,118,72,104
383,112,70,105
385,112,67,101
385,113,67,102
385,111,67,107
383,110,68,104
384,113,67,104
384,105,68,104
384,102,68,106
385,98,67,102
383,101,69,102
387,102,69,101
387,98,69,98
388,101,68,100
388,95,68,98
388,98,67,97
385,99,68,97
383,96,69,97
382,96,68,95
382,97,69,95
380,88,68,97
381,89,69,96
380,87,70,92
379,87,68,94
380,84,68,90
379,80,68,89
379,80,69,89
375,78,70,92
374,77,68,94
373,76,68,92
371,81,66,92
370,77,67,91
368,79,66,91
369,79,65,90
369,80,66,89
367,82,65,89
365,78,64,87
361,81,64,88
361,79,61,87
354,76,62,86
