2,247,104,197
21,248,103,188
50,244,103,186
66,246,101,192
70,243,100,190
87,246,99,192
102,242,101,191
112,238,104,192
143,233,103,196
151,224,106,201
161,228,101,199
165,229,101,201
173,227,104,206
183,229,106,208
183,226,108,205
184,227,110,210
186,218,111,210
187,218,114,209
193,207,114,216
186,216,119,209
168,235,120,198
165,230,120,209
173,237,114,203
177,245,110,190
181,248,108,189
224,232,118,207
226,226,111,206
230,236,110,195
225,239,114,196
198,249,118,198
183,264,116,180
184,265,111,182
225,263,110,178
240,261,110,185
242,261,110,188
240,260,106,184
212,239,110,208
234,245,103,188
236,247,107,185
238,253,108,180
253,228,109,195
253,244,107,180
259,251,109,179
264,255,109,181
231,257,100,180
200,259,101,183
200,261,98,180
199,265,98,179
198,267,99,175
193,266,103,176
196,257,100,180
196,258,97,180
197,253,96,181
196,253,96,178
192,254,98,177
190,260,100,166
190,258,100,169
194,261,97,166
191,259,101,172
192,256,101,173
193,259,100,169
190,258,104,169
196,258,99,170
198,262,102,170
201,259,100,175
204,262,100,176
201,262,105,178
205,260,100,175
203,261,106,177
207,261,101,178
205,260,102,179
205,258,102,183
200,258,104,187
199,259,104,190
201,262,99,186
192,268,102,185
189,268,99,187
191,241,108,206
183,232,108,206
175,253,101,196
171,244,107,200
164,253,103,195
158,253,102,193
155,237,106,201
150,238,106,202
140,264,100,184
135,261,101,187
136,235,106,201
124,244,106,198
120,244,107,201
119,238,107,204
107,242,105,197
101,242,104,190
83,264,106,178
74,265,105,177
71,263,104,184
64,264,106,180
65,259,108,186
54,265,110,188
56,260,107,194
56,253,108,200
54,247,108,201
47,252,108,201
46,250,108,199
39,245,108,202
34,248,109,200
29,247,108,204
21,250,111,201
15,248,112,204
7,252,113,200
13,244,112,206
13,239,111,208
0,252,114,201
1,249,114,203
0,252,109,203
0,250,107,204
0,255,105,202
0,254,102,201
0,246,101,196
0,250,99,191
0,252,94,187
0,246,94,178
0,248,90,173
0,247,87,166
0,247,86,163
0,249,83,158
0,244,81,154
0,247,80,152
0,245,78,149
1,244,76,144
4,241,74,141
2,237,76,145
3,233,76,144
3,241,76,139
0,248,76,139
5,240,78,146
3,242,78,148
2,247,78,148
9,247,78,149
16,245,78,149
19,251,79,145
24,246,79,150
27,245,80,148
30,252,79,143
38,243,80,153
38,247,82,153
44,247,84,158
47,248,83,156
50,250,82,155
61,247,81,154
64,257,81,145
65,259,82,147
69,257,86,151
78,250,87,154
82,250,87,152
79,256,88,149
87,252,86,146
84,257,89,144
88,259,86,138
90,259,87,137
104,245,83,157
97,244,84,159
95,249,84,159
97,246,84,159
107,245,82,157
146,267,82,156
150,269,82,156
147,264,83,158
140,260,83,158
136,263,84,160
124,254,84,160
108,245,83,158
100,248,83,152
95,237,81,153
94,248,83,150
95,258,87,141
103,262,89,135
106,265,91,132
105,260,88,140
97,253,85,147
93,257,87,145
75,259,86,140
67,260,85,143
62,258,78,144
61,251,77,149
58,250,75,151
54,249,78,155
48,253,77,149
45,251,81,153
44,249,85,156
38,247,89,159
43,242,88,166
19,256,92,158
15,253,91,159
22,255,91,158
18,253,92,161
11,255,95,153
6,248,93,160
3,255,96,155
5,249,97,163
8,242,97,167
9,239,96,176
8,243,98,174
11,243,97,181
17,247,98,177
22,244,96,180
18,239,97,181
17,237,98,180
18,242,98,173
19,241,98,171
2,252,100,164
0,252,98,164
0,252,102,169
0,248,105,178
0,246,106,182
0,250,111,176
0,244,110,185
5,246,111,187
0,249,116,181
0,245,116,189
0,244,118,193
0,246,119,184
0,246,119,190
0,249,117,181
0,250,116,186
0,249,111,189
0,255,111,173
0,253,107,179
0,252,106,183
0,259,105,168
0,257,106,175
0,260,111,167
0,258,112,176
0,259,112,182
0,260,111,181
0,261,118,177
0,258,116,190
0,261,118,180
0,259,120,189
0,258,119,190
0,258,123,181
0,259,127,192
6,259,128,185
19,253,129,194
27,249,130,192
31,248,128,194
43,246,129,192
43,247,129,194
43,248,124,193
48,247,125,191
50,246,125,191
50,246,125,191
45,248,126,190
52,248,128,192
42,254,131,192
41,254,128,191
47,251,130,195
40,255,130,187
34,260,131,188
31,261,129,190
28,264,130,183
38,257,130,191
35,260,132,190
46,257,131,191
45,256,135,196
46,258,132,189
43,262,131,186
48,263,136,186
50,255,131,198
54,260,133,190
54,261,134,185
61,260,135,184
61,259,137,190
65,259,132,182
72,257,131,187
68,258,129,177
67,258,134,181
66,258,133,182
70,258,134,180
69,259,133,179
61,261,133,180
64,263,135,178
62,261,138,183
61,254,133,191
58,256,131,193
57,256,133,191
54,265,132,179
49,267,130,177
52,266,134,183
55,266,133,181
55,266,135,177
52,265,137,177
49,265,138,183
54,266,137,176
54,263,136,183
56,263,136,178
56,263,134,184
58,263,137,179
62,262,137,188
56,266,130,177
65,265,137,180
60,265,136,181
65,261,137,185
69,259,133,185
80,260,134,174
82,260,133,179
82,261,133,169
92,261,136,166
97,261,134,167
91,256,133,180
98,258,130,174
97,261,134,169
98,260,136,176
100,262,139,175
104,266,138,174
106,249,133,191
115,226,121,211
118,219,115,219
123,217,114,217
124,239,123,202
132,222,113,215
134,244,122,201
136,227,120,212
136,254,126,192
150,245,120,204
152,275,131,188
157,263,125,194
159,265,120,190
163,254,120,195
179,253,122,195
190,277,121,180
209,277,123,179
222,266,124,181
239,275,120,174
192,283,119,176
192,284,123,174
195,270,120,182
191,286,130,171
199,283,122,173
198,259,120,194
201,287,125,170
201,288,126,171
205,287,125,169
206,285,123,170
212,284,120,170
213,284,120,169
214,231,117,222
214,252,121,188
217,282,124,172
223,279,122,176
223,281,122,175
235,277,116,180
234,276,121,183
232,278,126,181
244,271,125,188
246,267,126,193
242,269,126,192
248,264,129,197
241,209,134,254
244,224,133,227
238,271,124,194
230,278,123,186
228,258,125,204
228,274,118,194
225,258,123,204
222,240,127,225
220,257,123,210
224,271,123,200
223,271,122,198
219,243,129,223
218,241,127,220
214,257,124,208
218,270,122,195
208,241,128,218
211,268,126,196
209,219,132,237
210,252,124,207
208,254,123,201
204,219,128,230
189,208,135,245
184,214,135,246
182,244,127,224
180,271,117,199
172,224,128,233
164,232,126,221
157,234,127,221
151,270,121,194
148,252,123,207
143,233,132,227
145,231,133,226
139,234,137,221
127,253,138,211
105,270,142,191
104,250,140,214
89,263,137,198
81,259,134,196
95,261,133,189
135,265,130,187
179,270,131,185
172,271,131,185
168,268,129,180
