730,299,220,77
730,299,220,76
727,303,221,76
727,304,220,77
725,306,221,76
728,307,226,78
727,310,217,73
726,309,218,76
727,308,217,76
727,307,217,76
729,306,217,77
727,306,214,78
727,306,218,80
728,308,216,79
727,310,221,81
726,313,219,80
729,314,217,79
728,315,215,80
726,313,219,80
726,310,218,80
726,310,219,80
729,310,210,79
728,310,215,79
727,310,214,80
727,311,217,80
726,311,217,82
725,313,217,79
727,314,215,80
726,313,215,80
727,314,213,80
725,314,216,81
724,315,222,79
731,316,217,81
734,315,218,82
729,318,227,79
735,318,225,79
737,320,221,77
741,324,216,75
746,323,212,74
748,321,211,74
748,323,210,73
745,323,211,75
740,326,213,74
742,323,216,75
730,319,219,77
732,320,221,77
729,317,223,78
724,317,226,77
723,316,225,78
723,316,223,79
726,318,222,79
723,321,220,79
721,325,222,79
722,327,223,80
717,329,227,79
716,331,225,77
714,331,227,78
711,330,225,79
710,330,227,78
711,330,220,77
710,331,220,77
708,331,226,78
707,332,224,78
707,333,223,76
706,332,224,78
709,330,223,80
706,327,226,80
704,325,226,80
702,324,223,79
702,323,222,80
697,321,222,80
699,324,219,79
696,326,221,79
691,327,221,81
692,330,220,80
689,333,219,81
688,337,217,81
685,339,221,79
683,341,220,80
680,343,220,81
681,345,218,80
676,346,220,79
678,347,217,81
678,347,214,79
679,347,217,81
684,346,216,83
692,348,214,84
703,352,211,83
710,354,205,83
716,357,204,81
719,357,205,80
724,355,204,82
729,356,202,80
731,356,202,80
731,354,205,82
733,354,208,82
740,354,200,81
746,354,198,83
749,356,197,85
751,358,196,84
755,360,191,80
755,359,192,81
756,359,187,81
753,358,187,80
754,358,183,80
752,358,181,80
746,356,185,82
745,357,188,81
744,356,184,80
745,357,179,78
742,356,180,79
738,355,180,81
733,355,183,80
732,356,181,81
729,357,183,79
723,357,183,81
718,360,183,86
707,359,194,83
711,361,185,83
708,361,183,85
701,358,187,87
699,356,184,86
693,357,191,83
696,358,181,85
696,358,181,83
693,358,178,86
682,359,181,86
686,361,179,85
676,359,196,82
678,361,183,82
679,362,184,79
673,360,196,76
669,362,205,71
659,365,206,72
655,367,202,70
658,367,198,72
651,373,204,71
647,371,204,71
648,382,202,70
651,385,193,75
653,391,205,72
660,373,196,71
669,378,195,71
679,381,200,70
690,389,201,70
712,407,199,69
714,408,202,70
706,406,200,73
693,397,207,72
700,403,210,73
710,398,216,75
703,393,219,76
708,397,222,77
708,397,225,79
706,395,227,79
708,398,228,80
702,395,228,79
705,395,228,79
704,395,233,81
697,394,238,83
710,395,241,84
693,394,241,84
691,395,242,84
685,397,242,84
682,398,246,86
679,396,247,86
662,402,248,86
652,404,245,86
638,411,238,85
638,412,243,86
622,413,235,83
622,416,238,82
619,418,235,82
614,418,235,83
614,419,230,84
612,419,233,82
603,422,224,81
591,424,221,80
590,426,220,81
581,427,223,77
579,430,221,79
566,433,219,77
573,435,213,77
564,436,213,77
570,437,206,78
565,438,205,80
550,440,208,81
545,441,210,82
545,443,207,81
531,443,213,80
530,446,208,82
533,448,201,86
526,450,202,86
511,450,209,83
502,451,212,85
507,454,206,86
477,451,217,87
482,457,213,87
483,460,211,88
474,457,217,87
477,466,224,87
467,461,231,83
468,468,223,86
478,470,222,86
480,471,230,83
487,474,234,84
487,467,239,83
500,460,237,83
499,459,233,85
507,453,235,82
514,456,230,83
538,457,227,79
557,467,229,80
569,461,228,80
574,455,226,79
570,447,225,78
570,442,223,78
580,449,219,76
577,451,214,75
590,457,214,75
600,459,218,76
593,458,216,75
583,454,216,75
593,453,214,74
587,453,217,76
585,455,218,76
597,455,219,76
612,456,218,76
619,455,213,74
612,451,213,74
613,452,216,75
598,447,219,76
593,451,220,77
587,461,221,77
585,467,223,78
595,467,222,77
603,471,224,78
629,472,222,77
632,471,221,77
653,471,220,77
659,469,221,77
668,472,222,77
674,475,220,77
677,479,220,77
676,484,216,75
675,490,214,75
674,488,213,74
642,479,212,74
644,477,212,74
637,475,215,75
629,474,211,74
625,476,211,73
629,485,210,73
652,489,209,73
670,492,204,71
677,493,200,70
699,496,196,68
724,500,192,67
733,503,189,66
757,509,187,65
778,511,180,63
785,514,173,60
779,509,167,58
739,480,165,57
733,476,164,57
756,485,161,56
758,491,160,56
750,491,160,56
748,493,160,56
756,489,161,56
747,481,160,56
751,479,160,56
759,489,158,55
767,506,157,55
771,520,154,54
790,523,148,51
786,482,144,50
727,445,143,50
757,441,141,49
813,524,144,50
818,529,139,45
823,530,134,44
829,528,128,45
831,528,125,44
830,531,124,43
815,531,122,43
829,531,122,43
837,532,121,42
842,532,116,40
842,461,116,40
843,460,114,40
820,455,116,40
795,458,114,40
728,472,114,39
678,481,113,39
672,492,114,39
666,493,114,39
694,450,116,40
723,489,116,40
763,518,116,40
765,526,115,40
766,524,114,39
764,523,114,40
768,523,113,39
758,517,113,39
755,515,112,39
762,517,112,39
752,512,112,39
774,524,111,38
767,519,111,39
764,519,112,39
761,517,110,38
764,513,111,39
769,512,111,38
771,507,110,38
773,510,110,38
779,512,110,38
782,511,111,39
785,511,112,39
780,512,113,39
784,515,113,39
784,513,114,40
783,512,116,40
789,508,117,41
798,505,115,40
804,503,116,40
805,500,115,40
801,497,115,40
814,499,115,40
815,499,116,40
804,498,115,40
783,496,114,40
808,495,115,40
818,493,112,39
831,488,114,40
842,486,114,40
844,483,112,39
849,485,108,38
793,473,108,37
812,474,107,37
825,394,106,37
850,370,107,37
852,369,106,37
853,367,105,36
852,364,105,37
842,359,103,36
850,355,104,36
854,349,102,36
857,350,100,35
844,313,100,35
842,317,99,34
772,337,98,34
739,361,93,35
746,377,87,36
758,369,87,35
770,337,96,33
777,335,97,34
698,338,99,34
689,358,97,34
705,358,95,33
720,356,95,33
741,359,95,33
760,360,93,32
779,363,90,31
798,359,90,31
818,362,90,31
838,356,90,31
855,364,88,30
868,365,87,30
873,372,85,30
874,367,84,29
878,351,80,28
879,320,79,27
879,245,78,27
836,231,77,27
839,224,77,27
865,195,76,26
882,152,76,26
883,157,75,26
874,228,76,26
882,242,76,26
882,233,76,26
883,225,75,26
871,197,77,27
879,198,79,27
874,197,81,28
876,198,82,28
877,199,81,28
874,205,83,29
852,205,84,29
854,208,82,28
842,216,82,28
807,221,81,28
874,212,79,28
876,212,82,28
873,211,82,28
875,211,81,28
872,213,82,28
876,217,81,28
879,215,79,27
880,212,78,27
880,266,78,27
858,240,78,27
832,203,79,27
826,194,78,27
826,192,77,26
812,198,78,27
797,202,78,27
778,209,80,28
775,206,79,27
774,199,79,27
780,199,79,27
784,202,78,27
792,204,77,27
802,209,76,26
810,209,75,26
816,207,76,26
830,216,75,26
800,197,75,26
786,189,74,26
782,181,76,26
783,182,77,27
783,173,76,26
804,179,77,27
809,176,75,26
816,173,74,26
825,169,76,26
839,168,76,26
849,162,75,26
831,147,75,26
832,144,76,26
845,147,75,26
840,146,77,27
873,167,79,27
880,174,78,27
878,181,79,27
879,194,76,25
880,203,78,27
838,161,77,27
804,144,79,27
800,123,79,27
803,124,78,27
823,129,78,27
841,112,79,27
862,116,79,27
877,128,80,28
868,119,81,28
843,99,80,28
841,103,80,28
848,107,78,27
873,124,79,27
884,126,66,27
877,103,81,28
877,76,80,28
872,50,82,28
877,37,81,28
877,26,80,28
877,13,81,28
878,18,80,28
879,23,79,27
881,26,77,27
881,29,77,27
881,63,77,27
882,87,76,26
880,124,78,27
879,176,79,27
882,183,76,26
883,185,75,26
885,191,73,25
886,185,72,25
846,176,72,25
809,151,71,24
790,142,71,24
780,148,70,24
788,158,71,24
795,146,71,24
797,152,70,24
823,132,70,24
845,116,69,24
873,124,69,24
877,140,70,24
889,100,69,24
888,103,70,24
890,106,68,24
891,107,67,23
868,126,65,23
866,156,65,22
884,163,66,23
890,166,67,23
892,166,66,23
893,134,65,22
894,129,64,22
896,136,62,22
896,125,62,21
895,114,61,21
888,102,60,21
897,89,60,21
898,88,60,21
899,86,59,20
891,51,58,20
898,28,58,20
900,26,58,20
899,58,59,20
898,53,59,20
900,59,58,20
879,58,57,20
836,76,56,19
825,90,57,19
819,67,57,20
820,61,54,19
821,68,51,19
824,71,55,19
836,66,55,19
849,68,52,18
855,67,52,19
860,68,56,19
866,65,52,18
874,63,53,19
876,58,53,18
882,56,54,18
888,55,53,18
899,54,53,18
903,54,51,18
900,61,54,18
900,65,53,18
903,67,55,19
904,67,54,18
905,63,53,18
907,75,51,18
907,101,51,18
907,104,51,17
908,104,50,17
900,67,51,17
896,50,50,17
906,76,51,18
901,91,50,17
889,84,51,18
888,81,52,18
890,58,52,18
870,42,52,18
828,63,50,16
829,63,51,17
832,65,51,17
843,70,50,17
852,73,49,17
861,75,49,17
876,74,45,15
883,73,43,15
887,72,44,15
891,72,43,15
898,74,42,14
908,74,40,14
911,75,40,14
894,78,47,16
906,77,47,16
911,78,47,16
911,78,47,16
912,79,46,16
900,72,45,16
911,39,45,15
913,41,44,15
913,44,45,15
914,44,44,15
914,61,43,15
909,81,43,15
899,95,42,14
878,73,43,15
879,76,43,15
884,75,39,14
889,76,39,14
890,76,40,13
892,75,40,14
891,73,40,14
887,72,41,14
880,66,45,16
874,63,43,14
869,60,42,14
868,57,41,14
870,55,41,14
872,56,42,15
875,59,42,15
880,64,42,15
888,67,41,15
893,69,40,14
907,71,40,14
913,73,40,14
915,75,43,15
902,58,44,15
913,70,43,15
915,96,43,15
914,100,43,15
915,118,43,15
886,116,43,15
889,118,43,15
878,150,43,15
888,177,43,15
884,175,43,15
883,172,40,15
889,169,39,14
898,167,40,14
903,168,39,14
911,169,39,15
917,171,39,15
918,179,40,14
904,187,39,13
889,194,40,14
880,207,40,14
858,214,40,14
868,215,40,14
877,211,40,14
889,206,40,14
897,221,39,13
897,209,39,13
882,209,40,14
870,214,39,13
866,221,40,14
871,224,40,14
862,223,40,14
864,223,40,14
893,221,40,14
892,224,40,14
896,231,40,14
890,222,37,13
895,232,36,13
893,232,38,13
887,227,38,13
884,219,38,13
879,209,39,13
884,211,39,13
886,223,38,13
887,222,38,13
885,221,39,13
889,232,38,13
890,240,38,13
889,238,37,14
890,237,36,13
890,238,36,13
889,240,36,13
888,241,37,13
886,243,38,13
883,244,37,13
882,245,36,12
882,244,38,13
881,243,36,12
877,241,36,12
876,240,35,12
874,239,35,12
872,240,36,12
874,242,36,13
864,238,39,13
870,247,39,13
870,251,36,13
870,253,36,12
868,254,35,13
860,256,38,13
853,259,38,13
843,256,39,13
844,262,37,12
839,263,37,12
835,263,37,13
822,267,39,13
811,272,39,13
804,278,39,13
798,281,40,14
796,284,39,13
792,287,39,13
782,290,40,14
774,293,39,13
768,292,39,13
763,291,37,13
765,292,37,13
759,301,40,14
759,304,41,14
762,308,41,14
772,309,38,14
767,309,37,13
760,309,38,14
758,309,39,14
754,309,39,13
745,307,39,13
741,305,39,14
745,306,40,14
747,308,41,14
