387,261,30,66
391,261,30,66
398,262,30,66
403,262,30,66
407,262,30,66
414,262,30,66
419,262,30,66
426,263,30,66
431,264,30,66
435,265,30,66
438,265,30,66
443,265,30,66
450,265,30,66
454,268,30,66
459,270,30,66
466,271,30,66
471,273,30,66
481,275,30,66
485,275,30,66
491,274,29,66
496,273,30,66
501,273,30,66
512,276,30,66
517,277,30,66
523,278,30,66
527,278,30,66
534,280,30,66
543,278,30,66
548,278,30,66
552,278,30,66
556,279,30,66
560,281,30,66
568,282,30,66
572,282,30,66
576,282,30,66
582,282,30,66
588,284,30,66
597,287,30,66
602,288,30,66
607,291,30,66
613,295,30,66
619,297,30,66
631,298,30,66
636,300,30,66
642,300,30,66
648,302,30,66
655,302,30,66
664,305,30,66
669,305,30,66
674,303,30,66
678,301,30,66
684,298,30,66
692,298,30,66
694,298,30,66
695,298,30,66
696,298,30,66
695,298,30,66
692,298,30,66
691,297,30,66
689,296,30,66
685,296,30,66
682,296,30,66
676,298,30,66
676,298,30,66
674,299,30,66
676,299,30,66
682,297,30,66
700,297,30,66
708,298,30,66
715,300,30,66
723,303,30,66
729,305,30,66
741,306,30,66
745,306,30,66
751,307,30,66
756,307,30,66
760,307,30,66
767,309,30,66
770,312,30,66
772,313,30,66
774,313,30,66
778,312,30,66
784,311,30,66
786,312,30,66
790,313,30,66
791,315,30,66
792,317,30,66
792,320,30,66
793,320,30,66
793,320,30,66
796,321,30,66
798,320,30,66
806,317,30,66
811,317,30,66
813,317,30,66
818,315,30,66
823,314,30,66
831,312,30,66
835,312,30,66
838,313,30,66
836,313,30,66
835,315,30,66
835,313,30,66
836,313,30,66
839,312,30,66
840,312,30,66
840,316,30,66
841,317,30,66
845,320,30,66
849,319,30,66
858,318,30,66
867,318,30,66
877,320,30,66
890,321,30,66
901,321,29,64
908,321,29,64
915,319,29,64
923,320,29,64
930,320,29,64
930,321,29,64
921,278,29,64
