515,182,71,70
515,182,71,70
515,182,71,70
515,182,71,70
515,182,71,70
515,182,71,70
515,182,71,70
515,182,71,70
515,182,71,70
515,182,71,70
515,182,71,70
515,182,71,70
515,182,71,70
515,182,71,70
516,182,72,71
514,181,72,71
514,181,72,71
516,181,72,71
514,181,72,71
519,181,72,71
532,177,72,71
532,177,72,71
532,175,72,71
532,175,72,71
516,181,72,71
516,181,72,71
514,181,72,71
514,181,72,71
514,181,72,71
516,181,72,71
519,181,72,71
516,181,72,71
516,181,72,71
516,181,72,71
516,181,72,71
519,181,72,71
516,179,72,71
519,181,72,71
519,181,72,71
519,183,72,71
516,181,72,71
516,181,72,71
516,181,72,71
519,183,72,71
517,182,73,72
518,183,73,72
515,176,73,72
513,176,73,72
515,180,73,72
518,183,73,72
515,180,73,72
520,180,73,72
515,180,73,72
515,180,73,72
515,180,73,72
515,180,73,72
518,180,73,72
518,180,73,72
515,180,73,72
515,180,73,72
515,180,73,72
515,180,73,72
515,180,73,72
515,180,73,72
515,180,73,72
518,180,73,72
518,183,73,72
518,180,73,72
518,183,73,72
518,181,75,74
516,182,75,74
516,182,75,74
516,182,75,74
516,179,75,74
516,179,75,74
516,179,75,74
516,179,75,74
516,182,75,74
516,182,75,74
514,179,75,74
514,179,75,74
514,179,75,74
516,182,75,74
516,182,75,74
518,183,73,72
518,180,73,72
518,180,73,72
518,180,73,72
518,180,73,72
518,180,73,72
520,180,73,72
520,180,73,72
515,180,73,72
515,180,73,72
515,180,73,72
515,180,73,72
515,180,73,72
518,180,73,72
515,180,73,72
520,180,73,72
518,180,73,72
515,180,73,72
518,180,73,72
515,180,73,72
515,180,73,72
515,180,73,72
518,180,73,72
515,180,73,72
515,180,73,72
515,180,73,72
518,180,73,72
518,180,73,72
515,180,73,72
515,183,73,72
516,181,75,74
514,182,75,74
514,182,75,74
514,182,75,74
514,182,75,74
516,179,75,74
516,179,75,74
516,179,75,74
519,179,75,74
519,179,75,74
519,179,75,74
514,182,75,74
516,179,75,74
516,182,75,74
521,179,75,74
514,182,76,75
517,180,76,75
514,180,76,75
517,180,76,75
517,180,76,75
519,180,75,74
516,179,75,74
514,182,75,74
514,179,75,74
516,179,75,74
514,179,75,74
519,182,75,74
516,182,75,74
514,179,75,74
519,182,75,74
514,179,75,74
514,179,75,74
514,182,75,74
514,182,75,74
516,182,75,74
516,179,75,74
516,182,75,74
516,179,75,74
516,179,75,74
516,179,75,74
516,179,75,74
516,179,75,74
514,182,75,74
519,184,75,74
521,182,75,74
519,179,75,74
521,182,75,74
528,182,75,74
523,184,75,74
523,184,75,74
519,182,75,74
519,182,75,74
516,182,75,74
516,182,75,74
516,182,75,74
518,183,73,72
515,183,73,72
515,183,73,72
515,183,73,72
515,183,73,72
519,184,72,71
519,183,72,71
516,183,72,71
519,183,72,71
516,183,72,71
516,183,72,71
519,183,72,71
519,183,72,71
516,183,72,71
516,183,72,71
516,183,72,71
516,183,72,71
516,183,72,71
516,183,72,71
516,183,72,71
516,183,72,71
516,183,72,71
516,183,72,71
516,183,72,71
519,181,72,71
521,181,72,71
519,181,72,71
519,181,72,71
519,181,72,71
519,181,72,71
519,181,72,71
519,181,72,71
516,181,72,71
519,181,72,71
519,181,72,71
519,181,72,71
516,181,72,71
516,181,72,71
516,181,72,71
516,183,72,71
516,181,72,71
516,181,72,71
516,181,72,71
516,181,72,71
516,181,72,71
516,181,72,71
516,183,72,71
516,183,72,71
516,183,72,71
516,181,72,71
516,181,72,71
516,181,72,71
516,181,72,71
521,181,72,71
519,183,72,71
537,219,73,72
511,178,73,72
511,178,73,72
511,178,73,72
511,178,73,72
511,178,73,72
513,178,73,72
515,178,73,72
513,178,73,72
513,178,73,72
513,178,73,72
513,178,73,72
513,178,73,72
513,180,73,72
515,180,73,72
511,180,73,72
511,180,73,72
518,178,73,72
518,180,73,72
518,180,73,72
518,180,73,72
518,180,73,72
518,180,73,72
518,180,73,72
518,180,73,72
518,180,73,72
518,180,73,72
518,180,73,72
518,180,73,72
518,183,73,72
518,183,73,72
520,180,73,72
518,183,73,72
518,183,73,72
518,183,73,72
519,184,72,71
519,183,72,71
519,183,72,71
516,183,72,71
516,183,72,71
519,181,72,71
519,181,72,71
516,181,72,71
519,181,72,71
516,181,72,71
516,181,72,71
516,181,72,71
519,181,72,71
519,181,72,71
516,181,72,71
516,181,72,71
519,181,72,71
516,181,72,71
516,181,72,71
516,181,72,71
516,181,72,71
516,181,72,71
516,181,72,71
516,181,72,71
516,181,72,71
516,183,72,71
519,183,72,71
519,181,72,71
519,181,72,71
519,183,72,71
519,183,72,71
519,183,72,71
519,183,72,71
519,183,72,71
519,183,72,71
520,185,71,70
520,184,71,70
520,184,71,70
520,184,71,70
520,182,71,70
520,184,71,70
520,184,71,70
520,184,71,70
520,184,71,70
520,184,71,70
520,184,71,70
520,184,71,70
520,184,71,70
520,184,71,70
520,184,71,70
520,184,71,70
520,184,71,70
520,184,71,70
520,184,71,70
520,184,71,70
517,184,71,70
520,184,71,70
520,182,71,70
520,184,71,70
520,184,71,70
520,184,71,70
520,182,71,70
517,182,71,70
517,184,71,70
520,184,71,70
520,185,72,71
519,183,72,71
519,183,72,71
516,183,72,71
516,183,72,71
516,181,72,71
516,183,72,71
516,183,72,71
516,183,72,71
516,183,72,71
516,183,72,71
516,183,72,71
516,183,72,71
516,183,72,71
516,183,72,71
516,183,72,71
516,183,72,71
519,183,72,71
519,183,72,71
519,183,72,71
519,183,72,71
516,183,72,71
519,183,72,71
519,183,72,71
516,181,72,71
519,181,72,71
516,181,72,71
516,181,72,71
519,181,72,71
516,183,72,71
519,181,72,71
516,183,72,71
519,183,72,71
519,183,72,71
516,183,72,71
516,183,72,71
516,183,72,71
519,183,72,71
516,183,72,71
516,183,72,71
519,181,72,71
516,181,72,71
516,181,72,71
519,181,72,71
516,183,72,71
517,182,73,72
515,180,73,72
515,180,73,72
515,180,73,72
515,183,73,72
515,183,73,72
515,180,73,72
515,180,73,72
518,180,73,72
515,183,73,72
515,183,73,72
515,180,73,72
518,180,73,72
518,180,73,72
518,183,73,72
518,183,73,72
518,180,73,72
518,180,73,72
518,183,73,72
518,183,73,72
515,180,73,72
515,180,73,72
515,180,73,72
518,183,73,72
518,183,73,72
518,183,73,72
520,183,73,72
518,183,73,72
520,183,73,72
515,183,73,72
520,183,73,72
518,183,73,72
518,183,73,72
490,192,73,72
520,185,73,72
511,192,75,74
514,191,75,74
519,184,75,74
516,182,75,74
514,182,75,74
516,182,75,74
516,182,75,74
519,182,75,74
523,163,75,74
497,151,75,74
519,180,76,75
517,180,76,75
514,183,76,75
514,183,76,75
514,183,76,75
514,183,76,75
514,183,76,75
514,183,76,75
514,183,76,75
517,183,76,75
514,180,76,75
517,183,76,75
514,183,76,75
517,183,76,75
517,183,76,75
517,183,76,75
517,183,76,75
517,183,76,75
522,164,76,75
538,166,76,75
563,171,78,77
576,184,78,77
586,189,78,77
517,179,78,77
515,179,78,77
535,189,78,77
522,196,78,77
527,184,78,77
517,182,78,77
517,179,78,77
518,182,79,78
513,180,79,78
518,180,79,78
518,180,79,78
505,227,79,78
498,222,79,78
515,180,79,78
515,180,79,78
515,183,79,78
513,180,79,78
515,180,79,78
515,180,79,78
513,180,79,78
515,180,79,78
515,180,79,78
513,180,79,78
515,180,79,78
515,180,79,78
513,180,79,78
515,180,79,78
515,180,79,78
515,178,79,78
515,180,79,78
515,178,79,78
515,180,79,78
515,180,79,78
515,180,79,78
515,180,79,78
515,180,79,78
515,180,79,78
515,180,79,78
515,180,79,78
515,180,79,78
515,180,79,78
515,180,79,78
515,180,79,78
515,180,79,78
513,180,79,78
513,180,79,78
515,180,79,78
517,185,78,77
515,182,78,77
512,182,78,77
517,182,78,77
512,182,78,77
517,182,78,77
515,182,78,77
515,182,78,77
517,182,78,77
517,182,78,77
517,182,78,77
515,179,78,77
515,182,78,77
515,179,78,77
512,182,78,77
512,182,78,77
517,182,78,77
512,182,78,77
512,182,78,77
512,182,78,77
512,182,78,77
512,182,78,77
515,182,78,77
515,182,78,77
515,179,78,77
505,153,78,77
542,148,78,77
574,145,78,77
517,182,78,77
517,182,78,77
515,182,78,77
515,182,78,77
515,184,78,77
512,182,78,77
515,182,78,77
517,182,78,77
517,182,78,77
517,182,78,77
517,182,78,77
532,182,78,77
532,182,78,77
530,201,78,77
520,182,78,77
495,179,78,77
478,167,78,77
468,124,78,77
456,114,78,77
439,95,78,77
512,172,78,77
512,179,78,77
512,179,78,77
515,179,78,77
515,179,78,77
515,179,78,77
515,179,78,77
515,182,78,77
515,182,78,77
512,179,78,77
512,179,78,77
512,179,78,77
466,172,78,77
493,177,78,77
537,206,78,77
515,179,78,77
512,179,78,77
515,182,78,77
515,182,78,77
515,182,78,77
515,182,78,77
512,182,78,77
515,182,78,77
512,182,78,77
515,182,78,77
512,182,78,77
512,182,78,77
515,179,78,77
512,179,78,77
559,257,78,77
525,254,78,77
530,215,78,77
515,182,78,77
515,182,78,77
512,182,78,77
512,182,78,77
478,124,78,77
527,145,78,77
515,182,78,77
515,182,78,77
515,179,78,77
515,182,78,77
515,182,78,77
561,196,78,77
557,194,78,77
498,196,78,77
515,182,78,77
515,182,78,77
515,182,78,77
515,182,78,77
517,182,78,77
512,179,78,77
515,179,78,77
515,182,78,77
515,182,78,77
517,182,78,77
517,182,78,77
515,182,78,77
515,182,78,77
515,182,78,77
515,182,78,77
515,182,78,77
515,182,78,77
515,182,78,77
515,182,78,77
512,254,78,77
446,264,78,77
446,264,78,77
515,186,78,77
515,182,78,77
517,182,78,77
515,182,78,77
515,182,78,77
515,182,78,77
515,179,78,77
515,177,78,77
584,133,78,77
517,179,78,77
517,182,78,77
517,182,78,77
512,182,78,77
517,182,78,77
515,124,79,78
593,131,79,78
655,148,79,78
693,163,79,78
673,183,79,78
698,207,79,78
705,227,79,78
703,232,79,78
655,220,79,78
655,220,79,78
655,220,79,78
603,249,79,78
573,249,79,78
553,210,79,78
555,212,79,78
543,210,81,80
543,207,81,80
536,202,81,80
543,199,81,80
548,189,81,80
548,189,81,80
548,189,81,80
548,217,81,80
548,217,81,80
546,207,81,80
536,202,81,80
513,184,81,80
508,124,81,80
490,99,81,80
482,179,81,80
508,177,83,82
513,180,83,82
510,180,83,82
510,177,83,82
510,180,83,82
510,177,83,82
513,180,83,82
471,206,83,82
487,221,83,82
479,213,83,82
484,219,84,83
486,220,84,83
486,225,84,83
512,181,84,83
510,178,84,83
512,178,84,83
510,178,84,83
510,178,84,83
512,178,84,83
512,178,84,83
512,178,84,83
512,178,84,83
512,181,84,83
512,178,84,83
512,178,84,83
512,178,84,83
510,178,84,83
510,178,84,83
510,178,84,83
512,178,84,83
512,178,84,83
512,178,84,83
510,178,84,83
512,178,84,83
512,178,84,83
512,178,84,83
512,178,84,83
512,178,84,83
512,178,84,83
512,181,84,83
512,181,84,83
510,178,84,83
510,178,84,83
512,178,84,83
510,178,84,83
512,181,84,83
510,178,84,83
512,178,84,83
512,178,84,83
512,178,84,83
510,178,86,85
512,179,86,85
506,176,86,85
514,176,86,85
512,176,86,85
514,176,86,85
509,176,86,85
509,176,86,85
512,176,86,85
509,176,86,85
509,176,86,85
509,176,86,85
512,176,86,85
512,179,86,85
512,179,86,85
506,176,86,85
512,176,86,85
509,176,86,85
509,179,86,85
509,179,86,85
509,179,86,85
509,179,86,85
509,176,86,85
512,176,86,85
509,176,86,85
509,179,86,85
509,179,86,85
509,179,86,85
509,179,86,85
509,179,86,85
509,176,86,85
509,176,86,85
509,179,86,85
509,176,86,85
509,176,86,85
509,176,86,85
509,176,86,85
509,176,86,85
509,176,86,85
512,176,86,85
512,176,86,85
512,179,86,85
512,179,86,85
509,179,86,85
509,179,86,85
509,176,86,85
512,176,86,85
509,176,86,85
512,176,86,85
512,179,86,85
512,179,86,85
425,184,86,85
431,195,86,85
439,206,86,85
449,219,86,85
460,248,86,85
471,267,86,85
479,288,86,85
485,299,86,85
495,315,86,85
504,339,86,85
509,352,86,85
517,368,86,85
528,392,86,85
541,408,86,85
582,456,86,85
628,488,86,85
612,488,86,85
612,488,86,85
612,488,86,85
612,488,86,85
690,462,86,85
679,478,86,85
669,480,86,85
655,486,86,85
655,486,86,85
623,462,86,85
606,454,86,85
528,488,86,85
528,488,86,85
485,440,86,85
485,440,86,85
474,419,86,85
477,398,86,85
482,390,86,85
512,379,86,85
514,358,86,85
525,342,86,85
531,323,86,85
539,302,86,85
544,294,86,85
547,280,86,85
550,270,86,85
550,270,86,85
555,270,86,85
560,256,86,85
577,256,86,85
579,272,86,85
585,286,86,85
582,296,86,85
579,323,86,85
579,326,86,85
579,328,86,85
558,344,86,85
541,344,86,85
509,355,86,85
490,350,86,85
468,347,86,85
447,344,86,85
431,336,86,85
405,328,84,83
388,317,84,83
380,306,84,83
372,293,84,83
369,278,84,83
364,249,84,83
369,228,84,83
369,228,84,83
372,199,84,83
374,184,84,83
377,157,84,83
380,150,84,83
385,131,84,83
393,118,84,83
398,118,84,83
404,113,84,83
409,110,84,83
412,108,84,83
419,108,84,83
425,116,84,83
433,136,84,83
435,157,84,83
443,170,84,83
443,189,84,83
446,207,84,83
507,176,84,83
507,178,84,83
459,257,84,83
459,270,84,83
470,265,84,83
459,272,84,83
454,272,84,83
451,265,84,83
449,259,84,83
449,254,84,83
454,225,84,83
449,210,84,83
446,186,84,83
446,168,84,83
449,152,84,83
454,139,84,83
454,139,84,83
457,142,84,83
465,142,84,83
467,147,84,83
486,163,84,83
488,176,84,83
494,186,84,83
494,199,84,83
496,217,84,83
491,251,84,83
483,262,84,83
515,178,84,83
512,178,84,83
507,178,84,83
510,178,84,83
510,178,84,83
510,178,84,83
512,178,84,83
510,178,84,83
510,236,84,83
515,184,84,83
510,163,84,83
568,220,84,83
510,173,84,83
510,178,84,83
512,178,84,83
512,178,84,83
510,178,84,83
510,178,84,83
510,178,84,83
512,178,84,83
512,178,84,83
512,178,84,83
512,178,84,83
512,178,84,83
557,102,84,83
547,178,84,83
512,173,84,83
486,168,84,83
465,170,84,83
433,163,84,83
427,163,84,83
425,160,84,83
430,163,84,83
438,157,84,83
454,150,84,83
459,150,84,83
475,160,84,83
475,160,84,83
480,157,84,83
486,165,84,83
486,165,84,83
486,163,84,83
486,163,84,83
486,160,84,83
486,160,84,83
486,160,84,83
486,160,84,83
478,155,84,83
475,155,84,83
470,152,84,83
462,150,84,83
457,147,84,83
446,147,84,83
433,144,84,83
404,142,84,83
388,136,84,83
377,134,84,83
356,129,84,83
343,129,84,83
305,131,84,83
300,129,84,83
284,134,84,83
282,134,84,83
274,136,84,83
260,113,84,83
337,121,84,83
340,121,84,83
268,144,84,83
279,150,84,83
319,163,84,83
366,131,84,83
396,121,84,83
396,121,84,83
374,108,84,83
382,108,84,83
377,95,84,83
462,105,84,83
539,181,84,83
539,181,84,83
539,181,84,83
496,116,84,83
504,118,84,83
504,118,84,83
512,121,84,83
520,121,84,83
528,121,84,83
536,123,84,83
539,123,84,83
547,121,84,83
555,116,84,83
563,118,84,83
565,116,84,83
571,121,84,83
576,121,86,85
512,160,86,85
517,160,86,85
514,160,86,85
514,160,86,85
501,155,86,85
458,174,86,85
431,174,86,85
403,166,86,85
401,136,86,85
366,51,86,85
360,41,86,85
336,49,86,85
330,51,86,85
325,43,86,85
395,27,86,85
374,27,86,85
366,27,86,85
339,25,86,85
336,33,86,85
336,33,86,85
333,30,86,85
330,33,86,85
328,22,86,85
328,22,86,85
322,25,86,85
301,33,86,85
325,25,86,85
295,25,86,85
295,25,86,85
287,30,86,85
352,81,86,85
368,81,86,85
371,81,86,85
371,81,86,85
376,62,86,85
325,41,86,85
293,38,86,85
333,43,86,85
257,126,86,85
276,142,86,85
320,120,86,85
336,123,86,85
379,38,86,85
309,81,86,85
314,83,86,85
322,83,86,85
325,89,86,85
322,91,86,85
322,97,86,85
322,105,86,85
347,123,86,85
414,136,86,85
409,142,86,85
385,128,86,85
382,128,86,85
379,128,86,85
371,131,86,85
374,128,86,85
371,126,86,85
366,126,86,85
322,118,86,85
325,118,86,85
325,115,86,85
325,113,86,85
325,107,86,85
325,105,86,85
328,105,86,85
328,102,86,85
325,107,86,85
325,105,86,85
328,105,86,85
328,105,86,85
328,105,86,85
328,105,86,85
328,105,86,85
322,105,86,85
320,105,86,85
317,105,86,85
393,89,86,85
309,105,86,85
301,110,86,85
301,110,86,85
293,107,86,85
287,107,86,85
282,110,86,85
279,105,86,85
363,59,86,85
428,107,86,85
425,105,86,85
417,102,86,85
414,105,86,85
406,99,86,85
406,105,86,85
398,102,86,85
395,102,86,85
349,67,86,85
314,62,86,85
382,102,86,85
382,102,86,85
376,102,86,85
379,102,86,85
382,99,86,85
382,94,86,85
385,94,86,85
387,94,86,85
401,89,86,85
398,94,86,85
395,91,86,85
409,91,86,85
401,94,86,85
409,86,86,85
414,86,86,85
425,86,86,85
436,78,86,85
390,33,86,85
393,46,86,85
387,65,86,85
382,73,86,85
376,75,86,85
371,78,86,85
382,91,86,85
366,89,86,85
293,33,86,85
282,89,86,85
284,75,86,85
284,75,86,85
284,70,86,85
287,62,86,85
287,62,86,85
284,62,86,85
290,59,86,85
290,51,86,85
287,46,86,85
290,46,86,85
301,59,86,85
387,1,86,85
303,35,86,85
303,43,86,85
303,43,86,85
306,41,86,85
309,14,86,85
309,14,86,85
309,14,86,85
320,11,86,85
320,11,86,85
322,17,86,85
322,11,86,85
322,11,86,85
317,14,86,85
290,97,86,85
309,11,86,85
306,14,86,85
301,14,86,85
287,27,86,85
287,27,86,85
301,3,86,85
284,3,86,85
284,1,86,85
282,1,86,85
263,6,86,85
263,6,86,85
263,1,86,85
266,1,86,85
263,1,86,85
244,1,86,85
228,11,86,85
225,11,86,85
209,3,86,85
203,3,86,85
206,1,86,85
182,3,86,85
106,35,86,85
68,91,86,85
65,107,86,85
55,187,86,85
65,190,86,85
109,182,86,85
128,171,86,85
157,160,86,85
174,158,86,85
195,150,86,85
228,126,86,85
268,115,86,85
225,86,86,85
187,54,86,85
190,51,86,85
160,43,86,85
160,43,86,85
155,46,86,85
144,59,86,85
130,62,86,85
125,142,86,85
92,86,86,85
117,6,86,85
111,11,86,85
106,3,86,85
92,11,86,85
92,14,86,85
95,6,86,85
106,3,86,85
103,3,86,85
130,6,86,85
141,3,86,85
174,1,86,85
176,1,86,85
174,1,86,85
187,1,86,85
193,1,86,85
201,1,86,85
206,62,86,85
217,65,86,85
225,14,86,85
222,1,86,85
228,11,86,85
301,41,86,85
228,11,86,85
230,11,86,85
230,11,86,85
233,11,86,85
233,9,86,85
230,6,86,85
236,1,86,85
230,6,86,85
228,3,86,85
230,1,86,85
230,1,86,85
195,75,86,85
233,131,86,85
268,134,86,85
295,126,86,85
333,126,86,85
282,46,86,85
271,14,86,85
276,17,86,85
284,33,86,85
306,35,86,85
276,17,86,85
276,17,86,85
276,14,86,85
276,17,86,85
268,17,86,85
255,3,86,85
260,1,86,85
239,17,86,85
244,41,86,85
236,41,86,85
190,97,86,85
241,17,86,85
241,3,86,85
239,3,86,85
239,17,86,85
244,11,86,85
241,11,86,85
247,14,86,85
255,3,86,85
268,1,86,85
263,54,86,85
220,136,86,85
220,128,86,85
225,113,86,85
249,107,86,85
244,81,86,85
257,83,86,85
290,3,86,85
360,75,88,87
401,55,88,87
401,55,88,87
370,69,88,87
395,71,88,87
409,55,88,87
387,79,88,87
409,63,88,87
370,36,88,87
381,41,88,87
372,40,86,85
420,65,86,85
431,128,86,85
455,128,86,85
460,126,86,85
469,121,88,87
500,109,88,87
483,104,88,87
503,104,88,87
486,109,88,87
508,104,88,87
483,115,88,87
505,115,88,87
489,120,88,87
497,120,88,87
497,123,88,87
497,120,88,87
497,120,88,87
497,123,88,87
497,123,88,87
497,123,88,87
497,123,88,87
453,156,88,87
475,136,88,87
478,142,88,87
461,142,88,87
508,93,88,87
481,136,88,87
533,82,88,87
541,55,88,87
489,112,88,87
492,131,88,87
514,58,88,87
514,58,88,87
514,58,88,87
514,58,88,87
514,58,88,87
514,58,88,87
514,58,88,87
514,58,88,87
514,58,88,87
514,58,88,87
514,58,88,87
514,58,88,87
514,58,88,87
514,58,88,87
514,58,88,87
483,44,88,87
514,11,88,87
508,1,88,87
508,6,88,87
486,22,88,87
486,22,88,87
486,22,88,87
486,22,88,87
486,22,88,87
486,22,88,87
442,52,88,87
442,52,88,87
406,44,88,87
406,44,88,87
406,44,88,87
406,44,88,87
398,47,88,87
395,52,88,87
409,47,88,87
445,60,88,87
445,60,88,87
398,77,88,87
403,77,88,87
475,150,88,87
472,150,88,87
472,153,88,87
475,150,88,87
475,145,88,87
481,137,90,88
481,137,90,88
481,137,90,88
481,137,90,88
481,137,90,88
481,137,90,88
406,134,90,88
352,123,90,88
369,59,90,88
375,70,90,88
375,70,90,88
310,64,90,88
375,120,90,88
386,123,90,88
386,120,90,88
394,128,90,88
403,128,90,88
406,128,90,88
409,128,90,88
406,131,90,88
406,128,90,88
316,59,90,88
299,73,90,88
310,67,90,88
313,62,90,88
313,62,90,88
316,64,90,88
318,64,90,88
406,134,90,88
389,136,90,88
403,136,90,88
318,98,90,88
392,131,90,88
302,123,90,88
307,106,90,88
299,67,90,88
366,136,90,88
366,139,90,88
293,95,90,88
293,95,90,88
293,100,91,90
290,97,91,90
288,97,91,90
276,91,91,90
276,94,91,90
267,88,91,90
259,88,91,90
262,85,91,90
253,68,91,90
253,60,91,90
262,66,91,90
259,12,91,90
242,102,91,90
224,102,91,90
216,100,91,90
210,91,91,90
210,91,91,90
199,85,91,90
207,88,91,90
210,85,91,90
207,88,93,92
208,87,93,92
208,87,93,92
208,87,93,92
211,87,93,92
208,87,93,92
208,87,93,92
208,87,93,92
205,84,93,92
205,84,93,92
214,79,95,94
213,80,95,94
210,77,95,94
218,83,95,94
218,83,95,94
216,80,97,96
189,79,97,96
217,79,97,96
208,70,97,96
217,76,97,96
223,79,97,96
202,76,97,96
217,91,97,96
217,97,97,96
211,97,97,96
208,100,97,96
220,49,97,96
223,55,97,96
223,52,97,96
226,79,97,96
232,109,97,96
235,76,97,96
238,67,97,96
241,67,97,96
241,82,97,96
247,79,97,96
250,79,97,96
320,136,97,96
317,136,97,96
284,49,97,96
342,133,97,96
345,139,97,96
265,88,97,96
269,79,97,96
272,70,97,96
272,70,97,96
272,70,97,96
293,55,97,96
256,52,97,96
259,49,97,96
262,46,97,96
265,46,97,96
269,46,97,96
269,46,97,96
278,55,97,96
278,58,97,96
278,100,97,96
290,94,97,96
287,70,97,96
333,67,97,96
336,58,97,96
339,52,97,96
320,76,97,96
320,79,97,96
333,76,97,96
366,142,97,96
372,106,97,96
363,133,97,96
299,70,97,96
290,67,97,96
290,118,97,96
299,70,97,96
339,112,97,96
342,112,97,96
272,73,97,96
284,79,97,96
348,115,97,96
272,76,97,96
284,82,97,96
287,52,97,96
339,109,97,96
290,124,97,96
278,133,97,96
360,121,97,96
360,121,97,96
290,124,97,96
290,124,97,96
363,127,97,96
290,124,97,96
363,124,97,96
293,124,97,96
311,100,97,96
287,124,97,96
290,124,97,96
290,124,97,96
290,124,97,96
293,124,97,96
293,124,97,96
293,124,97,96
290,124,97,96
290,124,97,96
287,124,97,96
354,127,97,96
351,127,97,96
293,124,97,96
354,124,97,96
290,124,97,96
287,124,97,96
372,127,97,96
351,127,97,96
357,124,97,96
351,127,97,96
293,124,97,96
305,145,97,96
305,109,97,96
329,154,97,96
369,157,97,96
372,145,97,96
387,145,97,96
345,121,97,96
345,118,97,96
342,118,97,96
351,112,97,96
375,115,97,96
430,115,97,96
369,121,97,96
363,118,97,96
381,124,97,96
390,139,97,96
421,127,97,96
476,157,97,96
412,67,97,96
476,157,97,96
476,157,97,96
381,145,97,96
372,142,97,96
366,145,97,96
363,139,97,96
363,139,97,96
363,136,97,96
272,85,97,96
269,82,97,96
265,82,97,96
259,76,97,96
351,34,97,96
259,64,97,96
262,13,97,96
360,85,97,96
333,85,97,96
336,85,97,96
333,85,97,96
329,85,97,96
326,88,97,96
323,88,97,96
320,85,97,96
223,52,97,96
226,52,97,96
235,46,97,96
223,88,97,96
220,85,97,96
223,82,97,96
223,79,97,96
220,79,97,96
220,79,97,96
223,79,97,96
220,79,97,96
232,31,97,96
229,82,97,96
229,76,97,96
229,79,97,96
232,82,97,96
229,82,97,96
229,82,97,96
220,79,97,96
223,82,97,96
217,79,97,96
220,76,97,96
229,82,97,96
238,100,97,96
238,100,97,96
241,103,97,96
241,103,97,96
241,100,97,96
250,103,97,96
253,100,97,96
253,100,97,96
259,100,97,96
226,94,97,96
223,109,97,96
226,115,97,96
275,64,97,96
287,43,97,96
269,40,97,96
287,61,97,96
287,64,97,96
290,58,97,96
299,55,97,96
299,58,97,96
308,55,97,96
384,1,97,96
308,31,97,96
284,106,97,96
290,55,97,96
293,37,97,96
293,37,97,96
293,37,97,96
333,70,97,96
366,1,97,96
366,58,97,96
369,55,97,96
366,58,97,96
363,55,97,96
366,73,97,96
427,70,97,96
430,70,97,96
396,64,97,96
348,1,97,96
348,1,97,96
415,70,97,96
336,124,97,96
363,46,97,96
342,121,97,96
378,46,97,96
348,103,97,96
372,109,97,96
375,112,97,96
381,118,97,96
384,124,97,96
384,124,97,96
384,118,97,96
378,118,97,96
369,112,97,96
351,109,97,96
314,118,97,96
278,124,97,96
299,28,97,96
305,31,97,96
293,25,97,96
329,31,97,96
351,46,97,96
363,49,97,96
360,58,97,96
345,58,97,96
351,61,97,96
439,94,97,96
424,88,97,96
460,91,97,96
460,82,97,96
363,46,97,96
363,64,97,96
451,61,97,96
360,58,97,96
366,58,97,96
363,46,97,96
366,43,97,96
369,43,99,98
370,43,99,98
386,50,99,98
386,50,99,98
395,46,99,98
395,56,99,98
398,56,99,98
426,77,99,98
389,56,99,98
383,59,99,98
388,58,97,96
396,61,97,96
390,64,97,96
372,52,97,96
372,52,97,96
372,52,97,96
372,52,97,96
454,61,97,96
457,85,97,96
381,19,97,96
381,19,97,96
381,19,97,96
381,19,97,96
421,58,97,96
424,91,97,96
424,91,97,96
424,91,97,96
424,91,97,96
424,91,97,96
424,91,97,96
366,34,97,96
372,19,97,96
363,22,97,96
363,19,97,96
363,19,97,96
366,25,97,96
363,25,97,96
357,19,97,96
360,19,97,96
363,22,97,96
366,25,97,96
363,25,97,96
363,25,97,96
357,19,97,96
351,28,97,96
351,28,97,96
393,55,97,96
342,22,97,96
342,22,97,96
390,58,97,96
366,10,97,96
366,10,97,96
366,10,97,96
366,10,97,96
366,10,97,96
366,10,97,96
366,10,97,96
326,34,97,96
357,37,97,96
357,37,97,96
393,58,97,96
387,61,97,96
387,61,97,96
357,52,97,96
351,52,97,96
375,25,97,96
375,25,97,96
369,28,97,96
360,40,97,96
357,37,97,96
366,28,97,96
354,43,97,96
369,25,97,96
372,25,97,96
354,55,97,96
363,70,97,96
381,64,97,96
384,58,97,96
357,43,97,96
384,58,97,96
381,61,97,96
387,61,97,96
387,64,97,96
393,61,97,96
366,73,97,96
393,64,97,96
369,67,97,96
369,67,97,96
357,73,97,96
363,67,97,96
369,73,97,96
372,73,97,96
369,70,97,96
375,76,97,96
372,73,97,96
375,76,97,96
372,76,97,96
375,79,97,96
375,79,97,96
378,79,97,96
378,79,97,96
381,79,97,96
378,79,97,96
375,79,97,96
372,79,97,96
366,79,97,96
366,79,97,96
363,79,97,96
360,76,97,96
366,67,97,96
348,79,97,96
354,79,97,96
348,79,97,96
339,82,97,96
363,61,97,96
375,82,97,96
360,79,97,96
390,88,97,96
396,97,97,96
387,94,97,96
375,97,97,96
381,97,97,96
345,118,97,96
339,121,97,96
311,124,97,96
317,142,97,96
302,145,97,96
220,109,97,96
214,112,97,96
208,106,97,96
198,193,97,96
208,121,97,96
208,121,97,96
208,118,97,96
217,121,97,96
226,118,97,96
223,118,97,96
235,115,97,96
238,115,97,96
241,112,97,96
198,139,97,96
205,151,97,96
205,130,97,96
205,193,97,96
205,130,97,96
202,127,97,96
202,139,97,96
202,139,97,96
290,112,97,96
302,112,97,96
308,112,97,96
314,112,97,96
314,109,97,96
320,109,97,96
333,115,97,96
336,106,97,96
336,103,97,96
424,154,97,96
494,70,97,96
406,151,97,96
491,70,97,96
467,61,97,96
512,82,97,96
503,64,97,96
467,67,97,96
439,61,97,96
439,61,97,96
460,70,97,96
460,70,97,96
460,76,97,96
464,82,99,98
460,77,99,98
448,74,99,98
504,74,99,98
417,154,99,98
401,86,99,98
401,86,99,98
401,86,99,98
401,86,99,98
389,40,99,98
386,40,99,98
398,89,99,98
398,95,99,98
392,92,99,98
389,92,99,98
389,95,99,98
389,89,99,98
380,129,99,98
376,126,99,98
370,126,99,98
367,126,99,98
364,138,99,98
