139,282,60,120
143,282,60,120
147,282,60,120
147,282,60,120
143,280,60,120
137,278,60,120
128,278,60,120
106,272,60,120
92,269,60,120
87,269,60,120
83,271,60,120
87,274,60,120
100,280,60,120
113,287,60,120
122,282,60,120
134,286,60,120
141,284,60,120
151,276,60,120
154,271,60,120
162,267,60,120
171,263,60,120
184,257,60,120
214,256,60,120
231,254,60,120
250,250,60,120
265,246,60,120
278,241,60,120
291,237,60,120
293,239,60,120
291,239,60,120
284,239,60,120
274,241,60,120
252,237,60,120
239,233,60,120
226,229,60,120
214,229,60,120
205,226,60,120
197,218,60,120
197,218,60,120
199,218,60,120
207,214,60,120
214,212,60,120
231,211,60,120
241,207,60,120
252,201,60,120
259,197,60,120
263,194,60,120
265,186,60,120
267,179,60,120
267,171,60,120
265,166,60,120
267,162,60,120
271,152,60,120
276,139,60,120
284,132,60,120
287,132,60,120
291,134,60,120
306,154,60,120
319,154,60,120
332,158,60,120
342,164,60,120
347,166,60,120
357,169,60,120
359,169,60,120
361,169,60,120
361,171,60,120
361,173,60,120
362,175,60,120
362,175,60,120
362,177,60,120
364,177,60,120
366,179,60,120
370,179,60,120
374,181,60,120
377,182,60,120
377,182,60,120
379,184,60,120
381,186,60,120
381,186,60,120
381,186,60,120
381,188,60,120
379,188,60,120
376,190,60,120
372,190,60,120
370,190,60,120
368,190,60,120
366,190,60,120
366,190,60,120
366,190,60,120
368,188,60,120
370,188,60,120
372,190,60,120
374,190,60,120
376,190,60,120
374,188,60,120
374,188,60,120
372,188,60,120
370,188,60,120
366,188,60,120
362,188,60,120
359,188,60,120
351,186,60,120
344,190,60,120
338,190,60,120
338,192,60,120
338,194,60,120
338,194,60,120
346,199,60,120
347,203,60,120
349,207,60,120
351,207,60,120
349,205,60,120
346,201,60,120
342,201,60,120
338,199,60,120
334,197,60,120
332,194,60,120
334,199,60,120
340,201,60,120
347,212,60,120
351,218,60,120
353,224,60,120
351,224,60,120
349,224,60,120
346,222,60,120
344,220,60,120
344,222,60,120
340,220,60,120
340,220,60,120
340,220,60,120
340,220,60,120
340,222,60,120
338,224,60,120
336,226,60,120
334,226,60,120
332,227,60,120
332,229,60,120
329,233,60,120
329,235,60,120
331,235,60,120
331,233,60,120
331,233,60,120
334,233,60,120
338,227,60,120
344,226,60,120
347,229,60,120
349,227,60,120
351,226,60,120
349,220,60,120
349,218,60,120
349,216,60,120
346,209,60,120
346,209,60,120
346,211,60,120
346,212,60,120
347,216,60,120
349,220,60,120
349,224,60,120
347,227,60,120
347,231,60,120
349,246,60,120
349,252,60,120
346,252,60,120
338,254,60,120
336,254,60,120
332,254,60,120
329,254,60,120
325,252,60,120
323,259,60,120
323,259,60,120
323,263,60,120
325,265,60,120
327,267,60,120
332,269,60,120
334,267,60,120
338,265,60,120
338,265,60,120
340,265,60,120
338,261,60,120
344,257,60,120
344,256,60,120
346,254,60,120
361,252,60,120
370,250,60,120
376,252,60,120
376,252,60,120
377,252,60,120
381,254,60,120
383,252,60,120
386,256,58,117
385,254,58,117
385,254,58,117
387,252,58,117
383,236,58,117
383,236,58,117
383,238,58,117
387,239,58,117
387,239,58,117
394,241,58,117
392,241,58,117
394,243,58,117
396,243,58,117
394,241,58,117
392,243,58,117
390,243,58,117
385,241,58,117
381,234,58,117
383,238,58,117
372,223,58,117
364,216,58,117
359,217,58,117
350,217,58,117
341,216,58,117
324,219,58,117
313,217,58,117
313,234,58,117
309,245,58,117
302,239,58,117
298,239,58,117
300,238,58,117
298,238,58,117
298,238,58,117
300,239,58,117
300,239,58,117
304,245,58,117
302,239,58,117
304,241,58,117
304,236,58,117
300,225,58,117
298,217,58,117
295,216,58,117
293,212,58,117
293,216,58,117
295,210,58,117
296,214,58,117
296,217,58,117
300,219,58,117
300,217,58,117
302,219,58,117
300,217,58,117
302,217,58,117
302,217,58,117
302,219,58,117
304,223,58,117
304,223,58,117
306,221,58,117
306,225,58,117
306,227,58,117
304,225,58,117
302,225,58,117
302,223,58,117
300,219,58,117
298,221,58,117
296,221,58,117
295,221,58,117
293,221,58,117
291,219,58,117
291,221,58,117
287,219,58,117
285,221,58,117
284,221,58,117
282,221,58,117
280,221,58,117
276,221,58,117
274,223,58,117
273,223,58,117
273,225,58,117
271,225,58,117
271,225,58,117
271,225,58,117
271,225,58,117
273,225,58,117
276,227,58,117
278,230,58,117
278,234,58,117
280,236,58,117
280,234,58,117
280,234,58,117
280,249,58,117
282,247,58,117
287,241,58,117
287,245,58,117
296,238,58,117
307,236,58,117
313,236,58,117
320,238,58,117
326,238,58,117
331,236,58,117
339,239,58,117
342,238,58,117
342,236,58,117
341,238,58,117
339,236,58,117
337,234,58,117
333,234,58,117
331,236,58,117
330,234,58,117
328,236,58,117
326,236,58,117
328,239,58,117
324,239,58,117
322,238,58,117
322,238,58,117
326,238,58,117
328,236,58,117
330,236,58,117
331,234,58,117
337,234,58,117
344,232,58,117
348,232,58,117
348,232,58,117
350,236,58,117
350,236,58,117
341,216,58,117
339,214,58,117
335,208,58,117
333,208,58,117
333,212,58,117
337,216,58,117
346,223,58,117
352,228,58,117
357,239,58,117
359,239,58,117
363,245,58,117
373,247,57,115
377,242,57,115
384,249,57,115
390,249,57,115
401,242,57,115
406,242,57,115
410,242,57,115
411,238,57,115
413,237,57,115
415,237,57,115
411,233,57,115
410,229,57,115
408,231,57,115
404,233,57,115
401,233,57,115
388,231,57,115
379,231,57,115
368,233,57,115
357,228,57,115
338,222,57,115
329,224,57,115
321,222,57,115
310,219,57,115
305,224,57,115
296,226,57,115
274,231,57,115
264,228,57,115
255,229,57,115
244,231,57,115
238,233,57,115
229,237,57,115
229,235,57,115
231,240,57,115
233,242,57,115
238,249,57,115
253,253,57,115
260,256,57,115
271,265,57,115
280,267,57,115
292,273,57,115
318,292,57,115
332,301,57,115
347,303,57,115
363,301,57,115
377,305,57,115
404,300,57,115
419,305,57,115
431,305,57,115
440,307,57,115
446,305,57,115
446,298,57,115
444,296,57,115
440,294,57,115
437,294,57,115
433,292,57,115
424,283,57,115
420,282,57,115
419,282,57,115
419,283,57,115
419,291,57,115
422,301,57,115
424,300,57,115
426,298,57,115
429,296,57,115
431,283,57,115
438,271,57,115
442,264,57,115
446,258,57,115
447,251,57,115
449,246,57,115
451,231,57,115
451,228,57,115
453,228,57,115
453,220,57,115
453,220,57,115
455,217,57,115
456,211,57,115
458,210,57,115
460,206,57,115
458,206,57,115
471,213,57,115
474,215,57,115
478,213,57,115
483,213,57,115
489,211,57,115
500,204,57,115
509,204,57,115
514,199,57,115
523,201,57,115
530,201,57,115
548,208,57,115
556,208,57,115
563,211,57,115
568,217,57,115
568,219,57,115
556,208,57,115
550,206,57,115
536,195,57,115
502,175,57,115
491,172,57,115
458,161,57,115
440,159,57,115
422,155,57,115
404,154,57,115
392,152,57,115
377,152,57,115
374,145,57,115
370,148,57,115
366,145,57,115
363,139,57,115
352,136,57,115
305,110,57,115
269,89,57,115
247,82,57,115
226,73,57,115
197,65,57,115
192,65,57,115
179,85,57,115
172,87,57,115
166,87,57,115
154,91,57,115
146,91,57,115
143,89,57,115
139,87,57,115
136,87,57,115
132,89,57,115
132,91,57,115
134,92,57,115
136,92,57,115
141,78,57,115
146,71,57,115
148,74,57,115
152,71,57,115
165,58,57,115
168,56,57,115
190,42,57,115
202,40,57,115
213,40,57,115
226,40,57,115
240,42,57,115
267,49,57,115
283,56,57,115
301,67,57,115
319,82,57,115
334,92,57,115
363,118,57,115
372,123,57,115
377,123,57,115
381,125,57,115
388,127,57,115
388,125,57,115
393,127,57,115
395,127,57,115
397,127,57,115
399,128,57,115
397,130,57,115
393,134,57,115
390,143,57,115
381,143,57,115
366,141,57,115
350,136,57,115
347,137,57,115
348,146,57,115
350,157,57,115
352,165,57,115
352,168,57,115
352,168,57,115
352,172,57,115
348,170,57,115
347,168,57,115
347,170,57,115
338,166,57,115
334,165,57,115
330,165,57,115
330,161,57,115
329,161,57,115
329,159,57,115
329,159,57,115
330,159,57,115
330,159,57,115
332,154,57,115
330,154,57,115
332,145,57,115
332,146,57,115
332,137,57,115
334,123,57,115
345,107,57,115
354,96,57,115
370,89,57,115
417,114,57,115
422,112,57,115
429,109,57,115
435,109,57,115
438,107,57,115
444,107,57,115
447,110,57,115
456,107,57,115
458,110,57,115
467,107,57,115
469,109,57,115
471,108,58,117
473,107,58,117
471,105,58,117
467,109,58,117
508,171,58,117
506,171,58,117
501,171,58,117
497,173,58,117
493,173,58,117
493,173,58,117
491,175,58,117
491,173,58,117
493,171,58,117
493,173,58,117
495,173,58,117
500,175,57,115
505,174,57,115
474,105,57,115
509,175,57,115
480,107,57,115
482,107,57,115
485,105,57,115
487,105,57,115
487,105,57,115
487,107,57,115
489,107,57,115
493,107,57,115
494,110,57,115
494,112,57,115
496,114,57,115
498,118,57,115
437,105,57,115
456,114,57,115
474,127,57,115
500,139,57,115
507,139,57,115
516,137,57,115
518,137,57,115
520,137,57,115
520,139,57,115
514,143,57,115
518,143,57,115
525,137,57,115
518,145,57,115
520,141,57,115
523,136,57,115
520,137,57,115
520,136,57,115
523,128,57,115
521,130,57,115
521,127,57,115
518,125,57,115
516,123,57,115
516,121,57,115
516,119,57,115
514,123,57,115
514,127,57,115
507,112,57,115
505,112,57,115
489,91,57,115
491,92,57,115
489,85,57,115
487,85,57,115
483,83,57,115
487,87,57,115
489,89,57,115
491,89,57,115
572,127,57,115
579,128,57,115
583,130,57,115
586,132,57,115
590,134,57,115
593,134,57,115
593,136,57,115
593,137,57,115
593,137,57,115
593,136,57,115
590,137,57,115
588,136,57,115
583,134,57,115
579,128,57,115
568,123,57,115
561,125,57,115
554,123,57,115
547,121,57,115
541,121,57,115
523,119,57,115
516,119,57,115
507,118,57,115
502,118,57,115
494,116,57,115
482,112,57,115
478,112,57,115
474,110,57,115
471,110,57,115
469,112,57,115
465,114,57,115
464,116,57,115
462,119,57,115
464,121,57,115
462,125,57,115
465,123,57,115
467,125,57,115
471,125,57,115
474,128,57,115
478,128,57,115
483,132,57,115
487,132,57,115
491,132,57,115
491,130,57,115
491,128,57,115
491,127,57,115
489,125,57,115
487,125,57,115
487,127,57,115
485,127,57,115
483,128,57,115
482,128,57,115
480,128,57,115
480,128,57,115
478,130,57,115
478,130,57,115
478,130,57,115
482,128,57,115
483,128,57,115
485,128,57,115
489,121,57,115
494,119,57,115
496,119,57,115
500,125,57,115
419,109,57,115
433,107,57,115
438,105,57,115
446,112,57,115
449,110,57,115
451,107,57,115
451,105,57,115
446,101,57,115
442,100,57,115
437,96,57,115
435,101,57,115
431,96,57,115
424,96,57,115
422,96,57,115
422,94,57,115
420,91,57,115
419,87,57,115
417,78,57,115
417,74,57,115
413,71,57,115
411,67,57,115
406,60,57,115
402,55,57,115
404,53,57,115
406,53,57,115
404,51,57,115
404,53,57,115
404,49,57,115
404,51,57,115
406,51,57,115
408,51,57,115
408,51,57,115
411,53,57,115
413,56,57,115
415,60,57,115
415,64,57,115
417,65,57,115
419,73,57,115
417,71,57,115
417,80,57,115
415,80,57,115
415,82,57,115
410,83,57,115
404,80,57,115
399,83,57,115
391,86,56,113
410,131,56,113
405,129,56,113
400,129,56,113
393,128,56,113
387,138,56,113
382,147,56,113
410,131,56,113
409,133,56,113
407,131,56,113
405,131,56,113
403,131,56,113
402,135,56,113
400,135,56,113
398,138,56,113
397,143,57,115
392,143,57,115
384,145,57,115
377,141,57,115
372,141,57,115
366,141,57,115
361,143,57,115
352,152,57,115
347,154,57,115
345,155,57,115
343,157,57,115
347,152,57,115
350,150,57,115
356,148,57,115
366,148,57,115
377,150,57,115
388,152,57,115
408,155,57,115
422,165,57,115
435,165,57,115
442,163,57,115
449,159,57,115
451,152,57,115
449,148,57,115
446,145,57,115
442,139,57,115
446,143,57,115
438,137,57,115
437,136,57,115
433,136,57,115
429,134,57,115
426,134,57,115
424,130,57,115
420,128,57,115
410,123,57,115
404,119,57,115
404,119,57,115
392,118,57,115
384,118,57,115
303,112,57,115
303,118,57,115
301,119,57,115
307,130,57,115
303,130,57,115
300,136,57,115
301,145,56,113
296,147,56,113
287,154,56,113
283,161,56,113
281,170,56,113
278,172,56,113
276,170,56,113
280,172,56,113
287,177,56,113
290,177,56,113
294,175,56,113
299,174,56,113
301,168,56,113
359,147,56,113
366,144,56,113
373,147,55,110
375,148,55,110
382,148,55,110
387,149,55,110
390,149,55,110
395,148,55,110
401,143,55,110
347,125,55,110
352,125,55,110
354,127,55,110
352,127,55,110
342,132,55,110
314,130,55,110
295,129,55,110
279,129,55,110
264,129,55,110
250,129,55,110
226,129,55,110
215,127,55,110
205,123,55,110
196,122,55,110
188,123,55,110
174,129,55,110
165,122,55,110
160,127,55,110
151,125,55,110
148,125,55,110
148,122,55,110
151,123,55,110
160,129,55,110
163,123,55,110
172,120,55,110
186,115,55,110
189,110,55,110
195,108,55,110
198,103,55,110
200,99,55,110
210,94,55,110
217,96,55,110
226,101,55,110
231,106,55,110
236,117,55,110
243,130,55,110
243,137,55,110
243,139,55,110
241,143,55,110
238,143,55,110
231,143,55,110
227,143,55,110
226,144,55,110
222,144,55,110
217,144,55,110
214,146,55,110
210,144,55,110
208,144,55,110
207,143,55,110
207,139,55,110
205,130,55,110
205,129,55,110
203,129,55,110
201,129,55,110
201,117,55,110
203,110,55,110
198,108,55,110
195,104,55,110
188,104,55,110
184,103,55,110
177,99,55,110
169,96,55,110
165,92,55,110
165,92,55,110
165,92,55,110
169,92,55,110
186,92,55,110
198,94,55,110
215,101,55,110
231,104,55,110
269,115,55,110
288,122,55,110
307,123,55,110
323,136,55,110
337,143,55,110
347,146,55,110
364,160,55,110
369,162,55,110
376,163,55,110
380,169,55,110
385,158,55,110
389,155,55,110
390,148,55,110
390,143,55,110
390,136,55,110
385,125,55,110
380,120,55,110
376,120,55,110
373,120,55,110
368,122,55,110
363,123,55,110
354,120,55,110
352,117,55,110
354,115,56,113
350,105,56,113
393,145,56,113
393,122,56,113
395,121,56,113
391,119,56,113
386,119,56,113
380,119,56,113
379,115,56,113
379,112,56,113
379,112,56,113
380,112,56,113
380,108,56,113
387,108,56,113
393,112,56,113
396,112,56,113
402,112,56,113
405,114,56,113
379,76,56,113
414,119,56,113
421,126,56,113
423,128,56,113
423,129,56,113
419,135,56,113
421,135,56,113
421,138,56,113
414,135,56,113
405,128,56,113
402,128,56,113
403,126,56,113
402,124,56,113
402,121,56,113
400,121,56,113
391,108,56,113
387,108,56,113
430,161,56,113
430,154,56,113
432,149,56,113
426,147,56,113
437,195,56,113
437,193,56,113
433,190,56,113
433,195,56,113
391,115,56,113
393,122,56,113
393,124,56,113
395,128,56,113
393,126,56,113
387,126,56,113
386,124,56,113
384,126,56,113
380,126,56,113
379,133,56,113
379,135,56,113
379,135,56,113
380,137,56,113
380,135,56,113
384,135,56,113
386,133,56,113
387,133,56,113
387,131,56,113
391,131,56,113
393,128,56,113
391,126,56,113
389,128,56,113
386,128,56,113
384,126,56,113
380,128,56,113
375,124,56,113
370,124,56,113
363,124,56,113
361,124,56,113
354,124,56,113
349,124,56,113
349,128,56,113
350,124,56,113
345,122,56,113
345,122,56,113
343,121,56,113
336,119,56,113
333,119,56,113
331,115,56,113
326,119,56,113
320,117,56,113
322,110,56,113
322,103,56,113
322,101,56,113
322,96,56,113
322,96,56,113
324,96,56,113
324,99,56,113
324,99,56,113
326,103,56,113
324,101,56,113
324,101,56,113
322,101,56,113
320,101,56,113
319,103,56,113
311,105,56,113
308,107,56,113
306,110,56,113
304,114,56,113
299,114,56,113
297,115,56,113
299,114,56,113
299,114,56,113
301,114,56,113
301,112,56,113
304,112,56,113
304,112,56,113
306,115,56,113
306,124,56,113
304,119,56,113
297,128,56,113
292,126,56,113
288,128,55,110
281,125,55,110
278,125,55,110
272,122,55,110
272,120,55,110
272,120,55,110
276,117,55,110
283,118,55,110
295,106,55,110
305,103,55,110
227,66,55,110
241,59,55,110
267,66,55,110
312,72,55,110
333,73,55,110
350,75,55,110
364,82,55,110
373,87,55,110
380,96,55,110
385,108,55,110
385,110,55,110
383,115,55,110
380,115,55,110
378,115,55,110
369,115,55,110
366,123,55,110
361,125,55,110
354,123,55,110
347,123,55,110
331,130,55,110
324,132,55,110
317,139,55,110
314,137,55,110
316,139,55,110
316,139,55,110
317,144,55,110
316,146,55,110
316,149,55,110
314,153,55,110
312,151,55,110
311,149,55,110
317,146,55,110
359,110,55,110
359,103,55,110
373,160,55,110
373,148,55,110
378,149,55,110
380,146,55,110
380,146,55,110
382,149,55,110
380,148,55,110
378,146,55,110
380,146,55,110
378,143,55,110
376,139,55,110
375,139,55,110
373,136,55,110
373,134,55,110
376,136,55,110
376,130,55,110
378,125,55,110
383,125,55,110
387,123,55,110
392,122,55,110
444,149,55,110
442,148,55,110
437,136,55,110
428,125,55,110
427,127,55,110
421,127,55,110
413,120,55,110
413,125,55,110
409,127,55,110
404,127,55,110
394,122,55,110
389,120,55,110
385,120,55,110
385,120,55,110
387,122,55,110
389,122,55,110
389,122,55,110
394,122,55,110
395,118,55,110
399,118,55,110
401,118,55,110
404,120,55,110
402,118,55,110
409,122,55,110
409,120,55,110
416,123,55,110
421,125,55,110
425,130,55,110
427,134,55,110
427,136,55,110
427,143,55,110
427,144,55,110
425,148,55,110
425,151,55,110
423,151,55,110
421,149,55,110
423,146,55,110
423,144,55,110
425,146,55,110
425,143,55,110
428,137,55,110
428,137,55,110
428,139,55,110
428,141,55,110
428,143,55,110
428,143,55,110
411,132,55,110
428,143,55,110
428,136,55,110
430,136,55,110
427,129,55,110
404,111,55,110
421,127,55,110
416,129,55,110
406,125,55,110
401,127,55,110
385,118,55,110
371,115,55,110
356,103,55,110
343,101,55,110
323,111,55,110
312,118,55,110
307,127,55,110
302,134,55,110
298,139,55,110
295,148,55,110
297,149,55,110
295,148,55,110
297,148,55,110
298,148,55,110
297,148,55,110
295,146,55,110
292,149,55,110
286,143,55,110
281,143,55,110
274,139,55,110
269,134,55,110
266,129,55,110
266,118,55,110
271,117,55,110
311,167,55,110
312,169,55,110
321,170,55,110
328,175,55,110
354,182,55,110
361,181,55,110
364,181,55,110
369,177,55,110
371,177,55,110
373,177,55,110
378,175,55,110
376,170,55,110
376,172,55,110
373,169,55,110
376,170,55,110
390,174,55,110
356,127,55,110
363,129,55,110
363,122,55,110
366,123,55,110
378,132,55,110
380,136,55,110
383,136,55,110
387,136,55,110
389,136,55,110
392,132,55,110
394,132,55,110
394,136,55,110
395,134,55,110
397,136,55,110
399,139,55,110
399,139,56,113
396,140,56,113
396,138,56,113
396,137,56,113
395,133,56,113
395,136,57,115
392,132,57,115
395,136,57,115
397,137,57,115
399,139,57,115
401,139,57,115
399,137,57,115
399,139,57,115
397,137,57,115
393,136,57,115
384,130,57,115
381,130,57,115
377,130,57,115
370,127,57,115
365,125,57,115
359,119,57,115
356,110,57,115
354,105,57,115
352,98,57,115
352,98,57,115
356,107,57,115
357,105,57,115
361,107,57,115
368,109,57,115
386,148,57,115
390,132,57,115
397,136,57,115
402,139,57,115
411,155,57,115
411,134,57,115
437,157,57,115
447,155,57,115
458,148,57,115
469,145,57,115
478,139,57,115
496,118,57,115
509,119,57,115
520,119,57,115
523,123,57,115
529,125,57,115
523,123,57,115
532,123,57,115
505,114,57,115
503,119,57,115
525,130,57,115
498,128,57,115
498,128,57,115
496,130,57,115
494,130,57,115
493,134,57,115
494,141,57,115
502,148,57,115
507,154,57,115
438,119,57,115
438,123,57,115
433,123,57,115
437,128,57,115
502,166,57,115
500,165,57,115
512,170,57,115
471,172,57,115
471,170,57,115
471,170,57,115
474,159,57,115
473,155,57,115
469,150,57,115
464,145,57,115
503,157,57,115
447,139,57,115
467,152,57,115
462,152,57,115
455,152,57,115
453,154,57,115
440,152,57,115
437,152,57,115
429,152,57,115
422,152,57,115
420,150,57,115
422,150,57,115
413,150,57,115
410,150,57,115
411,159,57,115
404,159,57,115
399,161,57,115
395,165,57,115
384,168,57,115
365,163,57,115
359,163,57,115
354,161,57,115
350,161,57,115
341,159,57,115
334,150,57,115
327,150,57,115
321,152,57,115
312,154,57,115
292,157,57,115
283,157,57,115
274,157,57,115
265,154,57,115
260,155,57,115
255,148,57,115
255,141,57,115
260,141,57,115
262,137,57,115
265,127,57,115
276,125,57,115
283,121,57,115
291,121,57,115
301,121,57,115
307,121,57,115
343,128,57,115
359,132,57,115
375,141,57,115
392,146,57,115
411,155,57,115
444,155,57,115
458,157,57,115
473,159,57,115
491,161,57,115
505,157,57,115
532,152,57,115
545,150,57,115
559,146,57,115
572,145,57,115
583,143,57,115
599,139,57,115
613,137,57,115
622,134,57,115
693,114,57,115
633,119,57,115
711,96,57,115
631,116,57,115
626,118,57,115
619,112,57,115
608,116,57,115
608,116,57,115
530,143,57,115
512,143,57,115
496,139,57,115
500,186,57,115
474,181,57,115
530,125,57,115
487,65,57,115
485,71,57,115
500,83,57,115
496,85,57,115
500,85,57,115
498,91,57,115
559,139,57,115
556,145,57,115
543,159,57,115
534,166,57,115
529,172,57,115
521,175,57,115
520,177,57,115
502,177,57,115
500,175,57,115
496,175,57,115
489,175,57,115
483,183,57,115
467,186,57,115
458,186,57,115
447,190,57,115
440,190,57,115
426,188,57,115
469,254,58,117
462,252,58,117
456,252,58,117
453,251,58,117
449,254,58,117
442,258,58,117
436,262,58,117
431,265,58,117
425,267,58,117
420,274,58,117
407,273,58,117
401,278,58,117
396,271,58,117
388,273,58,117
383,273,58,117
376,271,58,117
364,274,58,117
361,278,58,117
359,271,58,117
359,276,58,117
362,266,57,115
365,262,57,115
370,260,57,115
379,258,57,115
390,262,57,115
402,264,57,115
437,264,57,115
410,195,57,115
341,271,57,115
370,267,57,115
402,264,57,115
483,264,57,115
507,193,57,115
552,177,57,115
586,170,57,115
622,174,57,115
682,237,57,115
702,190,57,115
721,190,57,115
730,197,57,115
730,197,57,115
757,195,57,115
756,228,57,115
757,220,57,115
763,179,57,115
764,212,56,113
764,209,56,113
762,161,56,113
757,204,56,113
757,204,56,113
736,195,56,113
709,184,56,113
690,184,56,113
684,128,56,113
713,75,56,113
649,124,56,113
665,78,56,113
649,76,56,113
584,129,56,113
569,133,56,113
550,136,57,115
525,141,57,115
514,145,57,115
593,155,57,115
581,157,57,115
570,155,57,115
559,154,57,115
554,152,57,115
547,155,57,115
543,155,57,115
539,155,57,115
536,152,57,115
534,150,57,115
532,150,57,115
530,148,57,115
568,217,57,115
525,148,57,115
