534,169,69,58
534,169,69,58
534,169,69,58
532,167,69,58
534,167,69,58
534,165,69,58
532,165,69,58
532,165,69,58
530,164,69,58
528,164,69,58
527,162,69,58
523,160,69,58
520,160,69,58
518,158,69,58
518,160,67,56
515,159,67,56
511,157,67,56
511,157,67,56
506,155,67,56
503,153,67,56
499,153,67,56
496,153,67,56
494,152,67,56
491,150,67,56
488,150,67,56
484,150,67,56
482,148,67,56
479,148,67,56
476,146,67,56
474,146,67,56
471,144,67,56
469,144,67,56
466,144,67,56
464,143,67,56
462,141,67,56
459,141,67,56
457,141,67,56
454,141,67,56
450,139,67,56
449,139,67,56
447,137,67,56
444,137,67,56
440,136,67,56
439,136,67,56
437,134,67,56
433,134,67,56
432,132,67,56
428,132,67,56
425,130,67,56
423,130,67,56
420,130,67,56
418,128,67,56
417,128,67,56
415,127,67,56
411,127,67,56
410,127,67,56
408,125,67,56
406,125,67,56
403,123,67,56
401,123,67,56
400,121,67,56
398,121,67,56
395,121,67,56
393,120,67,56
391,120,67,56
389,120,67,56
388,118,67,56
386,118,67,56
383,118,67,56
381,116,67,56
379,116,67,56
379,116,67,56
376,114,67,56
376,114,67,56
374,114,67,56
329,146,67,56
329,146,67,56
329,146,67,56
329,146,67,56
329,146,67,56
329,146,67,56
329,146,67,56
329,146,67,56
329,146,67,56
330,148,66,55
327,147,66,55
327,147,66,55
329,147,66,55
329,147,66,55
329,147,66,55
329,147,66,55
329,147,66,55
329,147,66,55
329,147,66,55
329,147,66,55
329,147,66,55
329,147,66,55
329,147,66,55
330,147,66,55
329,147,66,55
329,147,66,55
329,147,66,55
329,147,66,55
329,147,66,55
330,148,65,54
330,147,65,54
327,147,65,54
329,147,65,54
329,147,65,54
329,147,65,54
329,147,65,54
329,147,65,54
327,147,65,54
327,147,65,54
327,147,65,54
327,147,65,54
327,147,65,54
326,147,65,54
327,147,65,54
327,147,65,54
329,147,65,54
329,147,65,54
330,147,65,54
329,147,65,54
329,147,65,54
329,147,65,54
330,147,65,54
330,147,65,54
330,147,65,54
330,147,65,54
330,147,65,54
330,147,65,54
330,147,65,54
330,147,65,54
329,147,65,54
330,147,65,54
330,147,65,54
330,147,65,54
330,147,65,54
331,148,66,55
330,147,66,55
329,147,66,55
329,147,66,55
329,147,66,55
329,147,66,55
329,147,66,55
329,147,66,55
329,147,66,55
329,147,66,55
329,147,66,55
329,147,66,55
329,147,66,55
330,147,66,55
329,147,66,55
330,147,66,55
329,147,66,55
329,147,66,55
329,147,66,55
330,147,66,55
329,147,66,55
330,147,66,55
329,147,66,55
329,147,66,55
329,147,66,55
329,147,66,55
329,147,66,55
329,147,66,55
329,147,66,55
