2,117,36,42
3,117,36,42
6,118,36,42
8,118,36,42
11,118,36,42
13,118,36,42
14,117,36,42
15,117,36,42
16,116,36,42
17,116,36,42
20,116,36,42
21,116,36,42
22,117,36,42
24,116,36,42
25,116,36,42
29,115,36,41
30,115,36,41
31,116,36,42
33,115,35,41
35,115,35,41
37,115,36,41
39,115,36,41
41,115,36,41
44,115,35,41
47,114,35,42
48,114,36,42
51,114,35,42
53,114,35,42
57,113,36,42
59,113,36,42
61,114,36,42
64,115,36,41
66,114,36,42
68,114,36,42
70,113,36,42
73,114,36,42
75,113,36,42
76,112,36,42
79,112,36,42
84,113,36,42
87,113,36,42
90,113,36,42
91,112,36,42
96,112,36,42
98,112,36,42
101,112,36,42
104,112,36,42
107,111,36,42
110,111,36,42
113,112,36,42
116,111,36,42
119,112,36,42
122,110,36,42
124,110,36,42
127,110,36,42
129,110,36,42
132,110,36,42
135,110,36,42
137,110,36,42
139,110,36,42
142,110,36,42
145,110,36,42
146,109,36,42
149,109,36,42
150,109,36,42
152,108,36,42
153,108,36,42
155,108,36,42
158,108,36,42
160,108,36,42
162,107,36,42
163,107,36,42
166,107,36,42
168,107,36,42
169,107,36,42
171,105,36,42
173,105,36,42
175,105,36,42
176,104,36,42
181,105,36,42
182,104,36,42
183,104,36,42
184,103,36,42
186,102,36,42
189,102,36,42
190,102,36,42
192,101,36,42
194,102,36,42
196,102,36,42
198,100,36,42
200,101,36,42
201,101,36,42
205,101,36,42
207,100,36,42
208,99,36,42
209,99,36,42
213,100,36,42
215,100,36,42
216,99,36,42
220,99,36,42
222,99,36,42
223,98,36,42
224,99,36,42
228,98,36,42
229,98,36,42
231,98,36,42
235,98,36,42
237,98,36,42
239,97,36,42
240,96,36,42
243,96,36,42
245,96,36,42
246,96,36,42
248,96,36,42
250,96,36,42
252,96,36,42
253,95,36,42
255,95,36,42
256,95,36,42
259,95,36,42
261,95,36,42
262,95,36,42
263,95,36,42
266,95,36,42
269,95,37,43
269,94,37,43
271,93,37,43
272,93,37,43
273,93,37,43
274,93,37,43
276,93,37,43
