12,247,119,110
4,247,119,110
4,247,119,110
4,247,119,110
4,247,119,110
4,247,119,110
4,247,119,110
4,247,119,110
4,247,119,110
4,247,119,110
4,247,119,110
4,247,119,110
4,247,119,110
4,247,119,110
4,247,119,110
4,247,119,110
4,247,119,110
4,247,119,110
4,247,119,110
4,247,119,110
4,247,119,110
4,247,119,110
4,247,119,110
4,247,119,110
6,249,116,108
4,245,116,108
4,245,116,108
4,245,116,108
4,245,116,108
4,245,116,108
4,245,116,108
4,245,116,108
4,245,116,108
4,245,116,108
4,245,116,108
4,245,116,108
1,245,116,108
1,191,116,108
1,191,116,108
1,194,116,108
1,194,116,108
1,194,116,108
1,194,116,108
1,194,116,108
1,194,116,108
1,194,116,108
1,194,116,108
1,194,116,108
1,191,116,108
1,191,116,108
1,191,116,108
1,191,116,108
1,191,116,108
1,191,116,108
1,191,116,108
1,191,116,108
1,191,116,108
1,191,116,108
1,191,116,108
1,191,116,108
1,191,116,108
1,191,116,108
1,191,116,108
1,191,116,108
1,191,116,108
1,191,116,108
1,191,116,108
1,191,116,108
1,191,116,108
1,191,116,108
1,194,116,108
1,194,116,108
1,194,116,108
1,194,116,108
1,194,116,108
1,194,116,108
1,194,116,108
1,194,116,108
1,194,116,108
1,194,116,108
1,194,116,108
1,194,116,108
1,194,116,108
1,194,116,108
1,194,116,108
1,194,116,108
1,194,116,108
1,198,116,108
1,194,116,108
1,198,116,108
1,198,116,108
1,198,116,108
1,194,116,108
1,198,116,108
1,198,116,108
1,198,116,108
1,198,116,108
1,198,116,108
1,194,116,108
1,198,116,108
1,198,116,108
1,198,116,108
1,198,116,108
1,198,116,108
1,198,116,108
1,194,116,108
1,198,116,108
1,194,116,108
1,198,116,108
1,194,116,108
1,194,116,108
1,194,116,108
1,194,116,108
1,198,116,108
1,194,116,108
1,198,116,108
1,194,116,108
1,198,116,108
1,198,116,108
1,194,116,108
1,198,116,108
1,194,116,108
1,198,116,108
1,198,116,108
1,198,116,108
1,198,116,108
1,198,116,108
1,198,116,108
1,198,116,108
1,198,116,108
1,198,116,108
1,198,116,108
1,198,116,108
1,198,116,108
1,198,116,108
1,198,116,108
1,198,116,108
1,198,116,108
1,198,116,108
1,198,116,108
1,198,116,108
1,198,116,108
1,198,116,108
1,198,116,108
1,198,116,108
1,198,116,108
1,198,116,108
1,198,116,108
1,198,116,108
1,198,116,108
