731,248,173,152
718,248,173,152
710,248,173,152
701,248,173,152
697,248,173,152
693,248,173,152
684,248,173,152
675,252,173,152
671,252,173,152
662,252,173,152
649,252,173,152
636,252,173,152
628,252,173,152
606,257,173,152
593,262,173,152
584,262,173,152
576,262,173,152
563,262,173,152
545,262,173,152
537,267,173,152
537,267,173,152
532,267,173,152
537,267,173,152
554,267,173,152
567,267,173,152
576,267,173,152
589,267,173,152
602,267,173,152
619,267,173,152
631,266,176,155
645,262,176,155
658,262,176,155
667,262,176,155
684,262,176,155
698,262,176,155
706,262,176,155
720,262,176,155
733,262,176,155
750,262,176,155
759,262,176,155
773,262,176,155
781,267,176,155
781,267,176,155
781,267,176,155
781,267,176,155
781,267,176,155
781,267,176,155
781,267,176,155
781,272,176,155
781,272,176,155
781,272,176,155
777,272,176,155
773,272,176,155
781,277,176,155
781,277,176,155
781,282,176,155
781,282,176,155
781,282,176,155
781,282,176,155
781,282,176,155
777,282,176,155
773,282,176,155
768,282,176,155
764,282,176,155
781,291,176,155
781,286,176,155
755,286,176,155
724,286,176,155
693,286,176,155
671,282,176,155
658,282,176,155
645,282,176,155
636,282,176,155
640,282,176,155
645,282,176,155
653,282,176,155
658,282,176,155
667,282,176,155
662,282,176,155
658,282,176,155
653,286,176,155
645,286,176,155
645,286,176,155
636,286,176,155
623,286,176,155
614,296,176,155
596,291,176,155
592,291,176,155
583,296,176,155
574,296,176,155
565,291,176,155
561,291,176,155
561,291,176,155
561,291,176,155
565,291,176,155
574,296,176,155
570,291,176,155
570,291,176,155
565,291,176,155
561,291,176,155
552,291,176,155
548,286,176,155
548,282,176,155
543,282,176,155
530,282,176,155
525,282,176,155
521,286,176,155
517,286,176,155
517,286,176,155
512,286,176,155
517,286,176,155
517,286,176,155
517,286,176,155
521,286,176,155
525,286,176,155
525,286,176,155
530,286,176,155
530,286,176,155
530,286,176,155
534,286,176,155
534,286,176,155
539,286,176,155
543,286,176,155
543,286,176,155
548,286,176,155
548,286,176,155
548,286,176,155
548,286,176,155
556,286,176,155
563,289,173,152
567,286,173,152
567,286,173,152
571,286,173,152
571,286,173,152
575,285,176,155
574,286,176,155
578,286,176,155
578,286,176,155
578,286,176,155
583,286,176,155
587,286,176,155
587,286,176,155
587,286,176,155
592,286,176,155
596,286,176,155
596,286,176,155
600,286,176,155
600,286,176,155
605,286,176,155
609,286,176,155
609,286,176,155
609,286,176,155
609,286,176,155
614,286,176,155
618,286,176,155
618,291,176,155
618,286,176,155
618,286,176,155
623,286,176,155
623,286,176,155
627,291,176,155
627,286,176,155
627,282,176,155
631,286,176,155
631,282,176,155
631,282,176,155
640,286,176,155
640,286,176,155
640,286,176,155
640,286,176,155
658,282,176,155
653,286,176,155
658,286,176,155
662,286,176,155
662,282,176,155
662,291,176,155
662,291,176,155
662,291,176,155
667,286,176,155
662,286,176,155
667,282,176,155
667,282,176,155
667,282,176,155
667,282,176,155
667,282,176,155
667,282,176,155
675,282,176,155
667,282,176,155
667,282,176,155
667,282,176,155
675,282,176,155
680,282,176,155
675,291,176,155
675,286,176,155
680,286,176,155
675,286,176,155
675,286,176,155
675,286,176,155
675,286,176,155
675,286,176,155
675,286,176,155
675,282,176,155
667,286,176,155
662,286,176,155
662,282,176,155
658,286,176,155
658,286,176,155
653,286,176,155
645,286,176,155
636,296,176,155
623,286,176,155
609,296,176,155
609,296,176,155
600,296,176,155
592,296,176,155
592,296,176,155
592,291,176,155
592,291,176,155
592,291,176,155
592,286,176,155
592,286,176,155
592,286,176,155
592,286,176,155
592,286,176,155
592,286,176,155
592,286,176,155
592,286,176,155
587,286,176,155
592,286,176,155
594,289,173,152
593,295,173,152
593,295,173,152
593,295,173,152
593,295,173,152
593,290,173,152
593,290,173,152
593,290,173,152
593,290,173,152
593,295,173,152
593,295,173,152
593,290,173,152
593,295,173,152
593,295,173,152
593,295,173,152
593,295,173,152
593,295,173,152
593,295,173,152
593,295,173,152
593,295,173,152
593,295,173,152
593,295,173,152
593,295,173,152
593,295,173,152
589,295,173,152
593,295,173,152
593,295,173,152
589,295,173,152
589,295,173,152
589,295,173,152
589,295,173,152
589,295,173,152
589,295,173,152
584,295,173,152
584,295,173,152
584,295,173,152
584,295,173,152
584,295,173,152
580,295,173,152
580,295,173,152
580,295,173,152
580,295,173,152
576,295,173,152
576,295,173,152
576,295,173,152
571,295,173,152
576,295,173,152
567,295,173,152
563,295,173,152
563,295,173,152
558,295,173,152
558,295,173,152
554,295,173,152
554,295,173,152
550,295,173,152
550,295,173,152
550,295,173,152
550,295,173,152
550,295,173,152
537,295,173,152
537,295,173,152
532,295,173,152
528,295,173,152
528,295,173,152
528,295,173,152
528,295,173,152
524,295,173,152
524,295,173,152
524,295,173,152
524,295,173,152
524,295,173,152
524,295,173,152
524,295,173,152
524,295,173,152
524,295,173,152
524,295,173,152
524,295,173,152
524,295,173,152
524,295,173,152
524,295,173,152
528,295,173,152
524,295,173,152
524,295,173,152
524,295,173,152
528,295,173,152
528,295,173,152
528,295,173,152
528,295,173,152
528,295,173,152
528,295,173,152
528,295,173,152
524,295,173,152
528,295,173,152
528,295,173,152
528,295,173,152
528,295,173,152
528,295,173,152
524,295,173,152
524,295,173,152
524,295,173,152
524,295,173,152
524,295,173,152
524,295,173,152
524,295,173,152
524,295,173,152
524,295,173,152
524,295,173,152
524,295,173,152
524,295,173,152
524,295,173,152
524,295,173,152
524,295,173,152
524,295,173,152
524,295,173,152
524,295,173,152
524,295,173,152
524,295,173,152
524,295,173,152
524,295,173,152
524,295,173,152
520,295,173,152
524,295,173,152
524,295,173,152
524,295,173,152
524,295,173,152
524,295,173,152
524,295,173,152
524,295,173,152
524,295,173,152
524,295,173,152
524,295,173,152
524,295,173,152
524,295,173,152
524,295,173,152
524,295,173,152
524,295,173,152
524,295,173,152
524,295,173,152
524,295,173,152
524,295,173,152
524,295,173,152
524,295,173,152
524,295,173,152
524,295,173,152
520,295,173,152
520,295,173,152
520,295,173,152
520,295,173,152
520,295,173,152
520,295,173,152
520,295,173,152
520,295,173,152
520,295,173,152
520,295,173,152
520,295,173,152
520,295,173,152
520,295,173,152
520,295,173,152
524,295,173,152
520,295,173,152
520,295,173,152
524,295,173,152
520,295,173,152
520,295,173,152
520,295,173,152
520,295,173,152
520,295,173,152
520,295,173,152
520,295,173,152
520,295,173,152
520,295,173,152
520,295,173,152
520,295,173,152
520,295,173,152
520,295,173,152
520,295,173,152
520,295,173,152
520,295,173,152
520,295,173,152
520,295,173,152
520,295,173,152
520,295,173,152
520,295,173,152
520,295,173,152
520,295,173,152
520,295,173,152
520,295,173,152
520,295,173,152
520,295,173,152
520,295,173,152
520,295,173,152
520,295,173,152
520,295,173,152
520,295,173,152
520,295,173,152
520,295,173,152
520,295,173,152
520,295,173,152
520,295,173,152
520,295,173,152
520,295,173,152
520,295,173,152
520,295,173,152
520,295,173,152
520,295,173,152
520,295,173,152
520,295,173,152
520,295,173,152
520,295,173,152
520,295,173,152
520,295,173,152
520,295,173,152
520,295,173,152
520,295,173,152
520,295,173,152
520,295,173,152
520,295,173,152
520,295,173,152
520,295,173,152
520,295,173,152
520,295,173,152
520,295,173,152
520,295,173,152
520,295,173,152
520,295,173,152
520,295,173,152
520,295,173,152
515,295,173,152
515,295,173,152
520,295,173,152
520,295,173,152
520,295,173,152
520,295,173,152
520,295,173,152
520,295,173,152
520,295,173,152
520,295,173,152
520,295,173,152
