308,92,16,28
308,92,16,28
308,93,16,28
309,92,16,28
309,93,16,28
309,92,16,28
310,92,16,28
310,93,16,28
310,93,16,28
310,93,16,28
311,93,16,28
311,93,16,28
312,93,16,28
312,94,16,28
312,93,16,28
313,94,16,28
313,94,16,28
313,94,16,28
314,94,16,28
315,94,16,28
316,95,16,28
317,94,16,28
318,95,16,28
319,94,16,28
320,95,16,28
321,95,16,28
321,95,16,28
322,95,16,28
323,96,16,28
324,96,16,28
324,96,16,28
324,96,16,28
325,96,16,28
325,97,16,28
325,96,16,28
325,96,16,28
326,97,16,28
326,96,16,28
327,97,16,28
327,97,16,28
327,97,16,28
328,97,16,28
329,97,16,28
329,97,16,28
330,98,16,28
331,98,16,28
332,98,16,28
332,98,16,28
333,98,16,28
334,99,16,29
334,99,16,29
335,99,16,29
336,99,16,29
337,100,16,29
338,101,16,28
338,100,16,28
340,101,16,28
341,101,16,28
342,101,16,28
345,102,16,29
346,102,16,29
350,102,16,29
352,101,16,29
354,101,16,29
358,102,16,28
360,101,16,28
363,101,16,28
367,101,16,28
370,102,16,28
373,102,16,28
377,103,16,28
380,103,16,28
383,103,16,28
387,104,16,28
389,104,16,29
392,104,16,29
395,104,16,29
397,104,16,29
399,104,16,29
401,104,16,29
403,104,16,29
404,105,16,29
405,106,16,29
405,106,16,29
405,106,16,29
405,107,16,29
404,106,16,29
402,106,16,29
399,106,16,29
396,106,16,29
392,106,16,29
389,106,16,29
385,105,16,29
381,106,16,29
376,106,16,29
372,107,16,29
369,108,16,29
365,109,16,29
362,109,16,29
357,109,16,29
354,110,16,29
350,110,16,29
346,110,16,29
343,110,16,29
341,111,16,29
337,111,16,29
336,111,16,29
335,111,16,29
334,112,16,29
334,111,16,29
334,112,16,29
334,112,16,29
335,112,16,29
338,112,16,29
340,112,16,29
342,112,16,29
344,112,16,29
347,112,16,29
349,113,16,29
351,114,16,29
354,114,16,29
357,114,16,29
360,115,16,29
362,115,16,29
364,116,16,29
366,115,16,29
367,115,16,29
369,115,16,29
370,115,16,29
372,116,17,30
372,116,17,30
372,116,17,30
373,116,17,30
372,116,17,30
371,116,17,30
371,117,17,30
371,117,17,30
370,116,17,30
370,117,17,30
370,118,17,30
370,118,17,30
369,120,17,30
369,120,17,30
369,120,17,30
369,121,17,30
370,120,17,30
370,121,17,30
371,121,17,30
372,121,17,30
373,122,17,30
374,122,17,30
374,123,17,30
377,124,17,30
378,123,17,30
379,124,17,30
382,124,17,30
383,125,17,30
385,124,17,30
386,126,17,30
389,127,17,30
390,128,17,30
391,129,17,30
393,129,17,30
395,127,17,30
396,127,17,30
397,127,17,30
400,130,17,30
401,131,17,30
402,131,17,30
405,131,18,31
406,131,18,31
408,132,18,31
410,133,18,31
412,133,18,31
414,133,18,31
415,134,18,31
418,135,18,31
420,134,18,31
421,136,18,31
423,136,18,31
424,137,18,31
426,137,18,31
427,138,18,31
429,139,18,31
431,139,18,31
432,139,18,31
432,140,18,31
435,140,18,31
436,141,18,31
438,142,18,31
440,143,18,31
441,143,18,31
442,142,18,31
444,142,18,31
446,144,18,31
447,144,18,31
449,144,18,31
450,145,18,31
453,145,18,31
453,147,18,31
455,147,18,31
456,148,18,31
457,148,18,31
458,148,18,31
459,149,18,31
461,149,18,31
462,151,18,31
463,153,18,31
464,154,18,31
465,155,18,32
465,156,18,32
465,157,18,32
465,157,18,32
464,158,18,32
464,159,18,32
463,160,18,32
462,160,18,32
461,160,18,32
461,161,18,32
461,162,18,32
459,165,18,32
459,166,18,32
459,164,18,32
458,167,18,32
458,169,18,32
458,169,18,32
458,169,18,32
459,171,18,32
459,172,18,32
460,173,18,32
461,175,18,32
461,176,18,32
462,177,18,32
462,178,18,32
463,179,18,32
465,179,18,32
467,180,18,32
468,181,18,32
469,183,18,32
470,184,18,32
471,185,18,32
472,187,18,32
473,187,18,32
474,188,18,32
474,190,18,32
474,191,18,32
474,193,18,32
473,194,18,32
472,195,18,32
471,197,18,32
471,198,18,32
470,199,18,32
470,201,18,32
469,203,18,32
467,204,18,32
466,207,18,32
463,208,18,32
462,210,18,32
459,211,18,32
457,212,18,32
455,214,18,32
451,216,18,32
447,217,18,32
442,220,18,32
438,222,18,32
433,224,18,32
429,225,18,32
424,227,18,32
418,230,18,32
415,233,19,33
409,234,19,33
404,237,19,33
399,238,19,33
395,241,19,33
392,245,19,34
392,245,19,34
381,266,19,34
377,269,19,34
372,272,19,34
367,275,19,34
360,277,19,34
355,280,19,34
350,283,19,34
341,275,19,34
333,277,19,34
327,273,19,34
319,276,19,34
312,279,19,34
305,283,19,34
295,288,19,34
287,291,19,34
276,296,19,34
266,300,19,34
256,305,19,34
250,308,19,34
241,312,19,34
232,316,19,34
224,319,19,34
214,323,19,34
203,328,19,34
192,333,19,34
181,336,19,34
166,339,19,34
158,345,19,34
147,350,19,34
