352,48,34,28
353,48,34,28
354,48,34,28
356,49,34,27
357,49,34,28
358,49,34,28
359,49,34,28
360,50,34,28
362,50,34,28
363,50,34,28
365,50,34,28
366,51,34,28
368,51,34,28
370,51,34,28
371,52,35,29
372,52,35,29
373,52,35,29
375,52,35,29
376,53,35,29
378,53,35,29
380,53,35,29
381,54,35,29
383,54,35,29
384,54,35,29
386,54,35,29
386,55,35,29
389,55,35,29
390,56,35,29
391,56,35,29
392,57,35,29
394,57,35,29
396,58,35,29
398,58,35,29
398,58,35,29
401,59,36,29
401,59,36,29
403,59,36,29
405,60,36,29
406,60,36,29
407,61,36,29
409,61,36,29
412,62,36,29
413,62,36,29
415,63,36,29
415,63,36,29
415,63,36,29
417,63,36,29
419,64,36,29
420,64,36,29
422,64,36,30
422,64,36,30
424,65,36,30
426,65,36,30
427,66,36,30
428,66,36,30
430,67,36,30
431,67,36,30
433,67,36,30
435,68,36,30
437,68,36,30
438,69,36,30
438,69,36,30
440,70,36,30
442,70,36,30
444,71,36,30
445,72,36,30
447,72,36,30
449,72,36,30
449,72,36,30
451,73,36,30
454,73,36,30
454,74,36,30
456,75,36,30
459,75,36,30
461,76,36,30
462,77,36,30
464,78,36,30
466,79,36,30
468,79,36,30
472,82,36,29
472,81,36,29
473,83,36,29
476,83,36,29
477,84,36,29
479,85,36,29
481,86,36,29
482,87,36,29
484,88,36,29
486,89,36,29
488,90,36,30
490,91,36,30
492,92,36,30
494,93,36,30
496,95,36,30
498,96,36,30
500,97,36,30
502,98,36,30
505,100,36,30
507,103,36,30
507,104,36,30
509,106,36,30
510,108,36,30
513,109,36,30
514,111,36,30
515,114,37,30
519,115,37,30
521,116,37,30
522,120,37,30
522,122,37,30
521,125,37,30
522,128,37,30
526,130,37,30
530,133,37,30
527,136,37,30
529,138,37,30
529,141,37,30
530,144,37,30
529,146,37,30
531,150,37,30
531,154,37,30
530,158,37,30
530,162,37,30
530,165,37,30
531,169,37,30
537,173,37,30
529,175,37,30
529,179,37,30
529,182,37,30
530,186,37,30
523,193,38,31
521,197,38,31
519,201,38,31
515,206,38,31
513,208,38,31
507,215,37,30
503,219,37,30
496,226,37,30
488,230,37,30
482,236,37,30
480,241,38,31
466,247,38,31
450,254,38,31
451,260,38,31
439,266,38,31
427,274,37,30
421,281,37,30
416,285,37,30
402,292,37,30
387,299,37,30
357,321,36,30
324,333,36,30
296,342,36,30
319,358,36,30
313,360,36,30
285,377,36,30
