281,239,54,128
279,241,54,128
277,241,54,128
277,239,54,128
277,239,54,128
276,239,54,128
276,239,54,128
276,239,54,128
276,239,54,128
276,239,54,128
277,241,54,128
279,244,54,128
279,246,54,127
281,248,54,128
282,249,54,128
284,251,54,128
286,253,54,128
289,253,54,128
289,253,54,128
291,253,54,128
291,253,54,128
294,251,54,128
296,251,54,128
298,249,54,128
299,248,54,128
301,248,54,128
306,249,54,128
308,251,54,128
309,253,54,128
313,253,54,128
314,255,54,128
319,255,54,128
321,255,54,128
323,255,54,128
323,255,54,128
325,255,54,128
328,253,54,128
330,253,54,128
330,253,54,128
331,255,54,128
331,255,54,128
331,257,54,128
333,257,54,128
333,257,54,128
333,256,55,130
333,254,55,130
333,254,55,130
333,254,55,130
333,254,55,130
333,253,55,130
376,262,55,130
377,262,55,130
377,258,55,130
377,256,55,130
381,258,55,130
381,258,55,130
383,260,55,130
384,262,55,130
388,262,55,130
388,258,55,130
388,260,55,130
388,260,55,130
390,262,55,130
390,263,55,130
386,263,55,130
384,263,55,130
384,265,55,130
383,267,55,130
381,267,55,130
381,267,55,130
379,267,55,130
386,267,55,130
388,269,55,130
388,273,55,130
391,274,55,130
391,273,55,130
393,273,55,130
396,273,55,130
396,273,55,130
395,273,55,130
395,273,55,130
393,273,55,130
390,276,55,130
390,274,55,130
388,276,55,130
388,274,55,130
388,274,55,130
405,278,55,130
405,278,55,130
405,278,55,130
403,274,55,130
403,274,55,130
403,273,55,130
402,274,55,130
403,274,55,130
403,274,55,130
403,273,55,130
402,274,55,130
403,273,55,130
405,274,55,130
405,273,55,130
407,274,55,130
408,278,55,130
410,278,55,130
410,278,55,130
410,274,55,130
412,278,55,130
414,276,55,130
417,278,55,130
420,274,55,130
422,274,55,130
424,273,55,130
424,274,55,130
426,274,55,130
426,273,55,130
429,274,55,130
431,273,55,130
431,276,55,130
429,274,55,130
431,273,55,130
431,273,55,130
433,274,55,130
433,274,55,130
434,271,55,130
439,271,55,130
439,269,55,130
439,271,55,130
445,274,55,130
446,273,55,130
446,273,55,130
450,273,55,130
451,273,55,130
453,273,55,130
455,274,55,130
457,269,55,130
458,271,55,130
460,271,55,130
462,271,55,130
462,271,55,130
462,271,55,130
489,274,55,130
489,278,55,130
489,274,55,130
489,276,55,130
489,269,55,130
489,269,55,130
495,265,55,130
501,265,55,130
503,271,55,130
501,271,55,130
503,269,55,130
503,269,55,130
503,271,55,130
503,271,55,130
503,271,55,130
503,271,55,130
505,271,55,130
503,271,55,130
500,276,55,130
512,273,55,130
501,271,55,130
503,271,55,130
510,271,55,130
517,276,55,130
517,274,55,130
515,274,55,130
522,274,55,130
524,274,55,130
525,273,55,130
526,270,56,133
527,269,56,133
531,269,56,133
531,265,56,133
536,269,56,133
539,267,56,133
547,269,56,133
548,267,56,133
559,265,56,133
561,265,56,133
562,265,56,133
564,265,56,133
564,263,56,133
566,263,56,133
569,261,56,133
569,261,56,133
569,261,56,133
569,263,56,133
569,265,56,133
569,267,56,133
571,267,56,133
573,265,56,133
571,267,56,133
573,269,56,133
573,271,56,133
573,271,56,133
573,271,56,133
571,269,56,133
578,261,56,133
580,261,56,133
582,261,56,133
583,263,56,133
585,263,56,133
587,265,56,133
587,265,56,133
589,269,56,133
587,269,56,133
585,269,56,133
583,267,56,133
582,267,56,133
580,267,56,133
582,265,56,133
580,265,56,133
580,267,56,133
576,267,56,133
575,269,56,133
573,267,56,133
571,267,56,133
566,267,56,133
562,265,56,133
559,265,56,133
555,265,56,133
550,265,56,133
541,265,56,133
536,265,56,133
536,265,56,133
534,267,56,133
532,269,56,133
531,269,56,133
529,271,56,133
529,271,56,133
527,272,56,133
525,267,56,133
522,274,56,133
524,274,56,133
522,274,56,133
522,272,56,133
522,276,56,133
520,274,56,133
518,276,56,133
504,271,56,133
501,269,56,133
497,271,56,133
492,274,56,133
487,276,56,133
485,276,56,133
483,276,56,133
480,272,56,133
480,272,56,133
478,272,56,133
478,272,56,133
473,276,56,133
473,276,56,133
473,276,56,133
473,278,56,133
473,280,56,133
475,278,56,133
476,276,56,133
476,278,56,133
480,274,56,133
480,274,56,133
482,274,56,133
483,272,56,133
485,274,56,133
487,272,56,133
489,272,57,135
489,276,57,135
491,274,57,135
493,274,57,135
493,272,57,135
497,274,57,135
497,274,57,135
497,274,57,135
497,276,57,135
497,276,57,135
497,277,58,138
496,276,58,138
492,274,58,138
492,276,58,138
490,276,58,138
490,276,58,138
490,274,58,138
479,258,58,138
485,256,58,138
488,260,58,138
490,268,58,138
494,262,58,138
496,260,58,138
497,260,58,138
503,260,58,138
494,262,58,138
496,262,58,138
501,262,58,138
503,264,58,138
505,262,58,138
505,262,58,138
506,262,58,138
508,262,58,138
508,260,58,138
508,260,58,138
506,260,58,138
506,260,58,138
505,260,58,138
505,258,58,138
506,256,58,138
506,256,58,138
505,256,58,138
505,256,58,138
506,260,58,138
506,260,58,138
506,262,58,138
508,266,58,138
508,268,58,138
508,264,58,138
506,268,58,138
505,264,58,138
505,268,58,138
505,266,58,138
521,260,58,138
519,258,58,138
519,260,58,138
517,258,58,138
516,260,58,138
514,260,58,138
510,260,58,138
508,262,58,138
506,262,58,138
505,266,58,138
501,266,58,138
496,276,58,138
497,274,58,138
497,272,58,138
497,278,58,138
497,276,58,138
501,293,58,138
505,293,58,138
505,295,58,138
506,297,58,138
506,303,58,138
506,305,58,138
506,305,58,138
506,306,58,138
505,305,58,138
503,308,58,138
503,306,58,138
503,306,58,138
503,306,58,138
503,305,58,138
503,306,58,138
503,306,58,138
503,306,58,138
503,308,58,138
503,308,58,138
505,306,58,138
505,308,58,138
505,306,58,138
516,308,58,138
517,308,58,138
519,306,58,138
519,306,58,138
521,305,58,138
521,308,58,138
521,308,58,138
521,308,58,138
519,306,58,138
519,306,58,138
521,303,58,138
521,303,58,138
521,303,58,138
523,303,58,138
523,305,58,138
550,301,58,138
550,301,58,138
550,305,58,138
552,305,58,138
554,305,58,138
550,306,58,138
552,306,58,138
552,306,58,138
552,306,58,138
552,305,58,138
554,305,58,138
554,303,58,138
552,305,58,138
556,305,58,138
558,303,58,138
559,303,58,138
561,303,58,138
565,303,58,138
567,305,58,138
572,305,58,138
572,305,58,138
572,305,58,138
574,306,58,138
574,306,58,138
574,306,58,138
574,306,58,138
574,305,58,138
574,305,58,138
574,303,58,138
574,301,58,138
574,301,58,138
572,299,58,138
572,301,58,138
572,301,58,138
572,301,58,138
572,303,58,138
578,303,58,138
576,301,58,138
574,303,58,138
574,303,58,138
572,303,58,138
570,303,58,138
570,299,58,138
569,299,58,138
578,295,58,138
578,297,58,138
578,293,58,138
580,295,58,138
578,299,58,138
576,301,58,138
570,303,58,138
569,303,58,138
567,305,58,138
558,303,58,138
554,306,58,138
550,314,58,138
554,318,58,138
556,316,58,138
556,312,58,138
556,310,58,138
556,306,58,138
554,306,58,138
543,314,58,138
530,324,58,138
524,332,57,135
522,333,57,135
522,334,57,135
522,334,57,135
518,331,57,135
516,331,57,135
518,333,57,135
522,331,57,135
525,331,57,135
527,331,57,135
527,331,57,135
529,331,57,135
534,334,57,135
536,334,57,135
536,333,57,135
536,333,57,135
540,333,57,135
543,334,57,135
547,334,57,135
547,336,57,135
545,334,57,135
545,334,57,135
557,336,57,135
554,336,57,135
554,334,57,135
556,333,57,135
554,331,57,135
554,331,57,135
559,334,57,135
559,334,57,135
559,333,57,135
563,331,57,135
561,329,57,135
563,329,57,135
566,323,57,135
565,323,57,135
565,325,57,135
566,327,57,135
568,327,57,135
568,327,57,135
575,323,57,135
579,327,57,135
584,321,57,135
581,327,57,135
581,327,57,135
579,325,57,135
579,325,57,135
575,325,57,135
574,325,57,135
574,325,57,135
570,325,57,135
572,327,57,135
574,329,57,135
586,327,57,135
586,327,57,135
586,325,57,135
586,325,57,135
588,325,57,135
586,325,57,135
584,325,57,135
583,325,57,135
583,325,57,135
581,325,57,135
581,327,57,135
579,327,57,135
577,327,57,135
579,327,57,135
583,323,57,135
581,325,57,135
581,329,57,135
579,333,57,135
575,331,57,135
579,331,57,135
574,331,57,135
575,327,57,135
570,333,57,135
579,331,57,135
577,333,57,135
579,333,57,135
579,333,57,135
577,333,57,135
577,329,57,135
581,327,57,135
574,325,57,135
574,327,57,135
572,334,57,135
572,336,57,135
568,336,57,135
574,338,57,135
570,338,57,135
579,338,57,135
579,338,57,135
586,338,57,135
581,338,57,135
586,340,57,135
586,338,57,135
586,338,57,135
588,338,57,135
586,338,57,135
586,338,57,135
590,333,57,135
590,333,57,135
597,333,57,135
597,331,57,135
593,333,57,135
593,334,57,135
593,334,57,135
593,336,57,135
595,336,57,135
595,336,57,135
611,327,57,135
611,327,57,135
615,325,57,135
617,327,57,135
618,327,57,135
618,327,57,135
624,325,57,135
622,327,57,135
620,327,57,135
624,325,57,135
622,325,57,135
622,329,57,135
618,334,57,135
618,340,57,135
618,340,57,135
634,333,57,135
636,334,57,135
640,334,57,135
649,334,57,135
649,336,57,135
651,333,57,135
649,329,57,135
649,329,57,135
652,329,57,135
663,333,57,135
668,333,57,135
672,333,57,135
674,334,57,135
674,334,57,135
670,333,57,135
661,334,57,135
652,334,57,135
647,334,57,135
642,334,57,135
636,336,57,135
625,336,57,135
622,338,57,135
622,340,57,135
624,342,57,135
625,340,57,135
627,338,57,135
631,336,57,135
631,338,57,135
643,334,57,135
647,334,57,135
645,334,57,135
643,334,57,135
643,336,57,135
645,334,57,135
642,331,57,135
642,331,57,135
642,329,57,135
651,329,57,135
654,331,57,135
656,333,57,135
656,331,57,135
652,331,57,135
652,331,57,135
654,329,57,135
651,333,57,135
649,333,57,135
649,333,57,135
649,331,57,135
649,329,57,135
654,333,57,135
654,333,57,135
656,333,57,135
658,333,57,135
656,333,57,135
654,333,57,135
652,331,57,135
651,333,57,135
649,331,57,135
649,333,57,135
649,331,57,135
649,331,57,135
651,333,57,135
651,333,57,135
652,333,57,135
652,331,57,135
654,331,57,135
656,329,57,135
658,331,57,135
660,331,57,135
661,329,57,135
661,333,57,135
663,334,57,135
663,334,57,135
663,334,57,135
663,336,57,135
663,336,57,135
661,334,57,135
660,334,57,135
656,333,57,135
656,333,57,135
660,334,57,135
661,334,57,135
663,333,57,135
663,333,57,135
665,333,57,135
665,332,58,138
662,335,58,138
662,335,58,138
664,335,58,138
662,337,58,138
662,337,58,138
660,337,58,138
658,333,58,138
658,339,58,138
656,337,58,138
651,339,58,138
647,343,58,138
643,343,58,138
642,343,58,138
638,339,58,138
634,345,58,138
633,345,58,138
634,345,58,138
629,345,58,138
629,343,58,138
627,343,58,138
627,345,58,138
620,343,58,138
616,343,58,138
616,343,58,138
611,343,59,141
587,342,59,141
586,344,59,141
586,344,59,141
584,344,59,141
584,344,59,141
584,344,59,141
584,346,59,141
586,344,59,141
586,344,59,141
584,346,59,141
582,346,59,141
587,342,59,141
586,346,59,141
584,348,59,141
580,348,59,141
578,344,59,141
576,346,59,141
576,342,59,141
563,340,59,141
572,340,59,141
569,338,59,141
578,342,59,141
571,334,59,141
571,334,59,141
572,334,59,141
578,336,59,141
576,332,59,141
571,332,59,141
576,332,59,141
580,334,59,141
582,334,59,141
584,334,59,141
584,330,59,141
578,332,59,141
578,334,59,141
576,332,59,141
580,330,59,141
574,332,59,141
574,330,59,141
576,330,59,141
578,330,59,141
578,330,59,141
580,332,59,141
582,330,59,141
584,336,59,141
589,334,59,141
589,336,59,141
591,336,59,141
591,336,59,141
591,336,59,141
593,336,59,141
593,336,59,141
593,338,59,141
591,338,59,141
591,338,59,141
606,336,59,141
606,342,59,141
606,348,59,141
606,342,59,141
610,344,60,144
612,341,60,144
612,339,60,144
614,339,60,144
612,341,60,144
616,339,60,144
616,341,60,144
616,339,60,144
614,341,60,144
612,339,60,144
612,343,59,141
610,342,59,141
610,342,59,141
610,344,59,141
612,344,59,141
612,344,60,144
611,347,60,144
611,347,60,144
611,349,60,144
597,347,60,144
595,347,60,144
595,345,60,144
593,343,60,144
593,343,60,144
590,345,60,144
590,347,60,144
590,347,60,144
590,347,60,144
597,349,60,144
597,349,60,144
590,345,60,144
582,347,60,144
582,345,60,144
584,345,60,144
561,337,60,144
561,337,60,144
561,337,60,144
559,335,60,144
559,337,60,144
554,337,60,144
563,333,60,144
552,335,60,144
561,333,60,144
557,331,60,144
554,331,60,144
557,331,60,144
546,327,60,144
544,325,60,144
544,325,60,144
542,323,60,144
540,323,60,144
540,323,60,144
529,315,60,144
531,315,60,144
529,315,60,144
529,315,60,144
529,315,60,144
529,315,60,144
527,313,60,144
527,313,60,144
531,311,60,144
521,311,60,144
523,313,60,144
521,313,60,144
521,311,60,144
517,313,60,144
519,311,60,144
517,313,60,144
521,315,60,144
521,313,60,144
517,315,60,144
519,313,60,144
502,299,60,144
516,311,60,144
514,311,60,144
506,301,60,144
502,301,60,144
497,299,60,144
495,301,60,144
495,301,60,144
493,303,60,144
478,291,60,144
476,291,60,144
474,291,60,144
460,295,60,144
457,297,60,144
455,297,60,144
447,293,60,144
443,293,60,144
441,293,60,144
438,293,60,144
434,295,60,144
430,289,60,144
426,287,60,144
424,283,60,144
422,283,60,144
422,283,60,144
419,283,60,144
417,281,60,144
409,283,60,144
405,283,60,144
403,283,60,144
401,283,60,144
400,283,60,144
398,283,60,144
396,283,60,144
405,285,60,144
392,281,60,144
401,285,60,144
384,279,60,144
382,279,60,144
381,279,60,144
373,275,60,144
384,277,60,144
382,279,60,144
381,277,60,144
375,275,60,144
375,277,60,144
373,279,60,144
375,275,60,144
371,275,60,144
371,275,60,144
371,273,60,144
367,271,60,144
369,275,60,144
365,273,60,144
362,275,60,144
358,271,60,144
360,269,60,144
360,269,60,144
358,268,62,147
349,264,62,147
346,262,62,147
357,266,62,147
349,264,62,147
349,262,62,147
359,268,62,147
357,268,62,147
361,270,62,147
369,268,62,147
378,276,62,147
386,272,62,147
390,274,62,147
394,274,62,147
398,274,62,147
404,272,62,147
406,272,62,147
408,272,62,147
410,272,62,147
413,272,62,147
417,266,62,147
413,272,62,147
417,272,62,147
419,274,62,147
421,274,62,147
423,278,62,147
419,276,62,147
423,282,62,147
423,284,62,147
425,284,62,147
427,286,62,147
429,286,62,147
423,272,62,147
425,288,62,147
423,272,62,147
423,272,62,147
423,272,62,147
419,266,62,147
421,266,62,147
421,266,62,147
421,266,62,147
423,266,62,147
425,266,62,147
429,268,62,147
429,268,62,147
427,268,62,147
435,272,62,147
435,270,62,147
435,272,62,147
433,272,62,147
431,272,62,147
429,272,62,147
419,270,62,147
419,268,62,147
419,272,62,147
418,268,63,149
416,261,63,149
404,261,63,149
416,263,63,149
406,261,63,149
406,267,63,149
406,269,63,149
408,259,63,149
410,269,63,149
410,269,63,149
410,259,63,149
408,259,63,149
410,259,63,149
408,255,63,149
406,263,63,149
408,257,63,149
406,257,63,149
410,257,63,149
410,259,63,149
412,259,63,149
408,250,63,149
410,255,63,149
418,259,63,149
412,257,63,149
412,255,63,149
412,254,64,152
412,255,64,152
418,258,64,152
410,249,64,152
412,253,64,152
414,260,64,152
414,258,64,152
412,255,64,152
418,266,64,152
418,264,64,152
416,263,65,156
422,256,65,156
422,263,65,156
424,256,65,156
426,258,65,156
424,256,65,156
424,256,65,156
420,252,65,156
422,250,65,156
424,256,65,156
426,256,65,156
422,258,65,156
420,252,65,156
424,258,65,156
422,252,65,156
423,251,67,159
416,259,67,159
408,248,67,159
405,259,67,159
405,261,67,159
405,257,67,159
403,257,67,159
395,259,67,159
395,259,67,159
395,257,67,159
393,259,67,159
393,264,67,159
391,264,67,159
389,264,67,159
389,261,67,159
389,264,67,159
391,255,67,159
437,239,67,159
435,241,67,159
431,241,67,159
429,239,67,159
422,248,67,159
420,246,67,159
412,244,67,159
410,244,67,159
401,246,67,159
401,244,67,159
399,246,67,159
397,246,67,159
395,244,67,159
397,244,67,159
397,244,67,159
397,244,67,159
403,241,67,159
408,241,67,159
411,244,65,156
348,252,65,156
350,261,65,156
360,252,65,156
358,256,65,156
363,252,65,156
369,263,65,156
369,263,65,156
369,254,65,156
371,254,65,156
369,256,65,156
383,261,65,156
383,261,65,156
381,248,65,156
375,245,65,156
379,243,65,156
375,241,65,156
428,232,65,156
428,230,65,156
428,230,65,156
428,230,65,156
422,235,65,156
424,235,65,156
414,230,65,156
408,232,65,156
408,232,65,156
406,232,65,156
406,226,65,156
400,232,65,156
400,232,65,156
398,230,65,156
393,235,65,156
395,226,65,156
395,226,65,156
400,228,65,156
393,219,65,156
393,219,65,156
391,222,65,156
387,222,65,156
383,219,65,156
377,215,65,156
375,219,65,156
371,217,65,156
358,217,65,156
354,219,65,156
356,215,65,156
346,215,65,156
346,215,65,156
340,206,65,156
338,209,65,156
338,209,65,156
323,209,65,156
321,206,65,156
313,206,65,156
309,206,65,156
307,206,65,156
305,206,65,156
301,206,65,156
291,209,65,156
284,206,65,156
284,206,65,156
282,204,65,156
299,202,65,156
288,200,65,156
272,206,65,156
276,209,65,156
278,206,65,156
278,206,65,156
280,211,65,156
280,206,65,156
280,206,65,156
280,206,65,156
278,209,65,156
276,206,65,156
276,204,65,156
276,204,65,156
276,204,65,156
274,206,65,156
274,206,65,156
274,206,65,156
274,206,65,156
274,204,65,156
274,206,65,156
274,209,65,156
274,206,65,156
274,211,65,156
276,211,65,156
276,209,65,156
276,209,65,156
276,209,65,156
276,209,65,156
276,209,65,156
276,211,65,156
276,211,65,156
276,211,65,156
278,211,65,156
280,211,65,156
284,215,65,156
284,215,65,156
284,211,65,156
286,215,65,156
284,211,65,156
284,215,65,156
282,215,65,156
280,215,65,156
280,215,65,156
280,222,65,156
278,222,65,156
282,219,65,156
282,222,65,156
284,224,65,156
280,228,65,156
280,232,65,156
278,228,65,156
280,226,65,156
278,226,65,156
280,224,65,156
284,224,65,156
291,217,65,156
305,226,65,156
309,226,65,156
319,230,65,156
323,230,65,156
346,241,65,156
350,248,65,156
360,239,65,156
373,237,65,156
381,237,65,156
395,239,65,156
400,243,65,156
400,248,65,156
402,252,65,156
402,250,65,156
406,241,65,156
406,241,65,156
408,243,65,156
408,245,65,156
408,243,65,156
412,243,65,156
416,256,65,156
416,256,65,156
416,254,65,156
420,252,65,156
422,256,65,156
439,256,65,156
439,258,65,156
439,258,65,156
439,254,65,156
443,258,65,156
451,263,65,156
451,261,65,156
451,261,65,156
451,263,65,156
463,267,65,156
465,265,65,156
467,267,65,156
467,261,65,156
476,267,65,156
484,269,65,156
488,271,65,156
490,276,65,156
494,278,65,156
509,282,65,156
511,280,65,156
515,276,65,156
513,274,65,156
521,278,65,156
529,284,65,156
535,287,65,156
542,289,65,156
542,289,65,156
544,287,65,156
546,289,65,156
546,293,65,156
546,297,65,156
546,302,65,156
587,291,65,156
597,291,65,156
599,295,65,156
614,304,65,156
628,315,65,156
630,308,65,156
616,289,65,156
622,289,65,156
630,291,65,156
632,291,65,156
636,293,65,156
640,295,65,156
644,300,65,156
648,302,65,156
657,317,65,156
667,321,65,156
675,323,65,156
688,326,65,156
698,319,65,156
704,317,65,156
710,317,65,156
714,317,65,156
720,315,65,156
745,334,65,156
725,313,65,156
720,334,65,156
735,360,65,156
733,354,65,156
733,349,65,156
733,343,65,156
731,345,65,156
698,282,65,156
694,284,65,156
679,280,65,156
675,278,65,156
673,287,65,156
669,291,65,156
657,278,65,156
686,336,65,156
679,336,65,156
677,323,65,156
667,326,65,156
659,326,65,156
646,328,65,156
651,332,65,156
636,302,65,156
632,300,65,156
630,300,65,156
609,295,65,156
605,306,65,156
605,315,65,156
605,319,65,156
607,332,65,156
603,336,65,156
601,336,65,156
589,339,65,156
585,339,65,156
581,334,65,156
531,278,65,156
529,282,65,156
527,282,65,156
529,278,65,156
525,282,65,156
513,276,65,156
509,276,65,156
507,276,65,156
502,276,65,156
502,276,65,156
507,280,65,156
507,280,65,156
486,328,65,156
500,302,65,156
504,300,65,156
507,297,65,156
496,302,65,156
496,300,65,156
502,300,65,156
504,300,65,156
517,304,65,156
517,293,65,156
529,282,65,156
529,280,65,156
527,274,65,156
607,306,65,156
605,306,65,156
603,295,65,156
599,291,65,156
595,289,65,156
579,274,65,156
568,274,65,156
564,276,65,156
562,276,65,156
564,265,65,156
554,269,65,156
552,274,65,156
550,278,65,156
552,280,65,156
550,280,65,156
548,280,65,156
486,382,65,156
562,295,65,156
562,297,65,156
539,287,65,156
533,300,65,156
533,297,65,156
521,304,65,156
521,306,65,156
517,308,65,156
513,313,65,156
515,315,65,156
515,319,65,156
552,358,65,156
558,362,65,156
560,347,65,156
558,343,65,156
562,343,65,156
558,328,65,156
560,326,65,156
550,291,65,156
550,278,65,156
552,278,65,156
550,278,65,156
548,274,65,156
546,271,65,156
544,271,65,156
537,269,65,156
533,271,65,156
513,274,65,156
546,321,65,156
535,297,65,156
535,300,65,156
535,304,65,156
533,304,65,156
517,302,65,156
513,304,65,156
496,297,65,156
484,295,65,156
476,297,65,156
463,293,65,156
457,295,65,156
449,289,65,156
447,291,65,156
447,293,65,156
441,293,65,156
455,289,65,156
459,295,65,156
459,302,65,156
463,306,65,156
455,317,65,156
416,243,65,156
422,243,65,156
426,245,65,156
428,243,65,156
432,243,65,156
435,235,65,156
492,293,65,156
492,289,65,156
486,289,65,156
486,282,65,156
476,275,67,159
468,275,67,159
462,277,67,159
466,281,67,159
464,279,67,159
460,294,67,159
460,294,67,159
464,303,67,159
456,310,67,159
454,317,67,159
447,321,67,159
441,321,67,159
439,321,67,159
435,319,67,159
433,321,67,159
445,341,67,159
397,264,67,159
399,264,67,159
397,264,67,159
441,286,67,159
439,281,67,159
437,279,67,159
401,312,67,159
399,312,67,159
393,314,67,159
384,314,67,159
376,319,67,159
363,319,67,159
359,325,67,159
351,321,67,159
343,323,67,159
334,319,67,159
330,319,67,159
324,317,67,159
311,312,67,159
311,312,67,159
307,306,67,159
303,297,67,159
307,299,67,159
307,294,67,159
305,290,67,159
296,237,67,159
303,270,67,159
313,241,67,159
296,233,67,159
286,233,67,159
286,233,67,159
284,235,67,159
275,235,67,159
271,235,67,159
269,233,67,159
273,241,67,159
273,239,67,159
273,239,67,159
273,237,67,159
273,237,67,159
256,228,67,159
259,233,67,159
256,228,67,159
254,224,67,159
248,215,67,159
252,210,67,159
275,246,67,159
273,244,67,159
267,239,67,159
261,233,67,159
261,230,67,159
261,228,67,159
261,228,67,159
261,230,67,159
263,228,67,159
261,228,67,159
256,228,67,159
256,230,67,159
259,233,67,159
259,233,67,159
252,219,67,159
250,215,67,159
250,215,67,159
248,226,67,159
271,213,67,159
273,208,67,159
275,206,67,159
273,213,67,159
271,208,67,159
269,204,67,159
269,204,67,159
267,199,67,159
263,202,67,159
261,199,67,159
261,199,67,159
259,204,67,159
261,202,67,159
246,210,67,159
248,219,67,159
248,226,67,159
248,226,67,159
252,230,67,159
254,224,67,159
256,224,67,159
343,213,67,159
273,235,67,159
294,208,67,159
282,219,67,159
290,199,67,159
286,197,67,159
284,193,67,159
284,191,67,159
183,259,67,159
168,250,67,159
170,248,67,159
170,241,67,159
158,230,67,159
57,124,67,159
63,104,67,159
59,109,67,159
34,104,67,159
40,109,67,159
30,104,67,159
15,113,67,159
1,160,67,159
1,160,67,159
15,122,67,159
19,115,67,159
11,118,67,159
3,120,67,159
1,129,67,159
1,129,67,159
1,131,67,159
1,120,67,159
1,120,67,159
3,120,67,159
1,120,67,159
1,120,67,159
3,120,67,159
5,144,67,159
9,151,67,159
19,129,67,159
26,127,67,159
34,129,67,159
40,138,67,159
47,131,67,159
55,129,67,159
1,164,67,159
1,122,67,159
1,127,67,159
1,122,67,159
5,124,67,159
1,91,67,159
1,91,67,159
2,195,65,156
5,198,65,156
1,178,65,156
11,176,65,156
15,178,65,156
19,176,65,156
21,180,65,156
21,178,65,156
31,180,65,156
38,180,65,156
1,139,65,156
23,105,65,156
27,115,65,156
40,115,65,156
44,107,65,156
50,107,65,156
54,124,65,156
58,118,65,156
68,107,65,156
70,107,65,156
64,118,65,156
73,107,65,156
68,111,65,156
70,120,65,156
70,122,65,156
75,122,65,156
77,122,65,156
79,122,65,156
75,139,65,156
79,144,65,156
87,118,65,156
83,122,65,156
93,105,65,156
93,111,65,156
97,198,65,156
99,198,65,156
101,198,65,156
103,198,65,156
103,202,65,156
138,118,65,156
140,120,65,156
142,122,65,156
144,120,65,156
112,128,65,156
114,115,65,156
120,113,65,156
122,120,65,156
122,120,65,156
120,126,65,156
120,107,65,156
120,122,65,156
114,120,65,156
114,120,65,156
114,115,65,156
114,107,65,156
118,124,65,156
114,102,65,156
114,100,65,156
110,122,65,156
107,120,65,156
110,128,65,156
116,100,65,156
107,128,65,156
103,133,65,156
105,133,65,156
114,105,65,156
112,107,65,156
114,105,65,156
112,102,65,156
110,107,65,156
107,105,65,156
107,107,65,156
103,107,65,156
103,115,65,156
103,115,65,156
112,107,65,156
120,107,65,156
128,102,65,156
136,107,65,156
138,107,65,156
132,122,65,156
147,115,65,156
153,113,65,156
157,109,65,156
161,118,65,156
163,118,65,156
169,118,65,156
173,118,65,156
175,124,65,156
182,141,65,156
179,148,65,156
182,131,65,156
163,172,65,156
192,157,65,156
241,141,65,156
243,139,65,156
175,172,65,156
177,172,65,156
194,141,65,156
194,144,65,156
245,141,65,156
243,144,65,156
243,144,65,156
243,146,65,156
241,146,65,156
239,139,65,156
237,139,65,156
235,141,65,156
237,146,65,156
235,148,65,156
237,146,65,156
241,148,65,156
241,146,65,156
243,144,65,156
245,137,65,156
245,137,65,156
247,137,65,156
247,137,65,156
251,137,65,156
256,141,65,156
258,139,65,156
260,141,65,156
262,141,65,156
264,148,65,156
264,146,65,156
286,211,65,156
268,144,65,156
272,146,65,156
274,144,65,156
278,144,65,156
272,128,65,156
280,139,65,156
276,115,65,156
278,122,65,156
266,131,65,156
268,131,65,156
274,122,65,156
276,122,65,156
303,141,65,156
305,141,65,156
307,144,65,156
311,139,65,156
311,146,65,156
317,139,65,156
317,141,65,156
319,144,65,156
319,148,65,156
326,148,65,156
323,152,65,156
328,144,65,156
326,150,65,156
328,150,65,156
332,146,65,156
336,144,65,156
354,150,65,156
354,152,65,156
365,150,65,156
371,154,65,156
375,157,65,156
377,167,65,156
387,165,65,156
398,165,65,156
398,167,65,156
414,133,65,156
416,133,65,156
408,224,65,156
414,222,65,156
426,135,65,156
432,135,65,156
437,135,65,156
441,133,65,156
443,133,65,156
449,131,65,156
435,150,65,156
439,154,65,156
441,154,65,156
445,154,65,156
445,161,65,156
455,157,65,156
467,139,65,156
488,144,65,156
494,141,65,156
498,141,65,156
500,141,65,156
511,137,65,156
533,222,65,156
533,224,65,156
533,226,65,156
537,226,65,156
546,235,65,156
550,239,65,156
552,241,65,156
539,159,65,156
539,152,65,156
539,159,65,156
539,157,65,156
539,159,65,156
568,167,65,156
572,172,65,156
579,174,65,156
581,174,65,156
579,178,65,156
564,172,65,156
585,178,65,156
591,178,65,156
593,183,65,156
581,174,65,156
581,178,65,156
583,200,65,156
587,193,65,156
589,193,65,156
591,200,65,156
593,198,65,156
593,202,65,156
597,193,65,156
591,204,65,156
591,211,65,156
601,196,65,156
597,293,65,156
611,204,65,156
607,217,65,156
644,213,65,156
651,224,65,156
628,219,65,156
632,217,65,156
634,213,65,156
634,215,65,156
638,215,65,156
644,215,65,156
669,217,65,156
667,215,65,156
679,226,65,156
698,224,65,156
712,217,65,156
696,224,65,156
700,328,65,156
733,226,65,156
745,222,65,156
753,226,65,156
776,254,65,156
790,224,65,156
795,254,65,156
805,343,65,156
823,345,65,156
867,339,65,156
864,339,65,156
832,254,65,156
840,235,65,156
867,206,65,156
867,235,65,156
875,232,65,156
875,232,65,156
885,313,65,156
893,230,65,156
893,219,65,156
893,219,65,156
891,222,65,156
893,222,65,156
893,224,65,156
889,226,65,156
887,224,65,156
889,323,65,156
881,226,65,156
883,235,65,156
858,226,65,156
891,200,65,156
889,202,65,156
879,198,65,156
869,198,65,156
862,202,65,156
854,202,65,156
848,200,65,156
821,226,65,156
723,252,65,156
714,252,65,156
710,254,65,156
706,254,65,156
788,226,65,156
702,256,65,156
696,258,65,156
696,267,65,156
686,267,65,156
679,274,65,156
679,267,65,156
673,256,65,156
679,245,65,156
661,306,65,156
657,304,65,156
659,254,65,156
675,241,65,156
710,317,65,156
642,245,65,156
718,287,65,156
720,295,65,156
710,302,65,156
720,304,65,156
634,263,65,156
634,263,65,156
640,263,65,156
644,261,65,156
644,254,65,156
644,250,65,156
634,254,65,156
632,258,65,156
644,274,65,156
642,282,65,156
640,293,65,156
638,278,65,156
638,271,65,156
646,267,65,156
644,263,65,156
620,271,65,156
624,271,65,156
624,274,65,156
686,306,65,156
694,304,65,156
698,306,65,156
663,278,65,156
663,278,65,156
665,278,65,156
663,280,65,156
661,274,65,156
663,276,65,156
675,267,65,156
690,263,65,156
688,264,67,159
674,277,67,159
680,281,67,159
689,277,67,159
672,297,67,159
670,306,67,159
670,314,67,159
670,314,67,159
672,319,67,159
672,319,67,159
705,312,67,159
705,345,67,159
705,332,67,159
705,321,67,159
705,323,67,159
695,321,67,159
693,323,67,159
693,328,67,159
693,325,67,159
687,323,67,159
685,323,67,159
680,321,67,159
676,321,67,159
674,321,67,159
666,299,67,159
661,306,65,156
655,302,65,156
648,304,65,156
642,304,65,156
644,304,65,156
636,304,65,156
638,297,65,156
630,306,65,156
636,317,65,156
636,328,65,156
634,330,65,156
632,330,65,156
634,330,65,156
636,321,65,156
636,330,65,156
634,317,65,156
642,319,65,156
667,323,65,156
661,326,65,156
657,326,65,156
651,330,65,156
642,330,65,156
636,332,65,156
632,341,65,156
628,339,65,156
624,339,65,156
622,336,65,156
620,341,65,156
618,341,65,156
618,336,65,156
622,352,65,156
624,341,65,156
624,334,65,156
624,336,65,156
624,323,65,156
622,334,65,156
620,334,65,156
618,334,65,156
618,334,65,156
618,330,65,156
618,330,65,156
618,330,65,156
626,330,65,156
628,332,65,156
636,334,65,156
636,332,65,156
636,330,65,156
636,328,65,156
636,326,65,156
634,323,65,156
632,323,65,156
630,321,65,156
628,321,65,156
630,328,65,156
628,326,65,156
630,326,65,156
630,326,65,156
634,328,65,156
632,321,65,156
632,310,65,156
632,306,65,156
632,297,65,156
634,287,65,156
632,280,65,156
632,271,65,156
632,267,65,156
634,271,65,156
634,263,65,156
630,263,65,156
628,263,65,156
632,263,65,156
636,265,65,156
628,269,65,156
636,276,65,156
628,284,65,156
620,287,65,156
638,300,65,156
634,304,65,156
634,310,65,156
638,317,65,156
640,317,65,156
634,328,65,156
640,323,65,156
638,326,65,156
640,328,65,156
640,328,65,156
638,321,65,156
640,319,65,156
640,317,65,156
640,313,65,156
659,328,65,156
642,306,65,156
642,304,65,156
644,302,65,156
657,308,65,156
659,308,65,156
659,310,65,156
659,313,65,156
659,317,65,156
659,317,65,156
661,323,65,156
661,326,65,156
659,313,65,156
669,330,65,156
667,330,65,156
665,326,65,156
661,302,65,156
661,304,65,156
661,295,65,156
657,293,65,156
655,291,65,156
653,291,65,156
646,284,65,156
648,289,65,156
651,291,65,156
646,287,65,156
640,289,65,156
634,291,65,156
630,284,65,156
628,308,65,156
624,317,65,156
616,317,65,156
609,317,65,156
605,319,65,156
605,317,65,156
605,322,64,152
604,323,64,152
601,323,64,152
599,321,64,152
597,319,64,152
593,319,64,152
593,313,64,152
589,313,64,152
589,313,64,152
589,313,64,152
585,309,63,149
582,307,63,149
582,307,63,149
582,305,63,149
590,300,63,149
588,300,63,149
588,313,63,149
586,315,63,149
584,311,63,149
584,315,63,149
572,309,63,149
562,309,63,149
554,307,63,149
552,307,63,149
548,309,63,149
548,307,63,149
560,303,63,149
562,309,63,149
558,307,63,149
542,303,63,149
556,305,63,149
556,309,63,149
554,309,63,149
554,309,63,149
550,305,63,149
548,300,63,149
526,300,63,149
526,298,63,149
521,307,63,149
544,298,63,149
524,298,63,149
526,296,63,149
524,296,63,149
528,290,63,149
524,294,63,149
528,296,63,149
526,298,63,149
528,298,63,149
517,290,63,149
530,290,63,149
519,294,63,149
526,273,63,149
526,275,63,149
526,273,63,149
526,275,63,149
524,273,63,149
522,275,63,149
526,275,63,149
521,280,63,149
522,280,63,149
522,280,63,149
526,282,63,149
526,282,63,149
528,280,63,149
530,278,63,149
530,282,63,149
530,280,63,149
530,284,63,149
530,282,63,149
530,278,63,149
532,275,63,149
495,250,63,149
495,250,63,149
497,250,63,149
497,250,63,149
497,250,63,149
497,250,63,149
497,250,63,149
499,278,63,149
497,255,63,149
497,253,63,149
497,269,63,149
497,280,63,149
495,280,63,149
495,255,63,149
494,268,62,147
491,266,62,147
489,266,62,147
489,266,62,147
479,262,62,147
479,262,62,147
473,264,62,147
470,264,62,147
479,272,62,147
475,268,62,147
473,264,62,147
458,258,62,147
458,258,62,147
462,262,62,147
460,262,62,147
460,260,62,147
460,260,62,147
460,260,62,147
460,260,62,147
456,260,62,147
454,262,62,147
448,262,62,147
456,262,62,147
458,250,62,147
458,246,62,147
458,248,62,147
452,248,62,147
452,246,62,147
454,248,62,147
442,248,62,147
448,252,62,147
441,252,62,147
441,252,62,147
446,258,62,147
419,252,62,147
434,252,60,144
419,257,60,144
419,257,60,144
420,257,60,144
424,257,60,144
424,257,60,144
426,245,60,144
424,257,60,144
424,257,60,144
424,259,60,144
426,255,60,144
428,255,60,144
430,255,60,144
430,255,60,144
430,255,60,144
434,255,60,144
432,259,60,144
432,257,60,144
434,257,60,144
438,255,60,144
443,261,59,141
446,260,59,141
451,246,59,141
455,246,59,141
457,244,59,141
461,248,59,141
466,248,59,141
472,242,59,141
474,242,59,141
472,240,59,141
479,240,59,141
479,238,59,141
479,240,59,141
481,238,59,141
483,238,59,141
485,240,59,141
485,240,59,141
483,242,59,141
491,240,59,141
489,240,59,141
477,250,59,141
479,250,59,141
481,248,59,141
481,250,59,141
481,248,59,141
483,248,59,141
487,244,59,141
476,230,59,141
479,232,59,141
477,230,59,141
479,232,59,141
479,230,59,141
485,230,59,141
476,230,59,141
472,230,59,141
472,230,59,141
451,234,59,141
444,230,59,141
446,230,59,141
425,234,59,141
427,233,58,138
421,233,58,138
413,241,58,138
421,249,58,138
406,241,58,138
410,253,58,138
408,253,58,138
410,247,58,138
410,247,58,138
406,235,58,138
404,235,58,138
413,235,58,138
391,233,58,138
390,241,58,138
384,228,58,138
380,224,58,138
380,224,58,138
379,224,58,138
380,228,58,138
395,233,58,138
401,233,58,138
410,231,58,138
411,224,58,138
432,224,58,138
424,220,58,138
426,216,58,138
430,218,58,138
432,224,58,138
448,235,58,138
452,235,58,138
444,237,58,138
448,237,58,138
450,237,58,138
452,235,58,138
457,235,58,138
459,231,58,138
450,224,58,138
459,226,58,138
450,228,58,138
452,231,58,138
454,233,58,138
461,235,58,138
468,237,58,138
474,239,58,138
483,243,58,138
490,241,59,141
505,260,59,141
504,244,59,141
509,246,59,141
522,260,59,141
520,246,59,141
530,248,59,141
535,222,59,141
537,222,59,141
537,220,59,141
535,228,59,141
531,226,59,141
522,232,59,141
522,238,59,141
518,242,59,141
511,246,59,141
517,240,59,141
485,230,59,141
485,228,59,141
487,228,59,141
502,246,59,141
502,246,59,141
505,242,59,141
500,224,59,141
505,236,59,141
505,238,59,141
505,234,59,141
504,234,59,141
505,234,59,141
496,226,59,141
477,220,59,141
474,228,59,141
485,228,59,141
489,226,59,141
496,226,59,141
509,228,59,141
517,224,59,141
522,211,59,141
524,209,59,141
531,211,59,141
543,222,59,141
537,214,59,141
539,218,59,141
541,220,59,141
541,218,59,141
537,216,59,141
541,218,59,141
535,216,59,141
537,218,59,141
539,216,59,141
531,216,59,141
500,193,59,141
502,191,59,141
513,203,59,141
511,199,59,141
518,201,59,141
522,197,59,141
531,193,59,141
531,189,59,141
537,195,59,141
543,195,59,141
543,191,59,141
543,195,59,141
543,195,59,141
548,189,59,141
548,187,59,141
550,183,59,141
541,183,59,141
548,171,59,141
546,183,59,141
550,169,59,141
552,177,59,141
550,173,59,141
552,177,59,141
554,173,59,141
556,175,59,141
554,171,59,141
569,179,59,141
571,177,59,141
572,179,59,141
574,175,59,141
572,175,59,141
576,171,59,141
574,171,59,141
565,156,59,141
574,175,59,141
576,175,59,141
574,158,59,141
582,169,59,141
584,169,59,141
586,169,59,141
574,154,59,141
578,156,59,141
582,156,59,141
584,161,59,141
584,161,59,141
584,158,59,141
586,159,59,141
582,156,59,141
586,158,59,141
587,152,59,141
589,154,59,141
589,154,59,141
591,150,59,141
593,150,59,141
593,154,59,141
593,158,59,141
591,156,59,141
586,152,59,141
584,146,59,141
583,148,58,138
580,147,58,138
578,151,58,138
578,151,58,138
576,153,58,138
576,153,58,138
574,154,58,138
574,153,58,138
570,143,58,138
570,143,58,138
569,145,58,138
569,137,58,138
567,145,58,138
569,153,58,138
569,153,58,138
569,154,58,138
567,149,58,138
569,154,58,138
569,156,58,138
569,158,58,138
569,156,58,138
567,153,58,138
569,158,58,138
569,160,58,138
567,158,58,138
567,160,58,138
565,158,58,138
567,164,58,138
569,164,58,138
570,164,58,138
570,166,58,138
570,166,58,138
570,168,58,138
570,166,58,138
567,170,58,138
570,170,58,138
569,170,58,138
569,170,58,138
581,162,58,138
592,168,58,138
572,162,58,138
572,162,58,138
580,189,58,138
572,168,58,138
576,181,58,138
569,168,58,138
574,176,58,138
574,174,58,138
567,172,58,138
574,170,58,138
572,170,58,138
567,168,58,138
570,170,58,138
572,172,58,138
572,172,58,138
571,171,59,141
571,159,59,141
571,161,59,141
574,173,59,141
572,171,59,141
572,175,59,141
574,171,59,141
572,169,59,141
586,185,59,141
587,187,59,141
587,187,59,141
593,171,59,141
586,187,59,141
584,163,59,141
599,167,59,141
593,167,59,141
597,167,59,141
597,167,59,141
597,187,59,141
595,195,59,141
604,177,59,141
604,177,59,141
612,175,59,141
613,167,59,141
613,167,59,141
612,167,59,141
613,167,59,141
580,156,59,141
602,179,59,141
600,179,59,141
578,167,59,141
567,183,59,141
561,171,59,141
546,175,59,141
543,177,59,141
561,183,59,141
556,181,59,141
563,177,59,141
531,167,59,141
526,177,59,141
526,195,59,141
528,159,59,141
524,159,59,141
524,156,59,141
535,181,59,141
535,183,59,141
533,181,59,141
533,179,59,141
509,158,59,141
511,159,59,141
513,165,59,141
483,165,59,141
483,165,59,141
474,167,59,141
474,167,59,141
492,167,59,141
468,169,59,141
468,169,59,141
502,165,59,141
500,163,59,141
500,163,59,141
502,163,59,141
472,163,59,141
502,161,59,141
500,163,59,141
496,163,59,141
453,144,59,141
496,163,59,141
457,144,59,141
502,159,59,141
474,173,59,141
505,156,59,141
463,146,59,141
474,163,59,141
479,163,59,141
477,165,59,141
472,171,59,141
474,175,59,141
474,179,59,141
496,163,59,141
501,162,58,138
499,160,58,138
497,162,58,138
497,164,58,138
497,164,58,138
499,164,58,138
497,164,58,138
497,164,58,138
454,147,58,138
492,156,58,138
454,145,58,138
454,145,58,138
490,160,58,138
455,147,58,138
459,149,58,138
459,147,58,138
483,151,58,138
457,141,58,138
481,151,58,138
505,170,58,138
505,170,58,138
505,170,58,138
503,164,58,138
454,147,58,138
499,166,58,138
450,149,58,138
448,149,58,138
450,149,58,138
499,174,58,138
475,149,58,138
458,152,59,141
502,171,59,141
492,161,59,141
504,171,59,141
498,165,59,141
502,169,59,141
502,167,59,141
502,167,59,141
502,165,59,141
502,167,59,141
502,169,59,141
448,144,59,141
446,144,59,141
440,136,59,141
494,169,59,141
431,142,59,141
431,144,59,141
429,148,59,141
431,154,59,141
446,144,59,141
446,142,59,141
448,142,59,141
438,148,59,141
435,146,59,141
436,146,59,141
436,146,59,141
438,144,59,141
438,150,59,141
438,144,59,141
440,148,59,141
438,132,59,141
436,132,59,141
438,144,59,141
455,118,59,141
438,140,59,141
453,120,59,141
435,144,59,141
435,146,59,141
436,146,59,141
438,144,59,141
440,140,59,141
453,136,59,141
442,140,59,141
442,144,59,141
463,130,59,141
463,132,59,141
463,134,59,141
479,154,59,141
481,156,59,141
487,140,59,141
487,140,59,141
509,148,59,141
509,148,59,141
509,148,59,141
509,148,59,141
524,175,59,141
511,173,59,141
509,171,59,141
509,169,59,141
511,167,59,141
509,167,59,141
509,167,59,141
518,167,59,141
520,142,59,141
518,152,59,141
505,175,59,141
517,152,59,141
517,152,59,141
513,146,59,141
511,158,59,141
505,175,59,141
509,152,59,141
509,154,59,141
511,159,59,141
507,154,59,141
504,165,59,141
504,158,59,141
504,167,59,141
589,163,59,141
586,156,59,141
580,158,59,141
578,159,59,141
580,159,59,141
578,159,59,141
586,181,59,141
584,181,59,141
582,181,59,141
582,185,59,141
580,185,59,141
572,185,59,141
572,185,59,141
571,187,59,141
571,187,59,141
571,189,59,141
569,193,59,141
554,174,58,138
554,176,58,138
548,179,58,138
548,187,58,138
547,187,58,138
547,187,58,138
538,179,58,138
541,181,58,138
538,176,58,138
552,187,58,138
552,187,58,138
552,187,58,138
554,174,58,138
569,189,58,138
574,187,58,138
570,178,58,138
578,185,58,138
580,183,58,138
581,185,58,138
581,183,58,138
581,181,58,138
581,185,58,138
583,183,58,138
587,183,58,138
587,185,58,138
585,179,58,138
596,176,58,138
600,185,58,138
600,187,58,138
612,185,58,138
611,187,58,138
527,199,58,138
532,199,58,138
539,193,58,138
559,189,58,138
572,189,58,138
578,191,58,138
576,218,58,138
578,222,58,138
598,218,58,138
594,239,58,138
598,235,58,138
601,237,58,138
601,228,58,138
609,245,58,138
612,241,58,138
627,212,58,138
645,303,58,138
654,256,58,138
700,305,58,138
714,278,57,135
704,267,57,135
702,263,57,135
695,263,57,135
695,263,57,135
695,265,57,135
694,267,57,135
697,240,57,135
695,238,57,135
679,229,57,135
670,221,57,135
660,219,57,135
645,214,57,135
629,221,57,135
609,221,57,135
599,219,57,135
595,221,57,135
586,219,57,135
584,217,57,135
586,217,57,135
584,212,57,135
581,214,57,135
574,197,57,135
565,195,57,135
552,193,57,135
534,193,57,135
523,199,57,135
547,289,57,135
532,323,57,135
613,261,57,135
611,259,57,135
608,257,57,135
590,225,57,135
579,214,57,135
579,214,57,135
556,216,57,135
545,202,57,135
538,195,57,135
527,210,57,135
516,193,57,135
504,208,57,135
493,299,57,135
441,340,57,135
427,342,57,135
377,302,57,135
371,342,57,135
373,338,57,135
371,334,57,135
344,293,57,135
360,333,57,135
350,329,57,135
330,355,57,135
328,361,57,135
325,363,57,135
332,342,57,135
305,336,57,135
307,333,57,135
334,395,57,135
334,397,57,135
330,399,57,135
334,433,57,135
330,434,57,135
321,436,57,135
391,389,57,135
394,387,57,135
402,402,57,135
403,406,57,135
405,408,57,135
364,365,57,135
360,372,57,135
412,433,57,135
411,434,57,135
405,423,57,135
411,425,57,135
343,357,57,135
282,346,57,135
276,351,57,135
280,367,57,135
283,367,57,135
278,363,57,135
267,353,57,135
266,342,57,135
292,299,57,135
300,295,57,135
301,289,57,135
300,282,57,135
301,274,57,135
298,278,57,135
294,287,57,135
296,283,57,135
296,293,57,135
292,291,57,135
289,297,57,135
287,295,57,135
