672,333,83,131
675,336,83,131
677,336,83,131
680,339,83,131
680,342,83,131
680,342,83,131
680,344,83,131
677,347,83,131
670,350,83,131
657,355,83,131
649,361,83,131
646,361,83,131
644,361,83,131
641,358,83,131
633,353,83,131
628,350,83,131
623,347,83,131
615,344,83,131
607,344,83,131
594,342,83,131
589,342,83,131
584,339,83,131
579,336,83,131
574,333,83,131
566,331,83,131
563,328,83,131
561,328,83,131
561,325,83,131
561,323,83,131
561,320,83,131
561,317,83,131
561,314,83,131
561,314,83,131
558,314,83,131
558,317,83,131
558,317,83,131
558,320,83,131
561,323,83,131
558,331,83,131
558,333,83,131
558,333,83,131
558,336,83,131
558,333,83,131
556,333,83,131
553,333,83,131
553,336,83,131
553,342,83,131
553,350,83,131
556,355,83,131
553,363,83,131
556,366,83,131
558,369,83,131
566,369,83,131
571,372,83,131
579,372,83,131
587,374,83,131
594,377,83,131
602,380,83,131
613,383,83,131
623,385,83,130
639,388,83,130
649,391,83,131
662,391,83,131
675,394,83,131
685,388,83,130
693,383,83,131
703,377,83,131
711,374,83,131
719,372,83,131
729,374,83,131
742,374,83,131
753,377,83,131
760,380,83,131
768,383,83,131
773,383,83,131
776,383,83,131
779,380,83,131
784,380,83,131
792,377,83,131
797,377,83,131
802,377,83,131
807,374,83,131
807,374,83,131
810,372,83,131
807,372,83,131
802,366,83,131
794,363,83,131
792,355,83,131
789,347,83,131
792,339,83,131
794,333,83,131
794,331,83,131
792,328,83,131
789,328,83,131
789,325,83,131
789,323,83,131
786,320,83,131
784,317,83,131
792,314,83,131
799,317,83,131
810,323,83,131
815,325,83,131
823,328,83,131
825,325,83,131
828,325,83,131
825,320,83,131
823,317,83,131
828,312,83,131
833,301,83,131
841,295,83,131
843,290,83,131
846,295,83,131
851,303,83,131
856,317,83,131
856,333,83,131
856,350,83,131
851,350,83,131
846,347,83,131
841,333,83,131
838,323,83,131
836,312,83,131
831,303,83,131
823,295,83,131
812,295,83,131
799,295,83,131
786,303,83,131
776,306,83,131
768,306,83,131
760,306,83,131
753,301,83,131
742,295,83,131
729,295,83,131
714,298,83,131
706,298,83,131
706,303,83,131
709,309,83,131
711,317,83,131
711,325,83,131
709,331,83,131
706,336,83,131
698,342,83,131
693,347,83,131
688,350,83,131
688,358,83,131
688,358,83,131
685,363,83,131
683,366,83,131
675,363,83,131
667,369,83,131
662,369,83,131
659,369,83,131
654,366,83,131
654,369,83,131
652,369,83,131
654,372,83,131
654,366,83,131
657,369,83,131
659,374,83,131
670,374,83,131
677,374,83,131
685,383,83,131
690,388,83,130
696,394,83,131
696,394,83,131
696,391,83,131
696,385,83,130
693,380,83,131
693,377,83,131
693,374,83,131
698,372,83,131
706,372,83,131
716,377,83,131
732,377,83,131
748,380,83,131
766,377,83,131
781,374,83,131
792,372,83,131
799,366,83,131
805,355,83,131
810,350,83,131
818,347,83,131
828,347,83,131
841,342,83,131
849,336,83,131
849,336,83,131
849,331,83,131
846,323,83,131
846,314,83,131
846,306,83,131
854,295,83,131
862,287,83,131
872,279,83,131
875,273,83,131
875,273,83,131
875,273,83,131
797,252,83,130
802,257,83,131
805,249,83,131
810,243,83,130
815,243,83,130
818,241,83,131
823,238,83,131
828,238,83,131
828,238,83,131
828,238,83,131
825,238,83,131
820,238,83,131
815,243,83,130
815,243,83,130
815,241,83,131
810,243,83,130
802,243,83,130
797,243,83,130
792,243,83,130
786,243,83,130
875,257,83,131
875,257,83,131
869,263,83,131
859,273,83,131
851,282,83,131
846,284,83,131
843,290,83,131
843,290,83,131
841,293,83,131
833,301,83,131
825,306,83,131
815,309,83,131
807,323,83,131
807,328,83,131
812,339,83,131
828,344,83,131
838,347,83,131
843,358,83,131
846,355,83,131
843,355,83,131
843,355,83,131
843,353,83,131
846,353,83,131
843,353,83,131
841,350,83,131
836,353,83,131
836,353,83,131
833,350,83,131
831,347,83,131
831,344,83,131
828,342,83,131
828,336,83,131
828,336,83,131
828,336,83,131
828,339,83,131
833,336,83,131
838,339,83,131
843,344,83,131
851,342,83,131
856,344,83,131
859,344,83,131
864,347,83,131
869,347,83,131
872,347,83,131
875,347,83,131
875,344,83,131
875,342,83,131
875,342,83,131
875,342,83,131
875,339,83,131
875,336,83,131
875,336,83,131
875,336,83,131
875,336,83,131
875,336,83,131
875,336,83,131
805,323,83,131
810,323,83,131
812,325,83,131
812,325,83,131
815,325,83,131
818,331,83,131
823,333,83,131
828,331,83,131
833,328,83,131
831,325,83,131
831,323,83,131
823,320,83,131
820,317,83,131
818,314,83,131
818,314,83,131
818,317,83,131
818,317,83,131
818,314,83,131
818,314,83,131
818,314,83,131
818,312,83,131
818,312,83,131
820,312,83,131
825,309,83,131
831,309,83,131
836,312,83,131
838,309,83,131
841,309,83,131
841,312,83,131
843,309,83,131
843,309,83,131
843,309,83,131
841,309,83,131
841,306,83,131
841,306,83,131
843,303,83,131
846,303,83,131
849,303,83,131
856,303,83,131
862,303,83,131
869,303,83,131
875,309,83,131
875,303,83,131
823,350,83,131
828,350,83,131
831,350,83,131
836,350,83,131
849,350,83,131
851,347,83,131
869,350,83,131
869,353,83,131
875,353,83,131
875,353,83,131
875,353,83,131
875,353,83,131
875,353,83,131
875,353,83,131
875,355,83,131
875,355,83,131
875,358,83,131
875,358,83,131
875,361,83,131
875,361,83,131
875,361,83,131
875,361,83,131
875,363,83,131
875,363,83,131
875,366,83,131
875,366,83,131
875,369,83,131
875,372,83,131
875,374,83,131
875,374,83,131
875,374,83,131
875,377,83,131
872,374,83,131
875,372,83,131
869,369,83,131
872,369,83,131
875,369,83,131
875,372,83,131
875,372,83,131
875,372,83,131
875,372,83,131
875,372,83,131
875,372,83,131
875,374,83,131
872,374,83,131
867,374,83,131
859,374,83,131
859,374,83,131
875,374,83,131
875,374,83,131
864,374,83,131
862,374,83,131
864,372,83,131
872,372,83,131
872,369,83,131
875,369,83,131
875,369,83,131
875,369,83,131
872,366,83,131
872,366,83,131
875,366,83,131
875,366,83,131
875,366,83,131
875,366,83,131
875,366,83,131
875,369,83,131
875,366,83,131
869,369,83,131
872,369,83,131
872,369,83,131
872,369,83,131
872,369,83,131
875,369,83,131
875,369,83,131
875,369,83,131
875,369,83,131
875,366,83,131
875,366,83,131
875,366,83,131
875,366,83,131
875,366,83,131
875,366,83,131
875,366,83,131
875,366,83,131
875,366,83,131
872,369,83,131
875,366,83,131
875,366,83,131
875,366,83,131
875,363,83,131
875,363,83,131
875,363,83,131
875,369,83,131
875,363,83,131
875,363,83,131
875,363,83,131
875,366,83,131
875,363,83,131
875,363,83,131
875,363,83,131
875,366,83,131
875,363,83,131
875,363,83,131
875,363,83,131
875,366,83,131
875,363,83,131
875,363,83,131
875,287,83,131
875,287,83,131
872,287,83,131
875,287,83,131
875,287,83,131
875,287,83,131
875,287,83,131
859,222,83,131
864,224,84,133
868,220,84,133
868,215,84,133
863,218,84,133
863,215,84,133
863,212,86,136
864,211,86,136
864,208,86,136
864,205,86,136
859,208,86,136
856,208,86,136
856,202,86,136
853,202,86,136
845,196,86,136
842,194,86,136
837,194,86,136
834,191,86,136
832,191,86,136
826,191,86,136
818,199,86,136
815,199,86,136
815,199,86,136
810,199,86,136
802,194,86,136
797,185,86,136
788,185,86,136
856,273,86,136
872,321,86,136
872,313,86,136
851,267,86,136
861,256,86,136
794,168,86,136
802,168,86,136
824,165,86,136
829,171,86,136
840,168,86,136
837,171,86,136
845,168,86,136
851,162,86,136
853,160,86,136
853,157,86,136
853,154,86,136
853,157,86,136
853,154,86,136
853,154,86,136
856,151,86,136
856,154,86,136
859,154,86,136
853,148,86,136
851,142,86,136
834,145,86,136
826,142,86,136
813,142,86,136
807,134,86,136
805,131,86,136
872,225,86,136
802,131,86,136
797,134,86,136
802,131,86,136
805,128,86,136
805,128,86,136
802,125,86,136
859,228,86,136
791,131,86,136
786,134,86,136
788,131,86,136
791,128,86,136
791,128,86,136
791,131,86,136
791,128,86,136
791,125,86,136
788,125,86,136
853,222,86,136
791,125,86,136
853,219,86,136
791,123,86,136
851,196,86,136
872,276,86,136
872,276,86,136
872,273,86,136
872,273,86,136
872,270,86,136
872,267,86,136
872,262,86,136
872,259,86,136
872,259,86,136
869,256,86,136
872,256,86,136
864,256,86,136
864,253,86,136
861,253,86,136
859,250,86,136
856,250,86,136
856,250,86,136
856,250,86,136
859,250,86,136
851,248,86,136
853,248,86,136
856,248,86,136
845,248,86,136
829,247,88,139
829,247,88,139
829,247,88,139
840,247,88,139
837,247,88,139
837,247,88,139
837,250,88,139
829,250,88,139
815,250,88,139
810,250,88,139
810,249,89,141
820,246,89,141
798,246,89,141
789,243,89,141
784,243,89,141
781,239,91,144
791,239,91,144
777,239,91,144
857,193,91,144
759,236,91,144
851,193,91,144
848,190,91,144
757,236,91,144
840,190,91,144
840,190,91,144
840,190,91,144
739,239,91,144
736,239,91,144
739,239,91,144
734,239,91,144
728,236,91,144
725,236,91,144
719,233,91,144
714,233,91,144
708,233,91,144
699,233,91,144
696,233,91,144
694,233,91,144
688,230,91,144
682,230,91,144
676,230,91,144
671,230,91,144
671,233,91,144
665,233,91,144
665,233,91,144
662,233,91,144
665,233,91,144
659,233,91,144
659,233,91,144
754,184,91,144
834,202,91,144
837,202,91,144
828,199,91,144
834,202,91,144
811,199,91,144
799,199,91,144
794,193,91,144
785,196,91,144
782,190,91,144
799,190,91,144
799,184,91,144
799,184,91,144
799,184,91,144
799,184,91,144
799,184,91,144
799,187,91,144
797,187,91,144
791,190,91,144
794,187,91,144
794,187,91,144
794,190,91,144
791,196,91,144
788,196,91,144
771,199,91,144
774,199,91,144
765,199,91,144
751,199,91,144
757,196,91,144
751,199,91,144
754,190,91,144
742,199,91,144
751,199,91,144
754,196,91,144
745,199,91,144
742,199,91,144
739,196,91,144
745,193,91,144
736,199,91,144
734,199,91,144
745,193,91,144
745,190,91,144
739,190,91,144
739,190,91,144
748,187,91,144
748,184,91,144
754,187,91,144
759,193,91,144
765,193,91,144
771,202,91,144
774,199,91,144
774,196,91,144
762,199,91,144
757,202,91,144
745,199,91,144
745,199,91,144
736,202,91,144
725,205,91,144
725,205,91,144
725,208,91,144
719,211,91,144
716,211,91,144
708,220,91,144
705,217,91,144
702,217,91,144
702,217,91,144
699,217,91,144
696,220,91,144
694,220,91,144
688,226,91,144
696,220,91,144
694,220,91,144
694,220,91,144
694,223,91,144
696,214,91,144
694,217,91,144
694,217,91,144
694,217,91,144
694,220,91,144
694,208,91,144
699,211,91,144
699,211,91,144
702,211,91,144
699,220,91,144
708,214,91,144
711,211,91,144
714,211,91,144
716,214,91,144
719,211,91,144
708,220,91,144
725,211,91,144
725,217,91,144
734,214,91,144
736,217,91,144
736,217,91,144
734,217,91,144
742,217,91,144
731,214,91,144
731,214,91,144
719,211,91,144
725,202,91,144
716,214,91,144
716,214,91,144
722,214,91,144
722,217,91,144
714,217,91,144
719,214,91,144
714,214,91,144
714,214,91,144
708,214,91,144
711,214,91,144
708,214,91,144
705,214,91,144
705,214,91,144
705,217,91,144
705,217,91,144
702,217,91,144
699,214,91,144
694,214,91,144
691,220,91,144
691,214,91,144
685,214,91,144
682,223,91,144
676,223,91,144
668,220,91,144
668,220,91,144
659,220,91,144
653,220,91,144
645,220,91,144
639,220,91,144
639,220,91,144
636,223,91,144
631,223,91,144
631,223,91,144
625,223,91,144
622,223,91,144
619,226,91,144
613,226,91,144
610,223,91,144
605,226,91,144
602,226,91,144
602,223,91,144
599,223,91,144
596,226,91,144
593,226,91,144
590,226,91,144
588,230,91,144
585,223,91,144
582,223,91,144
579,226,91,144
570,226,91,144
565,230,91,144
559,230,91,144
556,226,91,144
553,223,91,144
550,230,91,144
547,230,91,144
542,233,91,144
539,236,91,144
536,236,91,144
596,248,91,144
596,248,91,144
596,239,91,144
596,248,91,144
608,239,91,144
619,226,91,144
619,230,91,144
616,230,91,144
610,233,91,144
505,239,91,144
507,236,91,144
510,239,91,144
513,239,91,144
516,236,91,144
510,239,91,144
507,239,91,144
505,239,91,144
502,236,91,144
499,236,91,144
493,239,91,144
490,236,91,144
484,236,91,144
482,233,91,144
482,233,91,144
482,233,91,144
482,230,91,144
482,230,91,144
479,233,91,144
473,233,91,144
473,230,91,144
467,230,91,144
462,230,91,144
459,233,91,144
459,233,91,144
459,236,91,144
456,233,91,144
453,233,91,144
447,233,91,144
444,233,91,144
439,233,91,144
439,230,91,144
439,230,91,144
436,230,91,144
436,226,91,144
436,230,91,144
436,230,91,144
436,226,91,144
430,233,91,144
430,233,91,144
430,233,91,144
430,233,91,144
430,230,91,144
427,236,91,144
427,236,91,144
424,233,91,144
421,236,91,144
416,236,91,144
410,239,91,144
407,233,91,144
401,236,91,144
396,236,91,144
390,233,91,144
387,233,91,144
381,233,91,144
376,230,91,144
373,230,91,144
367,230,91,144
364,230,91,144
358,230,91,144
353,230,91,144
344,230,91,144
336,230,91,144
327,226,91,144
318,226,91,144
310,223,91,144
298,223,91,144
293,223,91,144
287,223,91,144
284,223,91,144
284,217,91,144
284,217,91,144
281,223,91,144
281,223,91,144
275,223,91,144
275,223,91,144
270,226,91,144
267,223,91,144
275,223,91,144
273,223,91,144
273,223,91,144
264,223,91,144
261,223,91,144
258,223,91,144
255,223,91,144
253,223,91,144
247,223,91,144
244,223,91,144
238,223,91,144
238,223,91,144
235,223,91,144
232,223,91,144
227,223,91,144
224,214,91,144
218,214,91,144
218,220,91,144
215,214,91,144
212,217,91,144
212,217,91,144
210,220,91,144
210,220,91,144
207,223,91,144
207,226,91,144
210,214,91,144
204,226,91,144
204,230,91,144
204,230,91,144
201,236,91,144
198,236,91,144
195,239,91,144
190,239,91,144
187,245,91,144
187,245,91,144
187,248,91,144
187,257,91,144
187,263,91,144
187,275,91,144
190,290,91,144
195,302,91,144
201,314,91,144
207,317,91,144
210,329,91,144
212,329,91,144
212,323,91,144
215,320,91,144
215,320,91,144
218,320,91,144
218,323,91,144
224,302,91,144
227,296,91,144
224,287,91,144
224,281,91,144
221,272,91,144
218,260,91,144
210,257,91,144
207,251,91,144
207,254,91,144
212,251,91,144
207,263,91,144
204,251,91,144
192,251,91,144
181,248,91,144
169,251,91,144
158,248,91,144
147,239,91,144
132,245,91,144
124,242,91,144
106,248,91,144
98,245,91,144
89,245,91,144
84,239,91,144
78,236,91,144
72,233,91,144
66,233,91,144
61,236,91,144
55,236,91,144
49,230,91,144
41,226,91,144
32,223,91,144
21,220,91,144
6,223,91,144
3,217,91,144
12,220,91,144
6,220,91,144
1,217,91,144
6,220,91,144
23,214,91,144
15,208,91,144
15,205,91,144
15,208,91,144
1,199,91,144
1,196,91,144
9,199,91,144
1,193,91,144
1,193,91,144
49,199,91,144
38,199,91,144
32,196,91,144
23,196,91,144
18,196,91,144
15,196,91,144
12,196,91,144
9,196,91,144
1,193,91,144
1,190,91,144
1,193,91,144
3,190,91,144
1,190,91,144
3,193,91,144
1,190,91,144
1,187,91,144
1,187,91,144
18,181,91,144
6,178,91,144
3,187,91,144
1,184,91,144
1,181,91,144
1,181,91,144
1,172,91,144
95,193,91,144
92,193,91,144
84,193,91,144
127,202,91,144
224,193,91,144
212,193,91,144
207,199,91,144
195,199,91,144
84,208,91,144
178,196,91,144
175,196,91,144
66,202,91,144
69,205,91,144
69,205,91,144
75,205,91,144
72,208,91,144
78,211,91,144
81,214,91,144
86,217,91,144
81,220,91,144
72,220,91,144
58,220,91,144
49,220,91,144
32,223,91,144
18,226,91,144
9,223,91,144
109,208,91,144
112,205,91,144
152,208,91,144
118,196,91,144
127,190,91,144
132,187,91,144
135,181,91,144
32,187,91,144
29,190,91,144
32,190,91,144
32,193,91,144
32,193,91,144
35,193,91,144
141,187,91,144
135,184,91,144
29,187,91,144
18,202,91,144
18,202,91,144
18,208,91,144
15,208,91,144
127,211,91,144
23,214,91,144
18,217,91,144
15,220,91,144
21,220,91,144
29,223,91,144
21,226,91,144
21,223,91,144
18,226,91,144
18,223,91,144
18,223,91,144
15,220,91,144
115,217,91,144
115,217,91,144
115,208,91,144
112,211,91,144
112,205,91,144
109,202,91,144
104,208,91,144
104,202,91,144
104,205,91,144
104,205,91,144
104,205,91,144
101,205,91,144
98,202,91,144
92,199,91,144
95,190,91,144
89,190,91,144
86,190,91,144
81,190,91,144
75,187,91,144
64,190,91,144
66,175,91,144
46,184,91,144
38,184,91,144
38,181,91,144
32,175,91,144
18,175,91,144
3,178,91,144
115,217,91,144
106,217,91,144
149,233,91,144
132,233,91,144
127,233,91,144
175,233,91,144
69,217,91,144
55,217,91,144
52,214,91,144
92,223,91,144
155,226,91,144
86,223,91,144
89,220,91,144
84,217,91,144
89,214,91,144
89,217,91,144
92,217,91,144
101,217,91,144
106,214,91,144
115,214,91,144
118,214,91,144
121,214,91,144
127,211,91,144
129,208,91,144
132,205,91,144
132,205,91,144
138,199,91,144
144,199,91,144
147,202,91,144
149,202,91,144
155,199,91,144
152,199,91,144
158,199,91,144
158,199,91,144
155,199,91,144
155,199,91,144
152,199,91,144
158,199,91,144
161,202,91,144
155,202,91,144
155,199,91,144
155,199,91,144
152,202,91,144
155,202,91,144
158,205,91,144
161,205,91,144
227,208,91,144
187,214,91,144
172,208,91,144
175,208,91,144
178,208,91,144
178,208,91,144
172,211,91,144
172,214,91,144
172,211,91,144
169,211,91,144
169,211,91,144
172,208,91,144
172,211,91,144
172,211,91,144
172,211,91,144
172,211,91,144
172,211,91,144
172,214,91,144
172,214,91,144
169,214,91,144
161,217,91,144
164,214,91,144
158,217,91,144
155,217,91,144
144,217,91,144
144,211,91,144
138,214,91,144
124,208,91,144
121,208,91,144
112,205,91,144
101,202,91,144
89,202,91,144
26,184,91,144
66,199,91,144
55,196,91,144
101,196,91,144
32,187,91,144
18,184,91,144
124,193,91,144
190,202,91,144
175,196,91,144
164,193,91,144
212,199,91,144
144,199,91,144
132,199,91,144
127,199,91,144
118,199,91,144
98,199,91,144
92,199,91,144
15,190,91,144
75,190,91,144
104,193,91,144
101,193,91,144
98,190,91,144
92,190,91,144
89,187,91,144
86,190,91,144
84,190,91,144
81,193,91,144
81,190,91,144
75,190,91,144
75,190,91,144
69,187,91,144
66,187,91,144
61,187,91,144
55,184,91,144
49,187,91,144
41,187,91,144
41,184,91,144
32,184,91,144
29,184,91,144
29,181,91,144
23,184,91,144
23,184,91,144
18,184,91,144
12,187,91,144
6,190,91,144
3,190,91,144
1,190,91,144
46,196,91,144
41,196,91,144
35,196,91,144
35,196,91,144
29,193,91,144
26,193,91,144
26,193,91,144
23,193,91,144
26,193,91,144
75,178,91,144
32,193,91,144
35,193,91,144
75,187,91,144
84,178,91,144
41,196,91,144
41,193,91,144
38,190,91,144
38,190,91,144
35,190,91,144
32,190,91,144
35,187,91,144
26,184,91,144
35,181,91,144
38,181,91,144
38,181,91,144
35,181,91,144
29,181,91,144
38,154,91,144
72,181,91,144
72,184,91,144
41,181,91,144
35,181,91,144
35,178,91,144
32,178,91,144
29,175,91,144
26,172,91,144
23,172,91,144
18,175,91,144
18,175,91,144
55,181,91,144
66,163,91,144
6,175,91,144
18,169,91,144
3,178,91,144
35,172,91,144
26,181,91,144
32,187,91,144
64,181,91,144
69,181,91,144
46,187,91,144
6,175,91,144
52,187,91,144
55,187,91,144
84,181,91,144
3,172,91,144
58,187,91,144
3,178,91,144
3,178,91,144
21,181,91,144
3,181,91,144
9,181,91,144
23,181,91,144
46,184,91,144
46,187,91,144
66,190,91,144
69,190,91,144
69,190,91,144
61,190,91,144
72,190,91,144
132,199,91,144
129,196,91,144
121,196,91,144
121,196,91,144
32,181,91,144
32,184,91,144
35,187,91,144
78,184,91,144
86,184,91,144
86,190,91,144
95,190,91,144
184,199,91,144
190,199,91,144
192,199,91,144
192,199,91,144
192,199,91,144
195,199,91,144
195,199,91,144
195,202,91,144
195,202,91,144
86,190,91,144
86,190,91,144
86,190,91,144
198,202,91,144
89,193,91,144
92,190,91,144
95,193,91,144
101,190,91,144
212,205,91,144
104,193,91,144
101,196,91,144
115,196,91,144
227,202,91,144
232,202,91,144
132,190,91,144
244,202,91,144
253,199,91,144
261,202,91,144
267,205,91,144
273,208,91,144
275,211,91,144
178,205,91,144
287,211,91,144
293,211,91,144
298,211,91,144
301,211,91,144
304,214,91,144
307,211,91,144
307,211,91,144
310,205,91,144
313,208,91,144
316,202,91,144
204,202,91,144
207,202,91,144
318,202,91,144
321,205,91,144
321,208,91,144
321,214,91,144
324,220,91,144
327,220,91,144
333,226,91,144
333,226,91,144
230,230,91,144
235,230,91,144
344,233,91,144
353,236,91,144
356,236,91,144
364,239,91,144
267,233,91,144
267,236,91,144
273,236,91,144
275,239,91,144
387,239,91,144
293,239,91,144
298,242,91,144
304,239,91,144
310,239,91,144
307,236,91,144
310,236,91,144
267,223,91,144
270,223,91,144
273,223,91,144
175,214,91,144
178,214,91,144
184,214,91,144
184,214,91,144
187,211,91,144
190,214,91,144
195,214,91,144
201,214,91,144
210,217,91,144
204,214,91,144
218,214,91,144
224,217,91,144
227,220,91,144
230,220,91,144
235,223,91,144
244,233,91,144
250,233,91,144
264,236,91,144
267,239,91,144
270,239,91,144
270,236,91,144
267,239,91,144
267,235,93,147
275,234,93,147
278,231,93,147
278,234,93,147
287,231,93,147
287,237,93,147
293,231,93,147
293,231,93,147
296,228,93,147
296,228,93,147
296,225,93,147
296,222,93,147
296,213,93,147
296,210,93,147
296,210,93,147
298,203,93,147
298,206,93,147
298,206,93,147
301,206,93,147
307,203,93,147
307,206,93,147
313,200,93,147
313,200,93,147
316,197,93,147
316,197,93,147
319,197,93,147
319,197,93,147
322,197,93,147
322,194,93,147
325,197,93,147
325,197,93,147
322,200,93,147
325,206,93,147
333,213,93,147
336,219,93,147
339,222,93,147
345,228,93,147
345,231,93,147
348,240,93,147
348,243,93,147
348,246,93,147
345,246,93,147
342,249,93,147
339,249,93,147
336,249,93,147
339,246,93,147
339,246,93,147
339,243,93,147
336,243,93,147
336,246,93,147
336,243,93,147
339,243,93,147
336,243,93,147
339,243,93,147
336,243,93,147
336,243,93,147
336,243,93,147
336,243,93,147
336,243,93,147
336,240,93,147
333,240,93,147
333,240,93,147
333,240,93,147
333,240,93,147
331,240,93,147
331,240,93,147
328,240,93,147
328,237,93,147
328,237,93,147
328,240,93,147
331,240,93,147
331,240,93,147
333,237,93,147
333,240,93,147
336,240,93,147
339,240,93,147
339,240,93,147
342,240,93,147
345,237,93,147
348,237,93,147
351,237,93,147
351,237,93,147
357,237,93,147
357,237,93,147
357,237,93,147
357,234,93,147
354,234,93,147
354,231,93,147
354,231,93,147
354,231,93,147
354,228,93,147
354,228,93,147
360,228,93,147
