669,324,47,126
672,326,47,126
673,326,47,126
675,326,47,126
670,327,47,126
670,324,47,126
666,326,47,126
661,326,47,126
659,321,47,126
653,314,47,126
650,310,47,126
647,308,47,126
645,304,47,126
644,303,47,126
641,301,47,126
639,300,47,126
636,300,47,126
632,300,47,126
628,298,47,126
614,298,47,126
609,294,47,126
601,293,47,126
594,293,47,126
587,293,47,126
572,298,47,126
565,300,47,126
559,298,47,126
551,295,47,126
541,298,47,126
523,298,47,126
513,304,47,126
506,303,47,126
503,294,46,126
494,303,47,126
487,298,46,126
482,298,47,126
478,307,47,126
473,307,47,126
468,303,46,126
454,301,47,126
446,307,47,126
438,300,47,126
429,295,47,126
422,290,47,126
412,287,47,126
403,287,47,126
397,287,47,126
390,293,47,126
382,294,47,126
368,295,47,126
362,295,47,126
353,295,47,126
343,295,47,126
337,295,47,126
325,288,47,126
321,293,47,126
318,290,47,126
315,294,47,126
310,297,47,126
300,295,47,126
293,305,47,126
284,305,47,126
275,304,47,126
266,303,47,126
253,297,47,126
250,270,47,126
244,271,47,126
237,273,47,126
230,278,47,126
216,280,47,126
206,285,47,126
193,295,47,126
186,291,47,126
175,291,47,126
158,284,47,126
150,283,47,126
143,287,47,126
134,297,47,126
130,297,47,126
118,307,47,126
112,311,47,126
108,305,47,126
100,311,47,126
93,316,47,126
77,294,47,126
67,298,47,126
56,298,47,126
48,295,47,126
37,293,47,126
17,301,47,126
5,295,47,126
1,265,47,126
1,222,47,126
1,234,47,126
1,167,47,125
1,159,47,126
1,158,47,126
1,149,47,126
1,139,47,126
1,99,47,126
1,99,47,126
75,154,47,126
62,152,47,125
50,152,47,125
37,151,47,125
25,147,47,126
17,144,47,126
1,141,47,126
1,182,47,125
1,181,47,126
1,144,47,126
1,139,47,126
1,139,47,126
1,135,47,125
1,137,47,125
1,137,47,125
1,171,47,126
1,230,47,125
1,228,47,126
52,304,47,126
43,307,47,126
33,310,47,126
21,314,47,126
14,318,47,126
1,318,47,126
1,320,47,126
1,321,47,126
1,321,47,126
1,324,47,126
1,275,47,126
1,215,47,125
1,273,47,126
1,331,47,126
1,331,47,126
1,333,47,126
1,334,47,126
1,407,47,126
1,403,47,126
1,399,47,125
1,401,47,128
1,401,47,128
1,399,47,128
1,396,47,128
1,319,47,128
1,297,47,128
1,256,47,128
1,256,47,128
62,204,47,128
59,199,47,128
50,196,47,128
35,186,47,128
23,180,47,128
15,177,47,128
1,179,47,128
1,179,47,128
1,160,47,128
1,90,47,128
1,78,47,128
1,71,47,128
2,93,47,126
1,167,47,125
1,161,47,126
1,215,47,125
1,217,47,126
1,222,47,126
1,211,47,126
1,210,47,126
1,204,47,126
1,204,47,126
1,197,47,126
1,197,47,126
1,197,47,126
1,198,47,125
1,200,47,125
1,200,47,125
1,200,47,125
1,202,47,126
77,263,47,126
68,263,47,126
53,305,47,126
43,320,47,126
37,317,47,126
28,318,47,126
21,317,47,126
12,314,47,126
1,301,47,126
1,287,47,126
1,230,47,125
1,230,47,125
1,230,47,125
1,230,47,125
1,230,47,125
1,230,47,125
1,230,47,125
1,230,47,125
1,257,47,126
1,257,47,126
1,280,47,126
1,348,47,126
1,360,47,126
1,363,47,126
1,321,47,126
1,387,47,126
1,383,47,126
1,386,47,125
33,333,47,126
1,393,47,126
1,387,47,126
1,443,47,125
1,449,47,125
1,444,47,126
1,430,47,125
1,429,47,126
1,383,47,126
1,383,47,126
1,413,47,126
1,414,47,125
1,416,47,126
1,416,47,126
1,414,47,125
11,416,47,126
1,384,47,126
1,380,47,126
1,384,47,126
1,373,47,126
1,363,47,126
1,363,47,126
40,413,47,126
1,394,47,126
1,393,47,126
34,371,47,126
31,371,47,126
49,414,47,125
49,413,47,126
37,389,47,126
55,366,47,126
30,366,47,126
14,368,47,126
1,367,47,126
65,410,47,126
68,403,47,126
48,406,47,126
39,426,47,126
1,416,47,126
1,446,47,125
1,443,47,125
64,447,47,126
48,434,47,126
53,376,47,126
1,434,47,126
1,443,47,125
1,383,47,126
1,386,47,125
1,386,47,125
1,389,47,126
58,381,47,126
117,423,47,126
118,424,47,126
118,426,47,126
114,429,47,126
70,367,47,126
99,436,47,126
89,427,47,125
86,426,47,126
