96,322,60,153
100,322,60,153
102,322,60,153
107,322,60,153
113,318,60,153
121,314,60,153
124,312,60,153
128,310,60,153
134,310,60,153
139,308,60,153
145,307,60,153
152,305,60,153
160,303,60,153
166,301,60,153
169,293,60,153
175,291,60,153
179,289,60,153
182,287,60,153
184,285,60,153
184,284,60,153
186,282,60,153
188,280,60,153
190,278,60,153
192,276,60,153
194,274,60,153
197,272,60,153
203,270,60,153
207,268,60,153
214,268,60,153
222,266,60,153
227,264,60,153
231,263,60,153
235,261,60,153
241,257,60,153
242,257,60,153
246,255,60,153
248,253,60,153
250,251,60,153
252,249,60,153
257,245,60,153
259,245,60,153
263,243,60,153
265,240,60,153
267,238,60,152
269,238,60,152
272,236,60,153
274,234,60,152
278,232,60,153
280,228,60,152
284,226,60,153
286,222,60,153
287,219,60,152
289,217,60,153
293,219,60,152
293,215,60,153
295,213,60,153
295,211,60,153
293,211,60,153
293,211,60,153
291,209,60,152
291,205,60,153
310,207,60,153
344,203,60,153
366,201,60,153
389,199,60,152
413,197,60,153
436,197,60,153
432,192,60,153
428,192,60,153
424,192,60,153
424,190,60,152
424,188,60,153
422,188,60,153
422,186,60,153
421,184,60,153
417,184,60,153
413,182,60,153
411,180,60,152
409,180,60,152
407,180,60,152
406,178,60,153
406,178,60,153
404,178,60,153
449,274,60,153
499,284,60,153
557,299,60,153
571,316,60,153
571,328,60,153
539,328,60,153
571,326,60,153
503,328,60,153
501,328,60,153
486,322,60,153
539,328,60,153
539,328,60,153
563,328,60,153
571,328,60,153
567,328,60,153
541,328,60,153
571,328,60,153
571,328,60,153
563,328,60,153
559,328,60,153
565,328,60,153
561,328,60,153
569,328,60,153
571,328,60,153
571,328,60,153
571,328,60,153
561,328,60,153
563,328,60,153
563,328,60,153
561,328,60,153
571,328,60,153
561,328,60,153
571,328,60,153
571,328,60,153
571,328,60,153
571,328,60,153
571,328,60,153
571,328,60,153
571,328,60,153
571,328,60,153
571,328,60,153
571,328,60,153
571,328,60,153
571,328,60,153
571,328,60,153
571,328,60,153
571,328,60,153
571,328,60,153
571,328,60,153
571,328,60,153
571,328,60,153
571,328,60,153
571,328,60,153
571,328,60,153
571,328,60,153
571,328,60,153
571,328,60,153
571,328,60,153
571,328,60,153
571,328,60,153
571,328,60,153
571,328,60,153
571,328,60,153
571,328,60,153
571,328,60,153
571,328,60,153
571,328,60,153
571,328,60,153
571,328,60,153
571,328,60,153
571,328,60,153
571,328,60,153
571,328,60,153
571,328,60,153
571,328,60,153
571,328,60,153
571,328,60,153
571,328,60,153
571,328,60,153
571,328,60,153
571,328,60,153
571,328,60,153
571,328,60,153
571,328,60,153
571,328,60,153
571,328,60,153
571,328,60,153
571,328,60,153
571,328,60,153
571,328,60,153
571,328,60,153
571,328,60,153
571,328,60,153
571,328,60,153
571,328,60,153
571,328,60,153
571,328,60,153
571,328,60,153
571,328,60,153
571,328,60,153
571,328,60,153
571,328,60,153
571,328,60,153
571,328,60,153
571,328,60,153
571,328,60,153
571,328,60,153
571,328,60,153
571,328,60,153
571,328,60,153
571,328,60,153
571,328,60,153
571,328,60,153
571,328,60,153
571,328,60,153
571,328,60,153
571,328,60,153
571,326,60,153
571,326,60,153
571,328,60,153
571,328,60,153
571,328,60,153
571,328,60,153
571,328,60,153
571,328,60,153
571,328,60,153
571,328,60,153
571,328,60,153
571,328,60,153
571,328,60,153
571,328,60,153
571,328,60,153
571,328,60,153
571,328,60,153
571,328,60,153
571,328,60,153
571,328,60,153
571,328,60,153
571,328,60,153
571,328,60,153
569,328,60,153
571,328,60,153
569,328,60,153
571,328,60,153
569,328,60,153
571,328,60,153
571,328,60,153
571,328,60,153
571,328,60,153
571,328,60,153
571,328,60,153
571,328,60,153
571,328,60,153
571,328,60,153
571,328,60,153
571,328,60,153
571,328,60,153
569,328,60,153
569,328,60,153
571,328,60,153
571,328,60,153
571,328,60,153
567,328,60,153
571,328,60,153
571,328,60,153
571,328,60,153
569,328,60,153
569,328,60,153
571,328,60,153
569,328,60,153
571,328,60,153
571,328,60,153
571,328,60,153
571,328,60,153
571,328,60,153
571,328,60,153
571,328,60,153
571,328,60,153
571,328,60,153
571,328,60,153
571,328,60,153
571,328,60,153
571,328,60,153
571,328,60,153
571,328,60,153
571,328,60,153
571,328,60,153
571,328,60,153
571,328,60,153
571,328,60,153
571,328,60,153
571,328,60,153
571,328,60,153
571,328,60,153
571,328,60,153
571,328,60,153
571,232,60,153
571,222,60,153
571,217,60,153
571,217,60,153
571,220,60,153
571,217,60,153
571,219,60,152
571,220,60,153
571,217,60,153
571,222,60,153
571,220,60,153
571,222,60,153
571,220,60,153
571,220,60,153
571,222,60,153
571,220,60,153
571,222,60,153
571,219,60,152
571,222,60,153
571,222,60,153
571,220,60,153
571,220,60,153
571,219,60,152
571,220,60,153
571,220,60,153
571,222,60,153
571,220,60,153
571,220,60,153
571,220,60,153
571,220,60,153
571,220,60,153
571,217,60,153
571,220,60,153
571,220,60,153
571,219,60,152
571,217,60,153
571,219,60,152
571,219,60,152
571,220,60,153
571,220,60,153
571,217,60,153
571,217,60,153
571,220,60,153
571,217,60,153
571,217,60,153
571,217,60,153
571,217,60,153
571,217,60,153
571,217,60,153
571,217,60,153
571,217,60,153
571,217,60,153
571,217,60,153
571,217,60,153
571,217,60,153
571,217,60,153
571,217,60,153
571,217,60,153
571,217,60,153
571,217,60,153
571,217,60,153
571,217,60,153
571,217,60,153
571,217,60,153
571,217,60,153
571,217,60,153
571,217,60,153
571,217,60,153
571,217,60,153
571,217,60,153
571,217,60,153
571,217,60,153
571,217,60,153
571,217,60,153
571,217,60,153
571,217,60,153
571,217,60,153
571,217,60,153
571,217,60,153
571,217,60,153
571,217,60,153
571,217,60,153
571,217,60,153
571,217,60,153
571,217,60,153
571,217,60,153
571,217,60,153
571,217,60,153
571,217,60,153
571,217,60,153
571,217,60,153
571,217,60,153
571,217,60,153
571,217,60,153
571,217,60,153
571,217,60,153
571,217,60,153
571,217,60,153
571,217,60,153
571,220,60,153
571,220,60,153
571,222,60,153
571,220,60,153
571,222,60,153
571,220,60,153
571,220,60,153
571,220,60,153
571,220,60,153
571,220,60,153
571,220,60,153
571,220,60,153
571,220,60,153
571,220,60,153
571,220,60,153
571,220,60,153
571,220,60,153
571,220,60,153
571,220,60,153
571,220,60,153
571,222,60,153
571,220,60,153
571,222,60,153
571,220,60,153
571,220,60,153
571,220,60,153
571,222,60,153
571,219,60,152
571,220,60,153
571,220,60,153
571,220,60,153
571,220,60,153
571,220,60,153
571,220,60,153
571,222,60,153
571,222,60,153
571,222,60,153
571,222,60,153
571,220,60,153
571,222,60,153
571,220,60,153
571,220,60,153
571,220,60,153
571,220,60,153
571,220,60,153
571,220,60,153
571,220,60,153
571,219,60,152
571,220,60,153
571,222,60,153
571,220,60,153
571,220,60,153
571,220,60,153
571,220,60,153
571,220,60,153
571,220,60,153
571,220,60,153
571,220,60,153
571,220,60,153
571,220,60,153
571,219,60,152
571,220,60,153
571,220,60,153
571,220,60,153
571,220,60,153
571,220,60,153
571,220,60,153
571,220,60,153
571,220,60,153
571,220,60,153
571,220,60,153
571,220,60,153
571,220,60,153
571,220,60,153
571,220,60,153
571,220,60,153
571,220,60,153
571,220,60,153
571,220,60,153
571,220,60,153
571,220,60,153
571,220,60,153
571,220,60,153
571,220,60,153
571,220,60,153
571,220,60,153
571,220,60,153
571,220,60,153
571,220,60,153
571,222,60,153
571,220,60,153
571,222,60,153
571,220,60,153
571,220,60,153
571,220,60,153
571,220,60,153
571,220,60,153
571,222,60,153
571,220,60,153
563,217,60,153
559,219,60,152
556,215,60,153
550,211,60,153
571,226,60,153
571,224,60,153
571,220,60,153
571,220,60,153
571,220,60,153
571,220,60,153
571,222,60,153
571,220,60,153
571,222,60,153
571,222,60,153
569,222,60,153
