96,318,38,79
94,318,38,79
92,318,38,79
90,318,38,79
87,318,38,79
85,318,38,79
81,319,38,79
79,319,38,79
78,319,38,79
74,319,38,79
71,320,38,79
68,320,38,79
68,320,38,79
69,321,38,79
71,320,38,79
74,320,38,79
80,319,38,79
82,319,38,79
86,319,38,79
88,319,38,79
91,319,38,79
92,318,38,79
93,318,38,79
94,318,38,79
93,317,38,79
94,317,38,79
91,317,38,79
88,317,38,79
86,318,38,79
84,319,38,79
81,319,38,79
78,319,38,79
77,320,38,79
74,320,38,79
73,320,38,79
72,320,38,79
71,320,38,79
72,320,38,79
73,320,38,79
75,320,38,79
78,320,38,79
82,319,38,79
84,319,38,79
86,318,38,79
88,318,38,79
92,317,38,79
93,315,38,79
96,314,38,79
96,314,38,79
97,314,38,79
93,314,38,79
88,315,38,79
87,315,38,79
84,317,38,79
81,317,38,79
80,318,38,79
78,318,38,79
77,319,38,79
75,319,38,79
74,319,38,79
75,320,38,79
75,320,38,79
78,320,38,79
79,320,38,79
80,319,38,79
81,319,38,79
84,318,38,79
85,317,38,79
86,317,38,79
87,317,38,79
88,317,38,79
88,315,38,79
87,315,38,79
86,315,38,79
85,315,38,79
84,315,38,79
81,317,38,79
80,317,38,79
79,318,38,79
78,318,38,79
77,319,38,79
77,319,38,79
77,320,38,79
77,320,38,79
78,320,38,79
78,320,38,79
80,320,38,79
82,320,38,79
85,319,38,79
88,319,38,79
91,319,38,79
96,318,38,79
98,318,38,79
99,317,38,79
101,317,38,79
103,317,38,79
96,317,38,79
94,315,38,79
93,315,38,79
91,317,38,79
88,315,38,79
84,318,38,79
81,318,38,79
79,319,38,79
77,320,38,79
74,320,38,79
72,320,38,79
71,321,38,79
71,321,38,79
71,321,38,79
72,321,38,79
74,323,38,79
78,323,38,79
82,323,38,79
85,321,38,79
88,320,38,79
94,320,38,79
93,319,38,79
93,319,38,79
94,318,38,79
94,318,38,79
93,318,38,79
92,317,38,79
90,318,38,79
86,318,38,79
82,318,38,79
77,319,38,79
72,319,38,79
68,320,38,79
65,320,38,79
62,320,38,79
59,320,38,79
56,320,38,79
55,321,37,79
55,323,37,79
55,323,37,79
55,323,37,79
59,324,38,79
61,324,38,79
63,324,38,79
66,323,38,79
69,321,38,79
71,320,38,79
73,319,38,79
74,318,38,79
74,318,38,79
75,317,38,79
77,317,38,79
77,317,38,79
75,317,38,79
75,315,38,79
73,315,38,79
72,315,38,79
71,315,38,79
69,315,38,79
68,315,38,79
66,315,38,79
63,317,38,79
62,317,38,79
63,318,38,79
62,319,38,79
63,320,38,79
65,323,38,79
66,324,38,79
68,324,38,79
69,325,38,79
73,325,38,79
74,325,38,79
75,325,38,79
75,324,38,79
77,323,38,79
78,321,38,79
78,319,38,79
78,317,38,79
79,317,38,79
79,317,38,79
79,317,38,79
73,317,38,79
71,318,38,79
68,319,38,79
67,319,38,79
65,321,38,79
62,321,38,79
61,323,38,79
60,323,37,79
60,323,37,79
61,324,38,79
63,324,38,79
66,324,38,79
68,324,38,79
71,323,38,79
74,321,38,79
80,321,38,79
81,320,38,79
84,319,38,79
87,319,38,79
90,318,38,79
92,315,38,79
92,314,38,79
92,314,38,79
91,313,38,79
90,313,38,79
87,313,38,79
85,313,38,79
82,314,38,79
80,314,38,79
77,315,38,79
73,315,38,79
72,315,38,79
69,315,38,79
69,317,38,79
68,317,38,79
67,318,38,79
66,318,38,79
66,319,38,79
66,319,38,79
67,319,38,79
71,319,38,79
73,319,38,79
77,319,38,79
79,318,38,79
80,317,38,79
85,315,38,79
86,315,38,79
87,314,38,79
88,314,38,79
90,314,38,79
90,314,38,79
91,314,38,79
91,314,38,79
90,314,38,79
87,314,38,79
84,314,38,79
81,314,38,79
79,314,38,79
78,315,38,79
75,315,38,79
72,318,38,79
71,318,38,79
69,319,38,79
68,320,38,79
68,320,38,79
68,320,38,79
68,321,38,79
68,321,38,79
69,321,38,79
72,321,38,79
73,321,38,79
73,320,38,79
74,320,38,79
75,320,38,79
75,320,38,79
77,320,38,79
78,319,38,79
79,319,38,79
80,319,38,79
81,319,38,79
84,318,38,79
85,318,38,79
85,318,38,79
86,317,38,79
87,317,38,79
86,315,38,79
85,314,38,79
82,314,38,79
79,314,38,79
77,315,38,79
69,315,38,79
66,317,38,79
62,318,38,79
59,318,38,79
56,319,38,79
55,319,37,79
54,320,38,79
53,320,38,79
54,320,38,79
54,320,38,79
58,321,38,79
60,321,37,79
62,321,38,79
66,321,38,79
68,321,38,79
72,320,38,79
74,319,38,79
77,318,38,79
78,318,38,79
80,317,38,79
84,315,38,79
85,315,38,79
86,315,38,79
87,317,38,79
87,317,38,79
88,318,38,79
88,318,38,79
88,318,38,79
90,318,38,79
90,318,38,79
90,318,38,79
91,318,38,79
90,319,38,79
91,319,38,79
92,319,38,79
93,319,38,79
94,319,38,79
94,319,38,79
97,319,38,79
98,319,38,79
100,319,38,79
101,319,38,79
103,319,38,79
103,319,38,79
104,318,38,79
106,318,38,79
107,317,38,79
109,317,38,79
110,317,38,79
110,317,38,79
111,317,38,79
111,317,38,79
112,318,38,79
112,318,38,79
112,318,38,79
113,318,38,79
113,318,38,79
113,317,38,79
113,317,38,79
115,317,38,79
116,317,38,79
116,317,38,79
118,317,38,79
119,317,38,79
120,319,38,79
123,319,38,79
124,319,38,79
125,319,38,79
128,319,38,79
129,319,38,79
130,318,38,79
131,317,38,79
132,315,38,79
132,314,38,79
134,314,38,79
141,313,38,79
143,312,38,79
147,312,38,79
149,312,38,79
136,312,38,79
150,313,38,79
147,312,38,79
143,312,38,79
139,312,38,79
143,312,38,79
147,310,38,79
150,310,38,79
150,310,38,79
150,309,38,79
150,309,38,79
150,310,38,79
149,310,38,79
149,310,38,79
151,310,38,79
153,310,38,79
155,310,38,79
158,310,38,79
156,309,38,79
155,310,38,79
154,309,38,79
153,309,38,79
153,308,38,79
151,307,38,79
150,307,38,79
149,307,38,79
148,305,38,79
148,305,38,79
148,307,38,79
148,307,38,79
149,307,38,79
149,307,38,79
149,307,38,79
150,307,38,79
150,307,38,79
151,305,38,79
153,305,38,79
153,305,38,79
154,305,38,79
155,305,38,79
156,307,38,79
156,308,38,79
156,308,38,79
157,308,38,79
158,308,38,79
160,308,38,79
161,307,38,79
162,307,38,79
162,305,38,79
163,305,38,79
163,305,38,79
164,305,38,79
166,307,38,79
166,307,38,79
166,307,38,79
164,307,38,79
164,307,38,79
164,305,38,79
163,305,38,79
163,305,38,79
163,305,38,79
163,304,38,79
163,304,38,79
163,304,38,79
163,303,38,79
163,303,38,79
163,303,38,79
164,304,38,79
164,305,38,79
164,307,38,79
166,308,38,79
167,307,38,79
168,307,38,79
169,305,38,79
169,304,38,79
169,304,38,79
170,303,38,79
170,303,38,79
172,303,38,79
173,303,38,79
174,303,38,79
176,303,38,79
181,304,38,79
183,304,38,79
187,304,38,79
191,304,38,79
192,305,38,79
189,308,38,79
186,308,38,79
185,305,38,79
186,302,38,79
187,296,38,79
182,288,38,79
182,284,38,79
181,283,38,79
183,279,38,79
188,278,38,79
202,278,38,79
210,277,38,79
218,276,38,79
224,273,38,79
230,271,38,79
237,266,38,79
239,263,38,79
240,261,38,79
245,258,38,79
249,256,38,79
248,256,38,79
246,255,38,78
244,255,38,78
243,255,38,78
240,254,38,79
238,256,38,79
237,256,38,79
234,257,38,79
233,257,38,79
233,260,38,79
231,262,38,79
232,265,38,79
236,267,38,79
238,270,38,79
239,271,38,79
244,273,38,79
248,273,38,79
251,276,38,79
255,276,38,79
256,276,38,79
257,276,38,79
258,276,38,79
259,276,38,79
262,277,38,79
264,277,38,79
267,276,38,79
268,276,38,79
269,276,38,79
270,277,38,79
271,277,38,79
272,278,38,79
274,278,38,79
274,279,38,79
272,279,38,79
270,281,38,79
264,281,38,79
264,282,38,79
263,282,38,79
263,282,38,79
263,282,38,79
261,282,38,79
259,283,38,79
258,283,38,79
257,283,38,79
256,284,38,79
255,284,38,79
253,286,38,79
255,286,38,79
255,287,38,79
256,287,38,79
256,287,38,79
257,287,38,79
258,288,38,79
258,288,38,79
258,288,38,79
258,288,38,79
258,289,38,79
259,291,38,79
262,291,38,79
262,291,38,79
262,292,38,79
263,292,38,79
263,291,38,79
264,291,38,79
268,294,38,79
269,298,38,79
269,298,38,79
270,298,38,79
272,298,38,79
272,299,38,79
271,300,38,79
267,300,38,79
264,299,38,79
262,298,38,79
257,296,38,79
253,293,38,79
243,289,38,79
238,288,38,79
234,286,38,79
227,283,38,79
226,281,38,79
219,282,37,77
214,280,37,77
208,280,37,77
204,280,37,77
204,280,37,77
208,280,37,77
209,281,37,77
210,281,37,77
209,281,37,77
207,281,37,77
202,280,37,77
198,280,37,77
195,281,37,77
191,282,37,77
190,284,37,77
186,282,37,77
183,282,37,77
180,282,37,77
175,281,37,77
170,280,37,77
161,279,37,77
159,278,37,77
158,278,37,77
157,279,37,77
158,279,37,77
159,279,37,77
160,279,37,77
161,280,37,77
162,280,37,77
165,281,37,77
166,282,37,77
167,284,37,77
168,285,37,77
174,284,37,77
179,282,37,77
188,279,37,77
191,275,37,77
194,272,37,77
198,268,37,77
202,266,37,77
207,262,37,77
208,262,37,77
209,262,37,77
209,263,37,77
209,263,37,77
208,264,37,77
203,264,37,77
196,263,37,77
190,262,37,77
189,262,37,77
186,258,37,77
186,258,37,77
187,258,37,77
190,258,37,77
190,258,37,77
189,259,37,77
188,262,37,77
186,263,37,77
183,266,37,77
179,267,37,77
172,268,37,77
170,268,37,77
169,267,37,77
170,267,37,77
173,267,37,77
175,266,37,77
179,264,37,77
181,266,37,77
182,267,37,77
183,268,37,77
178,271,38,79
174,271,38,79
170,268,38,79
169,268,38,79
168,266,38,79
157,261,38,79
147,256,38,79
135,255,38,78
119,250,38,78
118,298,38,79
141,307,38,79
138,297,38,79
131,293,38,79
123,288,38,79
115,286,38,79
93,287,38,80
145,293,38,80
140,293,38,80
136,290,38,80
134,288,38,80
135,275,38,80
157,222,38,80
154,225,38,80
153,230,38,80
153,233,38,80
152,238,38,80
152,241,38,80
148,242,38,80
142,244,38,80
134,242,38,80
118,241,38,80
107,242,38,80
100,242,38,80
94,242,38,80
90,241,38,80
84,240,38,80
83,240,38,80
82,240,38,80
80,241,38,80
79,242,38,80
77,242,38,80
73,244,38,80
