418,353,52,126
410,353,52,126
400,353,52,126
394,350,52,126
387,347,52,126
379,352,52,126
374,353,52,126
368,353,52,126
363,353,52,126
358,352,52,126
355,352,52,126
355,352,52,126
353,352,52,126
350,352,52,126
345,350,52,126
342,349,52,126
340,350,52,126
339,349,52,126
337,349,52,126
337,349,52,126
337,347,52,126
337,345,52,126
335,336,52,126
337,323,52,126
337,317,52,126
337,316,52,126
337,316,52,126
337,316,52,126
337,316,52,126
337,316,52,126
337,316,52,126
337,316,52,126
337,316,52,126
337,316,52,126
337,316,52,126
337,316,52,126
337,316,52,126
335,316,52,126
337,316,52,126
337,317,52,126
337,316,52,126
335,317,52,126
335,316,52,126
335,317,52,126
337,316,52,126
337,317,52,126
337,317,52,126
337,317,52,126
337,317,52,126
337,317,52,126
337,317,52,126
337,317,52,126
335,316,52,126
337,317,52,126
335,316,52,126
337,317,52,126
335,316,52,126
335,316,52,126
335,316,52,126
335,316,52,126
334,316,52,126
334,316,52,126
334,317,52,126
334,317,52,126
334,317,52,126
334,317,52,126
334,317,52,126
334,317,52,126
334,317,52,126
334,317,52,126
334,317,52,126
334,316,52,126
334,316,52,126
334,316,52,126
335,318,50,123
333,317,50,123
332,317,50,123
332,317,50,123
330,317,50,123
330,317,50,123
327,317,50,123
327,317,50,123
326,317,50,123
324,317,50,123
324,317,50,123
321,319,50,123
318,319,50,123
314,319,50,123
308,317,50,123
303,317,50,123
297,316,50,123
294,317,50,123
290,317,50,123
286,316,50,123
282,317,50,123
276,317,50,123
271,317,50,123
267,319,50,123
263,317,50,123
259,320,50,123
255,320,50,123
254,320,50,123
249,322,50,123
246,322,50,123
243,325,50,123
238,325,50,123
235,326,50,123
230,325,50,123
227,325,50,123
224,325,50,123
217,317,50,123
212,317,50,123
206,316,50,123
200,316,50,123
195,314,50,123
190,312,50,123
185,314,50,123
182,316,50,123
174,317,50,123
170,317,52,126
161,317,52,126
157,316,52,126
153,317,52,126
148,317,52,126
144,316,52,126
135,316,52,126
129,317,52,126
122,319,52,126
118,317,52,126
113,317,52,126
108,317,52,126
103,319,52,126
100,322,52,126
95,323,52,126
90,325,52,126
85,325,52,126
82,328,52,126
77,327,52,126
74,320,52,126
69,320,52,126
66,323,52,126
57,322,51,126
49,320,52,126
