301,16,51,24
298,16,51,24
296,16,51,24
292,16,51,24
290,16,52,24
287,15,52,24
284,15,52,24
280,16,52,24
278,15,52,24
276,16,52,24
272,15,52,24
271,15,52,24
268,15,52,24
266,15,52,24
263,15,52,24
261,16,52,24
258,15,52,24
256,16,52,24
255,16,52,24
252,15,52,24
250,16,52,24
248,16,52,24
246,16,52,24
244,16,52,24
243,16,52,24
241,16,52,24
240,16,52,24
239,16,52,24
239,15,52,24
237,15,52,24
236,15,52,24
234,15,52,24
233,16,52,24
232,15,52,24
231,16,52,24
230,16,52,24
228,16,52,24
228,17,52,24
227,17,52,24
227,17,52,24
227,17,52,24
227,17,52,24
228,17,52,24
227,17,52,24
228,18,52,24
230,18,52,24
230,18,52,24
229,19,52,24
230,19,52,24
230,19,52,24
230,19,52,24
230,20,52,24
228,18,52,24
230,19,52,24
230,19,52,24
230,19,52,24
230,20,52,24
230,19,52,24
230,20,52,24
230,20,52,24
230,20,52,24
230,20,52,24
229,21,52,24
229,21,52,24
230,17,52,24
230,17,52,24
229,17,52,24
229,17,52,24
229,17,52,24
227,17,52,24
229,17,52,24
229,18,52,24
230,19,52,24
227,17,52,24
228,18,52,24
229,18,52,24
229,19,52,24
230,19,52,24
228,19,52,24
228,19,52,24
229,19,52,24
229,20,52,24
228,21,52,24
229,20,52,24
229,21,52,24
229,21,52,24
229,21,52,24
229,22,52,24
229,22,52,24
229,22,52,24
229,23,52,24
230,22,52,24
230,23,52,24
228,22,52,24
229,23,52,24
230,23,52,24
229,23,52,24
229,22,52,24
229,22,52,24
229,23,53,24
229,22,53,24
228,22,53,24
228,22,53,24
228,22,53,24
228,22,53,24
228,22,53,24
228,22,53,24
229,23,53,24
230,22,53,24
230,22,53,24
228,22,53,24
228,22,53,24
228,22,53,24
228,22,53,24
227,22,53,24
228,22,53,24
228,22,53,24
228,22,53,24
227,23,53,24
228,22,53,24
227,22,53,24
227,21,53,24
227,22,53,24
227,22,53,24
227,22,53,24
227,22,53,24
227,21,53,24
227,22,53,24
227,22,53,24
227,21,53,24
227,21,53,24
227,22,53,24
227,22,53,24
227,21,53,24
227,22,53,24
226,22,53,24
226,22,53,24
227,22,53,24
227,22,53,24
227,23,53,24
227,22,53,24
226,23,53,24
227,22,53,24
226,22,53,24
227,22,53,24
227,22,53,24
226,22,53,24
226,22,53,24
226,22,53,24
226,22,53,24
227,22,53,24
226,22,53,24
226,22,53,24
226,22,53,24
227,22,53,24
226,22,53,24
226,22,53,24
226,22,53,24
226,22,53,24
226,22,53,24
226,22,53,24
225,22,53,24
226,22,53,24
227,22,53,24
226,22,53,24
226,22,53,24
226,22,53,24
226,22,53,24
226,22,53,24
226,22,53,24
226,23,53,24
225,22,53,24
225,22,53,24
226,22,53,24
226,22,53,24
225,22,53,24
227,22,53,24
225,22,53,24
226,22,53,24
226,22,53,24
226,22,53,24
226,22,53,24
225,23,53,24
225,22,53,24
225,22,53,24
226,22,53,24
226,22,53,24
225,22,53,24
226,22,53,24
225,22,53,24
225,22,53,24
226,22,53,24
225,22,53,24
226,22,53,24
225,22,53,24
226,22,53,24
225,22,53,24
225,22,53,24
225,22,53,24
225,22,53,24
226,22,53,24
225,22,53,24
225,22,53,24
226,22,53,24
225,22,53,24
225,22,53,24
225,23,53,24
225,23,53,24
226,23,53,24
225,22,53,24
225,22,53,24
225,22,53,24
225,23,53,24
226,22,53,24
225,23,53,24
225,22,53,24
226,24,53,24
225,23,53,24
225,24,53,24
225,23,53,24
225,23,53,24
225,23,53,24
225,24,53,24
225,23,53,24
225,23,53,24
225,23,53,24
225,24,53,24
225,24,53,24
225,22,53,24
225,24,53,24
225,23,53,24
225,23,53,24
225,24,53,24
225,23,53,24
226,23,53,24
225,23,53,24
225,24,53,24
225,23,53,24
225,23,53,24
225,23,53,24
225,23,53,24
225,24,53,24
225,23,53,24
225,23,53,24
225,23,53,24
225,24,53,24
225,24,53,24
225,23,53,24
225,24,53,24
225,23,53,24
225,24,53,24
226,24,53,24
225,24,53,24
225,24,53,24
226,24,53,24
226,23,53,24
225,24,53,24
226,24,53,24
226,24,53,24
225,24,53,24
226,24,53,24
226,24,53,24
226,23,53,24
226,24,53,24
226,24,53,24
225,24,53,24
226,23,53,24
226,24,53,24
226,23,53,24
225,24,53,24
226,23,53,24
225,23,53,24
226,24,53,24
225,23,53,24
226,23,53,24
225,24,53,24
225,23,53,24
225,23,53,24
226,24,53,24
225,23,53,24
225,24,53,24
226,24,53,24
226,24,53,24
226,24,53,24
227,24,53,24
227,24,53,24
228,23,53,24
227,24,53,24
227,24,53,24
228,23,53,24
229,23,53,24
229,23,53,24
228,24,53,24
229,23,53,24
228,23,53,24
228,23,53,24
227,24,53,24
227,23,53,24
228,24,53,24
227,23,53,24
228,23,53,24
226,23,53,24
227,24,53,24
227,24,53,24
226,24,53,24
227,23,53,24
226,23,53,24
226,23,53,24
225,24,53,24
226,24,53,24
225,23,53,24
224,23,53,24
225,23,53,24
225,23,53,24
225,24,53,24
221,24,53,24
219,25,53,24
219,25,53,24
221,25,53,24
222,24,53,24
221,25,53,24
222,24,53,24
221,31,53,24
222,31,53,24
222,31,53,24
223,32,53,24
223,31,53,24
222,32,53,24
222,32,53,24
221,32,53,24
220,32,53,24
222,31,53,24
222,32,53,24
222,32,53,24
