786,275,172,77
784,275,172,77
779,275,172,77
770,275,172,77
758,275,172,77
751,275,172,77
746,275,172,77
741,275,172,77
736,275,172,77
729,275,172,77
722,275,172,77
715,275,172,77
708,275,172,77
703,275,172,77
691,275,172,77
684,275,172,77
679,275,172,77
672,275,172,77
667,275,172,77
657,275,172,77
650,275,172,77
646,275,172,77
641,275,172,77
634,275,172,77
629,275,172,77
626,275,172,77
624,275,172,77
622,275,172,77
619,275,172,77
617,275,172,77
619,275,172,77
617,275,172,77
619,275,172,77
619,275,172,77
619,275,172,77
622,275,172,77
622,275,172,77
624,275,172,77
624,275,172,77
624,275,172,77
624,275,172,77
624,275,172,77
624,275,172,77
626,275,172,77
626,275,172,77
626,275,172,77
626,275,172,77
626,275,172,77
626,275,172,77
626,275,172,77
626,275,172,77
626,275,172,77
626,275,172,77
626,275,172,77
626,275,172,77
626,275,172,77
626,275,172,77
626,275,172,77
626,275,172,77
626,275,172,77
622,272,172,77
624,275,172,77
624,275,172,77
626,275,172,77
626,275,172,77
626,275,172,77
626,275,172,77
626,275,172,77
626,275,172,77
624,275,172,77
624,275,172,77
624,275,172,77
624,275,172,77
624,275,172,77
624,275,172,77
624,275,172,77
624,275,172,77
624,275,172,77
624,275,172,77
624,275,172,77
624,275,172,77
624,275,172,77
626,275,172,77
624,275,172,77
626,275,172,77
626,275,172,77
626,275,172,77
626,275,172,77
626,275,172,77
626,275,172,77
626,275,172,77
626,275,172,77
626,275,172,77
626,275,172,77
626,275,172,77
626,275,172,77
626,275,172,77
626,275,172,77
626,275,172,77
626,275,172,77
626,275,172,77
626,275,172,77
626,275,172,77
626,275,172,77
