303,102,19,23
303,102,19,23
303,103,19,23
303,102,19,23
303,102,19,23
303,102,19,23
304,103,19,23
305,103,19,23
305,102,19,23
305,102,19,23
305,103,19,23
305,103,19,23
305,103,19,23
305,103,19,23
307,104,18,22
307,104,18,22
307,104,18,22
307,103,18,22
308,104,18,22
308,104,18,22
308,104,18,22
308,104,18,22
309,104,18,22
309,104,18,22
310,104,18,22
310,104,18,22
311,104,18,22
311,104,18,22
312,104,18,22
312,104,18,22
312,104,18,22
313,104,18,22
313,104,18,22
313,104,18,22
314,104,18,22
314,104,18,22
314,104,18,22
314,105,18,22
314,105,18,22
314,104,18,22
315,104,18,22
315,104,18,22
315,105,18,22
315,105,18,22
316,104,18,22
317,104,18,22
317,105,18,22
317,104,18,22
317,104,18,22
317,105,19,23
317,105,19,23
317,105,19,23
318,105,19,23
318,105,19,23
319,106,18,22
318,106,18,22
318,106,18,22
318,105,18,22
319,106,18,22
320,106,18,22
320,106,18,22
320,105,18,22
320,106,18,22
320,106,18,22
321,106,18,22
321,106,18,22
321,106,18,22
321,106,18,22
321,106,18,22
323,108,18,22
322,107,18,22
323,107,18,22
323,108,18,22
324,108,18,22
324,109,18,22
324,108,18,22
324,108,18,22
324,108,18,22
324,107,18,22
325,108,19,23
324,109,19,23
324,109,19,23
323,109,19,23
322,109,19,23
322,108,19,23
322,109,19,23
322,109,19,23
321,108,19,23
321,108,19,23
321,108,19,23
321,108,19,23
321,108,19,23
321,107,19,22
322,108,19,23
322,108,19,23
323,108,19,23
324,108,19,23
324,109,19,23
324,109,19,23
326,109,19,23
325,108,19,23
326,108,19,23
326,108,19,23
327,109,19,23
328,109,19,23
328,108,19,23
329,108,19,23
329,109,19,23
329,109,19,23
330,109,19,23
330,109,19,23
331,110,19,23
331,110,19,23
332,110,19,23
332,109,19,23
332,110,19,23
333,110,19,23
333,110,19,23
334,110,19,23
334,110,19,23
334,110,19,23
335,110,19,23
335,111,19,23
335,111,19,23
336,112,20,24
334,112,20,24
334,113,20,24
334,112,20,24
333,112,20,24
332,112,20,24
331,113,20,24
329,113,20,24
329,113,20,24
329,113,20,24
328,113,20,24
327,113,20,24
326,114,20,24
324,113,20,24
324,113,20,24
324,113,20,24
322,114,20,24
322,115,20,24
321,114,20,24
321,115,20,24
320,115,20,24
320,115,20,24
319,115,20,24
318,115,20,24
316,114,20,24
316,114,20,24
316,114,20,24
314,113,20,24
314,113,20,24
314,112,20,24
314,113,20,24
313,113,20,24
312,113,20,24
312,113,20,24
312,113,20,24
313,113,20,24
314,114,20,24
314,113,20,24
315,113,20,24
316,114,20,24
316,113,20,24
316,113,20,24
317,113,20,24
317,114,20,24
319,114,20,24
319,114,20,24
320,114,20,24
321,114,20,24
322,115,20,24
322,115,20,24
324,116,19,23
324,115,19,23
325,115,19,23
326,115,19,23
327,115,19,23
329,115,19,23
329,115,19,23
330,116,19,23
331,116,19,23
332,115,19,23
333,115,19,23
334,116,19,23
336,116,19,23
337,115,19,23
338,116,19,23
340,117,20,24
340,116,20,24
341,116,20,24
341,116,20,24
341,116,20,24
343,116,20,24
344,117,20,24
345,116,20,24
345,116,20,24
345,118,20,24
347,118,20,24
346,117,20,24
346,117,20,24
347,118,20,24
348,118,20,24
348,117,20,24
348,117,20,24
349,118,20,24
349,118,20,24
349,118,20,24
349,118,20,24
349,118,20,24
350,119,20,24
351,119,20,24
351,118,20,24
353,119,20,25
353,119,20,25
353,119,20,25
354,119,20,25
354,119,20,25
355,119,20,25
356,119,20,25
357,119,20,25
357,119,20,25
358,120,20,25
358,120,20,25
358,119,20,25
358,119,20,25
359,120,20,25
360,120,20,25
361,121,21,25
362,120,21,25
362,120,21,25
362,120,21,25
363,121,21,25
364,121,21,25
364,120,21,25
364,121,21,25
366,121,21,25
366,121,21,25
367,121,21,25
368,122,21,25
368,122,21,25
368,122,21,25
368,122,21,25
370,122,21,26
369,122,21,26
371,122,21,26
372,121,21,26
372,122,21,26
373,123,22,26
372,122,22,26
373,122,22,26
373,122,22,26
373,122,22,26
373,123,22,26
374,123,22,26
375,122,22,26
375,122,22,26
375,123,22,26
375,124,22,26
375,123,22,26
375,123,22,26
375,123,22,26
376,124,22,26
376,124,22,26
377,124,22,26
378,124,22,26
378,124,22,26
378,124,22,26
378,124,22,26
378,124,22,26
378,124,22,26
378,125,22,26
379,125,22,26
380,125,22,27
379,124,22,27
380,126,22,27
380,126,22,27
380,125,22,27
380,125,22,27
380,126,22,27
381,126,22,27
382,126,22,27
382,126,22,27
382,126,22,27
382,126,22,27
382,127,22,27
382,126,22,27
382,126,22,27
382,126,22,27
382,127,22,27
383,127,22,27
384,127,22,27
384,127,22,27
384,128,22,27
385,128,22,27
385,128,22,27
385,127,22,27
385,127,22,27
386,128,22,27
387,128,22,27
387,127,22,27
387,128,22,27
387,128,22,27
388,128,22,27
388,128,22,27
388,128,22,27
388,128,22,27
388,128,22,27
389,128,22,27
389,128,22,27
389,128,22,27
389,128,22,27
389,129,22,27
388,128,22,27
388,128,22,27
387,129,22,27
387,129,22,27
388,129,22,27
388,129,22,27
387,129,22,27
387,130,22,27
387,130,22,27
387,129,22,27
387,129,22,27
387,129,22,27
387,130,22,27
387,129,22,27
387,129,22,27
388,129,22,27
388,129,22,27
388,130,22,27
388,130,22,27
388,129,22,27
389,130,23,28
388,130,23,28
389,130,23,28
390,129,23,28
391,130,23,28
391,130,23,28
392,131,23,28
391,130,23,28
392,130,23,28
392,130,23,28
394,132,22,27
394,131,22,27
395,130,22,27
396,131,22,27
396,132,22,27
396,132,22,27
396,132,22,27
397,132,22,27
397,132,22,27
398,133,22,27
399,133,22,27
400,133,22,27
401,132,22,27
401,133,22,27
403,134,22,27
404,133,22,27
405,133,22,27
406,134,22,27
408,135,22,27
410,134,22,27
411,135,22,27
412,135,22,27
414,136,22,27
415,136,22,27
416,135,22,27
416,135,22,27
418,136,22,27
418,135,22,27
419,135,22,27
420,136,22,27
421,137,23,28
420,136,23,28
420,136,23,28
421,137,23,28
421,137,23,28
422,137,23,28
422,137,23,28
423,137,23,28
423,138,23,28
422,138,23,28
422,137,23,28
422,138,23,28
422,138,23,28
423,139,23,28
422,138,23,28
423,137,23,28
423,138,23,28
424,139,23,28
423,139,23,28
423,139,23,28
424,139,23,28
424,140,23,28
424,140,23,28
425,140,23,28
426,140,23,28
426,140,23,28
426,141,23,28
427,141,23,28
427,141,23,28
427,140,23,28
429,141,23,28
429,142,23,28
430,141,23,28
431,141,23,28
432,142,23,28
432,143,23,28
432,143,23,28
433,143,23,28
433,142,23,28
434,143,23,28
435,143,23,28
436,144,23,28
437,143,23,28
438,143,23,28
439,144,23,28
440,145,23,28
441,144,23,28
442,145,23,28
443,145,23,28
443,146,23,28
446,146,24,29
446,145,24,29
447,145,24,29
448,146,24,29
449,146,24,29
449,146,24,29
449,146,24,29
450,146,24,29
451,147,24,29
452,148,24,29
454,147,24,29
455,147,24,29
456,147,24,29
458,149,24,29
461,147,24,29
463,147,24,29
465,148,24,29
471,149,24,29
473,148,24,29
478,149,24,29
479,148,24,29
484,150,24,29
487,149,24,29
488,148,24,29
493,149,24,29
495,150,24,29
497,150,24,29
501,150,24,29
502,149,24,29
504,151,24,29
506,151,24,29
507,151,24,29
508,151,24,29
509,151,24,29
510,151,24,29
513,152,24,29
513,151,24,29
515,151,24,29
516,152,24,29
516,153,24,29
516,153,24,29
516,153,24,29
516,153,24,29
516,154,24,29
516,154,24,29
518,152,24,29
517,154,24,29
518,154,24,29
517,155,24,29
517,155,24,29
517,154,24,29
517,156,24,29
518,156,24,29
519,156,24,29
518,156,24,29
518,157,24,29
519,157,24,29
519,157,24,29
519,157,24,29
518,157,24,29
518,158,24,29
518,158,24,29
518,157,24,29
517,157,24,29
517,158,24,29
516,159,24,29
515,159,24,29
515,159,24,29
513,159,24,29
513,160,24,29
513,160,24,29
513,160,24,29
512,160,24,29
512,161,24,29
511,162,24,29
511,162,24,29
511,162,24,29
510,162,24,29
511,162,24,29
512,162,24,29
511,162,24,29
512,162,24,29
513,164,24,29
512,165,24,29
512,165,24,29
512,165,24,29
511,165,24,29
510,166,24,29
511,166,24,29
510,165,24,29
510,166,24,29
508,168,24,29
507,168,24,29
506,167,24,29
505,168,24,29
504,168,24,29
504,169,24,29
504,168,24,29
504,168,24,29
503,170,24,29
502,170,24,29
502,170,24,29
501,170,24,29
501,172,24,29
501,172,24,29
501,171,24,29
501,172,24,29
501,173,24,29
501,174,24,29
501,173,24,29
501,173,24,29
501,174,24,29
501,175,24,29
501,175,24,29
502,174,24,29
502,175,24,29
502,177,24,29
502,176,24,29
502,176,24,29
502,177,24,29
503,178,24,29
503,178,24,29
503,177,24,29
502,179,24,29
504,179,24,29
504,181,25,30
503,180,25,30
503,180,25,30
503,180,25,30
505,181,25,30
507,180,25,30
507,181,25,30
508,183,25,30
509,183,25,30
510,183,25,30
511,183,25,30
511,183,25,30
513,185,25,30
514,184,25,30
515,183,25,30
515,185,25,30
516,186,25,30
517,186,25,30
518,186,25,30
518,186,25,30
518,188,25,30
519,189,25,30
521,188,25,30
521,188,25,30
520,189,25,30
521,190,25,30
521,190,25,30
521,189,25,30
521,191,25,30
521,192,25,30
521,192,25,30
521,192,25,30
521,192,25,30
522,192,25,30
521,195,25,30
521,193,25,30
521,193,25,30
521,195,25,30
521,195,25,30
522,195,25,30
522,195,25,30
522,195,25,30
522,197,25,30
523,199,25,30
523,198,25,30
524,198,25,30
523,197,25,30
523,199,25,30
524,199,25,30
525,197,25,30
524,198,25,30
522,199,25,30
521,201,25,30
519,201,25,30
518,200,25,30
516,201,25,30
514,201,25,30
513,202,25,30
511,203,25,30
511,202,25,30
510,203,25,30
509,205,25,30
507,205,25,30
507,202,25,30
505,202,25,30
504,202,25,30
503,205,25,30
500,208,25,30
500,208,25,30
500,208,25,30
500,209,25,30
502,208,25,30
502,208,25,30
502,208,25,30
503,208,25,30
503,211,25,30
503,211,25,30
505,211,25,30
506,212,25,30
507,213,25,30
507,213,25,30
507,213,25,30
507,214,25,30
507,216,25,30
507,217,25,30
508,217,25,30
509,216,25,30
511,216,25,30
511,219,25,30
513,217,25,30
512,218,25,30
512,219,25,30
512,222,25,30
514,221,25,30
514,221,25,30
515,224,25,30
518,223,25,30
518,223,25,30
516,224,25,30
515,226,25,30
516,227,25,30
517,227,25,30
516,227,25,30
517,229,25,30
518,229,25,30
518,229,25,30
517,230,25,30
517,232,25,30
516,234,25,30
518,233,25,30
517,233,25,30
517,234,25,30
517,236,25,30
518,234,25,30
516,236,25,30
516,237,25,30
516,239,25,30
518,237,25,30
517,239,25,30
518,236,25,30
518,239,25,30
518,239,25,30
515,243,25,30
518,239,25,30
519,237,25,30
520,238,25,30
518,241,25,30
519,240,25,30
521,249,25,30
522,250,25,30
524,254,24,29
522,246,24,29
522,245,24,29
522,245,24,29
523,253,24,29
523,256,24,29
524,249,24,29
527,250,24,29
528,251,24,29
528,251,24,29
528,251,24,29
528,251,24,29
528,251,24,29
528,251,24,29
528,251,24,29
528,251,24,29
528,251,24,29
528,251,24,29
528,251,24,29
528,251,24,29
528,251,24,29
528,251,24,29
528,251,24,29
528,251,24,29
528,251,24,29
535,241,24,29
535,243,24,29
537,242,24,29
536,245,24,29
537,241,24,29
537,244,24,29
540,243,24,29
540,243,24,29
540,243,24,29
540,242,24,29
541,243,24,29
540,242,24,29
538,243,24,29
541,243,24,29
540,243,24,29
539,246,24,29
541,244,24,29
540,245,24,29
540,246,24,29
540,251,24,29
540,254,24,29
539,254,24,29
540,251,24,29
540,252,24,29
540,252,24,29
540,254,24,29
540,253,24,29
540,252,24,29
540,253,24,29
540,254,24,29
538,256,24,29
540,254,24,29
540,256,24,29
538,256,24,29
540,257,24,29
538,257,24,29
540,258,24,29
540,260,24,29
540,262,24,29
540,263,24,29
540,263,24,29
539,265,24,29
540,267,24,29
539,268,24,29
539,268,24,29
540,276,24,29
538,277,24,29
539,278,24,29
537,279,24,29
536,279,24,29
535,282,24,29
537,287,24,29
537,290,24,29
537,290,24,29
536,292,24,29
535,296,24,29
536,301,24,29
534,301,24,29
532,301,24,29
531,305,24,29
525,304,24,29
520,306,24,29
517,305,24,29
516,305,24,29
513,305,24,29
507,308,24,29
480,314,24,29
464,290,24,29
470,273,24,29
468,280,24,29
467,276,24,29
470,281,24,29
474,277,24,29
471,296,24,29
471,296,24,29
469,295,24,29
467,295,24,29
454,273,24,29
454,273,24,29
454,273,24,29
454,273,24,29
454,273,24,29
454,273,24,29
454,273,24,29
454,273,24,29
454,273,24,29
454,273,24,29
454,273,24,29
454,273,24,29
454,273,24,29
454,273,24,29
454,273,24,29
454,273,24,29
454,273,24,29
454,273,24,29
454,273,24,29
454,273,24,29
454,273,24,29
454,273,24,29
454,273,24,29
454,273,24,29
454,273,24,29
454,273,24,29
454,273,24,29
454,273,24,29
454,273,24,29
454,273,24,29
454,273,24,29
454,273,24,29
454,273,24,29
454,273,24,29
454,273,24,29
454,273,24,29
454,273,24,29
454,273,24,29
454,273,24,29
454,273,24,29
454,273,24,29
454,273,24,29
454,273,24,29
454,273,24,29
454,273,24,29
454,273,24,29
454,273,24,29
454,273,24,29
454,273,24,29
454,273,24,29
454,273,24,29
454,273,24,29
454,273,24,29
454,273,24,29
454,273,24,29
454,273,24,29
454,273,24,29
454,273,24,29
454,273,24,29
454,273,24,29
454,273,24,29
454,273,24,29
454,273,24,29
453,284,24,29
471,282,24,29
471,280,24,29
482,282,24,29
484,282,24,29
493,282,24,29
483,282,24,29
485,282,24,29
486,282,24,29
486,282,24,29
485,282,24,29
495,280,24,29
495,280,24,29
495,280,24,29
495,280,24,29
493,282,25,30
490,281,25,30
494,281,25,30
486,281,25,30
501,279,25,30
487,280,25,30
496,255,25,30
511,243,25,30
493,218,25,30
493,219,25,30
493,219,25,30
493,219,25,30
493,218,25,30
494,219,25,30
495,219,25,30
485,220,25,30
495,219,25,30
484,221,25,30
494,220,25,30
494,221,25,30
496,220,25,30
498,218,25,30
494,219,25,30
496,219,25,30
499,219,25,30
500,220,25,30
500,220,25,30
496,219,25,30
498,219,25,30
498,219,25,30
498,218,25,30
502,221,25,30
500,220,25,30
494,219,25,30
496,219,25,30
496,220,25,30
496,218,25,30
496,221,25,30
495,220,25,30
501,218,25,30
501,220,25,30
501,220,25,30
497,219,25,30
496,218,25,30
498,219,25,30
497,219,25,30
500,219,25,30
496,219,25,30
501,219,25,30
477,205,25,30
485,194,25,30
495,170,25,30
500,170,25,30
