126,333,67,141
130,333,67,141
132,331,67,141
135,331,67,141
139,329,67,141
145,327,67,141
149,322,67,141
151,322,67,141
155,322,67,141
162,318,67,141
164,313,67,141
168,313,67,141
172,311,67,141
176,309,67,141
181,305,67,141
185,305,67,141
187,305,67,141
191,302,66,141
195,300,67,141
199,298,67,141
202,296,67,141
206,296,67,141
210,294,67,141
214,291,67,141
218,289,67,141
222,289,67,141
227,289,67,141
231,287,67,141
235,283,67,141
237,280,66,141
239,280,67,141
243,280,67,141
248,278,67,141
252,276,67,141
256,274,67,141
258,274,67,141
262,274,67,141
264,269,67,141
266,267,67,141
271,267,67,141
273,265,67,141
277,265,67,141
281,263,67,141
283,258,67,141
285,258,67,141
289,258,67,141
294,258,67,141
296,258,67,141
298,256,67,141
302,256,67,141
304,256,67,141
304,254,67,141
306,254,67,141
308,254,67,141
310,254,67,141
312,254,67,141
312,254,67,141
312,254,67,141
315,256,67,141
312,256,67,141
312,254,67,141
315,254,67,141
317,254,67,141
319,254,67,141
321,252,67,141
325,247,67,141
325,249,67,141
325,247,67,141
325,247,67,141
325,247,67,141
346,243,67,140
386,243,67,140
421,241,67,141
449,238,66,141
467,232,66,140
467,232,66,140
465,232,66,140
465,230,66,141
465,230,66,141
465,227,66,141
465,227,66,141
465,227,66,141
465,227,66,141
463,227,67,141
463,227,67,141
463,225,67,141
461,221,67,141
461,223,67,140
461,221,67,141
461,223,67,140
461,221,67,141
461,221,67,141
417,223,67,140
400,247,67,141
380,247,68,143
376,243,68,143
374,243,68,143
372,241,68,143
374,239,68,143
372,239,68,143
370,239,68,143
368,236,68,143
364,234,68,143
364,234,68,143
361,234,68,143
361,232,68,143
364,230,68,143
361,227,68,143
361,227,68,143
359,227,68,143
355,225,68,143
357,225,68,143
357,223,68,143
357,223,68,143
357,221,68,143
359,221,68,143
359,221,68,143
359,221,68,143
357,218,68,143
357,221,68,143
357,218,68,143
357,218,68,143
357,218,68,143
357,221,68,143
359,221,68,143
359,221,68,143
359,221,68,143
357,221,68,143
357,221,68,143
355,218,68,143
355,218,68,143
355,221,68,143
355,221,68,143
355,221,68,143
355,221,68,143
355,221,68,143
353,221,68,143
353,221,68,143
353,221,68,143
353,223,68,143
353,221,68,143
353,221,68,143
353,221,68,143
353,221,68,143
353,221,68,143
353,221,68,143
353,221,68,143
353,221,68,143
353,223,68,143
355,221,68,143
338,223,68,143
308,223,68,143
280,223,68,143
274,223,68,143
274,223,68,143
274,223,68,143
274,221,68,143
274,221,68,143
274,223,68,143
274,223,68,143
274,223,68,143
274,223,68,143
274,223,68,143
274,223,68,143
274,223,68,143
276,223,68,143
276,223,68,143
274,223,68,143
276,223,68,143
276,223,68,143
276,223,68,143
276,221,68,143
276,223,68,143
276,223,68,143
276,223,68,143
276,223,68,143
276,223,68,143
276,223,68,143
276,223,68,143
276,223,68,143
276,223,68,143
276,223,68,143
276,223,68,143
276,223,68,143
276,223,68,143
276,223,68,143
276,223,68,143
276,223,68,143
276,223,68,143
276,223,68,143
276,223,68,143
276,223,68,143
276,223,68,143
276,223,68,143
276,223,68,143
276,223,68,143
276,223,68,143
276,223,68,143
276,221,68,143
276,223,68,143
276,223,68,143
276,223,68,143
276,223,68,143
276,223,68,143
276,223,68,143
276,223,68,143
276,223,68,143
276,223,68,143
276,223,68,143
276,223,68,143
276,223,68,143
276,223,68,143
276,223,68,143
276,223,68,143
276,223,68,143
276,223,68,143
276,223,68,143
276,223,68,143
276,223,68,143
276,223,68,143
276,223,68,143
276,223,68,143
276,223,68,143
276,223,68,143
276,223,68,143
276,223,68,143
276,223,68,143
276,223,68,143
276,223,68,143
276,223,68,143
276,223,68,143
276,223,68,143
276,223,68,143
276,221,68,143
274,221,68,143
274,221,68,143
261,214,68,143
257,214,68,143
257,212,68,143
255,209,68,143
278,223,68,143
276,223,68,143
276,221,68,143
276,223,68,143
276,223,68,143
276,185,68,143
276,162,68,143
274,162,68,143
274,162,68,143
274,162,68,143
274,165,68,143
274,162,68,143
274,162,68,143
274,162,68,143
274,162,68,143
274,162,68,143
274,162,68,143
274,162,68,143
274,162,68,143
274,162,68,143
274,162,68,143
274,162,68,143
274,162,68,143
274,162,68,143
274,162,68,143
274,162,68,143
274,162,68,143
274,162,68,143
274,162,68,143
274,162,68,143
274,162,68,143
274,162,68,143
274,162,68,143
274,162,68,143
274,162,68,143
274,162,68,143
274,162,68,143
274,162,68,143
274,162,68,143
274,162,68,143
274,162,68,143
274,162,68,143
274,162,68,143
274,162,68,143
274,162,68,143
274,162,68,143
274,162,68,143
274,162,68,143
274,162,68,143
274,162,68,143
274,162,68,143
274,162,68,143
274,162,68,143
274,162,68,143
