576,211,99,96
576,211,99,96
576,211,99,96
579,211,99,96
579,211,100,97
578,209,100,97
578,209,100,97
578,209,100,97
581,209,100,97
581,209,100,97
581,209,100,97
584,209,100,97
584,209,100,97
587,209,100,97
587,209,100,97
591,209,100,97
591,209,100,97
591,209,100,97
594,209,100,97
594,209,100,97
594,209,100,97
594,209,100,97
594,209,100,97
594,206,100,97
594,209,100,97
594,206,100,97
594,206,100,97
594,206,100,97
594,206,100,97
594,206,100,97
594,206,100,97
594,206,100,97
594,206,100,97
594,206,100,97
591,206,100,97
587,209,100,97
587,209,100,97
587,209,100,97
587,209,100,97
584,209,100,97
584,209,100,97
581,209,100,97
581,209,100,97
578,206,100,97
578,206,100,97
575,206,100,97
575,206,100,97
572,206,100,97
569,206,100,97
569,209,100,97
565,209,100,97
562,209,100,97
556,206,100,97
556,206,100,97
550,206,100,97
546,206,100,97
543,206,100,97
543,206,100,97
540,206,100,97
534,206,100,97
534,206,100,97
534,206,100,97
531,206,100,97
531,206,100,97
524,206,100,97
518,206,100,97
518,206,100,97
515,206,100,97
512,206,100,97
509,209,100,97
509,209,100,97
505,209,100,97
502,209,100,97
499,209,100,97
496,209,100,97
493,209,100,97
493,209,100,97
493,209,100,97
490,209,100,97
490,209,100,97
490,209,100,97
490,209,100,97
490,209,100,97
490,209,100,97
490,209,100,97
490,209,100,97
490,209,100,97
490,209,100,97
490,209,100,97
493,209,100,97
493,209,100,97
493,209,100,97
493,209,100,97
496,209,100,97
499,209,100,97
502,209,100,97
505,209,100,97
509,209,100,97
515,209,100,97
518,209,100,97
527,206,100,97
531,206,100,97
537,206,100,97
540,206,100,97
546,202,100,97
550,202,100,97
553,206,100,97
556,206,100,97
556,206,100,97
562,206,100,97
565,209,100,97
565,206,100,97
565,209,100,97
572,209,100,97
569,209,100,97
572,209,100,97
572,209,100,97
572,209,100,97
575,206,100,97
575,209,100,97
578,209,100,97
578,209,100,97
578,209,100,97
581,209,100,97
587,209,100,97
587,209,100,97
594,209,100,97
591,209,100,97
594,209,100,97
597,209,100,97
600,209,100,97
603,206,100,97
606,206,100,97
603,209,100,97
603,206,100,97
600,206,100,97
603,209,100,97
603,209,100,97
603,212,100,97
606,212,100,97
603,209,100,97
597,206,100,97
594,206,100,97
597,206,100,97
597,206,100,97
594,206,100,97
587,209,100,97
587,206,100,97
584,209,100,97
581,209,100,97
581,209,100,97
575,209,100,97
575,209,100,97
575,209,100,97
575,209,100,97
572,209,100,97
569,209,100,97
565,209,100,97
565,209,100,97
562,209,100,97
556,209,100,97
556,209,100,97
553,209,100,97
553,212,100,97
553,212,100,97
553,212,100,97
550,212,100,97
546,212,100,97
546,212,100,97
546,212,100,97
546,212,100,97
518,206,100,97
518,206,100,97
518,209,100,97
518,209,103,99
516,210,103,99
516,210,103,99
516,210,103,99
516,210,103,99
516,210,103,99
516,210,103,99
516,210,103,99
516,210,103,99
516,210,103,99
516,210,103,99
516,210,103,99
516,210,103,99
516,210,103,99
516,210,103,99
516,210,103,99
516,210,103,99
516,210,103,99
516,210,103,99
516,210,103,99
516,210,103,99
516,210,103,99
516,210,103,99
516,210,103,99
516,210,103,99
516,210,103,99
516,210,103,99
516,210,103,99
516,210,103,99
516,210,103,99
516,210,103,99
516,210,103,99
516,210,103,99
516,210,103,99
516,210,103,99
518,212,100,97
518,212,100,97
518,212,100,97
518,212,100,97
518,212,100,97
518,212,100,97
518,212,100,97
518,212,100,97
518,212,100,97
518,212,100,97
518,212,100,97
518,212,100,97
518,212,100,97
518,212,100,97
518,212,100,97
518,212,100,97
518,212,100,97
518,212,100,97
515,212,100,97
515,212,100,97
515,212,100,97
515,212,100,97
515,212,100,97
515,212,100,97
515,212,100,97
515,212,100,97
515,212,100,97
515,212,100,97
515,212,100,97
515,212,100,97
515,212,100,97
515,212,100,97
515,212,100,97
515,212,100,97
515,212,100,97
515,212,100,97
515,212,100,97
515,212,100,97
515,212,100,97
515,212,100,97
515,212,100,97
515,212,100,97
515,212,100,97
515,212,100,97
515,212,100,97
515,212,100,97
515,212,100,97
515,212,100,97
515,212,100,97
515,212,100,97
515,212,100,97
515,212,100,97
515,212,100,97
515,212,100,97
515,212,100,97
515,212,100,97
515,212,100,97
515,212,100,97
515,212,100,97
515,212,100,97
515,212,100,97
515,212,100,97
515,212,100,97
515,212,100,97
515,212,100,97
515,212,100,97
515,212,100,97
515,212,100,97
515,212,100,97
515,212,100,97
515,212,100,97
515,212,100,97
515,212,100,97
515,212,100,97
515,212,100,97
515,212,100,97
515,212,100,97
515,212,100,97
515,212,100,97
515,212,100,97
515,212,100,97
515,212,100,97
515,212,100,97
515,212,100,97
515,212,100,97
515,212,100,97
515,212,100,97
515,212,100,97
515,212,100,97
515,212,100,97
515,212,100,97
515,212,100,97
515,212,100,97
515,212,100,97
515,212,100,97
515,212,100,97
515,212,100,97
515,212,100,97
515,212,100,97
515,212,100,97
515,212,100,97
515,212,100,97
515,212,100,97
515,212,100,97
515,212,100,97
515,212,100,97
515,212,100,97
515,212,100,97
515,212,100,97
515,212,100,97
515,212,100,97
515,212,100,97
515,212,100,97
515,212,100,97
515,212,100,97
515,212,100,97
515,212,100,97
515,212,100,97
515,212,100,97
515,212,100,97
518,212,100,97
515,212,100,97
518,212,100,97
518,212,100,97
518,212,100,97
518,212,100,97
518,212,100,97
518,212,100,97
518,212,100,97
518,212,100,97
518,212,100,97
518,212,100,97
518,212,100,97
518,212,100,97
518,212,100,97
518,212,100,97
518,212,100,97
518,212,100,97
518,212,100,97
518,212,100,97
518,212,100,97
518,212,100,97
518,212,100,97
518,212,100,97
518,212,100,97
518,212,100,97
518,212,100,97
518,212,100,97
518,212,100,97
518,212,100,97
515,212,100,97
518,212,100,97
518,212,100,97
515,212,100,97
515,212,100,97
515,212,100,97
515,212,100,97
515,212,100,97
515,212,100,97
515,212,100,97
515,212,100,97
515,212,100,97
515,212,100,97
515,212,100,97
515,212,100,97
515,212,100,97
515,212,100,97
518,212,100,97
518,212,100,97
518,212,100,97
518,212,100,97
518,212,100,97
518,212,100,97
518,212,100,97
518,212,100,97
518,212,100,97
518,212,100,97
518,212,100,97
518,212,100,97
518,212,100,97
518,212,100,97
518,212,100,97
518,212,100,97
518,212,100,97
518,212,100,97
518,212,100,97
518,212,100,97
518,212,100,97
518,212,100,97
518,212,100,97
518,212,100,97
518,212,100,97
515,212,100,97
515,212,100,97
515,212,100,97
518,212,100,97
518,212,100,97
518,212,100,97
515,212,100,97
515,212,100,97
515,212,100,97
515,212,100,97
515,212,100,97
518,212,100,97
515,212,100,97
515,212,100,97
515,212,100,97
515,212,100,97
515,212,100,97
515,212,100,97
515,212,100,97
515,212,100,97
515,212,100,97
515,212,100,97
515,212,100,97
515,212,100,97
515,212,100,97
515,212,100,97
515,212,100,97
515,212,100,97
515,212,100,97
515,212,100,97
515,212,100,97
518,212,100,97
518,212,100,97
515,212,100,97
518,212,100,97
518,212,100,97
518,212,100,97
515,212,100,97
515,212,100,97
515,212,100,97
515,212,100,97
515,212,100,97
515,212,100,97
518,212,100,97
518,212,100,97
515,212,100,97
515,212,100,97
515,212,100,97
515,212,100,97
518,212,100,97
518,212,100,97
515,212,100,97
518,212,100,97
518,212,100,97
518,212,100,97
518,212,100,97
518,212,100,97
515,212,100,97
518,212,100,97
518,212,100,97
518,212,100,97
518,212,100,97
518,212,100,97
518,212,100,97
518,212,100,97
518,212,100,97
518,212,100,97
518,212,100,97
518,212,100,97
515,212,100,97
515,212,100,97
518,212,100,97
518,212,100,97
518,212,100,97
518,212,100,97
518,212,100,97
518,212,100,97
518,212,100,97
518,212,100,97
518,212,100,97
518,212,100,97
518,212,100,97
518,212,100,97
518,212,100,97
518,212,100,97
518,212,100,97
518,212,100,97
518,212,100,97
518,212,100,97
518,212,100,97
518,212,100,97
518,212,100,97
518,212,100,97
518,212,100,97
518,212,100,97
518,212,100,97
518,212,100,97
518,212,100,97
518,212,100,97
518,212,100,97
518,212,100,97
518,212,100,97
518,212,100,97
518,212,100,97
518,212,100,97
518,212,100,97
518,212,100,97
518,212,100,97
518,212,100,97
518,212,100,97
518,212,100,97
518,212,100,97
518,212,100,97
518,212,100,97
518,212,100,97
518,212,100,97
518,212,100,97
518,212,100,97
518,212,100,97
518,212,100,97
518,212,100,97
518,212,100,97
518,212,100,97
518,212,100,97
518,212,100,97
518,212,100,97
518,212,100,97
518,212,100,97
518,212,100,97
518,212,100,97
518,212,100,97
518,212,100,97
518,212,100,97
518,212,100,97
518,212,100,97
518,212,100,97
518,212,100,97
518,212,100,97
518,212,100,97
518,212,100,97
518,212,100,97
518,212,100,97
518,212,100,97
518,212,100,97
518,212,100,97
518,212,100,97
518,212,100,97
518,212,100,97
