656,308,18,47
656,308,18,47
656,310,18,46
657,311,17,47
659,312,18,47
660,312,16,46
661,314,17,46
662,315,17,46
664,317,15,45
663,316,16,48
663,314,16,48
662,315,16,47
662,315,16,47
662,318,16,46
661,318,16,44
661,317,17,46
661,316,16,46
661,316,15,45
661,317,16,44
660,319,16,44
661,319,15,47
660,320,17,47
661,320,17,48
660,320,17,49
662,318,16,47
661,317,16,47
660,318,15,45
659,318,16,46
660,318,16,44
659,318,17,43
658,317,18,45
661,317,17,44
660,316,18,45
661,319,18,47
659,319,17,45
660,318,17,46
661,317,15,44
661,317,14,46
661,317,15,48
661,317,14,47
660,319,14,46
660,319,14,46
660,318,15,47
659,318,15,48
659,318,15,49
659,319,15,48
658,320,16,46
659,320,15,47
658,319,15,47
657,317,15,48
656,319,16,47
657,315,15,47
657,314,15,47
655,312,15,47
656,310,16,45
657,309,15,46
660,310,14,44
665,309,18,46
674,309,15,45
686,309,15,43
696,308,16,44
703,308,16,50
709,309,15,47
710,307,16,48
710,308,16,49
709,308,17,49
710,307,16,52
710,308,16,51
710,308,16,52
710,309,16,50
710,309,16,51
710,309,16,51
710,310,15,51
710,309,15,50
710,309,15,49
709,308,16,49
709,309,18,47
709,309,16,49
710,308,16,49
709,309,16,47
710,310,16,47
714,309,16,47
719,308,16,47
724,308,15,46
728,309,16,46
731,309,16,47
732,308,16,49
732,308,16,49
733,308,16,49
734,309,17,46
738,309,16,45
740,308,16,47
744,309,15,48
744,309,16,50
745,309,16,48
745,309,16,48
747,309,17,47
753,308,16,47
760,307,16,48
771,305,16,48
773,305,16,46
774,304,17,51
774,305,17,51
774,305,17,52
777,308,15,48
780,305,16,49
782,303,16,49
783,301,17,51
784,299,16,50
784,297,17,52
786,298,16,52
789,299,16,51
796,302,15,50
802,306,16,52
805,306,17,52
806,307,17,55
806,306,17,55
806,307,17,54
806,308,17,55
805,309,18,55
805,308,18,55
806,308,17,55
805,308,18,57
806,310,17,56
805,310,17,55
806,309,17,55
806,310,17,57
806,310,16,55
806,311,16,56
806,310,16,56
806,310,16,56
805,311,16,54
805,309,17,56
804,309,17,55
804,309,17,54
805,309,17,56
804,309,18,56
804,308,18,56
804,309,17,56
804,308,17,56
805,308,17,57
804,309,17,58
804,309,17,57
804,308,17,57
804,309,18,57
804,309,17,55
804,309,18,53
804,309,18,54
804,309,17,56
803,310,18,54
803,309,18,54
803,308,18,55
804,310,18,55
804,310,18,56
804,309,18,55
804,309,18,54
805,309,17,55
804,310,17,55
804,310,17,57
804,310,17,57
805,310,16,56
804,311,17,53
804,310,18,56
804,311,18,54
804,309,18,55
804,310,19,56
804,311,18,54
803,311,19,54
803,310,19,55
803,311,19,57
815,310,17,51
810,311,18,54
804,311,21,55
804,311,21,55
809,311,19,55
807,311,20,54
805,312,21,56
808,310,20,58
807,311,20,58
806,312,19,59
804,310,19,58
804,310,19,61
804,311,18,60
804,312,18,58
803,311,18,59
804,313,17,59
803,313,18,56
803,313,18,56
804,311,17,58
803,310,18,60
803,310,18,59
802,312,19,59
802,311,19,58
802,311,18,58
803,311,18,60
803,312,17,59
802,312,19,58
802,313,19,58
802,312,18,56
801,313,18,58
801,313,20,58
801,312,19,57
801,311,20,59
801,312,20,61
800,312,20,61
800,312,19,63
801,313,19,63
800,312,20,62
800,313,19,64
800,312,19,63
800,313,18,64
800,313,19,63
800,313,18,62
799,313,19,64
799,313,19,62
798,312,20,63
798,312,20,63
799,311,20,66
798,310,21,64
798,311,21,65
799,312,20,63
799,311,19,64
799,311,19,64
799,312,19,63
799,313,20,62
798,313,20,63
798,313,20,63
798,313,20,62
798,313,20,60
797,313,20,62
798,313,20,61
798,313,20,62
798,312,20,64
798,313,20,63
798,313,21,62
798,313,20,63
798,313,21,64
799,313,19,63
799,314,19,62
799,316,18,59
799,319,18,58
800,319,17,62
800,319,18,65
799,316,19,62
799,313,19,62
799,312,19,63
800,313,19,64
799,313,19,66
799,312,19,67
799,313,19,65
800,313,18,63
798,315,19,65
799,313,21,65
798,315,20,67
798,316,19,66
797,315,20,67
797,315,19,66
797,315,20,66
797,314,20,68
797,315,21,65
797,313,21,65
796,314,21,67
796,313,21,67
796,313,21,68
797,314,20,68
797,314,19,68
798,315,18,66
798,316,18,66
798,317,18,68
798,315,18,66
797,316,19,64
797,315,20,62
797,315,19,64
797,315,19,64
797,313,20,66
797,313,20,65
798,314,19,66
798,314,19,67
798,316,19,67
798,316,19,67
798,316,20,65
797,317,20,65
798,317,19,64
798,315,20,67
798,314,21,65
797,315,21,65
797,314,21,63
798,312,22,66
798,313,22,67
797,314,21,71
798,314,21,70
798,315,20,71
798,315,20,70
798,315,20,68
799,315,19,70
799,316,20,71
799,317,20,70
799,316,20,69
799,315,20,70
799,316,20,66
799,316,20,66
799,314,19,68
799,314,19,68
799,314,19,68
800,314,19,68
799,317,19,66
799,315,20,68
799,314,21,68
800,316,20,67
800,316,21,69
800,317,20,69
800,315,20,67
799,314,21,67
799,314,20,67
799,316,20,67
799,314,20,69
799,316,21,68
799,318,20,65
799,317,20,67
799,319,20,65
799,319,20,63
799,318,20,63
799,317,20,66
800,317,19,65
800,318,19,67
800,319,19,67
800,318,19,66
800,319,19,63
800,318,18,65
799,317,20,66
798,318,22,65
797,319,22,63
799,318,21,65
799,317,21,65
798,319,23,62
798,319,20,65
798,317,20,66
797,317,21,66
797,319,20,65
799,319,19,61
797,318,20,65
798,320,19,63
798,321,20,61
798,319,20,60
798,319,23,61
796,321,23,60
796,318,21,63
795,319,19,62
785,320,23,60
770,318,21,62
766,319,20,61
761,319,19,59
762,317,19,61
766,316,19,60
777,315,18,64
787,313,19,66
800,318,18,64
800,319,19,66
801,318,18,66
798,315,18,65
797,310,18,66
802,307,18,65
809,305,19,66
821,307,19,65
830,309,20,65
843,310,20,63
860,314,19,62
866,311,19,65
871,306,20,67
875,303,21,72
879,300,20,71
887,295,21,72
892,293,22,74
894,294,23,71
898,290,22,70
901,289,22,72
915,286,22,67
931,285,24,70
932,287,27,72
914,297,28,73
885,312,28,73
907,311,28,73
931,289,28,72
934,293,21,68
933,288,20,68
932,281,25,70
926,283,20,69
924,283,21,70
925,284,21,71
927,281,20,72
933,283,18,66
933,286,20,69
933,288,21,67
934,287,19,68
931,284,19,68
929,279,20,70
928,279,21,69
926,280,20,71
926,282,20,71
927,284,19,69
926,289,21,68
924,290,22,73
925,292,22,73
926,293,21,73
927,293,21,73
928,292,20,72
929,287,19,71
926,285,21,72
926,283,22,74
925,285,21,74
926,286,20,74
925,288,20,71
925,292,21,76
925,296,20,74
926,300,20,75
925,305,21,75
925,311,20,72
928,311,20,75
927,314,21,77
927,311,21,79
926,313,21,78
925,314,21,77
925,313,22,77
927,313,21,75
927,313,20,74
927,317,20,72
926,319,21,72
927,323,20,72
925,319,21,74
925,320,21,74
922,319,24,79
924,318,23,76
923,321,24,77
924,320,23,79
926,320,21,77
924,319,22,77
925,321,21,75
926,319,21,77
926,318,20,78
926,316,22,76
925,317,21,76
925,315,21,73
924,310,22,76
924,308,22,75
925,306,21,76
925,304,21,74
925,305,21,73
925,304,21,78
925,303,21,75
926,304,20,76
925,307,21,72
924,308,21,73
924,310,21,74
926,308,20,76
926,308,21,75
925,309,21,74
925,311,22,74
923,309,24,76
924,309,24,78
923,309,24,76
923,308,25,79
924,309,23,78
927,310,21,75
925,311,23,77
924,311,22,77
924,310,22,78
924,311,23,80
925,311,23,79
925,315,22,81
926,317,21,81
925,320,21,80
925,320,21,79
926,323,21,79
927,323,21,77
925,321,22,82
925,321,22,84
925,318,22,85
925,316,22,80
928,312,20,77
927,308,21,77
929,304,20,76
925,299,23,83
928,301,21,79
927,299,22,78
927,299,25,79
926,299,22,80
927,299,22,79
926,302,23,83
926,300,22,84
926,306,22,82
927,303,23,83
926,303,26,83
924,305,24,87
924,306,25,85
925,305,26,85
923,305,23,87
923,305,26,86
925,307,30,83
923,307,23,90
923,307,22,91
922,309,24,88
925,311,23,86
922,314,24,83
924,314,24,84
923,316,24,87
923,317,23,85
922,319,24,84
924,317,23,84
923,318,24,83
927,316,21,80
925,314,23,83
925,315,22,86
924,317,23,84
924,316,24,86
924,314,25,86
924,317,23,86
923,316,24,84
924,316,25,81
922,315,24,85
922,315,25,86
923,315,24,88
923,316,24,88
921,316,25,88
924,317,24,87
921,319,22,86
916,318,22,84
910,315,23,83
904,315,22,81
899,313,22,82
896,310,24,81
895,306,25,86
895,308,25,83
895,308,24,85
891,312,24,85
885,316,24,84
878,318,25,85
870,316,24,82
856,317,24,81
848,319,23,81
843,320,23,82
840,321,21,80
838,324,24,80
837,323,23,84
837,327,23,85
833,333,24,86
830,334,24,87
825,333,24,90
820,333,24,89
818,332,24,87
815,333,24,84
813,330,24,86
811,331,25,86
808,328,26,90
805,327,27,90
798,328,25,92
788,327,24,86
780,329,24,90
769,333,25,91
767,334,25,91
764,337,25,91
764,339,27,91
763,339,24,91
760,339,27,92
761,338,28,93
758,339,27,93
760,337,32,93
759,340,30,92
759,340,30,94
759,339,30,95
759,337,32,92
760,336,31,90
760,334,34,94
757,337,31,95
759,334,37,95
757,338,29,96
756,338,31,98
756,342,30,97
758,335,32,99
759,337,32,99
760,336,34,98
760,334,34,98
760,337,31,100
762,336,33,99
761,338,30,100
762,335,32,100
761,334,32,101
762,335,29,99
761,335,32,101
761,337,30,102
761,336,28,102
764,335,29,100
762,338,27,100
763,338,32,102
762,338,31,102
764,337,30,101
764,338,32,102
763,338,31,105
766,336,33,102
766,336,31,105
767,333,29,101
769,329,27,103
771,322,29,100
773,320,25,97
773,314,26,99
776,315,25,98
776,312,27,98
775,311,27,96
775,310,30,95
775,307,37,97
774,308,37,97
774,311,37,97
774,308,37,96
773,310,37,96
774,312,36,95
775,312,36,94
775,312,36,94
776,309,36,93
774,311,34,94
775,307,35,92
777,310,35,91
775,311,31,92
774,307,34,92
775,309,35,92
773,307,36,95
774,312,36,93
774,310,35,92
773,310,35,92
774,309,35,92
771,315,32,93
773,314,34,94
772,310,37,96
773,311,37,96
774,311,37,96
773,310,37,96
771,311,38,98
768,310,33,96
770,307,37,96
767,308,35,96
767,316,37,96
766,315,37,96
767,317,37,96
767,315,37,97
766,317,37,96
764,318,36,99
765,318,38,98
764,320,38,99
761,323,32,97
766,318,37,97
762,318,37,98
760,320,33,97
762,324,35,97
761,323,36,95
761,322,37,95
761,320,36,94
761,323,36,94
760,322,36,95
760,323,34,95
760,327,34,94
759,326,34,95
757,323,36,95
758,326,37,96
757,323,37,96
756,326,33,97
755,323,31,97
755,328,28,99
753,328,29,101
753,324,29,102
755,320,36,100
755,319,38,100
753,319,38,99
758,316,38,98
757,312,38,99
756,313,38,98
755,309,38,99
755,308,38,98
756,306,38,98
757,306,37,97
757,305,37,96
758,302,37,96
756,300,37,97
758,297,37,97
757,297,37,96
757,299,37,96
757,294,36,94
759,293,35,93
758,290,36,94
756,297,36,94
758,293,36,93
757,290,36,93
758,300,36,93
758,293,36,93
758,302,35,91
760,296,34,90
758,303,34,89
758,309,34,88
762,300,34,88
760,298,34,88
760,301,33,87
760,290,33,87
761,288,33,86
762,283,33,87
761,277,33,87
763,278,32,85
763,276,33,86
762,277,33,86
761,277,33,87
762,280,33,86
764,282,32,85
764,289,33,85
765,288,32,83
766,298,32,85
768,296,33,85
770,291,32,85
769,295,32,85
771,295,33,85
769,297,32,84
771,298,32,85
770,297,33,87
771,295,33,87
771,297,33,87
771,297,33,86
772,295,32,84
772,294,32,83
773,294,31,81
772,294,31,81
773,296,31,80
775,293,30,79
775,297,31,80
776,296,30,79
775,295,30,79
775,296,29,77
774,296,30,77
776,297,30,78
774,297,30,78
776,298,30,78
774,297,29,76
774,298,30,77
774,298,29,76
773,297,29,75
773,294,28,73
772,299,28,73
773,296,27,71
773,294,27,71
773,295,27,71
773,294,27,71
772,291,28,73
774,289,27,72
774,290,27,72
774,290,27,70
776,290,27,70
777,291,26,69
777,290,27,71
777,286,27,72
777,285,28,73
777,287,28,74
778,289,28,74
780,299,28,73
779,288,28,73
782,292,28,72
782,298,28,73
779,288,28,72
780,294,28,72
778,291,27,72
779,302,27,72
776,300,28,72
773,288,27,71
776,288,27,71
777,302,28,72
776,312,28,73
775,301,28,72
775,301,28,72
774,305,27,72
775,307,28,73
775,308,29,74
779,309,28,73
783,297,29,74
783,304,29,75
784,307,29,75
791,295,29,75
795,301,29,75
800,289,28,73
801,297,28,74
798,296,24,73
800,297,28,73
801,300,28,73
802,303,27,75
802,301,28,73
802,306,25,75
801,306,23,78
800,307,23,74
800,305,23,77
801,306,24,75
800,303,24,74
802,302,24,72
802,300,24,72
802,301,23,72
807,302,27,71
809,307,27,70
811,310,24,71
815,312,20,69
820,314,22,71
821,314,19,70
824,312,21,68
828,312,21,69
833,315,19,69
836,316,19,67
837,317,18,67
837,318,21,70
840,319,22,70
840,318,20,73
842,318,20,71
843,313,19,71
845,313,19,68
848,312,21,70
847,312,20,72
849,313,24,71
849,312,22,73
850,313,19,75
849,312,24,71
849,311,22,75
850,312,19,74
852,311,20,69
855,316,19,67
857,318,19,70
857,319,19,69
858,321,20,69
859,323,22,69
859,321,19,72
860,322,20,75
863,323,22,71
863,323,24,71
863,322,23,73
863,323,20,72
865,323,22,71
863,324,21,72
864,326,24,71
863,326,20,70
862,328,20,70
863,326,19,72
863,326,19,71
862,324,19,72
861,324,21,71
863,327,20,71
865,327,20,71
865,329,20,74
867,329,20,71
868,328,21,72
868,329,20,73
868,331,20,74
873,332,22,75
875,329,25,73
877,336,21,73
879,333,20,72
882,335,19,70
885,337,21,71
887,337,19,72
888,337,19,71
888,339,20,71
890,341,19,69
892,340,20,68
893,337,20,73
891,334,21,75
890,334,21,74
891,335,21,75
892,333,21,77
891,336,21,75
889,337,22,74
889,334,21,73
888,332,21,73
887,335,21,71
887,331,21,72
888,334,21,73
889,328,21,69
892,330,21,70
897,327,21,70
901,330,20,68
904,329,20,67
908,331,19,64
910,326,20,65
919,330,20,65
927,335,20,63
929,334,22,65
933,336,20,61
934,327,25,65
921,332,25,64
905,333,24,63
915,340,24,63
909,361,24,63
900,390,24,63
899,422,24,63
900,439,24,62
901,451,24,63
907,439,24,62
913,432,24,62
922,438,23,61
919,440,23,60
928,453,23,59
