563,293,26,90
564,294,24,91
563,296,25,88
578,291,27,93
560,296,25,88
563,299,24,84
563,301,24,84
562,300,24,84
561,298,24,89
560,297,25,90
559,300,26,91
561,300,24,90
561,301,25,91
559,302,27,94
561,299,26,95
562,297,25,93
562,296,25,92
565,294,24,90
565,294,25,91
567,292,25,91
567,293,25,91
565,294,26,90
565,292,25,91
564,295,24,89
563,295,25,91
563,294,25,90
565,292,26,89
569,290,24,86
567,290,24,88
568,292,22,87
567,292,23,89
566,295,22,86
561,295,23,88
564,296,23,92
568,299,23,86
572,298,23,90
575,296,23,87
577,292,22,87
578,292,22,89
588,296,22,90
597,299,23,89
610,300,24,90
625,299,26,92
633,298,25,94
635,302,23,90
632,300,24,91
630,300,24,93
634,301,23,93
638,299,23,95
641,303,24,90
645,304,23,90
645,308,24,93
645,313,23,97
643,319,23,98
639,325,23,93
636,324,25,94
638,320,26,93
642,318,25,92
641,316,25,92
640,321,25,91
637,320,24,92
630,322,24,92
624,326,25,93
617,332,26,86
615,332,26,89
613,332,27,92
612,330,28,96
611,327,27,94
610,329,26,90
610,328,27,92
611,327,26,92
612,327,27,93
613,329,26,94
615,329,24,92
614,333,24,91
613,331,27,93
617,336,24,92
618,336,23,91
618,341,24,83
621,338,26,89
622,341,25,86
624,341,25,86
627,339,26,89
629,337,25,91
629,337,26,94
630,338,25,91
630,339,26,89
629,337,26,93
631,340,26,95
628,339,27,96
629,341,26,93
628,340,27,94
628,339,28,94
628,338,27,93
624,334,28,96
622,337,28,99
621,333,28,98
620,333,27,100
618,334,28,100
617,334,27,100
615,333,27,99
613,334,28,98
610,338,27,96
609,335,26,98
609,339,27,98
608,338,26,100
606,331,27,95
609,334,28,96
608,334,27,94
604,331,27,94
603,330,27,94
602,329,27,92
600,327,27,93
597,330,27,94
592,327,28,97
592,328,28,97
589,330,28,98
587,328,28,96
585,330,28,97
585,329,28,97
586,326,27,99
582,329,28,97
582,326,28,98
580,327,28,100
581,325,26,104
579,324,26,103
577,326,28,101
576,324,27,103
575,324,29,101
577,327,28,102
577,325,28,101
580,327,27,104
583,328,25,104
585,324,23,109
587,323,25,108
593,322,24,103
595,322,22,106
598,322,22,107
598,325,30,104
600,326,30,104
627,318,30,103
643,322,29,102
681,321,29,101
714,315,29,101
668,323,29,101
664,317,29,102
652,316,30,102
649,313,29,101
667,318,29,100
656,318,29,101
629,315,29,102
594,317,28,103
592,312,26,103
590,312,27,104
588,316,26,98
588,314,26,102
588,316,26,104
587,317,25,105
587,317,26,107
588,318,25,108
590,317,25,109
590,317,23,106
593,313,22,110
604,317,27,101
608,317,26,103
611,317,25,103
613,320,22,95
616,323,21,95
611,318,28,98
595,321,28,98
625,320,28,97
647,316,28,98
646,322,28,95
636,320,27,95
600,323,27,94
589,316,27,89
588,316,26,87
587,314,25,90
585,316,28,94
585,313,28,97
583,313,28,96
582,314,27,97
581,314,28,98
579,313,28,98
577,316,28,99
575,314,29,99
573,315,28,98
575,315,29,100
575,314,29,101
573,313,29,101
601,313,27,96
603,312,28,101
605,312,27,104
606,311,26,107
604,313,27,107
585,315,28,103
571,318,30,103
570,315,29,101
570,312,29,100
569,317,29,101
571,315,29,102
574,313,29,100
575,315,29,100
577,309,28,105
579,313,29,106
584,310,31,106
593,309,30,105
597,313,30,105
603,309,29,108
607,312,29,104
615,311,30,104
616,317,29,106
621,320,30,104
627,315,30,104
634,312,29,105
636,316,30,104
640,311,31,107
644,308,31,107
650,312,31,106
654,307,31,106
662,307,30,104
665,306,30,105
664,304,31,106
665,305,31,106
667,303,30,105
665,301,30,105
666,298,30,105
669,295,31,106
671,295,30,105
671,290,31,106
670,291,31,107
672,285,31,106
674,287,30,108
675,288,31,107
678,290,31,108
689,296,31,108
702,297,31,109
712,299,32,110
728,292,32,110
745,287,32,112
744,289,32,112
745,286,33,113
742,286,32,110
743,289,32,110
740,291,32,109
743,292,31,107
743,290,32,110
741,291,32,111
740,293,32,111
739,293,32,110
729,289,32,110
723,289,31,112
720,289,30,113
713,291,31,111
710,292,32,113
706,292,28,117
702,290,29,119
699,289,30,118
696,286,30,117
693,287,31,116
689,290,30,117
687,292,30,116
685,290,30,113
684,290,30,110
684,295,31,109
685,302,32,111
686,303,32,109
688,297,32,112
689,293,32,112
690,287,31,113
689,287,32,116
689,287,33,116
690,285,31,119
689,287,33,122
687,287,32,120
682,287,34,118
677,291,34,118
673,293,34,120
667,295,34,119
664,291,35,120
653,300,34,122
650,303,35,120
650,296,33,120
649,293,34,120
648,296,34,119
650,293,34,121
657,290,34,117
660,297,34,118
665,298,34,118
665,301,33,118
668,304,33,117
672,302,34,117
680,296,34,117
653,304,34,117
699,295,35,120
669,289,35,120
656,291,34,119
665,284,34,118
662,285,34,117
696,289,33,113
741,286,33,114
745,284,33,115
730,283,33,114
729,284,32,112
756,278,33,114
779,296,32,112
787,292,33,114
788,289,33,114
786,281,32,112
789,285,32,111
790,283,32,112
790,277,33,113
789,279,33,113
789,279,32,111
790,281,32,111
788,281,32,111
787,282,32,111
787,282,32,110
781,281,32,111
778,288,32,111
781,287,32,111
781,282,32,111
785,282,33,113
790,275,33,115
795,281,34,116
798,279,33,115
806,272,34,116
807,272,33,115
809,271,33,115
822,274,33,115
829,272,33,117
812,272,33,115
812,270,33,113
813,265,33,115
811,264,33,115
808,272,33,115
807,272,33,114
805,272,33,114
807,268,33,114
800,275,32,111
795,269,32,112
793,274,32,112
791,269,33,115
792,270,32,115
789,270,33,113
782,272,33,115
772,283,33,115
765,281,33,115
761,280,33,114
757,281,34,116
751,278,34,117
742,274,34,118
735,277,34,119
731,285,35,120
728,287,35,121
726,295,35,122
731,289,35,122
736,291,35,122
735,296,35,121
736,309,35,122
743,311,35,121
741,310,35,121
732,314,35,120
723,308,35,120
721,302,35,120
725,303,35,120
708,309,34,119
712,313,34,119
711,314,34,118
712,314,34,119
707,307,35,120
706,302,34,118
687,306,34,117
698,313,34,119
698,303,34,117
679,316,34,117
683,312,34,116
679,303,33,115
676,292,33,116
673,298,33,115
676,302,34,117
670,300,35,120
669,301,35,122
669,300,34,123
670,311,35,120
668,312,34,119
667,313,35,120
667,312,35,120
666,316,34,119
663,318,35,120
666,310,35,120
669,312,35,121
668,307,35,121
665,310,35,119
667,314,35,120
671,308,30,131
670,315,33,130
668,320,35,122
669,320,35,122
669,324,35,121
672,326,35,123
675,318,35,121
677,316,35,122
681,317,36,124
685,315,36,122
689,310,36,124
702,308,35,125
706,311,33,128
715,305,37,129
719,307,37,128
725,308,36,125
731,312,37,128
724,321,38,130
722,314,37,131
739,313,38,131
739,315,37,129
741,307,38,130
734,308,39,134
731,315,38,135
732,317,38,133
729,316,38,133
724,313,38,132
718,318,37,128
713,323,37,129
720,311,37,127
718,321,37,128
712,321,37,126
717,331,37,127
719,323,37,129
718,318,38,131
714,315,38,131
710,307,38,130
707,303,38,130
710,297,38,130
711,302,38,131
709,297,37,129
708,304,37,129
705,310,37,127
701,315,37,127
703,303,37,129
699,305,37,128
694,310,37,128
691,311,37,127
687,320,37,129
683,323,37,128
680,320,35,131
667,320,37,128
666,316,35,121
664,312,36,125
656,313,36,128
650,314,35,123
641,318,36,126
635,312,35,128
627,313,36,128
624,312,36,128
623,306,36,132
616,317,37,131
614,308,37,131
617,304,37,129
615,299,36,131
618,299,36,131
613,305,36,126
613,303,36,129
610,305,36,125
602,303,36,124
600,303,35,124
601,301,35,125
600,303,35,125
602,297,35,128
605,298,35,127
597,300,32,126
593,300,31,126
589,305,33,124
581,321,35,121
576,315,34,120
573,307,34,119
562,308,34,121
560,308,33,120
554,326,36,124
553,328,36,126
551,325,36,129
546,324,36,130
541,318,33,129
532,316,37,129
532,313,33,134
532,309,31,130
533,311,30,130
534,311,30,127
534,306,29,125
532,311,30,125
529,310,30,122
520,312,28,117
517,311,30,121
515,311,29,118
513,309,28,117
508,310,29,116
502,315,32,122
499,318,31,126
494,317,33,123
485,329,34,126
482,324,33,123
476,324,30,119
474,319,30,121
470,318,29,122
468,320,31,126
469,314,30,121
466,303,30,120
460,300,30,124
460,298,29,125
457,299,30,131
459,294,29,124
463,289,29,128
467,286,27,125
472,287,28,133
471,279,36,126
478,276,25,118
477,275,26,124
476,271,26,118
476,266,27,120
479,264,27,120
489,266,27,116
514,268,27,117
518,268,29,120
520,273,28,122
524,270,29,118
525,263,29,118
525,259,27,112
525,259,27,107
529,260,26,110
528,263,26,108
529,261,25,110
528,260,25,100
530,246,28,104
538,250,25,98
544,250,26,101
551,252,26,103
547,260,32,110
559,255,26,107
561,252,26,108
562,249,25,107
564,251,26,114
564,245,25,108
566,243,25,105
570,247,25,109
572,245,25,102
572,246,25,103
569,247,24,100
554,247,25,102
543,240,26,107
531,233,25,101
520,224,26,97
508,229,23,97
508,214,24,97
512,216,23,92
514,214,24,93
510,218,26,96
507,224,26,97
509,227,26,96
512,220,31,109
526,211,31,108
572,218,31,107
557,234,27,96
574,247,25,96
579,249,24,99
581,249,25,104
581,250,26,100
581,249,25,102
576,243,25,107
570,240,25,104
561,239,24,97
554,242,24,96
553,243,23,96
551,244,23,93
550,246,22,94
551,250,23,93
550,254,25,99
548,259,26,98
545,266,26,98
543,270,27,104
540,277,26,100
540,274,26,94
538,275,25,91
531,281,24,91
524,283,25,100
523,283,26,102
523,284,25,93
524,281,25,90
525,280,25,93
526,279,25,99
525,281,24,104
523,277,26,103
523,277,27,106
527,279,25,97
530,280,25,99
534,277,24,100
536,274,23,104
540,274,24,106
562,281,24,105
572,286,23,103
576,285,25,102
581,283,26,102
582,287,26,103
578,285,27,107
568,289,29,109
564,286,28,107
561,288,26,105
561,284,26,105
558,281,26,98
551,279,27,96
539,262,31,106
530,269,30,105
509,265,30,105
519,280,26,96
520,280,25,98
520,279,25,99
521,281,25,100
510,284,23,95
497,288,29,99
505,284,24,102
493,289,22,97
491,288,21,98
493,288,21,102
494,288,22,99
495,291,23,102
496,290,24,101
499,286,25,102
501,286,24,105
496,287,22,107
497,287,22,107
505,283,26,105
501,284,23,106
501,281,24,104
501,277,25,108
502,275,25,108
504,274,26,106
505,274,25,107
504,275,25,108
500,273,25,107
493,274,28,102
489,274,28,103
485,277,25,98
476,281,24,91
463,282,25,93
454,281,25,95
446,283,24,92
439,280,24,92
436,279,24,89
433,281,25,90
430,279,24,89
428,282,24,91
427,283,23,91
425,282,24,93
422,286,22,91
423,286,23,91
424,286,22,89
425,286,22,90
424,285,22,89
425,287,21,89
427,288,21,89
430,288,21,89
431,288,21,91
431,288,22,89
431,287,22,89
430,289,23,89
428,291,22,89
426,291,23,86
425,292,24,88
424,294,23,86
423,295,24,86
422,292,28,97
423,298,24,89
426,298,24,87
426,296,23,87
427,297,23,85
429,295,24,84
433,295,23,83
432,297,24,82
434,297,23,84
436,294,23,85
437,295,22,84
438,295,22,88
441,295,23,86
444,295,22,84
446,294,22,84
448,295,22,87
447,296,22,87
446,295,22,81
442,295,22,85
439,294,22,86
434,293,22,82
430,293,22,87
429,295,22,80
428,296,21,81
427,296,21,78
427,296,21,80
428,298,21,76
430,299,20,76
429,300,21,76
424,303,21,77
420,303,20,79
416,304,20,76
413,304,20,75
412,304,20,76
411,305,20,76
410,305,20,75
412,307,19,73
413,308,19,74
412,308,20,77
408,310,21,79
406,309,20,79
404,310,21,79
401,309,20,78
399,310,20,77
396,310,21,75
395,310,21,76
393,311,21,74
394,309,21,73
395,309,21,72
396,308,20,71
396,310,19,71
399,307,20,69
399,306,20,68
400,306,20,69
396,307,19,67
394,308,20,67
392,309,21,66
388,310,20,66
386,309,21,67
382,307,20,69
377,306,20,69
381,306,21,70
382,308,20,71
382,308,19,71
382,307,19,72
379,307,19,73
377,308,20,76
375,309,19,77
373,310,20,77
371,312,20,76
368,310,20,76
364,311,20,74
359,309,19,75
355,309,19,74
351,308,19,75
352,308,19,72
351,306,20,74
349,306,19,72
350,305,18,73
350,304,19,73
349,304,20,76
351,304,20,74
353,306,20,74
356,308,19,71
357,306,20,71
357,303,19,71
354,304,19,70
352,303,18,66
351,301,20,71
358,301,19,68
370,301,18,68
385,300,19,68
394,300,17,66
391,298,19,68
367,296,18,70
356,296,17,66
353,292,18,69
353,289,18,69
351,290,18,65
346,293,18,67
343,294,17,66
342,298,18,67
341,302,17,67
339,304,17,65
334,308,18,67
331,311,17,62
328,312,18,66
326,313,18,64
325,314,19,66
321,318,18,67
318,322,18,66
316,323,18,64
312,327,17,66
308,328,18,65
304,331,18,67
302,333,18,70
297,337,18,67
295,338,18,67
293,340,17,66
290,341,17,66
286,343,16,65
283,345,17,70
281,346,17,66
279,347,16,67
276,348,16,65
274,347,16,67
273,344,16,68
274,345,16,68
274,343,16,69
275,341,17,69
279,339,17,67
283,337,16,64
290,337,17,64
295,339,16,64
300,336,17,62
302,334,17,61
304,333,17,60
308,331,17,60
311,328,18,61
310,326,18,61
310,324,17,58
309,323,17,60
313,317,19,66
324,317,19,65
342,318,19,65
345,321,15,59
342,323,16,58
342,326,16,61
341,328,15,59
342,328,16,60
342,328,15,59
342,327,15,59
341,326,15,59
339,323,16,59
341,322,16,62
344,319,16,60
350,315,16,59
354,310,16,60
356,308,16,59
357,305,16,62
357,302,15,60
359,299,16,62
361,295,16,61
365,294,15,60
372,290,15,59
378,290,15,57
385,289,15,59
394,288,16,60
405,278,20,69
433,286,15,62
444,283,15,60
454,281,15,59
463,280,16,59
473,284,15,60
484,287,15,60
489,288,15,60
495,291,15,60
501,291,15,60
506,292,15,60
509,293,15,60
510,294,15,60
509,295,15,60
510,296,16,62
507,294,15,61
500,292,15,58
496,292,16,60
493,291,16,60
491,292,15,58
489,292,15,55
483,294,14,55
478,294,16,57
475,296,15,55
472,297,15,57
467,297,15,56
460,298,14,55
452,300,14,56
440,297,18,65
434,301,16,61
429,305,15,58
423,307,14,56
419,307,15,59
418,309,15,56
415,308,15,54
413,307,15,57
410,303,15,57
408,297,15,58
407,292,14,59
405,286,17,61
404,283,17,63
404,281,16,64
406,277,15,61
408,280,14,58
408,279,14,58
407,276,16,61
406,275,16,60
404,274,17,62
404,276,14,55
403,276,14,55
402,279,14,57
401,277,15,57
395,273,19,66
391,272,18,63
385,275,17,62
379,275,18,65
376,279,17,62
376,282,16,60
378,286,14,57
377,286,16,62
375,289,15,60
370,287,18,64
363,286,19,67
362,287,19,66
361,288,18,63
361,291,16,59
359,286,18,63
354,291,18,63
352,292,17,61
354,296,14,55
