94,453,33,70
97,453,32,70
98,452,32,70
101,455,31,68
101,454,31,70
103,454,30,72
104,454,30,72
105,454,30,71
106,452,33,72
110,451,33,72
111,451,33,74
110,454,32,74
114,456,32,73
116,456,31,73
118,457,32,73
120,457,33,74
122,456,33,74
123,458,34,71
126,458,33,71
128,459,33,71
131,460,32,69
130,459,31,71
128,458,32,69
131,461,29,69
118,456,31,71
131,458,29,71
128,461,29,72
101,460,31,72
98,458,32,74
101,460,30,73
99,463,30,72
101,465,31,70
103,465,31,71
106,466,33,70
108,464,33,72
114,460,32,73
118,462,31,70
117,463,31,71
119,463,30,72
122,462,30,71
124,463,31,73
126,463,32,71
129,462,33,70
130,463,31,71
132,467,30,67
135,468,31,65
138,467,29,66
137,467,29,66
137,467,30,67
140,469,29,64
141,461,31,70
144,461,29,69
147,462,30,70
151,466,29,69
152,468,30,68
152,467,31,69
156,465,29,69
158,460,32,73
160,463,32,73
160,461,30,73
164,462,30,71
168,460,31,71
169,456,32,73
171,457,31,73
172,459,30,72
175,458,29,73
176,462,30,71
178,463,30,73
182,465,30,71
182,464,30,69
186,464,29,69
188,462,30,68
193,463,29,66
193,462,28,66
195,458,27,68
193,451,30,66
197,451,29,65
199,450,29,65
202,449,28,66
203,450,28,65
200,452,28,69
195,455,29,72
189,462,30,69
186,464,31,72
187,466,30,76
186,473,30,69
182,472,31,72
179,465,31,74
175,455,34,72
177,447,34,72
170,455,30,69
169,455,32,71
168,453,30,74
170,456,29,72
172,458,27,71
172,461,29,72
172,468,30,74
174,473,30,73
176,473,30,73
176,472,30,73
176,472,30,75
178,469,28,78
177,467,30,74
172,466,31,74
170,467,31,73
170,469,30,73
169,470,30,72
172,473,30,73
172,470,32,75
172,472,33,74
174,470,31,76
176,473,30,73
174,470,31,75
178,472,31,76
176,470,32,75
176,471,31,76
170,472,33,75
166,471,33,76
166,470,31,75
167,469,32,75
167,468,32,74
170,467,33,74
171,467,33,74
176,470,31,72
175,472,32,73
175,474,33,76
180,480,28,70
183,483,30,72
183,484,28,68
187,485,29,68
187,481,31,69
191,479,30,72
191,479,34,72
190,478,30,67
191,481,28,67
191,483,27,69
189,474,33,71
188,477,30,72
186,477,32,74
184,474,34,73
180,473,32,77
177,475,31,73
176,474,31,72
174,473,30,72
171,471,35,73
172,459,35,74
175,470,29,68
167,473,32,75
166,474,33,75
170,474,30,74
171,477,28,70
169,477,31,74
170,474,31,76
172,474,30,76
171,471,29,74
171,474,31,74
170,473,31,73
172,471,29,71
168,474,31,73
169,477,29,71
170,477,30,70
172,478,28,65
172,479,27,68
170,476,30,71
170,471,31,69
170,475,29,67
170,474,28,67
172,472,27,67
169,476,30,67
169,479,29,67
167,480,30,72
169,481,30,69
168,478,33,72
167,481,30,69
170,473,33,70
168,478,28,67
164,477,28,65
162,475,27,67
162,471,29,66
164,475,26,65
162,473,27,65
161,476,28,66
156,476,28,69
151,474,30,66
148,473,29,65
145,473,27,68
140,475,27,68
132,472,31,75
134,471,33,73
134,473,31,73
135,474,31,70
136,474,31,72
136,475,31,76
136,477,30,75
137,478,30,74
138,477,30,73
139,475,29,70
135,470,30,73
128,467,30,71
122,466,29,70
118,464,28,70
119,463,28,68
117,464,29,68
115,466,28,69
111,470,29,71
102,471,28,72
88,472,30,74
76,481,30,71
73,479,32,75
74,475,32,73
76,471,31,74
77,471,28,67
73,472,29,70
70,477,27,69
66,476,27,70
63,480,27,69
62,472,28,72
53,470,29,72
42,467,30,74
27,470,28,73
6,471,29,75
6,478,34,73
52,474,33,70
38,485,33,69
44,464,32,69
18,474,32,68
4,459,33,70
7,454,33,69
9,472,32,69
8,471,25,65
6,469,30,69
6,474,26,68
5,471,28,67
5,471,29,71
5,469,27,71
4,468,27,72
5,469,26,70
5,468,28,71
6,466,28,68
5,471,33,70
1,473,24,64
0,472,25,67
0,470,25,66
0,468,31,68
1,466,32,68
2,470,22,60
2,468,23,60
4,469,22,59
5,473,21,60
0,472,30,64
3,476,21,56
5,481,24,58
0,480,29,62
0,478,28,60
0,481,28,59
7,479,18,55
0,479,27,57
27,466,27,57
22,467,27,57
0,462,27,57
0,464,27,58
0,466,27,57
0,469,26,56
0,469,26,55
0,468,26,54
0,467,25,53
0,468,25,53
0,472,25,54
0,466,26,54
0,465,25,53
0,465,25,54
0,463,25,54
11,469,25,53
11,468,25,53
0,464,26,54
0,463,26,55
0,465,25,54
0,466,26,54
0,466,26,55
0,466,26,56
20,474,27,56
43,492,27,56
56,488,27,57
56,488,27,57
58,485,27,56
56,484,26,56
56,481,27,57
55,478,27,57
54,469,27,57
55,469,25,59
53,489,27,57
56,478,24,57
54,472,27,56
50,481,24,60
49,477,23,62
44,474,23,61
38,474,26,56
36,473,23,59
35,477,22,55
30,471,23,58
32,473,25,54
32,476,23,55
32,480,22,58
26,480,25,53
24,480,23,55
21,476,23,54
17,474,23,52
18,475,21,53
17,475,21,55
16,473,23,53
16,475,20,54
9,478,21,54
3,481,22,53
0,484,23,49
26,502,23,49
62,494,23,50
62,477,20,49
58,478,19,47
53,475,19,47
52,477,19,45
51,480,20,46
49,481,20,45
49,482,21,44
44,480,21,45
37,482,20,44
24,485,20,45
9,486,20,49
3,483,22,46
0,480,21,45
0,482,20,43
0,479,20,43
2,480,15,39
0,470,19,40
1,472,16,36
0,468,18,38
3,471,14,33
3,472,14,33
3,473,13,31
1,474,14,33
2,476,14,32
4,476,12,31
2,476,13,34
2,477,13,31
1,474,14,31
0,473,14,28
1,472,13,28
1,470,13,29
2,472,12,30
2,465,14,31
3,463,14,30
5,467,14,30
10,479,14,30
10,474,14,30
12,473,14,30
9,481,14,30
11,473,14,31
7,477,14,30
5,471,14,30
0,473,14,29
4,471,13,29
21,468,13,29
42,488,12,28
42,490,12,28
41,489,12,28
36,488,11,30
33,488,12,32
33,487,12,31
33,485,13,30
33,481,12,30
31,477,11,29
25,478,12,30
19,484,12,31
13,488,13,30
10,493,12,29
12,488,13,30
12,490,12,30
11,489,12,30
10,488,13,29
3,491,13,28
1,493,10,29
1,486,14,30
0,486,14,30
0,485,14,30
2,484,11,32
0,481,14,31
0,480,14,31
3,481,10,31
0,479,14,31
0,478,15,31
0,479,14,31
0,479,14,30
0,478,14,30
5,476,14,30
5,477,14,30
2,486,14,30
0,493,14,29
0,496,13,28
0,496,13,28
0,485,13,28
5,483,13,27
0,483,13,27
0,475,12,26
4,465,12,26
0,443,13,27
0,441,12,26
0,442,12,26
0,443,12,26
9,453,12,26
0,479,12,26
1,480,12,26
3,481,12,26
7,481,12,26
9,482,12,26
10,482,12,26
13,483,12,26
15,482,12,26
16,483,12,26
23,484,12,26
21,488,12,26
10,497,12,26
8,506,12,25
3,504,12,25
8,512,12,25
4,524,12,25
3,529,12,25
10,520,12,25
12,525,12,25
13,538,12,24
20,539,12,25
22,538,12,25
23,539,11,24
20,538,8,23
19,539,10,24
18,537,11,24
18,538,9,24
17,537,12,25
15,541,9,24
14,543,8,24
14,543,8,23
17,544,9,24
20,542,12,25
20,541,12,25
20,542,12,25
20,543,9,23
21,544,8,23
27,541,12,25
27,535,12,25
28,531,8,23
26,528,12,25
27,530,11,24
23,539,12,25
16,543,12,24
13,543,12,25
0,544,11,24
0,543,11,24
13,548,12,24
0,542,12,25
0,544,11,24
7,543,11,24
25,546,11,24
25,549,8,23
23,551,11,24
20,552,8,21
11,551,8,22
0,549,11,24
0,537,11,23
0,548,11,23
5,536,11,24
5,538,11,23
13,528,11,24
3,511,11,23
0,510,11,23
0,490,11,23
12,493,11,23
0,503,11,23
4,500,11,23
0,487,11,23
0,487,11,23
0,483,11,24
7,487,11,24
0,494,11,24
15,484,11,24
38,481,11,24
49,477,11,24
47,482,9,21
47,480,9,21
47,479,9,21
48,480,9,21
47,479,9,20
48,479,9,21
48,480,10,23
49,481,10,22
49,479,9,21
49,477,8,20
48,474,11,24
48,472,9,22
48,472,9,21
48,470,10,22
48,471,10,22
48,471,10,22
49,475,10,23
48,476,10,23
49,477,10,23
48,477,10,24
48,476,11,24
49,474,11,24
48,474,10,23
49,472,10,23
50,471,10,23
50,469,10,23
48,470,11,23
50,470,10,23
50,471,9,22
49,472,11,25
50,472,13,27
50,475,10,22
50,476,10,23
51,477,10,22
50,477,10,22
50,476,10,23
50,475,11,24
50,474,10,22
51,473,10,23
52,472,10,23
51,471,10,24
50,470,10,24
51,470,10,24
51,470,10,23
50,469,11,24
52,470,10,23
52,471,10,23
52,472,9,23
53,472,9,22
54,471,10,24
53,469,12,26
54,469,10,21
54,467,12,26
54,466,12,26
56,466,12,26
54,465,12,25
56,466,12,25
66,471,12,25
60,476,12,25
57,480,12,26
56,487,12,26
54,483,12,26
53,477,12,25
55,481,12,25
56,478,12,25
54,479,12,25
57,475,12,25
57,476,12,24
57,482,11,24
58,474,11,24
51,473,12,25
55,471,12,25
55,471,12,24
55,469,11,24
53,470,11,24
50,473,11,24
49,473,11,24
49,473,12,24
50,476,12,24
48,477,12,24
53,481,12,25
53,483,12,25
55,484,12,25
54,476,12,25
44,463,12,25
37,453,12,25
29,451,12,25
35,450,12,25
31,445,12,25
32,444,12,25
33,443,12,25
32,446,12,24
26,456,12,25
18,450,12,25
20,446,12,25
12,449,12,24
13,456,12,24
9,462,12,25
12,460,12,25
0,451,12,25
0,451,12,25
4,450,12,24
0,451,12,24
0,448,12,25
0,445,12,26
0,443,12,26
0,442,13,27
0,440,13,27
0,440,12,26
0,441,12,26
0,442,12,26
0,445,12,26
0,445,12,26
0,445,12,26
0,443,12,26
0,444,13,27
0,443,13,27
0,442,13,27
0,442,13,27
0,446,13,27
1,446,10,24
1,445,11,24
0,444,13,28
0,445,13,28
0,444,13,28
0,444,13,28
1,438,11,25
1,446,10,25
1,449,10,27
1,449,11,27
2,452,11,27
0,447,15,31
1,425,12,27
2,422,11,28
1,422,11,27
2,422,11,27
1,421,11,26
2,426,10,26
2,427,10,26
2,426,10,25
2,426,9,24
2,427,9,24
1,428,9,23
0,426,12,26
0,448,12,26
1,458,9,23
1,459,9,23
0,459,12,26
0,458,12,26
8,469,12,26
9,494,12,26
0,495,12,26
1,494,9,23
2,494,9,23
2,494,9,24
1,493,10,24
1,495,9,23
1,494,9,23
1,495,10,23
1,494,10,23
1,493,9,23
1,493,9,22
2,494,9,22
2,493,10,22
2,494,10,22
2,494,10,22
2,495,10,22
2,496,10,22
1,496,10,22
1,496,10,23
2,497,10,23
2,497,10,24
1,497,11,24
2,497,10,24
1,496,11,25
2,497,11,25
1,497,10,25
1,498,10,25
1,498,10,25
1,498,11,26
1,497,12,27
1,497,11,27
1,498,11,27
1,499,11,27
0,498,12,26
1,499,11,26
1,499,11,26
0,501,11,26
0,502,11,26
1,500,11,25
0,501,11,25
1,502,11,24
1,501,11,24
1,502,11,24
1,503,11,23
1,502,10,23
1,503,11,23
1,504,10,23
1,505,10,23
1,506,10,22
0,505,10,23
1,505,10,23
0,506,10,23
1,506,9,23
1,507,9,22
1,507,9,22
1,507,9,21
1,506,9,21
1,506,9,20
0,507,9,20
0,507,9,20
0,508,8,19
1,507,8,19
1,508,8,19
1,508,8,18
1,507,8,19
1,507,7,17
0,508,10,21
0,505,10,20
0,494,9,20
1,484,7,17
1,482,7,17
1,484,7,16
1,486,7,16
0,486,9,19
1,490,7,16
1,489,7,16
1,490,7,16
0,489,9,19
1,490,7,16
1,489,7,16
1,489,7,16
1,489,7,16
1,488,7,15
1,487,7,15
1,488,6,15
1,488,6,15
1,490,7,15
1,491,7,15
1,491,7,16
1,491,7,16
1,490,7,15
1,489,6,15
1,486,6,15
1,485,6,15
1,484,6,14
1,486,6,14
1,488,6,14
1,490,6,14
1,492,6,14
1,495,6,14
1,498,6,14
1,503,6,14
0,506,8,17
0,510,8,17
1,511,6,14
1,514,6,15
1,516,6,15
1,517,6,15
1,519,6,15
1,519,6,15
1,515,6,14
0,511,8,17
1,506,6,15
1,500,6,14
1,497,6,14
1,493,6,14
1,491,6,14
0,489,7,15
1,487,5,13
0,483,7,15
0,482,7,14
0,480,7,14
0,479,6,14
1,477,5,11
1,476,5,11
0,472,6,13
0,468,6,13
0,465,6,12
0,463,6,12
0,462,5,12
0,461,4,10
0,461,4,10
0,461,4,9
0,459,4,9
0,461,4,9
0,463,4,9
0,464,4,9
0,464,4,8
1,466,4,8
0,466,4,8
0,467,4,8
0,467,4,8
0,467,4,8
0,467,4,8
0,467,4,7
0,467,4,7
0,467,4,7
0,467,4,7
0,467,4,7
1,467,4,7
0,467,4,7
0,467,4,7
0,467,4,6
0,467,4,6
0,467,4,6
0,468,4,6
0,469,4,6
0,471,4,6
0,472,4,6
0,472,4,6
0,472,4,6
0,469,4,6
0,466,4,6
0,465,4,6
1,465,4,6
1,464,4,6
1,465,4,6
0,465,4,7
0,467,5,7
0,467,5,7
0,467,5,7
0,467,5,7
0,467,5,7
0,467,5,7
1,466,5,7
0,466,5,7
0,466,5,7
0,465,6,8
0,465,6,7
0,465,5,7
0,465,5,7
0,465,5,7
0,465,5,7
0,466,5,7
1,467,5,7
0,464,5,6
0,469,5,6
0,470,5,6
0,470,5,6
0,470,5,6
0,471,5,6
0,470,5,6
0,470,4,5
0,470,5,6
0,470,4,5
0,471,4,5
0,471,4,5
0,471,5,5
0,470,4,5
0,470,4,5
0,470,4,5
0,467,5,5
0,464,4,4
0,462,4,4
0,462,5,5
0,461,5,5
0,461,5,5
0,461,5,5
0,461,5,5
0,460,5,5
0,460,5,5
0,461,5,5
0,460,5,5
0,459,4,4
1,459,4,4
0,459,5,5
0,459,5,5
0,461,4,4
0,462,5,5
0,463,5,5
0,467,5,5
0,468,4,4
0,468,4,4
0,468,4,5
0,467,4,5
0,466,4,5
0,466,4,5
0,466,4,4
0,465,4,4
0,465,4,4
0,468,5,5
1,467,5,5
0,460,5,5
0,458,5,5
0,459,5,5
0,461,5,5
0,463,5,5
0,464,5,5
0,465,5,5
0,466,5,5
0,466,5,5
0,467,5,5
0,463,5,5
0,456,4,4
0,456,4,4
0,456,5,5
0,454,5,5
0,449,5,5
0,453,5,5
0,453,4,4
0,455,5,5
0,455,5,5
0,457,5,5
0,458,5,5
0,458,5,5
0,457,5,5
0,456,5,5
0,455,5,5
0,456,4,4
0,455,4,4
0,455,4,4
0,455,4,4
0,456,4,4
0,457,4,4
0,457,4,4
0,458,4,4
0,458,4,4
0,458,4,4
0,459,4,4
0,459,4,4
0,458,4,4
0,458,4,4
0,457,4,4
0,457,4,4
0,457,4,4
0,457,4,4
0,457,4,4
0,458,4,4
0,458,4,4
0,458,4,4
0,457,4,5
0,458,4,4
0,459,4,4
0,457,5,5
1,456,5,5
0,458,5,5
0,458,5,5
0,458,5,5
0,456,5,5
0,454,5,5
0,453,5,5
0,451,5,5
0,450,5,5
1,450,5,5
0,451,5,5
0,452,5,5
0,453,5,5
0,453,5,5
0,452,5,5
1,453,5,5
0,456,5,5
0,462,5,5
0,464,5,5
1,467,5,5
1,465,5,5
1,459,5,5
0,453,5,5
0,453,5,5
0,452,5,5
0,450,5,5
0,451,5,5
0,451,5,5
0,453,5,5
0,459,5,5
0,466,4,4
0,465,5,5
3,465,5,5
5,463,5,5
6,463,4,4
8,463,4,4
6,466,5,5
7,471,4,4
8,470,5,5
10,468,5,5
12,468,5,5
12,467,5,5
11,464,5,5
14,463,5,5
12,462,5,5
16,462,5,5
20,461,5,5
25,462,5,5
27,458,5,5
28,456,5,5
32,457,5,5
34,458,5,5
40,460,5,5
43,458,5,5
46,458,5,5
49,457,5,5
54,456,5,5
51,462,5,5
54,464,5,5
56,463,5,5
58,463,5,5
56,465,5,5
58,466,5,5
59,467,5,5
65,469,5,5
71,471,5,5
70,465,5,5
69,459,5,5
65,458,5,5
62,461,5,5
61,462,5,5
58,467,5,5
57,472,5,5
51,475,5,5
51,475,5,5
50,475,5,5
52,474,5,5
54,476,5,5
57,479,5,5
51,473,5,5
51,471,5,5
52,469,5,5
53,470,5,5
53,470,5,5
53,466,5,5
52,466,5,5
52,467,5,5
54,470,5,5
57,470,5,5
60,473,5,5
63,474,5,5
66,476,5,5
67,478,5,5
67,475,5,5
66,475,5,5
67,477,5,5
67,472,5,5
68,471,5,5
75,469,5,5
79,468,5,5
83,470,5,5
86,468,5,5
90,470,5,5
97,468,5,5
101,465,5,5
102,467,5,5
104,467,5,5
106,470,5,5
111,470,5,5
113,470,5,5
116,473,5,5
120,479,5,5
125,482,5,5
126,483,5,5
127,483,5,5
130,485,5,5
135,487,5,5
138,488,5,5
143,489,5,5
143,488,5,5
143,488,5,5
149,489,5,5
154,486,5,5
156,483,5,5
154,482,5,5
156,483,5,5
157,480,5,5
159,482,5,5
161,481,5,5
162,482,5,5
163,480,5,5
164,480,5,5
164,482,5,5
166,482,5,5
168,480,5,5
168,481,5,5
170,480,5,5
172,479,5,5
176,478,5,5
177,477,5,5
181,478,5,5
182,478,5,5
182,481,5,5
182,484,5,5
184,485,5,5
186,489,5,5
189,490,5,5
189,492,5,5
191,492,5,5
188,495,5,5
192,492,5,5
195,487,5,5
197,486,5,5
201,488,5,5
205,493,5,5
205,498,5,5
210,498,5,5
213,498,5,5
211,498,5,5
210,500,5,5
211,500,5,5
213,495,5,5
217,490,5,5
222,487,5,5
227,493,5,5
232,498,5,5
236,504,5,5
242,504,5,5
245,505,5,5
246,507,5,5
245,509,5,5
249,509,5,5
250,511,5,5
248,516,5,5
244,521,5,5
241,522,5,5
242,521,5,5
244,521,5,5
247,521,5,5
253,519,5,5
253,519,5,5
254,518,5,5
254,518,5,5
255,519,5,5
256,519,5,5
251,521,5,5
246,523,5,5
247,520,5,5
245,515,5,5
243,516,5,5
244,512,5,5
243,509,5,5
243,506,5,5
248,504,5,5
250,504,5,5
252,503,5,5
252,503,5,5
254,502,5,5
249,506,5,5
250,507,5,5
246,510,5,5
250,514,5,5
248,520,5,5
255,519,5,5
250,513,5,5
254,513,5,5
247,514,5,5
253,512,5,5
255,513,5,5
253,511,5,5
257,509,5,5
257,513,5,5
262,515,5,5
268,516,5,5
268,520,5,5
267,521,5,5
268,520,5,5
263,515,5,5
267,513,5,5
269,511,5,5
266,515,5,5
271,518,5,5
275,512,5,5
271,517,5,5
264,520,5,5
269,521,5,5
276,522,5,5
280,522,5,5
285,522,5,5
292,522,5,5
294,524,5,5
295,531,5,5
291,532,5,5
292,528,5,5
297,524,5,5
302,524,5,5
305,523,5,5
304,524,5,5
304,524,5,5
299,527,5,5
298,528,5,5
295,526,5,5
292,525,5,5
291,525,5,5
290,525,5,5
290,527,5,5
289,527,5,5
289,527,5,5
288,527,5,5
286,527,5,5
284,525,5,5
286,520,5,5
283,520,5,5
284,518,5,5
285,515,5,5
284,514,5,5
284,511,5,5
282,511,5,5
284,510,5,5
284,511,5,5
283,512,5,5
283,514,5,5
283,515,5,5
283,518,5,5
283,518,5,5
284,517,5,5
283,518,5,5
283,521,5,5
283,524,5,5
282,524,5,5
282,523,5,5
282,523,5,5
282,524,5,5
281,524,5,5
281,524,5,5
281,523,5,5
281,522,4,4
283,520,4,4
282,519,4,4
282,518,4,4
281,518,4,4
281,518,4,4
281,517,5,5
281,518,4,4
281,517,4,4
281,516,4,4
281,515,4,4
280,514,4,4
280,513,4,4
281,512,4,4
281,512,4,4
282,512,4,4
282,512,4,4
282,512,4,4
281,512,4,4
282,513,4,4
283,514,4,4
280,514,4,4
280,516,4,4
282,515,5,5
287,511,5,5
285,506,5,5
284,501,5,5
282,497,5,5
288,495,5,5
285,494,5,5
281,496,5,5
279,498,5,5
281,500,5,5
282,506,5,5
288,509,5,5
291,511,5,5
293,513,5,5
294,513,5,5
296,516,5,5
295,515,5,5
290,513,5,5
289,511,5,5
290,510,5,5
290,508,5,5
291,508,5,5
292,508,5,5
292,511,5,5
292,514,5,5
293,511,5,5
293,509,5,5
293,514,5,5
293,514,5,5
293,514,5,5
293,514,5,5
293,513,5,5
293,512,5,5
293,508,5,5
292,506,5,5
292,505,5,5
293,506,5,5
293,508,5,5
292,512,5,5
293,516,5,5
293,515,5,5
293,516,5,5
293,518,5,5
293,516,5,5
293,515,5,5
294,516,5,5
297,515,5,5
295,513,5,5
294,511,5,5
297,513,5,5
302,514,5,5
306,518,5,5
311,521,5,5
313,523,5,5
314,526,5,5
319,523,5,5
320,522,5,5
321,524,5,5
320,529,5,5
319,528,5,5
316,531,5,5
317,534,5,5
318,538,5,5
322,541,5,5
323,544,5,5
329,546,5,5
329,547,5,5
329,547,5,5
332,546,5,5
335,546,5,5
337,545,5,5
330,545,5,5
330,548,5,5
337,548,5,5
333,552,5,5
326,554,5,5
326,553,5,5
323,554,5,5
325,554,5,5
322,556,5,5
320,559,5,5
320,560,5,5
324,560,5,5
329,560,5,5
335,559,5,5
335,559,5,5
334,559,5,5
337,558,5,5
341,558,5,5
344,558,5,5
349,560,5,5
354,561,5,5
359,562,5,5
362,563,5,5
361,563,5,5
362,563,5,5
362,562,5,5
365,561,5,5
365,561,5,5
365,561,5,5
369,563,5,5
375,565,5,5
375,566,5,5
377,566,5,5
377,565,5,5
378,564,5,5
378,564,5,5
378,563,5,5
378,563,5,5
379,564,5,5
377,565,5,5
378,566,5,5
378,566,5,5
378,566,5,5
382,565,5,5
385,565,5,5
384,561,5,5
384,559,5,5
384,556,5,5
386,554,5,5
390,556,5,5
394,560,5,5
394,562,5,5
393,563,5,5
392,564,5,5
392,564,5,5
394,558,5,5
390,557,5,5
393,561,5,5
392,563,5,5
392,563,5,5
390,564,5,5
387,564,5,5
382,565,5,5
378,563,5,5
375,559,5,5
372,559,5,5
373,559,5,5
370,560,5,5
371,561,5,5
369,557,5,5
374,562,5,5
372,563,5,5
372,564,5,5
370,564,5,5
368,565,5,5
370,564,5,5
372,563,5,5
374,561,5,5
377,561,5,5
381,561,5,5
377,560,5,5
377,560,5,5
374,560,5,5
372,561,5,5
373,560,5,5
373,560,5,5
373,560,5,5
372,560,5,5
371,560,5,5
371,560,5,5
376,564,5,5
381,564,5,5
376,563,5,5
373,562,5,5
368,561,5,5
371,561,5,5
370,563,5,5
371,563,5,5
367,561,5,5
366,562,5,5
366,562,5,5
367,560,5,5
371,558,5,5
371,557,5,5
373,555,5,5
374,555,5,5
375,550,5,5
378,549,5,5
379,549,5,5
381,549,5,5
387,551,5,5
389,551,5,5
390,551,5,5
389,550,5,5
391,550,5,5
390,550,5,5
390,549,5,5
391,547,5,5
390,547,5,5
385,553,5,5
380,556,5,5
377,556,5,5
377,554,5,5
378,550,5,5
380,550,5,5
374,550,5,5
374,549,5,5
378,547,5,5
382,547,5,5
381,546,5,5
383,546,5,5
384,546,5,5
384,546,5,5
382,544,5,5
382,543,5,5
385,547,5,5
386,547,5,5
385,548,5,5
386,547,5,5
387,545,5,5
387,547,5,5
387,543,5,5
387,543,5,5
387,542,5,5
384,541,5,5
386,542,5,5
386,542,5,5
385,542,5,5
385,544,5,5
385,544,5,5
386,544,5,5
385,544,5,5
383,543,5,5
383,544,5,5
385,544,5,5
382,544,5,5
383,544,5,5
382,543,5,5
379,540,5,5
380,542,5,5
380,543,5,5
381,548,5,5
379,549,5,5
378,550,5,5
380,547,5,5
380,546,5,5
379,544,5,5
378,543,5,5
379,544,5,5
378,543,5,5
377,541,5,5
378,543,5,5
378,543,5,5
378,541,5,5
377,541,5,5
378,539,5,5
377,539,5,5
378,538,5,5
377,538,5,5
377,537,5,5
378,538,5,5
376,539,5,5
378,538,5,5
376,540,5,5
377,539,5,5
378,539,5,5
375,542,5,5
374,543,5,5
374,544,5,5
375,545,5,5
375,546,5,5
376,545,5,5
377,545,5,5
376,545,5,5
377,546,5,5
377,545,5,5
376,545,5,5
376,544,5,5
377,544,5,5
377,543,5,5
377,542,5,5
377,540,5,5
377,541,5,5
377,540,5,5
377,540,5,5
377,539,5,5
377,539,5,5
377,539,5,5
377,539,5,5
378,538,5,5
371,538,5,5
370,540,5,5
370,543,5,5
373,543,5,5
373,544,5,5
374,540,5,5
376,541,5,5
377,541,5,5
377,543,5,5
377,542,5,5
377,543,5,5
378,543,5,5
377,544,5,5
381,546,5,5
383,548,5,5
383,548,5,5
383,548,5,5
386,545,5,5
387,543,5,5
389,544,5,5
392,544,5,5
396,546,5,5
399,546,5,5
398,547,5,5
400,545,5,5
404,548,5,5
408,549,5,5
411,552,5,5
416,551,5,5
416,550,5,5
417,548,5,5
418,549,5,5
420,549,5,5
420,552,5,5
421,552,5,5
422,551,5,5
421,551,5,5
422,552,5,5
421,553,5,5
422,556,5,5
423,559,5,5
424,561,5,5
426,560,5,5
428,559,5,5
427,564,5,5
431,564,5,5
433,562,5,5
433,566,5,5
431,565,5,5
433,566,5,5
434,566,5,5
433,566,5,5
432,566,5,5
431,566,5,5
430,567,5,5
428,567,5,5
433,566,5,5
433,566,5,5
428,566,5,5
423,566,5,5
422,565,5,5
420,565,5,5
414,563,5,5
412,562,5,5
408,561,5,5
405,563,5,5
407,565,5,5
408,565,5,5
408,565,5,5
410,566,5,5
410,565,5,5
414,565,5,5
412,564,5,5
418,564,5,5
423,565,5,5
429,564,5,5
424,565,5,5
417,566,5,5
411,565,5,5
405,559,5,5
401,561,5,5
403,561,5,5
403,561,5,5
404,561,5,5
407,559,5,5
405,560,5,5
409,559,5,5
411,559,5,5
408,559,5,5
412,562,5,5
413,563,5,5
419,560,5,5
424,557,5,5
428,559,5,5
433,558,5,5
438,559,5,5
438,560,5,5
436,559,5,5
435,558,5,5
436,558,5,5
440,558,5,5
441,558,5,5
442,558,5,5
442,557,5,5
442,558,5,5
442,558,5,5
445,558,5,5
443,558,5,5
445,555,5,5
442,556,5,5
446,554,5,5
448,550,5,5
449,548,5,5
449,547,5,5
449,547,5,5
450,547,5,5
448,549,5,5
449,546,5,5
449,542,5,5
449,542,5,5
449,541,5,5
452,542,5,5
454,543,5,5
454,543,5,5
452,547,5,5
455,548,5,5
458,549,5,5
461,548,5,5
462,547,5,5
466,547,5,5
471,546,5,5
469,546,5,5
469,546,5,5
467,545,5,5
466,543,5,5
464,543,5,5
465,542,5,5
465,540,5,5
467,538,5,5
463,542,5,5
465,548,5,5
471,548,5,5
476,549,5,5
475,550,5,5
474,549,5,5
476,549,5,5
475,548,5,5
474,548,5,5
474,548,5,5
474,548,5,5
474,549,5,5
471,548,5,5
465,548,5,5
463,547,5,5
462,547,5,5
462,547,5,5
462,547,5,5
465,547,5,5
466,547,5,5
464,547,5,5
462,548,5,5
462,548,5,5
463,549,5,5
463,549,5,5
460,548,5,5
463,548,5,5
466,548,5,5
464,548,5,5
462,547,5,5
462,546,5,5
463,546,5,5
462,546,5,5
461,546,5,5
461,546,5,5
461,547,5,5
460,547,5,5
461,547,5,5
463,547,5,5
466,554,5,5
467,552,5,5
468,551,5,5
467,551,5,5
468,551,5,5
468,551,5,5
466,551,5,5
460,551,5,5
457,552,5,5
457,550,5,5
454,547,5,5
454,545,5,5
454,544,5,5
450,537,5,5
443,534,5,5
439,532,5,5
439,530,5,5
439,530,5,5
440,531,5,5
442,533,5,5
443,533,5,5
442,534,5,5
437,539,5,5
437,539,5,5
435,539,5,5
435,539,5,5
435,538,5,5
436,537,5,5
438,536,5,5
438,540,5,5
439,541,5,5
437,544,5,5
436,548,5,5
438,553,5,5
434,556,5,5
433,556,5,5
428,558,5,5
428,558,5,5
429,558,5,5
429,557,5,5
427,556,5,5
425,558,5,5
425,557,5,5
426,556,5,5
425,554,5,5
428,558,5,5
433,563,5,5
439,562,5,5
438,563,5,5
438,566,5,5
435,567,5,5
432,567,5,5
435,566,5,5
435,567,5,5
435,566,5,5
440,563,5,5
446,557,5,5
445,553,5,5
445,552,5,5
446,552,5,5
445,552,5,5
446,552,5,5
446,552,5,5
446,552,5,5
446,553,5,5
447,554,5,5
444,554,5,5
444,555,5,5
443,555,5,5
443,555,5,5
444,554,5,5
445,553,5,5
443,551,5,5
438,550,5,5
441,552,5,5
437,552,5,5
437,551,5,5
439,551,5,5
445,551,5,5
449,552,5,5
450,551,5,5
450,551,5,5
448,551,5,5
448,551,5,5
448,551,5,5
448,551,5,5
447,552,5,5
448,551,5,5
449,550,5,5
449,549,5,5
448,550,5,5
448,550,5,5
450,550,5,5
450,550,5,5
449,550,5,5
450,550,5,5
450,550,5,5
449,549,5,5
449,550,5,5
449,550,5,5
449,549,5,5
450,549,5,5
450,549,5,5
451,550,5,5
452,551,5,5
450,550,5,5
452,551,5,5
452,551,5,5
452,551,5,5
452,551,5,5
452,551,5,5
451,551,5,5
452,551,5,5
453,552,5,5
452,551,5,5
453,549,5,5
452,547,5,5
452,548,5,5
454,545,5,5
459,541,5,5
457,535,5,5
455,532,5,5
452,531,5,5
452,531,5,5
451,531,5,5
449,532,5,5
446,529,5,5
452,529,5,5
450,526,5,5
451,522,5,5
450,515,5,5
452,510,5,5
455,506,5,5
460,505,5,5
464,506,5,5
461,502,5,5
460,499,5,5
461,497,5,5
460,495,5,5
460,493,5,5
463,491,5,5
464,491,5,5
465,490,5,5
465,489,5,5
465,489,5,5
466,489,5,5
470,489,5,5
476,489,5,5
475,487,5,5
475,482,5,5
480,480,5,5
480,478,5,5
478,476,5,5
478,475,5,5
480,475,5,5
484,477,5,5
486,479,5,5
484,479,5,5
485,480,5,5
486,480,5,5
487,480,5,5
488,481,5,5
492,482,5,5
495,482,5,5
495,482,5,5
493,480,5,5
490,477,5,5
486,477,5,5
484,476,5,5
482,475,5,5
481,476,5,5
477,474,5,5
476,473,5,5
475,473,5,5
476,473,5,5
479,472,5,5
479,471,5,5
481,470,5,5
481,471,5,5
484,471,5,5
485,471,5,5
486,470,5,5
486,471,5,5
487,472,5,5
486,469,5,5
486,470,5,5
484,469,5,5
484,469,5,5
483,469,5,5
485,470,5,5
485,470,5,5
486,471,5,5
485,471,5,5
485,471,5,5
487,471,5,5
490,472,5,5
494,474,5,5
495,476,5,5
494,476,5,5
495,478,5,5
495,478,5,5
495,478,5,5
495,478,5,5
495,477,5,5
493,476,5,5
493,477,5,5
490,473,5,5
493,472,5,5
496,470,5,5
496,467,5,5
501,467,5,5
504,465,5,5
505,466,5,5
501,467,5,5
502,468,5,5
499,472,5,5
496,471,5,5
502,470,5,5
500,474,5,5
497,471,5,5
498,468,5,5
498,469,5,5
496,465,5,5
502,468,5,5
504,470,5,5
502,475,5,5
506,477,5,5
511,480,5,5
512,482,5,5
515,477,5,5
513,473,5,5
509,472,5,5
512,473,5,5
510,474,5,5
509,477,5,5
505,483,5,5
507,480,5,5
513,485,5,5
510,487,5,5
513,488,5,5
509,491,5,5
511,495,5,5
513,494,5,5
514,493,5,5
514,491,5,5
516,498,5,5
519,502,5,5
516,502,5,5
520,502,5,5
517,500,5,5
518,501,5,5
512,501,5,5
516,504,5,5
519,506,5,5
516,509,5,5
511,515,5,5
507,516,5,5
503,515,5,5
505,516,5,5
504,520,5,5
503,518,5,5
501,513,5,5
496,513,5,5
495,515,5,5
501,518,5,5
504,523,5,5
510,521,5,5
513,521,5,5
507,521,5,5
502,521,5,5
500,521,5,5
503,514,5,5
496,514,5,5
489,513,5,5
485,513,5,5
489,514,5,5
486,513,5,5
486,515,5,5
485,514,5,5
490,519,5,5
490,521,5,5
496,515,5,5
498,514,5,5
493,514,5,5
488,514,5,5
491,513,5,5
493,514,5,5
489,512,5,5
492,511,5,5
493,512,5,5
496,509,5,5
502,506,5,5
506,506,5,5
506,504,5,5
504,500,5,5
503,506,5,5
501,504,5,5
504,508,5,5
507,514,5,5
506,518,5,5
511,522,5,5
511,529,5,5
510,528,5,5
511,529,5,5
506,528,5,5
500,529,5,5
495,526,5,5
493,521,5,5
494,516,5,5
500,513,5,5
504,509,5,5
504,510,5,5
504,514,5,5
508,520,5,5
512,522,5,5
515,523,5,5
519,529,5,5
513,530,5,5
507,530,5,5
510,534,5,5
506,537,5,5
505,538,5,5
499,534,5,5
497,529,5,5
491,528,5,5
490,533,5,5
494,539,5,5
492,546,5,5
493,550,5,5
492,553,5,5
491,555,5,5
491,555,5,5
487,557,5,5
488,552,5,5
490,556,5,5
493,559,5,5
492,561,5,5
496,564,5,5
496,563,5,5
492,561,5,5
493,561,5,5
498,556,5,5
502,553,5,5
502,549,5,5
499,546,5,5
500,550,5,5
495,555,5,5
496,549,5,5
497,543,5,5
499,540,5,5
498,534,5,5
495,538,5,5
491,540,5,5
490,538,5,5
487,536,5,5
489,539,5,5
491,537,5,5
486,538,5,5
492,538,5,5
497,539,5,5
496,542,5,5
492,536,5,5
490,534,5,5
489,532,5,5
483,533,5,5
477,532,5,5
474,532,5,5
476,536,5,5
480,537,5,5
479,534,5,5
484,534,5,5
490,535,5,5
489,540,5,5
488,546,5,5
495,549,5,5
498,546,5,5
501,552,5,5
507,556,5,5
509,558,5,5
506,558,5,5
505,557,5,5
506,559,5,5
506,566,5,5
510,559,5,5
511,559,5,5
507,559,5,5
508,557,5,5
509,555,5,5
512,553,5,5
515,550,5,5
513,554,5,5
511,551,5,5
505,552,5,5
505,551,5,5
503,546,5,5
505,545,5,5
504,548,5,5
503,541,5,5
499,540,5,5
498,540,5,5
499,535,5,5
499,538,5,5
497,534,5,5
500,532,5,5
502,531,5,5
498,531,5,5
501,526,5,5
504,525,5,5
505,524,5,5
505,525,5,5
506,525,5,5
503,526,5,5
502,532,5,5
504,530,5,5
504,532,5,5
505,532,5,5
507,535,5,5
506,532,5,5
504,533,5,5
501,537,5,5
501,544,5,5
500,545,5,5
498,546,5,5
498,542,5,5
495,549,5,5
495,548,5,5
497,549,5,5
497,552,5,5
494,546,5,5
492,540,5,5
492,533,5,5
488,533,5,5
487,530,5,5
484,536,5,5
484,538,5,5
485,534,5,5
487,534,5,5
487,536,5,5
485,531,5,5
480,529,5,5
484,531,5,5
484,524,5,5
479,520,5,5
479,520,5,5
485,521,5,5
482,521,5,5
484,523,5,5
485,529,5,5
487,535,5,5
484,542,5,5
487,547,5,5
484,549,5,5
484,545,5,5
482,540,5,5
480,540,5,5
484,542,5,5
489,543,5,5
488,540,5,5
484,536,5,5
486,532,5,5
486,534,5,5
480,537,5,5
483,535,5,5
489,535,5,5
494,539,5,5
493,546,5,5
494,544,5,5
493,541,5,5
495,538,5,5
490,534,5,5
486,539,5,5
482,546,5,5
481,551,5,5
477,546,5,5
475,540,5,5
470,536,5,5
466,541,5,5
466,544,5,5
463,547,5,5
463,541,5,5
458,538,5,5
458,543,5,5
456,546,5,5
459,544,5,5
464,544,5,5
461,541,5,5
467,544,5,5
470,547,5,5
463,543,5,5
460,539,5,5
460,535,5,5
458,533,5,5
458,525,5,5
459,522,5,5
459,516,5,5
457,512,5,5
457,514,5,5
455,511,5,5
454,510,5,5
457,504,5,5
461,507,5,5
465,503,5,5
461,500,5,5
457,501,5,5
452,506,5,5
450,508,5,5
455,509,5,5
456,509,5,5
453,516,5,5
448,521,5,5
443,527,5,5
441,534,5,5
435,540,5,5
435,538,5,5
438,533,5,5
439,531,5,5
435,533,5,5
440,536,5,5
440,532,5,5
440,532,5,5
444,533,5,5
447,535,5,5
440,532,5,5
436,533,5,5
438,536,5,5
442,539,5,5
444,543,5,5
448,544,5,5
444,548,5,5
440,550,5,5
438,550,5,5
440,551,5,5
437,552,5,5
436,555,5,5
437,555,5,5
438,549,5,5
439,544,5,5
434,541,5,5
436,538,5,5
438,537,5,5
435,531,5,5
439,524,5,5
443,520,5,5
447,526,5,5
440,531,5,5
437,532,5,5
436,527,5,5
437,532,5,5
443,533,5,5
438,531,5,5
441,536,5,5
443,542,5,5
441,536,5,5
439,530,5,5
437,534,5,5
439,537,5,5
438,530,5,5
441,532,5,5
437,527,5,5
440,520,5,5
444,514,5,5
440,517,5,5
437,523,5,5
435,528,5,5
439,522,5,5
433,517,5,5
434,514,5,5
433,509,5,5
436,503,5,5
438,499,5,5
434,499,5,5
432,498,5,5
432,493,5,5
429,488,5,5
429,491,5,5
435,497,5,5
436,498,5,5
437,503,5,5
436,510,5,5
435,517,5,5
438,510,5,5
437,513,5,5
441,517,5,5
444,514,5,5
448,509,5,5
451,507,5,5
449,512,5,5
454,511,5,5
452,515,5,5
449,514,5,5
448,511,5,5
441,509,5,5
445,503,5,5
444,502,5,5
443,502,5,5
440,497,5,5
439,493,5,5
433,489,5,5
436,493,5,5
434,493,5,5
432,489,5,5
425,489,5,5
421,492,5,5
421,494,5,5
417,487,5,5
419,481,5,5
425,483,5,5
423,490,5,5
424,497,5,5
418,498,5,5
417,504,5,5
418,510,5,5
413,513,5,5
410,510,5,5
403,508,5,5
400,507,5,5
402,505,5,5
403,508,5,5
402,507,5,5
407,506,5,5
402,502,5,5
396,498,5,5
392,504,5,5
389,508,5,5
385,513,5,5
383,519,5,5
379,520,5,5
375,516,5,5
372,510,5,5
372,505,5,5
370,500,5,5
365,496,5,5
365,495,5,5
365,498,5,5
365,503,5,5
369,509,5,5
362,509,5,5
359,509,5,5
359,509,5,5
360,511,5,5
354,511,5,5
358,512,5,5
360,512,5,5
353,511,5,5
352,508,5,5
352,510,5,5
346,515,5,5
348,522,5,5
342,527,5,5
337,525,5,5
334,519,5,5
328,518,5,5
324,517,5,5
323,512,5,5
330,511,5,5
336,512,5,5
342,516,5,5
347,515,5,5
349,518,5,5
345,520,5,5
341,525,5,5
338,528,5,5
340,529,5,5
342,528,5,5
335,527,5,5
336,521,5,5
340,515,5,5
337,511,5,5
333,515,5,5
336,522,5,5
339,527,5,5
337,534,5,5
334,541,5,5
333,545,5,5
336,549,5,5
337,557,5,5
340,553,5,5
343,547,5,5
341,542,5,5
344,538,5,5
351,536,5,5
349,530,5,5
351,526,5,5
349,526,5,5
353,519,5,5
350,514,5,5
350,513,5,5
352,513,5,5
356,508,5,5
358,501,5,5
364,496,5,5
362,491,5,5
365,490,5,5
361,491,5,5
358,486,5,5
355,489,5,5
352,495,5,5
347,499,5,5
344,495,5,5
338,499,5,5
335,503,5,5
339,505,5,5
345,508,5,5
349,509,5,5
356,507,5,5
359,514,5,5
357,517,5,5
363,523,5,5
364,521,5,5
365,522,5,5
365,523,5,5
368,524,5,5
372,517,5,5
372,512,5,5
370,508,5,5
368,506,5,5
371,501,5,5
367,499,5,5
362,501,5,5
362,496,5,5
368,490,5,5
374,491,5,5
378,491,5,5
381,494,5,5
386,498,5,5
386,494,5,5
382,500,5,5
384,501,5,5
386,500,5,5
380,505,5,5
376,509,5,5
377,507,5,5
381,500,5,5
375,503,5,5
371,503,5,5
368,501,5,5
373,501,4,4
375,500,5,5
375,506,5,5
374,509,5,5
375,510,5,5
378,508,5,5
385,509,5,5
390,511,5,5
384,508,5,5
388,505,5,5
381,501,5,5
381,494,5,5
380,500,5,5
384,504,5,5
384,511,5,5
383,513,5,5
385,514,5,5
380,508,5,5
378,513,5,5
385,518,5,5
386,526,5,5
393,529,5,5
388,526,5,5
384,526,5,5
377,526,5,5
374,523,5,5
367,522,5,5
362,515,5,5
359,522,5,5
355,526,5,5
357,525,5,5
357,524,5,5
354,519,5,5
347,518,5,5
342,514,5,5
338,508,5,5
339,501,5,5
336,494,5,5
334,500,5,5
334,501,5,5
336,496,5,5
338,499,5,5
337,506,5,5
336,513,5,5
334,511,5,5
339,515,5,5
333,517,5,5
330,517,5,5
331,517,5,5
332,516,5,5
325,513,5,5
320,520,5,5
322,523,5,5
315,518,5,5
311,511,5,5
316,508,5,5
322,512,5,5
320,505,5,5
317,510,5,5
321,517,5,5
322,514,5,5
323,519,5,5
320,525,5,5
320,524,5,5
324,518,5,5
325,521,5,5
325,519,5,5
324,514,5,5
324,512,5,5
329,514,5,5
322,515,5,5
323,516,5,5
319,514,5,5
315,510,5,5
315,503,5,5
321,505,5,5
322,501,5,5
315,504,5,5
318,508,5,5
312,510,5,5
308,506,5,5
302,510,5,5
301,511,5,5
301,511,5,5
303,507,5,5
302,500,5,5
303,498,5,5
308,492,5,5
308,488,5,5
312,486,5,5
316,485,5,5
312,492,5,5
308,494,5,5
307,500,5,5
311,502,5,5
312,500,5,5
309,494,5,5
310,501,5,5
315,498,5,5
319,495,5,5
316,493,5,5
316,492,5,5
316,491,5,5
319,493,5,5
325,490,5,5
322,490,5,5
324,493,5,5
323,496,5,5
327,500,5,5
325,500,5,5
321,498,5,5
315,494,5,5
308,492,5,5
305,489,5,5
310,486,5,5
307,483,5,5
305,480,5,5
306,480,5,5
309,478,5,5
309,477,5,5
312,477,5,5
308,477,5,5
309,477,5,5
311,477,5,5
311,475,5,5
310,472,5,5
305,468,5,5
298,464,5,5
297,459,5,5
294,457,5,5
297,455,5,5
292,455,5,5
288,455,5,5
289,456,5,5
285,455,5,5
282,449,5,5
278,447,5,5
277,447,5,5
277,448,5,5
273,448,5,5
271,447,5,5
266,445,5,5
262,445,5,5
268,446,5,5
268,443,5,5
262,439,5,5
262,438,5,5
263,440,5,5
267,444,5,5
269,445,5,5
269,445,5,5
269,446,5,5
265,448,5,5
263,444,5,5
264,441,5,5
266,441,5,5
265,439,5,5
267,441,5,5
267,443,5,5
272,438,5,5
276,436,5,5
276,437,5,5
283,437,5,5
282,437,5,5
284,437,5,5
286,436,5,5
285,435,5,5
287,437,5,5
288,443,5,5
288,446,5,5
285,447,5,5
289,446,5,5
293,446,5,5
289,445,5,5
289,446,5,5
288,445,5,5
288,445,5,5
286,444,5,5
280,447,5,5
281,448,5,5
280,445,5,5
281,444,5,5
281,441,5,5
283,439,5,5
288,439,5,5
284,436,5,5
283,437,5,5
282,439,5,5
280,446,5,5
279,450,5,5
279,450,5,5
279,450,5,5
278,453,5,5
273,453,5,5
270,455,5,5
267,456,5,5
262,457,5,5
260,459,5,5
255,460,5,5
253,459,5,5
252,460,5,5
253,459,5,5
251,461,5,5
258,459,5,5
253,462,5,5
259,461,5,5
265,462,5,5
269,464,5,5
268,457,5,5
264,455,5,5
263,457,5,5
262,458,5,5
263,458,5,5
261,455,5,5
257,450,5,5
257,449,5,5
254,449,5,5
256,447,5,5
251,441,5,5
253,438,5,5
249,435,5,5
249,433,5,5
253,431,5,5
249,429,5,5
243,428,5,5
238,428,5,5
235,428,5,5
234,427,5,5
235,426,5,5
232,425,5,5
227,425,5,5
225,424,5,5
226,427,5,5
225,428,5,5
222,426,5,5
224,426,5,5
225,427,5,5
223,425,5,5
223,423,5,5
217,422,5,5
221,422,5,5
224,422,5,5
221,423,5,5
221,424,5,5
223,422,5,5
224,421,5,5
224,424,5,5
227,425,5,5
228,426,5,5
223,429,5,5
224,434,5,5
222,439,5,5
219,439,5,5
216,442,5,5
214,446,5,5
211,445,5,5
209,446,5,5
209,448,5,5
208,453,5,5
206,459,5,5
200,458,5,5
197,456,5,5
192,456,5,5
191,457,5,5
191,454,5,5
190,454,5,5
185,456,5,5
181,463,5,5
176,460,5,5
170,456,5,5
171,455,5,5
174,456,5,5
181,456,5,5
184,455,5,5
184,455,5,5
184,454,5,5
185,453,5,5
186,453,5,5
192,453,5,5
195,454,5,5
195,455,5,5
192,456,5,5
193,456,5,5
194,454,5,5
198,454,5,5
204,454,5,5
210,454,5,5
217,454,5,5
220,454,5,5
222,452,5,5
218,448,5,5
217,451,5,5
217,455,5,5
220,454,5,5
219,448,5,5
220,444,5,5
219,450,5,5
220,453,5,5
219,452,5,5
222,458,5,5
221,451,5,5
222,449,5,5
227,448,5,5
230,445,5,5
226,444,5,5
224,443,5,5
222,446,5,5
220,451,5,5
218,457,5,5
216,457,5,5
214,458,5,5
214,461,5,5
215,460,5,5
214,456,5,5
208,463,5,5
203,465,5,5
198,463,5,5
199,463,5,5
196,465,5,5
196,465,5,5
197,470,5,5
200,472,5,5
204,476,5,5
205,476,5,5
206,479,5,5
204,475,5,5
202,469,5,5
197,464,5,5
196,459,5,5
201,457,5,5
197,450,5,5
193,447,5,5
197,442,5,5
191,444,5,5
195,440,5,5
197,444,5,5
190,442,5,5
194,444,5,5
195,445,5,5
190,443,5,5
185,448,5,5
188,454,5,5
188,456,5,5
190,456,5,5
190,450,5,5
191,445,5,5
193,442,5,5
187,440,5,5
189,440,5,5
195,437,5,5
195,436,5,5
201,438,5,5
202,432,5,5
208,425,5,5
212,432,5,5
211,433,5,5
209,438,5,5
209,445,5,5
210,446,5,5
213,447,5,5
211,449,5,5
212,445,5,5
212,438,5,5
212,433,5,5
212,437,5,5
215,439,5,5
216,446,5,5
213,451,5,5
213,449,5,5
218,448,4,4
219,447,4,4
221,445,5,5
219,443,5,5
216,441,4,4
215,442,5,5
210,442,5,5
210,442,5,5
205,442,5,5
198,442,5,5
197,440,5,5
192,439,5,5
187,440,5,5
186,445,5,5
185,449,5,5
186,452,5,5
185,454,5,5
183,456,5,5
188,460,5,5
191,462,4,4
193,464,5,5
197,466,5,5
204,466,5,5
206,465,5,5
211,465,5,5
213,469,5,5
213,472,5,5
220,475,5,5
226,476,5,5
226,477,5,5
224,475,5,5
222,474,5,5
220,473,5,5
219,474,5,5
217,474,5,5
213,471,5,5
214,468,5,5
216,472,5,5
213,471,5,5
209,470,5,5
205,468,5,5
206,466,5,5
206,464,5,5
205,461,5,5
204,466,5,5
207,460,5,5
208,467,5,5
205,467,5,5
204,465,5,5
208,463,5,5
213,465,5,5
209,467,5,5
207,470,5,5
201,472,5,5
201,474,5,5
200,474,5,5
202,474,5,5
206,481,5,5
209,474,5,5
202,479,5,5
198,483,5,5
194,485,5,5
192,490,5,5
197,492,5,5
194,491,5,5
195,489,5,5
195,487,5,5
197,493,5,5
196,496,5,5
191,503,5,5
196,497,5,5
191,494,5,5
187,491,5,5
183,485,5,5
182,479,5,5
181,478,5,5
175,475,5,5
175,475,5,5
182,472,5,5
180,473,5,5
179,480,5,5
185,486,5,5
187,491,5,5
189,495,5,5
192,501,5,5
195,508,5,5
193,510,5,5
191,510,5,5
186,510,5,5
187,513,5,5
188,506,5,5
190,511,5,5
191,517,5,5
185,523,5,5
183,522,5,5
186,521,5,5
183,526,5,5
183,519,5,5
179,526,5,5
176,524,5,5
182,528,5,5
182,525,5,5
176,519,5,5
182,518,5,5
185,518,5,5
186,518,5,5
186,518,5,5
182,518,5,5
176,518,5,5
172,516,5,5
167,515,5,5
167,511,5,5
167,506,5,5
160,504,5,5
153,502,5,5
149,503,5,5
142,506,5,5
144,510,5,5
143,514,5,5
146,514,5,5
143,512,5,5
140,505,5,5
139,502,5,5
137,501,5,5
138,502,5,5
144,505,5,5
148,506,5,5
143,503,5,5
142,498,5,5
149,495,5,5
145,491,5,5
148,489,5,5
151,487,5,5
151,486,5,5
150,488,5,5
145,493,5,5
144,499,5,5
146,500,5,5
147,502,5,5
148,503,5,5
144,508,5,5
148,505,5,5
150,509,5,5
153,512,5,5
152,516,5,5
156,519,5,5
159,521,5,5
160,521,5,5
160,521,5,5
161,519,5,5
164,521,5,5
168,527,5,5
172,533,5,5
176,539,5,5
181,543,5,5
186,548,5,5
190,552,5,5
195,551,5,5
195,551,5,5
196,551,5,5
199,550,5,5
199,546,5,5
199,544,5,5
199,544,5,5
200,545,5,5
200,547,5,5
201,548,5,5
205,550,5,5
209,552,5,5
208,556,5,5
214,556,5,5
218,559,5,5
221,560,5,5
222,560,5,5
223,560,5,5
224,559,5,5
226,557,5,5
225,555,5,5
225,554,5,5
223,554,5,5
227,552,5,5
230,549,5,5
231,546,5,5
230,541,5,5
229,536,5,5
229,531,5,5
226,525,5,5
221,523,5,5
217,522,5,5
216,523,5,5
215,522,5,5
221,523,5,5
226,525,5,5
228,529,5,5
232,532,5,5
237,536,5,5
239,540,5,5
238,546,5,5
241,552,5,5
242,559,5,5
245,566,5,5
243,565,5,5
245,558,5,5
238,560,5,5
233,555,5,5
230,548,5,5
229,545,5,5
228,540,5,5
230,536,5,5
226,540,5,5
232,543,5,5
233,549,5,5
239,555,5,5
240,558,5,5
241,560,5,5
241,560,5,5
243,558,5,5
241,552,5,5
236,549,5,5
232,542,5,5
231,539,5,5
227,534,5,5
225,534,5,5
221,535,5,5
221,539,5,5
222,546,5,5
227,553,5,5
229,557,5,5
229,564,5,5
232,567,5,5
238,566,5,5
238,565,5,5
243,564,5,5
243,562,5,5
239,557,5,5
238,556,5,5
237,559,5,5
234,553,5,5
231,547,5,5
227,541,5,5
224,547,5,5
227,553,5,5
227,554,5,5
224,550,5,5
226,547,5,5
229,551,5,5
230,555,5,5
227,555,5,5
228,554,5,5
228,548,5,5
227,541,5,5
231,546,5,5
229,540,5,5
224,534,5,5
219,527,5,5
220,521,5,5
215,522,5,5
209,522,5,5
209,525,5,5
208,531,5,5
206,537,5,5
202,534,5,5
199,535,5,5
205,540,5,5
208,547,5,5
210,553,5,5
214,560,5,5
213,561,5,5
219,563,5,5
223,564,6,6
217,560,5,5
213,553,5,5
211,557,5,5
209,553,5,5
203,550,5,5
195,547,5,5
190,543,5,5
191,550,5,5
186,554,5,5
185,547,5,5
185,553,5,5
188,556,5,5
188,560,5,5
186,564,5,5
184,565,5,5
183,559,5,5
184,553,5,5
177,551,5,5
175,550,5,5
176,553,5,5
176,550,5,5
170,549,5,5
165,545,5,5
164,538,5,5
162,534,5,5
161,536,5,5
164,533,5,5
159,535,5,5
162,539,5,5
159,540,5,5
160,536,5,5
167,537,5,5
174,539,5,5
179,544,5,5
185,551,5,5
192,554,5,5
198,557,5,5
198,564,5,5
201,561,5,5
204,558,5,5
202,553,5,5
199,547,5,5
196,544,5,5
198,550,5,5
192,548,5,5
186,544,5,5
182,537,5,5
177,533,5,5
172,528,5,5
167,524,5,5
166,520,5,5
161,525,5,5
159,530,5,5
155,523,5,5
161,524,5,5
165,529,5,5
172,535,5,5
177,539,5,5
182,544,5,5
179,550,5,5
179,556,5,5
180,561,5,5
181,564,5,5
178,557,5,5
175,550,5,5
171,547,5,5
172,544,5,5
166,547,5,5
169,542,5,5
164,539,5,5
165,536,5,5
162,540,5,5
160,535,5,5
166,538,5,5
166,544,5,5
172,548,5,5
177,553,5,5
181,557,5,5
185,557,5,5
184,555,5,5
184,549,5,5
184,543,5,5
184,537,5,5
185,530,5,5
183,523,5,5
181,517,5,5
177,513,5,5
174,507,5,5
169,505,5,5
166,505,5,5
165,506,5,5
170,507,5,5
174,510,5,5
173,506,5,5
177,510,5,5
180,517,5,5
185,523,5,5
189,528,5,5
195,532,5,5
200,532,5,5
201,538,5,5
200,536,5,5
201,536,5,5
194,532,5,5
187,529,5,5
181,528,5,5
174,527,5,5
175,523,5,5
182,523,5,5
182,520,5,5
176,515,5,5
176,519,5,5
182,523,5,5
183,529,5,5
186,536,5,5
191,540,5,5
196,539,5,5
191,537,5,5
186,535,5,5
186,531,5,5
190,530,5,5
190,523,5,5
189,516,5,5
191,513,5,5
191,506,5,5
194,504,5,5
188,505,5,5
182,503,5,5
176,508,5,5
180,514,5,5
182,521,5,5
180,528,5,5
181,534,5,5
180,539,5,5
180,539,5,5
183,546,5,5
179,542,5,5
180,543,5,5
176,545,5,5
173,539,5,5
172,536,5,5
175,532,5,5
172,533,5,5
174,534,5,5
174,536,5,5
174,531,5,5
176,532,5,5
175,530,5,5
176,534,5,5
181,532,5,5
184,536,5,5
186,538,5,5
190,538,5,5
192,539,5,5
193,535,5,5
192,532,5,5
192,533,5,5
187,531,5,5
182,529,5,5
182,528,5,5
185,526,5,5
180,526,5,5
180,530,5,5
182,531,5,5
182,532,5,5
182,526,5,5
184,530,5,5
182,526,5,5
181,523,5,5
180,523,5,5
181,527,5,5
185,527,5,5
190,526,5,5
186,523,5,5
182,517,5,5
183,511,5,5
180,505,5,5
178,500,5,5
174,499,5,5
168,500,5,5
168,500,5,5
164,504,5,5
161,504,5,5
156,508,5,5
157,510,5,5
155,514,5,5
151,520,5,5
149,526,5,5
150,530,5,5
146,533,5,5
145,531,5,5
141,531,5,5
138,527,5,5
136,523,5,5
136,520,5,5
138,519,5,5
140,520,5,5
141,519,5,5
142,515,5,5
139,513,5,5
133,518,5,5
131,520,5,5
132,514,5,5
126,507,5,5
127,504,5,5
124,504,5,5
129,506,5,5
130,509,5,5
133,515,5,5
133,514,5,5
136,516,5,5
142,513,5,5
141,511,5,5
135,507,5,5
135,503,5,5
135,503,5,5
135,504,5,5
134,506,5,5
130,505,5,5
134,501,5,5
131,499,5,5
133,495,5,5
134,493,5,5
140,489,5,5
146,487,5,5
148,487,5,5
149,488,5,5
150,488,5,5
153,487,5,5
154,486,5,5
159,484,5,5
160,489,5,5
163,491,5,5
165,492,5,5
163,499,5,5
162,504,5,5
166,504,5,5
168,505,5,5
172,508,5,5
177,511,5,5
181,512,5,5
184,513,5,5
185,512,5,5
188,507,5,5
191,501,5,5
191,499,5,5
192,492,5,5
188,486,5,5
185,492,5,5
183,497,5,5
178,499,5,5
176,501,5,5
176,499,5,5
177,492,5,5
175,486,5,5
172,484,5,5
175,486,5,5
178,493,5,5
178,499,5,5
180,505,5,5
178,511,5,5
178,514,5,5
177,515,5,5
177,510,5,5
173,505,5,5
170,501,5,5
168,497,5,5
166,495,5,5
161,489,5,5
159,484,5,5
157,482,5,5
160,484,5,5
162,488,5,5
158,491,5,5
160,493,5,5
163,498,5,5
163,504,5,5
158,509,5,5
159,510,5,5
160,510,5,5
155,510,5,5
150,508,5,5
153,501,5,5
153,498,5,5
158,495,5,5
158,492,5,5
163,493,5,5
169,497,5,5
170,503,5,5
174,510,5,5
176,517,5,5
182,521,5,5
185,527,5,5
185,528,5,5
190,523,5,5
184,519,5,5
188,512,5,5
186,508,4,4
187,505,5,5
185,502,5,5
184,499,5,5
178,493,5,5
178,490,5,5
182,495,5,5
184,502,5,5
187,508,5,5
194,513,5,5
193,513,5,5
197,516,5,5
199,523,5,5
204,526,5,5
205,528,5,5
212,523,5,5
211,525,5,5
211,528,5,5
208,523,5,5
208,520,5,5
210,514,5,5
208,508,5,5
203,512,5,5
201,512,5,5
197,511,5,5
198,512,5,5
195,516,5,5
198,511,5,5
200,515,5,5
206,515,5,5
202,514,5,5
200,510,5,5
195,505,5,5
188,503,5,5
189,505,5,5
184,504,5,5
180,503,5,5
183,498,5,5
183,498,5,5
178,491,5,5
178,493,5,5
184,497,5,5
188,502,5,5
193,499,5,5
197,501,5,5
200,499,5,5
200,495,5,5
196,488,5,5
190,483,5,5
184,483,5,5
179,487,5,5
173,486,5,5
170,488,5,5
166,492,5,5
166,492,5,5
167,492,5,5
170,492,5,5
177,489,5,5
180,488,5,5
178,486,5,5
178,486,5,5
181,481,5,5
175,481,5,5
173,477,5,5
170,480,5,5
174,485,5,5
172,491,5,5
178,490,5,5
182,491,5,5
184,494,5,5
184,492,5,5
190,494,5,5
188,488,5,5
192,489,5,5
195,488,5,5
193,489,5,5
194,485,5,5
187,486,5,5
187,490,5,5
187,497,5,5
183,496,5,5
180,494,5,5
174,492,5,5
169,492,5,5
166,496,5,5
159,494,5,5
156,492,5,5
160,498,5,5
165,502,5,5
171,502,5,5
169,505,5,5
170,504,5,5
164,500,5,5
158,499,5,5
155,498,5,5
148,495,5,5
143,494,5,5
137,490,5,5
135,488,5,5
134,492,4,4
134,494,5,5
138,500,5,5
142,507,5,5
146,510,5,5
152,515,5,5
149,521,5,5
148,517,5,5
141,511,5,5
146,508,5,5
141,506,5,5
134,503,5,5
128,498,5,5
122,492,5,5
120,487,5,5
122,486,5,5
127,490,5,5
131,491,5,5
131,494,5,5
136,495,5,5
138,499,5,5
137,504,5,5
138,504,5,5
137,503,5,5
135,501,5,5
129,494,5,5
133,489,5,5
130,485,5,5
127,489,5,5
130,492,5,5
132,492,5,5
126,491,5,5
121,484,5,5
123,489,5,5
127,495,5,5
131,500,5,5
136,500,5,5
141,506,5,5
146,506,5,5
148,513,5,5
151,517,5,5
146,517,5,5
146,515,5,5
146,514,5,5
141,508,5,5
135,504,5,5
132,504,5,5
135,501,5,5
138,494,5,5
140,501,5,5
145,507,5,5
147,514,5,5
154,517,5,5
156,524,5,5
159,526,5,5
155,526,5,5
155,526,5,5
153,523,5,5
153,518,5,5
150,514,5,5
145,513,5,5
147,513,5,5
145,516,5,5
142,513,5,5
142,512,5,5
144,510,5,5
143,510,5,5
146,513,5,5
148,511,5,5
146,508,5,5
151,510,5,5
154,513,5,5
156,514,5,5
157,514,5,5
156,514,5,5
158,517,5,5
164,515,5,5
161,515,5,5
157,509,5,5
152,505,5,5
152,505,5,5
148,505,5,5
150,505,5,5
146,501,5,5
149,501,5,5
145,505,5,5
146,506,5,5
150,512,5,5
158,514,5,5
155,519,5,5
155,520,5,5
153,519,5,5
152,513,5,5
148,506,5,5
145,500,5,5
143,494,5,5
144,492,5,5
146,496,5,5
149,503,5,5
147,506,5,5
153,506,5,5
154,511,5,5
159,512,5,5
158,512,5,5
156,512,5,5
153,510,5,5
149,510,5,5
144,508,5,5
144,502,5,5
146,496,5,5
143,490,5,5
150,495,5,5
143,497,5,5
148,492,5,5
150,488,5,5
149,484,5,5
145,487,5,5
148,487,5,5
147,494,5,5
151,499,5,5
148,506,5,5
146,512,5,5
145,518,5,5
148,523,5,5
148,522,5,5
149,521,5,5
150,516,5,5
150,515,5,5
154,513,5,5
158,513,5,5
156,520,5,5
158,515,5,5
157,508,5,5
153,506,5,5
154,509,5,5
156,510,5,5
161,508,5,5
157,515,5,5
161,511,5,5
163,513,5,5
167,512,5,5
168,515,5,5
166,511,5,5
172,505,5,5
174,510,5,5
170,506,5,5
172,509,5,5
166,505,5,5
165,505,5,5
159,501,5,5
158,503,5,5
155,507,5,5
153,508,5,5
154,503,5,5
156,510,5,5
162,514,5,5
168,514,5,5
171,518,5,5
173,519,5,5
170,514,5,5
168,507,5,5
167,500,5,5
165,496,5,5
159,490,5,5
152,484,5,5
146,482,5,5
143,478,5,5
136,477,5,5
129,478,5,5
124,477,5,5
125,476,5,5
126,476,5,5
126,477,5,5
131,477,5,5
132,478,5,5
128,480,5,5
130,480,5,5
131,483,5,5
132,483,5,5
131,484,5,5
129,487,5,5
122,488,5,5
118,488,5,5
115,488,5,5
110,487,5,5
107,488,5,5
104,488,5,5
105,488,5,5
106,488,5,5
103,489,5,5
103,490,5,5
103,490,5,5
103,490,5,5
100,491,5,5
94,494,5,5
87,494,5,5
83,494,5,5
78,496,5,5
76,498,5,5
75,499,5,5
75,501,5,5
75,502,5,5
76,501,5,5
74,504,5,5
73,503,5,5
71,503,5,5
69,504,5,5
66,504,5,5
61,508,5,5
58,510,5,5
56,512,5,5
55,513,5,5
51,515,5,5
50,515,5,5
50,512,5,5
52,508,5,5
50,507,5,5
55,499,5,5
55,495,5,5
55,494,5,5
55,494,5,5
55,495,5,5
54,495,5,5
54,497,5,5
53,498,5,5
50,496,5,5
47,497,5,5
43,500,5,5
38,502,5,5
36,503,5,5
37,498,5,5
39,496,5,5
40,494,5,5
40,494,5,5
41,495,5,5
42,495,5,5
43,495,5,5
45,496,5,5
47,495,5,5
49,496,5,5
51,499,5,5
53,499,5,5
54,499,5,5
56,498,5,5
55,496,5,5
54,498,5,5
53,500,5,5
52,500,5,5
51,500,5,5
50,500,5,5
46,503,5,5
45,504,5,5
44,505,5,5
44,505,6,6
40,507,6,6
40,508,6,6
37,510,6,6
30,515,6,6
26,517,6,6
26,518,6,6
27,517,5,5
29,516,6,6
31,517,5,5
32,517,5,5
34,518,5,5
35,520,6,6
36,521,6,6
38,522,5,5
41,521,6,6
43,520,5,5
43,520,5,5
41,520,5,5
40,520,5,5
39,520,5,5
39,520,5,5
39,519,5,5
40,517,5,5
42,517,5,5
43,516,5,5
44,515,5,5
44,515,5,5
43,515,5,5
44,515,5,5
45,517,5,5
46,517,5,5
46,517,5,5
46,517,5,5
45,517,5,5
44,517,5,5
43,516,5,5
42,517,5,5
42,517,5,5
42,517,5,5
42,517,5,5
42,516,5,5
43,516,5,5
43,516,5,5
42,516,5,5
42,514,5,5
44,509,5,5
38,507,5,5
40,501,5,5
37,501,5,5
33,501,5,5
29,504,5,5
27,506,5,5
27,506,5,5
26,508,5,5
28,506,5,5
28,509,5,5
26,509,5,5
23,509,5,5
21,513,5,5
18,514,5,5
15,513,5,5
12,513,5,5
9,513,5,5
4,514,5,5
4,514,5,5
3,515,5,5
2,516,5,5
0,517,5,5
0,517,5,5
5,514,5,5
0,516,5,5
0,515,5,5
0,510,5,5
0,509,5,5
0,513,5,5
3,515,5,5
0,513,5,5
0,512,5,5
0,512,5,5
0,507,5,5
0,504,5,5
0,505,5,5
1,502,5,5
0,499,5,5
0,504,5,5
0,507,5,5
0,504,5,5
0,504,5,5
0,503,5,5
0,503,5,5
0,501,5,5
0,500,5,5
0,499,5,5
0,497,5,5
0,497,5,5
0,497,5,5
0,501,5,5
0,504,5,5
0,507,5,5
0,508,5,5
0,510,5,5
0,511,5,5
0,512,5,5
0,511,5,5
0,511,5,5
0,511,5,5
0,509,5,5
0,506,5,5
0,506,5,5
0,505,5,5
0,504,5,5
0,504,5,5
0,504,5,5
0,504,5,5
0,504,5,5
0,503,5,5
0,497,5,5
0,496,5,5
0,496,5,5
0,504,6,6
0,505,6,6
0,505,6,6
0,505,6,6
0,505,5,5
0,505,5,5
0,505,5,5
0,505,5,5
0,505,5,5
0,504,5,5
0,503,5,5
0,501,5,5
0,502,5,5
3,505,5,5
0,508,5,5
0,509,5,5
0,508,5,5
0,508,5,5
0,508,5,5
0,509,5,5
0,511,5,5
0,511,5,5
0,511,5,5
0,512,5,5
0,511,5,5
0,511,5,5
0,511,5,5
0,511,5,5
0,512,5,5
0,512,5,5
0,511,5,5
0,511,5,5
0,511,5,5
0,510,5,5
0,509,5,5
0,508,5,5
0,508,5,5
0,505,5,5
1,505,5,5
0,505,5,5
0,505,5,5
0,505,5,5
0,505,5,5
0,505,5,5
0,505,5,5
0,507,5,5
0,508,5,5
0,509,5,5
0,510,5,5
0,511,5,5
0,512,5,5
0,513,5,5
0,514,5,5
0,516,5,5
0,517,5,5
0,518,5,5
0,518,5,5
0,518,5,5
0,518,5,5
0,519,5,5
0,521,5,5
0,523,5,5
0,525,5,5
0,527,5,5
0,527,5,5
0,531,5,5
0,531,5,5
0,530,5,5
0,530,5,5
0,529,5,5
0,526,5,5
0,520,5,5
0,513,5,5
0,506,5,5
0,504,5,5
0,506,5,5
0,506,5,5
0,506,5,5
0,504,5,5
0,505,6,6
0,504,6,6
0,504,6,6
0,504,6,6
0,504,6,6
0,504,6,6
0,496,6,6
0,497,5,5
0,495,5,5
0,496,5,5
0,497,5,5
0,494,5,5
0,494,5,5
0,493,5,5
0,493,5,5
0,492,5,5
0,492,5,5
0,492,5,5
0,497,5,5
0,498,5,5
0,501,5,5
0,500,5,5
0,499,5,5
0,499,5,5
0,499,5,5
0,496,5,5
0,495,5,5
0,493,5,5
4,499,5,5
0,500,5,5
0,497,5,5
0,492,5,5
0,494,5,5
0,494,5,5
1,493,5,5
0,487,5,5
0,487,5,5
0,489,5,5
0,490,5,5
0,491,5,5
0,491,5,5
0,491,5,5
0,491,5,5
0,491,5,5
0,496,5,5
0,493,5,5
0,498,5,5
0,500,5,5
0,500,5,5
0,503,5,5
0,504,5,5
0,505,5,5
0,505,5,5
0,506,5,5
0,506,5,5
0,505,6,6
0,505,6,6
0,505,6,6
0,506,6,6
0,506,6,6
0,507,6,6
0,508,6,6
0,508,6,6
0,509,6,6
0,511,6,6
0,512,6,6
0,513,6,6
0,513,6,6
0,511,6,6
6,508,6,6
2,512,5,5
0,514,6,6
0,513,6,6
1,513,6,6
2,513,6,6
5,512,6,6
4,512,6,6
2,512,6,6
1,512,6,6
5,513,6,6
6,511,6,6
10,511,6,6
10,516,6,6
16,513,6,6
13,516,6,6
18,518,5,5
15,524,5,5
10,524,5,5
7,529,5,5
2,531,5,5
1,534,5,5
1,534,5,5
0,534,5,5
2,534,5,5
0,534,5,5
1,534,5,5
0,534,5,5
0,534,5,5
0,535,5,5
0,535,5,5
0,535,5,5
0,535,5,5
0,535,5,5
1,535,5,5
0,537,5,5
0,537,5,5
1,537,5,5
0,534,5,5
0,535,5,5
0,535,5,5
3,537,5,5
2,537,5,5
4,533,5,5
6,528,5,5
10,525,5,5
13,524,5,5
13,523,5,5
14,526,5,5
13,527,5,5
11,532,5,5
10,535,5,5
8,532,5,5
5,531,5,5
6,532,5,5
6,531,5,5
7,527,5,5
7,527,5,5
6,527,5,5
7,527,5,5
9,527,5,5
9,528,5,5
12,524,5,5
15,522,5,5
11,524,5,5
18,523,5,5
12,524,5,5
6,524,5,5
12,525,5,5
9,526,5,5
5,526,5,5
2,523,5,5
1,523,5,5
1,523,5,5
1,525,5,5
2,530,5,5
1,536,5,5
1,539,5,5
0,545,5,5
0,548,5,5
1,553,5,5
3,558,5,5
1,558,5,5
2,561,5,5
0,562,5,5
1,566,5,5
2,566,5,5
0,564,5,5
0,565,5,5
2,559,5,5
0,559,5,5
3,560,5,5
10,559,5,5
8,558,5,5
4,560,5,5
0,562,5,5
0,562,5,5
0,562,5,5
1,562,5,5
5,557,5,5
8,559,5,5
10,558,5,5
13,557,5,5
19,554,5,5
15,552,5,5
10,552,5,5
16,552,5,5
17,551,5,5
18,556,5,5
18,555,5,5
18,559,5,5
19,563,5,5
19,564,5,5
15,564,5,5
10,564,5,5
6,557,5,5
2,556,5,5
1,551,5,5
0,550,5,5
