2,118,36,42
4,118,36,42
6,116,34,42
10,117,36,42
15,117,33,39
15,117,37,40
16,118,37,41
16,117,36,41
17,117,35,39
16,116,35,41
18,115,35,41
19,116,35,41
21,116,34,39
24,116,33,39
26,116,33,40
28,116,35,41
31,116,35,40
33,116,34,40
34,115,34,40
36,115,34,39
36,116,33,39
38,114,34,39
41,116,33,39
46,117,33,39
48,116,33,38
51,116,32,38
52,116,32,38
54,117,33,38
57,115,33,38
60,116,33,38
61,116,33,38
63,116,32,38
64,116,32,37
69,116,32,37
72,115,31,37
72,116,32,37
74,115,32,37
75,115,32,37
80,116,32,37
82,115,32,37
87,115,32,37
90,115,32,38
93,114,32,37
95,114,32,36
99,115,31,36
101,116,31,36
104,116,31,36
106,115,32,37
109,114,31,37
111,114,31,37
115,113,31,36
118,115,31,36
121,114,31,36
123,114,31,36
124,115,31,36
128,114,31,36
132,113,31,36
134,113,31,36
137,112,30,35
139,113,30,35
141,112,30,35
144,113,30,35
145,113,30,36
149,115,30,35
150,112,30,36
152,112,31,36
153,110,31,36
155,112,31,36
159,110,31,36
161,109,30,35
164,111,30,35
165,111,30,35
165,111,30,35
169,110,31,36
171,109,31,36
174,109,30,36
172,109,31,36
175,108,31,36
178,109,31,36
182,110,31,36
183,110,31,36
183,109,31,36
186,107,31,36
190,107,31,36
191,108,31,36
193,108,31,36
195,108,31,36
199,108,30,36
199,108,30,35
202,106,30,35
205,107,30,36
207,105,31,36
208,105,31,36
212,105,31,36
213,105,31,36
213,104,32,37
215,104,32,38
217,104,33,38
220,104,33,38
223,104,33,39
226,104,33,39
228,105,33,38
231,104,32,38
232,105,32,38
235,103,32,38
236,104,32,38
237,104,33,38
240,103,33,39
243,102,34,39
246,103,33,39
248,103,33,39
248,101,33,39
251,100,34,39
251,101,34,39
254,102,34,39
256,102,33,38
256,102,34,39
259,101,34,38
263,102,33,39
266,102,33,38
269,103,33,38
270,102,32,38
272,101,32,37
273,103,32,37
275,102,32,36
277,103,31,36
279,102,31,36
280,104,31,36
282,103,30,35
285,103,30,35
286,103,30,35
