560,266,96,88
572,272,95,86
578,276,95,85
579,282,92,81
575,287,90,81
568,291,95,84
567,295,95,82
567,294,96,85
563,290,98,89
568,290,98,89
552,291,98,90
519,300,97,89
468,308,96,88
431,317,97,89
399,323,96,88
349,326,98,89
345,335,99,91
376,352,100,91
387,355,99,91
423,356,99,91
357,352,100,91
377,360,100,91
402,358,98,90
434,354,97,89
440,346,97,89
500,291,97,89
520,302,95,87
523,280,96,88
542,265,96,88
561,307,97,89
569,328,99,91
570,327,101,92
564,322,101,93
556,312,101,93
550,310,103,94
545,303,102,93
535,302,103,95
518,301,106,97
494,302,108,99
480,303,107,98
474,305,109,100
471,317,109,100
473,326,108,99
464,334,108,99
459,345,110,101
463,352,108,99
456,359,108,99
457,366,106,101
459,369,97,101
459,370,98,100
460,373,98,99
465,376,104,95
469,374,103,95
471,368,102,94
481,362,101,93
487,361,102,93
492,359,101,93
496,363,100,92
501,363,100,92
503,366,99,91
508,367,97,89
510,371,97,89
517,366,96,88
516,370,95,85
517,370,98,81
522,370,97,73
520,368,95,75
519,365,96,71
514,359,93,79
513,357,98,74
517,357,91,80
524,357,90,78
536,357,87,79
542,359,86,79
548,359,89,73
549,362,91,71
558,362,85,78
560,363,90,74
567,363,85,78
574,362,86,79
573,363,87,80
575,362,88,81
572,361,94,76
564,361,100,71
560,363,104,67
557,366,101,66
551,368,99,65
547,369,97,63
540,368,95,65
533,367,92,66
528,367,87,65
524,365,87,65
518,364,88,66
522,365,87,61
522,365,84,62
526,365,83,59
529,364,81,59
532,365,86,57
540,366,89,59
543,364,88,60
545,362,89,63
546,358,91,69
543,353,88,75
533,347,86,77
526,340,84,77
524,333,85,78
522,318,84,77
521,307,86,79
520,297,87,80
516,294,89,82
509,287,90,82
505,280,91,83
511,276,89,82
512,273,90,83
506,275,90,82
491,279,89,82
476,288,89,81
475,300,90,83
482,318,91,84
498,330,90,83
507,338,95,76
521,345,93,82
532,348,92,84
533,359,91,83
531,361,93,85
528,363,92,84
524,368,93,85
519,369,92,85
496,372,93,85
484,368,92,85
468,368,92,84
457,367,93,85
448,363,92,85
442,358,93,86
451,353,97,85
459,350,97,75
466,348,98,77
468,347,98,74
473,345,97,77
479,344,93,79
484,341,94,79
495,336,93,82
508,334,96,91
517,329,97,93
524,328,96,95
536,324,93,98
545,325,90,100
553,323,88,100
561,325,95,98
569,331,100,92
572,329,101,92
582,329,98,92
588,329,100,91
598,328,97,90
604,323,97,87
611,323,95,84
620,324,93,83
626,326,92,82
631,331,89,80
638,332,87,79
641,332,85,78
638,336,84,74
640,336,83,73
643,336,81,73
640,340,81,72
642,342,79,70
637,343,80,71
639,342,79,70
630,344,80,72
630,345,79,71
626,348,79,73
629,349,76,71
621,346,80,73
619,348,79,70
617,350,78,69
617,350,78,70
617,351,78,72
619,350,78,73
620,346,79,75
626,345,78,72
626,343,78,71
629,341,78,70
635,342,74,68
635,341,74,67
632,339,75,69
630,339,75,67
621,341,75,67
611,345,75,67
587,345,77,68
578,345,76,67
564,344,76,66
547,341,76,65
538,342,73,62
512,340,76,64
501,337,76,63
491,335,75,63
478,335,75,62
470,336,73,62
465,337,69,60
460,339,68,61
453,339,68,59
457,337,66,60
454,334,68,64
455,331,69,67
462,323,76,69
463,315,76,69
465,312,77,70
467,309,76,70
479,310,76,70
492,310,76,69
500,314,74,68
510,313,74,68
520,311,77,67
529,308,80,64
541,306,79,66
548,300,77,64
557,295,75,63
568,289,72,63
579,284,70,60
586,277,77,71
598,269,72,60
610,262,67,58
615,258,65,56
617,251,65,56
615,244,67,59
608,240,66,56
602,234,66,57
593,230,67,56
584,225,67,57
569,218,69,63
561,219,64,54
550,214,67,51
544,209,67,51
537,205,66,51
555,200,63,61
551,202,63,62
541,201,63,63
530,199,64,63
517,203,67,62
506,204,64,65
498,204,62,66
490,205,60,65
486,208,59,65
478,205,59,66
468,202,61,65
464,199,60,66
461,199,59,65
458,205,69,64
456,200,59,66
452,200,57,65
451,202,58,66
450,207,57,69
446,208,57,67
441,208,57,66
428,208,59,66
422,209,59,64
412,211,58,64
401,209,58,61
395,211,58,64
389,213,58,62
389,217,55,62
386,223,53,62
387,233,59,62
387,242,69,63
398,243,66,63
410,244,68,62
416,244,68,62
418,241,65,60
426,233,54,54
437,230,59,57
446,229,67,62
455,227,65,61
458,229,64,60
465,230,57,59
473,235,52,57
482,243,55,58
488,247,55,59
495,252,58,62
503,261,58,63
513,272,58,63
516,276,57,60
518,277,57,62
515,277,57,64
510,275,58,66
496,274,58,64
485,270,58,63
480,267,56,61
476,263,55,60
481,263,52,59
482,258,53,58
479,257,54,57
478,257,53,58
477,258,54,56
476,259,52,56
475,257,53,58
475,256,52,59
470,256,52,58
465,254,51,57
456,254,52,55
450,252,52,55
449,250,65,59
452,243,49,63
455,242,51,57
460,240,50,53
460,238,63,57
468,238,63,58
474,235,61,56
480,232,59,55
483,233,62,57
485,232,63,57
494,231,50,49
494,235,61,56
496,235,60,55
501,234,51,45
499,233,51,44
495,230,50,43
491,231,51,46
488,229,48,43
483,232,52,49
475,234,51,50
473,237,50,48
467,239,49,49
463,245,48,49
459,250,50,50
454,257,49,51
452,261,47,51
448,267,46,51
443,272,46,51
437,278,48,52
427,284,52,52
420,293,53,51
412,303,57,52
404,314,57,53
388,323,59,54
369,328,60,55
361,332,61,56
349,332,62,56
337,332,62,57
335,329,63,57
334,326,63,58
339,324,64,59
349,324,63,58
364,319,65,59
374,321,65,59
389,322,64,59
398,321,64,57
412,323,62,55
428,322,58,56
437,327,56,55
448,329,54,53
451,331,52,51
454,334,51,47
457,335,49,47
458,336,49,48
454,338,49,47
449,339,51,48
441,340,52,48
434,339,54,47
422,340,54,48
415,344,51,50
413,348,57,52
404,402,56,51
395,421,55,50
389,422,54,50
386,414,55,50
385,420,55,51
388,418,56,51
386,420,56,52
385,419,56,51
383,407,55,50
374,396,55,51
371,371,54,50
371,360,54,50
373,359,55,50
375,356,54,50
379,359,55,50
383,360,55,50
394,354,55,50
432,349,55,50
471,342,49,46
480,344,50,43
486,346,51,41
492,348,51,40
502,351,48,39
505,354,49,37
508,356,48,37
509,358,46,35
508,357,46,35
501,358,48,36
496,358,48,37
490,357,49,41
482,355,50,43
475,356,49,45
467,354,51,46
466,351,51,46
459,349,52,45
456,348,53,42
447,346,55,42
441,346,57,43
438,349,56,44
435,352,55,47
435,354,55,44
435,356,54,43
432,357,53,43
428,356,55,45
426,357,53,45
422,357,53,45
424,358,52,45
424,358,50,44
429,360,53,48
430,357,53,47
435,359,53,47
443,358,54,49
440,356,51,43
442,357,51,41
444,357,53,42
448,359,52,42
452,361,52,42
456,363,54,47
456,363,50,44
460,366,53,48
462,369,54,49
462,370,55,50
457,366,52,46
459,365,52,45
457,362,55,46
460,361,54,45
463,360,56,45
463,359,57,46
463,357,58,47
463,354,59,48
464,353,59,46
462,352,59,46
462,352,58,46
459,352,59,47
459,351,59,47
457,351,60,48
454,350,60,49
455,350,60,48
455,351,59,48
450,350,60,50
449,350,61,49
445,350,61,51
442,350,60,51
438,349,58,51
436,347,56,52
436,347,56,51
433,346,53,51
432,346,55,52
433,346,56,50
433,346,57,50
431,346,57,52
433,346,57,49
435,347,55,48
434,346,55,48
437,347,55,49
439,348,55,49
440,348,57,50
444,351,58,49
451,353,59,48
462,356,58,47
470,357,60,48
472,359,60,47
478,359,57,48
485,361,56,51
498,363,53,53
505,363,56,53
514,364,57,53
527,364,57,50
539,369,56,46
555,374,54,44
563,378,53,43
566,381,54,42
570,383,52,41
571,384,51,40
569,384,52,42
571,384,51,39
572,383,51,40
570,383,53,41
572,380,54,43
575,378,53,46
577,374,54,48
579,373,53,49
582,374,52,48
584,374,51,48
590,373,50,47
593,371,51,49
597,370,50,48
598,371,51,50
602,374,50,48
609,377,49,46
615,380,49,45
618,382,49,46
624,384,49,45
625,381,50,47
623,376,51,45
611,370,52,47
602,368,52,46
595,366,50,45
590,367,49,44
581,366,49,46
574,364,49,45
570,361,48,44
567,358,48,44
567,356,48,43
567,356,46,41
568,355,46,41
571,355,47,43
575,356,48,43
581,357,48,45
591,359,46,43
595,360,46,43
598,360,44,43
594,361,45,44
590,363,45,42
582,363,47,43
578,364,47,42
575,366,47,42
573,365,47,43
569,363,48,42
567,355,51,45
563,355,50,45
557,356,50,46
554,356,50,46
552,356,51,47
546,361,52,47
539,367,53,48
536,368,53,48
532,368,52,46
529,367,52,44
528,364,52,44
529,362,52,43
529,361,52,42
529,361,51,42
530,361,51,42
532,360,51,42
534,361,51,43
538,358,52,44
542,355,53,45
545,353,54,46
547,352,56,46
551,353,55,48
550,353,56,48
551,353,56,49
548,352,56,49
548,353,56,50
544,351,56,49
541,351,56,51
539,351,57,49
539,351,57,49
538,350,58,50
537,350,58,49
536,350,58,49
533,349,57,50
529,348,57,50
525,348,57,48
521,349,56,48
519,350,57,48
518,352,58,45
521,352,57,45
523,351,57,44
529,349,57,45
534,347,58,45
538,346,60,46
546,346,61,46
554,346,58,49
561,349,56,52
559,351,57,52
556,355,57,52
555,358,58,52
552,359,59,50
549,359,61,50
548,359,60,49
544,357,60,49
544,355,59,49
544,354,60,48
545,354,61,47
548,356,63,51
550,361,65,50
555,366,62,51
560,368,61,54
561,370,62,53
566,370,61,53
564,370,65,49
563,371,64,47
564,374,64,46
566,379,61,45
572,383,60,47
574,383,62,48
574,381,62,53
571,377,60,55
561,371,60,55
556,362,60,55
548,355,61,56
539,354,63,58
531,355,63,58
524,353,64,59
522,347,66,60
524,346,67,61
522,375,67,61
514,396,68,62
511,411,68,63
512,411,68,60
521,410,68,60
527,412,69,60
537,414,69,59
545,414,71,61
549,415,72,60
554,417,71,59
560,422,70,60
562,424,71,60
564,422,73,61
564,424,73,62
561,425,73,61
560,423,75,63
559,422,75,64
556,421,76,64
555,420,77,64
555,420,76,63
558,421,75,61
559,419,76,63
563,419,77,62
563,419,76,63
563,420,76,65
563,418,78,66
566,416,80,66
569,415,80,68
569,414,81,68
568,415,80,67
565,414,82,68
560,410,85,68
558,413,84,68
554,412,84,68
553,415,84,73
548,415,87,71
547,419,87,73
549,425,85,74
547,424,87,70
549,427,85,66
549,426,85,67
551,425,86,67
550,424,85,68
548,424,84,66
548,423,84,67
550,425,83,63
549,425,83,67
553,429,82,71
552,428,83,71
544,427,84,72
541,424,83,70
540,421,84,68
529,416,82,70
525,413,83,69
524,411,85,66
525,413,82,70
525,413,81,72
507,406,83,73
486,398,85,69
488,408,81,71
483,405,82,69
475,404,80,70
475,405,82,66
475,406,81,69
465,406,84,66
453,404,85,60
458,402,85,64
439,392,83,61
428,379,84,63
446,377,81,69
439,365,81,67
431,351,84,62
434,343,83,64
442,336,82,62
440,326,80,62
438,315,82,61
428,297,81,64
420,280,76,70
447,298,76,70
440,288,77,71
453,280,76,70
446,268,76,70
414,236,77,71
409,227,77,70
403,221,76,70
402,216,78,66
402,213,80,61
402,211,79,60
412,209,77,60
413,204,79,60
408,199,79,59
404,196,80,59
400,193,78,59
394,187,79,60
387,184,79,60
380,180,79,60
376,179,77,62
373,176,76,64
375,173,75,67
369,173,76,65
368,173,74,68
364,170,75,69
364,176,74,68
363,179,74,68
362,181,74,68
359,185,73,67
359,184,74,68
358,177,75,69
357,174,75,68
355,173,74,68
353,171,73,67
351,172,73,67
350,170,71,65
346,173,72,66
342,176,73,67
339,173,74,68
340,174,75,68
331,177,75,69
322,178,77,70
317,182,79,73
309,184,80,73
306,190,80,74
305,194,80,73
298,195,81,74
297,197,80,74
298,198,78,72
300,201,79,72
300,203,79,73
296,202,78,71
336,212,77,71
346,221,78,71
408,237,78,72
446,263,80,73
461,271,82,64
463,270,86,65
465,268,90,66
467,266,89,72
502,269,84,76
513,265,83,74
513,258,84,77
516,251,85,78
504,236,86,75
521,236,90,75
527,233,86,79
526,232,87,72
535,231,87,74
537,231,87,73
534,231,88,73
536,231,88,72
529,228,93,74
522,230,94,75
520,230,93,76
517,229,93,73
508,230,92,72
496,234,92,85
503,226,95,76
490,220,96,74
498,212,95,77
495,210,96,88
501,199,93,78
496,192,95,77
493,185,96,77
489,177,94,77
443,156,96,68
418,134,99,73
391,117,97,85
377,107,95,87
367,102,95,87
372,103,94,86
378,105,93,85
377,103,91,84
386,122,93,86
415,202,93,85
415,217,93,85
411,210,94,86
406,218,94,86
408,230,94,86
413,233,94,86
423,228,97,78
438,228,92,72
449,224,93,73
471,216,91,76
480,204,92,79
447,202,91,75
444,188,94,71
471,185,92,74
498,178,93,78
512,175,95,77
523,173,94,73
520,172,94,72
526,173,94,68
526,173,97,66
519,171,99,69
516,172,100,68
519,174,99,68
513,174,101,71
513,173,102,73
510,174,105,77
481,178,100,83
473,183,101,84
496,185,97,89
484,210,97,86
479,222,98,86
480,231,100,88
486,250,99,91
482,260,99,91
503,244,99,91
515,235,98,90
527,243,99,91
506,288,96,89
511,305,97,82
516,318,94,82
530,330,97,89
540,327,93,79
557,328,95,78
571,335,96,79
582,338,97,78
585,336,98,79
589,326,100,83
594,324,97,81
603,321,98,81
612,319,96,81
627,317,96,82
648,317,92,81
656,310,95,84
659,314,98,89
661,316,101,93
668,299,99,90
673,318,100,92
676,320,99,90
678,317,92,85
673,323,94,89
662,335,96,90
655,354,95,87
648,368,97,87
637,381,98,89
634,404,97,87
631,421,98,86
632,435,99,81
649,454,98,88
638,454,99,83
628,452,100,79
630,459,99,84
617,459,101,80
613,458,105,82
615,460,104,83
615,467,101,81
620,469,99,74
620,473,98,70
617,479,92,67
617,482,90,65
628,481,88,65
638,477,86,67
646,470,87,71
649,469,86,71
649,470,87,70
649,469,88,71
647,471,89,71
648,471,89,71
650,470,86,71
651,470,85,70
649,471,85,67
646,471,91,67
650,469,90,69
651,471,88,69
650,474,88,68
651,472,92,67
651,474,91,65
653,476,90,64
655,475,87,65
658,477,83,64
659,475,85,66
663,473,82,65
663,470,83,68
662,466,83,69
660,462,85,71
