240,68,31,29
240,68,30,28
240,69,32,27
240,70,33,25
240,70,34,25
240,69,32,29
245,70,33,31
242,68,33,31
244,68,34,31
246,70,33,31
244,69,34,31
246,71,33,31
247,69,33,31
245,70,34,31
247,72,33,31
249,72,33,31
249,71,33,31
248,70,33,31
249,73,33,31
250,73,33,31
251,74,32,30
253,74,32,30
250,74,33,31
249,75,33,31
251,75,33,30
254,76,33,29
256,76,30,28
243,74,34,31
245,75,34,31
252,77,35,31
248,75,35,32
248,75,35,33
246,76,35,33
249,77,36,34
249,76,36,34
249,77,37,34
248,78,36,32
248,77,36,32
249,78,35,31
252,79,35,31
252,79,34,30
253,79,33,29
253,80,33,29
256,80,34,29
256,79,34,31
257,80,35,31
257,79,34,31
259,81,34,31
260,81,34,31
261,81,33,31
265,83,32,28
270,84,32,28
274,85,31,27
273,85,32,28
274,85,32,28
273,85,32,29
276,85,31,28
279,86,30,27
280,87,30,27
282,88,29,26
290,88,30,28
295,91,30,28
281,92,30,28
293,90,30,28
292,81,30,28
291,84,30,28
295,87,30,28
293,90,29,26
289,92,28,26
298,90,29,27
292,93,28,25
294,91,29,27
297,91,30,26
298,92,31,29
299,92,31,29
298,93,31,28
301,93,32,28
315,95,31,28
319,96,31,27
323,97,32,28
327,98,33,29
329,98,31,27
333,97,31,28
338,98,31,29
340,98,31,29
344,99,31,29
345,102,31,29
341,99,32,30
340,99,32,29
345,101,31,29
346,101,32,29
351,102,32,30
353,102,33,30
355,102,33,30
357,102,33,30
361,103,33,31
363,103,34,32
366,104,34,32
369,105,34,32
372,105,34,32
376,106,33,32
380,107,34,33
384,108,33,32
388,109,32,32
388,109,35,34
393,110,35,34
396,111,35,34
398,112,36,34
402,112,36,35
403,114,37,36
405,115,38,36
407,116,37,37
410,117,38,36
412,119,38,36
414,120,37,36
418,121,38,35
425,121,37,38
429,123,38,38
428,124,37,38
431,126,38,38
435,127,40,38
435,129,37,39
437,130,37,39
438,131,38,39
438,133,37,40
440,136,36,40
440,138,38,39
442,140,39,39
439,141,39,39
444,143,41,39
441,145,41,39
438,148,40,40
436,150,40,40
430,153,40,39
428,154,40,40
426,156,40,40
421,159,41,40
421,161,41,40
418,164,41,40
409,167,41,41
407,170,40,42
405,171,41,44
402,173,43,45
395,177,41,45
392,180,42,45
385,184,41,45
376,189,41,43
370,191,43,46
362,195,41,46
357,202,41,44
354,207,43,45
345,211,45,47
337,214,46,47
320,219,45,45
312,224,43,46
311,228,49,46
296,233,44,47
289,238,50,47
281,242,50,47
266,247,51,48
256,252,52,49
240,257,53,50
227,262,54,50
207,267,56,52
193,272,57,53
185,280,59,55
171,284,59,55
147,295,59,55
132,305,59,56
114,318,59,55
82,331,58,55
61,345,58,54
35,358,57,53
