470,230,125,289
470,227,128,287
476,229,120,282
473,231,120,283
469,229,126,292
473,224,121,296
471,230,122,291
467,223,125,289
472,231,121,289
472,234,122,284
470,224,124,294
471,232,124,292
468,230,123,291
473,229,123,290
472,222,123,290
472,231,121,287
474,226,120,286
477,231,119,289
475,231,118,288
472,232,121,288
476,231,113,292
469,231,119,290
469,236,119,287
468,233,117,283
466,234,116,279
461,233,119,283
456,236,121,284
457,240,119,285
455,233,116,289
454,242,115,281
450,236,116,287
448,236,114,285
442,237,115,286
439,238,117,284
435,233,118,275
434,241,121,279
433,244,121,279
429,238,119,276
430,242,119,274
430,240,117,274
431,238,116,280
434,239,114,280
430,240,118,275
429,239,117,277
430,240,117,281
434,240,114,283
434,238,119,285
433,239,116,290
432,236,121,293
435,237,120,290
434,237,119,286
436,241,120,284
429,234,122,288
431,238,121,289
435,239,115,289
433,240,115,285
430,241,119,288
427,238,122,292
428,243,118,281
431,240,115,286
430,242,116,283
429,241,116,281
428,235,118,283
426,242,118,282
428,234,120,283
429,239,117,284
428,235,117,287
428,229,120,287
430,236,118,280
432,239,117,277
431,242,117,278
431,240,120,282
429,235,119,285
431,236,118,285
432,238,117,283
430,232,121,280
432,237,118,281
430,237,119,281
429,242,120,285
429,240,123,285
430,238,125,287
428,236,126,290
427,237,124,287
425,233,124,289
427,237,123,292
427,239,122,291
426,235,121,293
425,233,122,292
425,236,126,289
426,234,122,293
426,234,125,289
425,232,122,292
430,235,120,288
426,231,126,293
426,228,121,296
427,231,124,297
425,233,125,293
425,231,124,299
426,230,121,299
427,230,117,298
427,231,119,291
426,232,115,289
425,236,119,288
424,234,119,296
427,235,114,297
425,233,116,302
427,234,118,303
429,235,116,304
430,233,115,308
431,234,115,303
430,233,114,299
431,226,117,287
428,212,124,288
433,211,123,290
432,207,127,284
430,207,124,289
433,208,124,289
433,203,129,290
436,208,123,296
438,212,123,294
440,216,120,296
445,219,115,298
449,229,111,297
449,232,115,298
447,229,113,303
447,229,112,298
447,232,111,291
447,232,110,294
443,229,113,296
446,229,114,295
443,231,114,293
442,232,118,291
441,232,119,295
440,236,120,297
438,234,120,299
439,238,124,289
438,230,118,296
431,229,115,298
432,229,115,296
429,231,115,289
427,231,112,293
424,231,108,300
427,233,105,295
424,232,108,292
424,234,106,290
424,236,108,284
424,234,115,287
422,237,114,288
421,238,115,285
421,240,117,290
422,239,118,290
422,239,119,292
425,236,125,305
425,233,126,298
427,228,129,298
424,230,130,302
428,231,130,303
429,222,132,302
431,230,128,300
433,231,130,302
437,231,129,299
444,233,129,306
442,230,123,305
444,225,130,297
444,229,131,302
442,219,129,297
453,232,128,297
453,230,127,297
452,222,128,297
446,230,131,300
451,234,125,296
452,230,124,296
450,231,124,293
452,234,122,300
450,234,124,297
450,232,121,301
447,234,124,298
449,237,123,292
449,234,122,295
445,237,121,296
441,236,120,301
436,234,115,304
428,232,112,305
430,233,119,309
420,228,116,312
414,229,114,306
405,231,110,298
400,232,111,289
395,231,110,293
392,236,105,285
390,231,104,278
385,227,101,276
375,229,98,273
371,229,101,277
360,234,106,276
350,236,110,289
337,237,110,290
326,239,115,297
321,236,111,296
313,232,113,296
306,235,112,292
301,234,112,290
294,235,108,291
290,232,109,292
290,233,103,278
286,239,99,270
281,240,98,271
276,242,98,269
266,241,98,264
264,234,96,269
255,232,100,266
251,235,100,264
244,235,102,267
245,236,101,276
237,233,102,276
232,232,103,276
227,230,100,268
213,230,104,274
207,228,103,271
199,224,104,279
197,224,104,278
194,221,102,285
194,227,103,281
185,224,104,272
180,226,100,275
177,224,104,282
174,225,101,288
158,223,104,294
155,226,109,293
150,221,112,297
142,221,111,308
136,218,111,304
125,216,114,311
118,222,115,305
114,220,110,299
101,224,116,299
97,226,110,305
92,221,108,300
87,222,109,294
87,231,109,297
81,231,113,301
74,224,115,307
63,219,118,317
57,222,116,319
49,229,126,292
49,224,125,289
42,234,126,292
34,235,126,291
33,236,123,285
29,235,125,288
27,226,125,288
26,219,126,291
28,235,125,289
32,235,123,283
24,225,126,292
25,231,128,296
25,225,129,298
16,219,131,302
21,223,130,302
17,218,133,306
14,231,131,303
17,228,132,311
22,228,127,317
21,224,127,316
21,227,129,315
27,225,125,324
35,223,118,321
43,219,118,318
52,226,116,316
67,223,114,301
68,224,114,300
65,229,116,310
69,227,117,310
80,225,110,299
81,222,111,309
86,224,113,304
90,220,113,315
101,217,112,314
106,218,113,311
116,218,109,305
119,225,110,298
120,230,108,297
124,231,106,300
139,224,106,290
140,225,106,291
146,227,105,288
159,229,104,272
171,229,108,267
176,228,107,268
188,229,106,262
191,225,106,269
199,230,103,259
200,229,103,266
205,232,105,264
207,232,107,265
214,235,107,269
226,233,107,271
236,238,110,272
237,233,105,270
248,236,106,269
255,232,109,269
256,230,105,282
260,227,115,279
268,229,111,279
271,224,112,285
289,228,107,270
295,226,105,276
296,231,103,284
302,235,102,277
313,226,99,288
314,233,104,288
318,232,102,285
324,229,105,288
332,231,105,279
338,230,111,286
344,226,112,287
348,228,111,291
351,224,112,288
356,225,109,292
364,226,112,289
369,223,111,291
372,226,111,292
381,225,111,295
389,225,109,294
395,227,107,286
405,223,104,283
411,223,105,285
414,223,108,286
420,221,113,292
425,222,109,294
426,224,108,289
429,224,112,285
432,222,112,296
439,223,114,295
444,224,115,295
448,224,113,298
448,223,117,303
468,222,107,290
463,220,116,307
474,220,112,308
479,223,115,308
484,221,117,307
495,220,112,303
496,223,117,303
497,222,120,310
500,220,119,309
503,217,122,311
507,217,124,315
507,215,127,320
510,217,128,310
513,213,127,305
512,223,126,300
509,219,123,299
512,220,123,301
517,220,118,302
518,217,114,301
511,219,119,299
511,219,120,304
508,218,121,302
503,225,125,295
505,226,122,295
499,228,123,294
495,226,121,299
488,223,122,292
486,225,123,292
477,227,125,294
477,216,127,293
474,227,125,294
470,229,127,295
469,219,128,297
468,217,127,296
467,226,127,302
467,229,128,302
462,217,129,301
468,226,121,303
468,231,122,294
468,230,123,292
469,228,122,298
470,227,121,299
467,225,123,296
469,225,122,297
469,227,124,299
472,228,123,300
469,225,123,294
470,225,123,293
469,229,123,296
471,233,122,289
472,230,122,292
472,229,121,295
471,229,124,297
472,227,122,297
472,225,122,301
469,229,124,297
467,228,127,297
468,230,126,300
467,229,127,299
475,231,121,298
473,231,124,299
476,229,127,306
478,229,123,302
480,228,122,298
483,226,115,304
493,230,112,297
498,228,112,303
503,231,111,298
510,233,109,297
508,234,111,294
517,231,114,293
515,231,117,289
516,230,118,291
522,229,113,292
526,227,111,292
529,228,110,299
531,231,108,295
532,229,108,292
534,228,105,298
535,226,109,295
536,232,106,288
537,230,108,294
536,230,105,294
537,230,109,297
534,230,107,294
535,233,110,289
532,231,112,280
529,233,111,282
529,237,112,280
531,235,108,278
529,238,112,276
530,236,102,281
529,236,105,281
531,239,101,279
534,236,105,276
535,239,102,279
533,236,101,281
533,241,102,279
536,240,105,272
536,247,103,270
536,246,103,270
534,255,106,254
536,242,101,259
532,245,107,256
528,248,108,249
523,255,108,249
530,252,104,255
526,250,104,249
526,257,106,244
525,256,106,244
525,255,99,256
524,252,97,259
519,248,98,264
513,248,101,261
511,244,100,267
514,245,99,267
512,249,101,268
511,245,100,259
512,251,101,255
510,251,104,252
508,258,102,248
511,260,103,237
510,258,99,245
513,255,97,248
512,256,101,241
513,263,102,244
513,261,100,238
514,258,101,241
516,254,97,253
520,249,95,256
520,253,98,252
525,252,93,264
525,252,99,257
522,256,102,253
520,253,100,252
523,250,99,263
523,248,97,263
521,245,95,265
524,246,93,266
524,241,92,271
522,244,94,266
522,249,97,263
520,252,94,261
519,248,96,261
515,251,95,259
521,246,94,267
519,245,95,268
518,248,97,262
519,247,95,268
519,247,96,263
519,248,92,264
520,248,96,259
521,248,93,261
522,246,91,257
523,247,94,263
524,244,91,265
522,246,95,264
521,253,99,259
525,251,96,258
525,243,90,261
525,250,97,256
523,246,96,264
526,240,91,267
526,240,91,269
522,248,95,265
525,247,95,268
518,255,101,254
516,255,100,254
519,250,100,261
525,246,96,267
522,243,96,267
517,249,98,259
518,246,96,258
515,246,98,261
510,246,97,255
515,248,99,256
516,252,99,257
514,249,101,255
518,248,99,262
517,242,101,263
517,248,98,263
518,243,95,263
519,246,100,251
516,253,98,246
521,245,92,264
521,253,101,253
523,249,99,256
523,245,98,264
524,250,97,257
522,249,101,254
524,244,97,266
525,243,96,269
525,246,97,269
525,244,94,274
525,249,94,262
525,248,92,264
524,249,98,263
525,248,98,263
525,244,98,266
523,244,92,265
521,248,95,258
520,256,97,252
518,250,97,250
523,254,95,253
522,254,95,252
523,262,99,239
526,252,90,258
526,251,88,257
527,252,89,253
528,251,89,248
529,260,91,239
527,253,84,255
527,266,92,236
529,256,87,245
527,255,88,250
528,253,87,248
530,253,88,247
529,259,88,246
529,253,89,249
529,258,91,239
526,253,90,243
525,255,92,243
528,254,91,245
524,254,90,252
522,250,93,254
525,259,101,240
527,248,91,259
519,253,97,247
520,255,102,235
526,255,96,242
526,256,93,252
523,263,98,244
525,250,91,259
522,253,96,251
525,247,92,256
524,249,94,256
522,258,99,246
524,249,92,259
526,251,96,250
525,249,93,258
524,249,94,260
526,246,91,264
524,246,97,255
524,248,93,254
526,252,92,256
525,253,92,253
527,253,90,260
527,253,93,253
524,249,95,254
516,246,95,258
522,242,88,273
520,242,91,266
520,248,91,264
517,244,90,265
517,252,94,256
516,254,96,253
518,246,92,263
515,244,89,265
511,241,90,270
509,240,89,270
501,245,96,256
504,243,100,252
500,248,97,254
500,243,89,266
497,238,88,271
505,237,87,260
500,239,87,264
490,239,93,264
489,242,87,269
491,242,86,263
486,242,89,265
485,243,90,260
485,242,90,260
479,241,92,269
480,241,90,258
475,240,93,267
470,238,97,272
470,238,95,267
467,237,96,262
459,236,100,263
453,234,102,279
444,235,101,278
448,234,101,282
434,231,97,300
428,234,100,287
417,234,102,285
412,242,103,280
411,237,104,281
406,239,101,272
408,238,104,277
405,241,104,274
401,243,101,273
400,241,103,278
397,238,102,279
390,238,103,282
391,241,101,278
390,241,106,282
389,238,105,281
386,239,107,286
382,239,109,278
380,238,112,285
383,239,103,278
375,238,106,275
374,240,103,269
375,242,103,262
372,242,98,267
372,237,96,266
379,240,88,258
371,243,89,254
375,243,92,246
373,244,88,244
378,246,91,247
372,256,95,249
373,251,94,255
371,258,100,242
367,261,96,249
377,256,95,244
384,251,98,254
385,257,100,252
388,252,92,250
385,255,95,249
391,252,90,249
389,254,91,246
383,259,88,238
396,254,89,243
404,254,91,246
405,257,89,242
408,257,89,247
418,253,85,248
416,249,88,253
420,252,87,253
421,251,87,249
433,251,88,252
432,247,90,255
429,244,90,253
432,250,92,253
437,243,96,254
442,243,97,259
444,242,102,263
448,243,102,265
456,238,100,267
463,237,100,276
469,239,101,273
473,241,99,264
474,236,99,264
482,240,99,267
487,233,97,272
496,232,91,268
497,235,88,273
498,237,90,273
498,234,91,279
501,232,90,286
505,232,92,288
508,230,95,284
503,243,107,248
507,241,107,248
509,244,106,246
511,248,106,245
513,241,104,240
515,253,103,238
516,247,104,240
515,242,105,243
517,245,104,240
518,250,102,237
513,247,104,239
522,244,104,240
519,252,103,238
520,251,101,234
515,252,103,238
515,255,103,239
511,245,104,241
507,247,104,241
506,248,105,243
507,249,103,239
501,248,103,237
503,256,103,237
498,253,102,237
496,254,101,234
491,246,103,239
487,244,105,243
489,249,104,241
485,261,102,236
485,252,104,239
479,255,104,239
478,253,103,239
476,247,103,238
471,256,102,235
472,252,101,233
467,254,101,232
469,263,98,227
470,254,99,229
457,258,99,230
453,259,100,231
452,259,98,228
445,259,100,232
441,257,100,231
441,261,101,234
439,260,102,235
435,254,101,233
440,262,99,228
438,258,99,229
441,260,99,228
444,260,98,228
437,257,98,228
450,255,99,229
444,256,100,232
441,262,98,227
454,266,99,229
452,261,100,231
448,259,99,228
452,264,98,226
456,266,98,227
458,269,98,227
451,263,98,227
452,259,99,229
459,260,99,228
459,263,99,228
456,268,99,230
458,266,99,228
458,264,100,230
458,260,99,229
456,268,100,230
451,264,101,232
454,264,101,234
454,258,101,233
454,263,100,232
448,262,99,230
449,260,100,232
450,259,100,231
452,258,99,229
451,261,100,231
446,261,100,232
451,266,98,228
453,261,100,231
455,261,100,231
452,260,101,233
456,261,100,232
451,258,99,228
451,261,99,230
456,260,99,230
457,264,101,233
459,259,99,229
454,261,100,230
454,265,100,232
463,265,101,233
455,255,101,234
460,263,101,233
461,256,102,237
461,255,103,238
459,255,103,237
462,259,102,235
456,257,103,238
457,260,102,236
464,258,101,234
462,257,101,235
463,260,101,235
458,257,103,239
465,254,102,236
460,262,102,236
467,260,100,232
466,259,99,228
467,258,99,228
461,268,99,230
454,263,100,231
461,262,100,232
455,259,102,235
459,261,102,235
464,257,100,232
458,259,101,235
461,257,102,235
456,256,102,237
465,260,101,234
462,257,101,233
461,255,101,233
465,265,100,232
463,261,100,231
461,262,100,230
459,262,100,232
462,257,100,232
464,251,101,235
467,261,100,231
458,257,102,236
463,254,104,241
460,250,106,245
461,251,107,248
461,256,104,241
460,255,103,239
460,257,104,239
458,259,102,237
463,256,102,235
464,256,103,237
466,258,103,239
462,260,102,236
466,254,103,237
460,259,103,237
464,255,105,242
465,255,104,240
466,254,105,243
464,253,105,242
457,251,105,244
459,249,107,247
462,252,106,246
458,251,105,244
455,250,106,246
458,247,106,245
462,252,104,241
461,247,105,242
461,253,103,247
462,251,106,244
464,250,106,245
463,257,103,239
462,253,103,237
459,257,100,232
465,256,99,229
465,264,98,226
463,258,97,232
467,259,100,231
462,253,100,238
464,259,101,233
470,260,101,232
467,256,99,246
465,253,104,241
461,249,105,243
466,256,105,244
468,246,103,246
467,253,104,240
467,253,103,238
464,252,102,237
471,259,99,229
462,258,98,227
467,266,98,227
466,255,98,235
472,264,99,230
470,258,101,233
474,256,100,232
472,253,100,232
469,253,100,232
469,254,100,232
470,261,102,235
466,258,101,234
470,256,102,236
469,257,102,235
468,253,99,230
472,259,98,227
475,264,97,224
470,258,97,224
472,256,96,223
473,257,99,228
473,254,99,228
474,253,98,234
471,255,98,228
474,254,97,225
471,256,98,227
467,253,99,228
470,256,98,226
472,257,98,227
468,255,100,230
469,258,100,231
461,257,100,230
468,262,100,231
466,257,100,231
467,254,100,231
464,263,99,230
464,256,101,234
470,256,101,233
468,255,100,231
468,260,99,230
474,259,98,236
473,258,102,235
477,252,102,236
478,257,100,243
480,253,104,241
480,256,102,236
479,253,102,237
480,255,103,238
488,252,101,245
485,249,103,249
491,245,104,254
492,240,102,258
493,239,99,271
493,238,99,265
498,243,96,272
501,236,93,280
506,233,93,282
505,233,93,278
497,243,99,264
498,238,97,261
496,242,100,254
503,245,92,266
500,251,98,252
496,244,99,254
506,240,91,274
506,240,92,272
506,237,90,274
505,239,91,276
504,239,91,271
498,243,95,265
497,240,94,273
490,246,105,253
486,244,103,259
493,244,95,273
493,245,99,265
483,253,106,245
498,249,94,265
492,249,99,264
493,249,97,258
499,243,94,267
501,240,94,270
501,240,96,268
504,245,95,268
508,243,96,261
515,239,92,274
517,246,95,259
522,243,85,266
529,243,86,266
536,243,83,267
543,243,79,262
547,240,81,260
556,238,80,256
566,243,84,256
570,239,86,262
574,241,85,265
579,240,86,264
580,250,93,246
584,254,101,233
588,255,100,232
599,247,102,236
598,249,102,235
604,250,102,237
614,253,102,236
628,250,96,243
628,261,100,232
635,255,95,247
639,257,96,241
646,251,90,252
651,255,85,254
647,258,96,232
651,255,92,242
656,261,92,242
655,258,96,230
662,254,91,238
668,253,88,243
670,255,94,238
677,251,84,251
686,251,84,251
690,252,83,244
693,256,82,238
695,256,83,238
697,256,84,239
699,261,88,226
699,262,88,226
703,264,87,222
703,270,91,210
708,266,90,215
707,270,92,219
709,269,94,218
713,267,94,218
721,264,93,220
720,265,96,221
724,260,94,218
723,262,97,223
724,256,99,228
730,256,99,228
728,262,98,227
727,261,96,222
734,262,95,220
732,266,93,215
736,264,93,215
734,256,93,216
731,261,93,214
734,265,92,213
732,267,93,216
726,263,94,217
728,262,94,217
729,264,94,216
734,269,95,219
727,264,93,215
723,265,91,211
727,264,91,210
726,268,90,208
721,266,90,208
723,261,90,208
723,264,90,209
725,264,90,208
724,263,91,211
720,262,91,211
720,258,93,215
719,259,91,211
721,261,92,212
724,262,90,209
714,261,92,212
717,263,90,209
716,264,91,211
713,260,93,214
713,258,94,218
713,258,94,218
714,259,95,219
707,263,95,221
701,255,98,226
698,256,99,229
694,253,100,230
695,251,101,234
688,251,103,239
683,247,103,238
682,252,103,238
673,246,104,240
678,241,104,241
666,242,103,239
669,242,100,238
674,247,101,234
666,245,100,230
670,250,100,231
671,254,100,230
667,247,102,236
659,244,101,232
655,248,102,235
653,241,103,238
652,240,104,241
649,240,103,238
647,241,102,236
654,241,101,233
653,245,95,251
653,239,90,253
657,245,84,244
646,251,102,236
641,258,102,235
643,250,102,235
596,259,101,235
584,257,102,236
583,266,99,237
579,251,102,237
581,242,103,238
581,247,103,239
581,242,103,239
577,243,102,237
576,235,103,238
569,236,104,241
563,235,104,240
560,238,105,242
555,240,103,239
547,237,104,239
546,243,105,243
539,236,104,248
535,238,102,260
524,234,102,261
516,238,104,257
508,240,106,254
502,238,101,261
497,233,100,266
490,236,106,256
485,230,99,270
476,231,107,252
477,233,108,251
473,239,106,253
467,237,105,259
459,244,106,244
455,237,103,258
448,234,106,244
449,242,101,249
446,237,99,263
438,232,96,269
440,236,91,267
428,235,93,268
422,240,100,258
421,237,97,263
421,235,98,255
412,234,104,257
409,236,107,254
408,236,105,260
400,240,107,257
402,236,107,254
400,239,108,261
402,234,108,262
399,233,107,268
402,233,105,269
405,232,102,271
403,237,102,271
410,232,101,270
409,230,101,274
410,232,101,271
412,230,101,274
405,234,107,270
406,226,107,263
408,226,112,258
414,231,109,265
412,226,113,260
413,230,113,261
412,226,113,261
415,223,114,263
421,223,112,260
418,225,112,260
419,228,114,263
417,229,112,268
418,227,113,261
430,230,113,262
426,228,111,258
433,231,112,259
430,228,113,261
431,224,113,261
439,228,110,275
439,228,115,265
443,227,115,265
448,228,112,267
449,227,115,267
445,223,116,268
453,224,115,266
450,228,114,264
453,231,115,266
451,221,116,269
450,222,117,270
456,233,118,274
451,218,116,273
448,235,117,271
441,228,117,270
444,225,117,272
447,224,116,269
439,227,116,269
440,224,118,273
437,229,116,268
440,217,115,265
443,234,116,267
442,231,116,267
449,232,116,269
448,236,114,269
447,235,114,263
443,233,114,264
447,231,114,264
451,231,114,264
448,230,113,260
447,239,112,258
444,230,112,260
439,231,112,258
441,233,113,262
444,232,111,256
444,231,110,253
442,240,108,251
438,238,108,250
441,239,109,252
438,244,107,257
432,239,110,253
436,234,109,252
432,234,108,255
430,232,106,255
430,237,107,254
428,232,109,251
431,238,108,249
429,237,108,250
429,238,107,247
426,239,107,247
429,236,106,246
426,239,106,245
430,246,106,245
433,235,109,251
429,239,108,250
436,242,108,249
435,237,108,249
432,238,107,248
429,237,108,249
434,233,110,254
430,229,109,253
430,233,110,253
431,235,111,256
433,233,110,254
433,241,110,254
429,240,110,254
431,240,108,249
429,232,108,250
430,245,107,248
435,239,108,251
436,238,108,249
426,245,109,251
431,238,111,256
431,233,112,258
431,237,109,276
427,234,113,268
425,237,113,270
425,233,115,269
427,228,114,264
430,228,114,268
425,230,114,273
426,231,117,270
429,228,116,267
423,236,110,273
433,228,114,265
428,228,113,261
427,232,112,264
432,226,114,262
430,234,114,264
429,229,115,265
432,222,115,267
432,229,115,270
431,223,117,271
429,229,116,281
427,227,119,281
428,228,118,278
430,222,118,274
423,229,114,277
425,233,115,279
423,232,113,283
428,219,116,277
426,232,113,279
427,234,110,287
423,231,112,284
424,235,114,287
425,233,113,291
425,238,115,287
424,242,115,280
425,249,118,284
420,240,121,281
432,244,119,286
430,248,117,282
422,245,116,277
434,231,113,289
434,220,116,286
433,213,121,284
427,207,123,285
429,198,124,287
427,204,123,281
431,205,121,282
432,202,121,280
435,206,121,283
435,209,122,284
442,212,119,280
443,228,114,292
445,232,116,291
446,239,113,290
442,237,113,288
443,239,112,287
441,234,117,285
445,238,115,284
444,235,116,280
441,232,120,283
445,240,119,283
444,236,117,283
444,231,119,276
440,240,119,275
439,240,115,277
437,237,117,279
442,233,119,275
436,231,119,275
436,241,118,273
438,234,116,269
431,244,113,271
429,234,115,273
432,236,117,270
431,229,118,272
432,231,116,276
419,233,114,276
428,234,114,271
426,232,113,272
427,231,115,266
428,235,114,263
426,235,110,274
428,231,113,270
427,241,106,281
430,234,114,270
426,232,115,274
425,235,113,269
423,230,114,263
424,231,112,260
427,236,112,267
431,239,111,264
426,239,113,260
429,232,112,260
429,232,113,261
426,234,111,257
427,232,112,259
429,231,112,259
431,236,113,261
429,234,115,265
429,230,114,264
429,241,114,264
428,235,116,268
421,235,118,273
432,227,120,278
429,227,120,278
425,233,119,276
431,236,117,278
425,239,118,276
431,235,119,277
431,241,116,275
429,229,118,272
429,234,118,280
429,229,120,278
430,234,119,279
429,238,118,276
430,232,118,275
433,239,116,269
436,236,115,265
439,239,114,264
440,236,114,263
437,234,114,270
447,237,116,268
440,239,115,265
451,245,114,262
447,239,112,260
452,243,111,258
449,236,112,258
456,234,110,261
454,238,109,270
448,237,109,264
451,235,106,271
450,234,105,277
452,235,103,276
449,231,100,274
453,235,98,270
450,233,98,272
449,233,98,266
453,234,95,262
454,236,96,268
448,238,92,258
444,238,94,261
442,238,99,263
440,239,98,266
436,238,99,263
436,239,98,262
433,236,102,270
429,236,102,271
426,237,101,269
425,235,104,272
418,239,108,269
418,240,106,273
414,242,108,270
410,241,109,271
408,241,106,270
401,240,108,273
399,244,112,269
397,239,111,271
396,244,108,268
394,240,111,274
388,244,110,270
383,237,114,267
379,241,111,267
379,239,113,270
375,238,114,270
370,245,112,268
371,240,111,262
370,238,113,269
371,240,111,265
371,239,114,268
370,240,107,271
368,240,112,269
369,239,108,274
370,237,107,273
365,236,110,275
364,237,113,278
365,238,109,275
363,234,115,276
362,237,116,272
361,235,118,278
358,240,114,279
357,232,117,281
358,234,118,283
361,233,117,283
362,227,118,274
358,224,119,274
355,232,117,275
355,232,117,282
351,234,119,284
355,231,118,292
351,235,115,282
351,237,115,284
350,234,116,285
345,239,115,278
344,236,115,280
340,234,114,285
337,234,110,279
338,233,112,279
335,231,114,288
330,233,115,291
325,227,120,301
322,223,121,295
320,223,124,295
319,226,125,292
321,226,120,291
321,225,121,292
319,221,122,301
318,219,123,299
320,220,121,298
319,222,121,299
316,224,125,294
316,221,123,296
317,222,121,296
317,217,121,294
320,215,122,298
317,216,124,302
319,216,126,298
322,210,130,302
323,216,127,297
325,208,128,295
326,211,129,301
326,211,127,299
320,207,129,301
321,200,131,306
319,194,129,303
321,198,129,308
322,193,131,306
325,193,133,308
322,193,131,305
314,196,129,309
318,192,129,304
328,196,133,313
319,193,133,314
321,187,136,313
321,196,129,324
320,190,130,321
321,191,129,326
320,186,133,327
327,197,132,328
330,201,132,327
330,196,123,331
331,197,126,321
341,192,123,332
342,194,125,330
342,191,125,328
346,191,122,320
349,195,125,319
357,193,132,329
361,191,131,331
366,192,132,321
375,189,134,324
377,187,133,329
381,183,140,334
385,183,140,342
388,183,137,335
390,187,138,345
393,184,137,345
397,183,142,336
404,187,142,342
409,186,142,346
410,188,139,351
409,185,147,350
418,182,148,355
420,180,150,355
426,188,150,357
427,180,147,357
433,172,151,363
438,180,145,364
439,182,149,363
446,180,144,360
447,175,141,354
453,175,137,358
455,171,141,359
457,170,146,365
459,170,142,361
463,173,141,359
472,173,144,355
476,170,142,367
487,163,142,367
490,168,141,362
506,166,136,370
515,165,138,360
525,161,142,358
538,156,153,371
549,161,153,382
557,158,145,380
558,154,155,381
569,141,153,384
574,148,157,384
581,141,158,381
590,145,163,380
592,139,163,392
605,149,165,394
614,137,162,387
629,155,158,375
637,151,159,374
649,151,151,378
657,143,145,391
672,146,145,379
678,141,143,387
690,144,145,394
699,143,146,400
724,117,154,401
729,122,157,410
732,116,169,408
738,123,160,421
748,130,162,410
757,116,161,410
765,120,165,408
768,117,164,403
785,128,170,397
