494,186,20,52
495,186,20,51
495,185,20,51
498,189,19,47
498,189,19,48
498,188,19,49
499,190,19,48
500,190,19,49
501,190,19,50
501,190,20,50
501,190,20,51
502,191,20,51
503,190,20,50
506,190,20,51
508,191,20,52
512,190,20,52
516,190,20,51
523,191,20,52
528,191,21,53
534,192,20,54
537,192,21,54
541,191,20,53
543,194,20,53
545,193,20,54
546,195,20,53
546,195,20,53
550,197,20,53
557,197,20,50
560,197,20,48
561,197,20,47
563,198,19,48
563,196,20,48
563,194,20,44
566,193,20,46
571,194,19,49
573,192,18,44
573,195,20,51
574,197,20,51
577,193,17,43
577,195,17,43
578,195,17,42
580,196,16,42
583,197,16,41
584,197,16,39
583,199,16,39
582,199,16,37
583,200,16,37
581,200,16,36
580,200,16,37
581,199,16,37
580,197,15,39
581,196,15,39
583,197,15,40
583,196,15,39
584,196,15,40
583,195,15,40
582,194,15,39
581,194,15,39
581,194,15,39
580,194,15,40
579,195,18,47
574,197,18,46
573,196,16,44
580,195,15,41
581,195,14,40
581,195,14,40
581,195,15,41
581,195,14,40
580,199,18,47
580,196,15,41
581,196,14,40
581,195,14,39
580,195,14,39
580,195,14,40
580,195,14,40
580,194,14,40
580,194,14,40
579,194,14,41
579,195,15,42
579,194,15,42
579,194,15,41
578,194,15,42
581,195,14,40
581,196,14,41
584,196,15,41
586,196,15,41
588,195,15,42
590,195,15,42
592,195,15,42
591,193,16,43
592,193,16,44
592,192,16,43
593,191,16,44
593,192,16,45
593,191,16,45
594,192,16,45
593,190,16,45
593,190,16,46
593,190,16,46
594,188,16,47
594,187,16,47
595,186,17,48
595,185,17,47
595,184,17,48
595,184,17,49
595,184,17,49
594,183,17,49
595,183,17,48
594,183,17,48
594,183,17,49
594,183,17,48
594,184,17,49
594,184,17,49
593,183,17,48
593,184,17,48
593,185,17,48
593,184,17,48
593,185,17,48
592,185,18,49
593,185,18,48
592,184,18,50
592,185,18,49
592,184,18,49
592,184,18,49
592,185,18,49
591,183,18,50
590,184,19,54
590,184,18,51
590,185,19,53
590,185,18,50
590,186,18,50
590,186,18,51
590,186,18,50
591,186,18,50
590,184,18,49
590,186,18,50
590,188,17,50
589,187,18,50
590,187,18,49
589,187,18,50
589,187,18,51
589,186,18,51
588,186,18,53
588,186,20,54
588,186,20,54
587,186,21,56
585,187,23,61
585,187,22,60
586,187,21,57
588,186,19,53
587,186,19,54
588,185,18,51
587,186,20,56
588,186,18,51
589,185,18,50
588,185,18,51
589,185,18,51
589,184,18,51
589,186,18,52
590,186,18,51
590,186,18,52
590,186,19,53
592,186,19,54
595,187,19,52
599,184,19,51
603,184,19,51
605,185,19,53
606,183,19,52
606,184,19,52
606,183,18,52
606,183,20,53
605,182,20,55
606,182,19,53
606,183,19,53
604,184,20,56
604,184,20,57
605,185,20,57
605,183,20,57
606,183,19,52
605,184,20,57
606,184,21,57
606,183,20,56
605,183,21,57
606,182,19,54
607,182,19,55
607,184,20,57
607,182,20,55
607,182,19,55
607,182,19,55
608,183,19,55
608,183,19,54
608,182,20,57
609,183,19,54
608,182,20,55
607,182,21,58
606,184,23,61
606,183,23,61
608,183,19,55
608,185,21,59
609,184,19,54
609,183,19,53
608,184,22,60
610,184,19,55
610,183,19,53
610,184,21,58
610,184,20,55
612,183,19,53
612,184,19,54
610,185,22,60
610,186,22,59
609,184,24,63
610,185,23,61
611,183,23,61
610,183,24,64
612,183,22,61
612,183,22,61
611,183,24,63
613,182,20,57
613,185,21,59
612,186,24,62
615,184,19,54
613,186,23,61
613,185,23,62
613,184,23,61
613,184,23,61
614,184,21,58
615,184,21,57
615,183,22,59
614,184,24,63
616,184,20,56
617,185,21,56
616,184,22,59
616,185,23,61
618,184,21,58
616,183,23,62
617,183,24,63
619,182,23,62
627,178,19,51
635,183,21,56
651,186,21,56
668,190,24,63
691,193,24,63
715,200,22,60
731,199,23,60
739,197,19,52
733,197,19,53
721,197,19,53
711,197,24,63
711,205,22,58
711,221,20,56
711,233,19,54
713,244,20,56
717,245,19,53
720,245,19,53
720,240,19,54
717,238,20,57
714,235,19,56
712,231,20,57
715,222,20,53
722,214,20,53
732,207,21,56
750,202,19,54
770,198,21,57
791,198,25,66
748,199,25,65
756,196,25,66
779,193,25,65
798,192,25,65
837,197,25,65
870,203,25,66
873,211,25,66
861,214,25,65
857,223,24,64
867,222,24,63
899,218,24,62
901,215,24,63
886,219,25,64
902,216,25,64
905,211,24,64
915,209,24,64
925,207,24,64
925,202,25,64
886,186,25,65
882,147,25,64
893,140,24,63
899,146,24,62
906,150,24,62
914,156,24,62
927,163,24,62
909,155,24,62
935,157,24,62
923,142,24,63
911,186,24,62
935,194,24,61
919,181,23,60
912,160,23,61
881,134,24,61
876,141,23,61
862,158,23,59
856,169,23,60
856,159,23,59
846,148,22,58
843,135,22,58
824,156,22,57
831,153,22,58
827,153,22,58
825,146,22,58
817,134,22,58
830,141,22,58
862,149,22,57
856,151,22,56
840,153,21,55
829,153,21,55
813,154,21,54
802,157,21,55
792,163,21,55
781,175,21,55
786,176,21,54
781,181,20,53
784,184,21,54
787,189,21,54
789,190,21,54
785,194,20,53
796,195,20,52
808,189,20,53
815,188,20,52
823,186,20,53
833,168,20,52
842,177,20,52
843,160,20,52
838,141,20,51
837,127,20,51
841,113,20,52
851,114,19,50
852,135,19,50
874,167,19,49
875,192,19,49
878,193,19,50
867,198,19,50
849,205,19,49
854,204,19,50
849,207,19,51
849,203,20,51
841,212,20,51
840,214,19,50
846,211,19,50
849,205,19,49
847,199,19,49
857,195,19,49
855,192,19,49
852,191,19,49
848,196,18,48
839,197,18,47
828,200,18,47
819,202,18,47
815,201,18,47
808,196,18,48
807,202,18,48
809,191,18,47
804,190,18,46
797,190,17,45
789,185,17,45
786,182,17,44
785,179,16,43
786,177,16,42
787,178,16,41
787,175,16,42
781,172,16,42
773,165,16,41
762,161,15,40
755,159,15,40
738,155,15,39
733,150,15,39
723,146,15,39
725,140,15,38
722,140,15,38
726,138,15,38
726,130,15,38
733,122,15,38
738,109,14,37
750,100,14,37
763,93,14,36
773,86,14,35
785,82,14,35
785,78,13,35
802,74,13,34
808,70,13,34
814,67,13,33
828,63,13,33
836,61,13,33
845,60,13,33
847,59,13,33
853,59,13,33
867,65,13,33
860,85,13,33
865,80,13,33
873,70,12,32
880,60,12,32
889,51,12,31
880,40,12,31
869,51,12,30
855,54,12,30
840,55,12,30
835,52,11,30
824,61,11,29
821,63,11,29
820,68,11,29
819,77,11,28
817,83,11,29
821,90,11,29
818,92,11,29
822,96,11,29
846,110,11,29
854,121,11,29
849,123,11,28
841,107,11,28
844,129,11,28
857,133,11,28
867,135,11,28
882,137,11,27
897,138,11,28
912,142,10,27
925,140,10,27
943,140,11,28
945,135,10,27
923,137,11,27
945,140,11,28
946,118,11,27
929,95,11,27
926,70,10,27
914,65,10,27
923,65,10,26
941,65,10,26
946,67,10,26
939,89,10,26
925,90,10,26
900,93,10,26
888,93,10,26
887,92,10,26
885,95,10,26
877,95,10,26
874,97,10,25
863,103,10,26
867,107,10,25
869,107,10,25
875,115,10,25
871,112,10,25
872,114,10,25
880,124,9,24
884,130,9,24
887,137,9,24
879,143,9,24
874,146,9,23
867,151,9,23
859,157,9,23
844,161,9,23
842,152,9,23
839,141,9,23
836,146,9,23
835,157,9,23
827,165,9,23
830,149,9,23
819,143,9,23
819,144,9,23
816,141,9,23
815,135,9,23
815,131,9,24
814,128,9,24
814,127,9,24
800,133,9,24
794,130,9,24
796,134,9,24
810,131,9,24
824,128,9,24
824,127,9,24
826,147,9,23
822,132,9,23
829,135,8,20
833,137,7,20
839,140,7,20
844,140,7,20
846,142,7,20
845,146,7,19
842,147,7,20
837,147,7,21
834,147,7,21
830,148,7,20
830,148,7,20
830,148,7,21
835,150,7,20
839,150,7,20
843,151,7,20
850,153,7,20
854,155,7,23
858,156,9,23
863,157,7,22
867,158,7,22
868,158,8,21
869,159,7,21
870,160,7,21
870,160,8,22
870,161,8,22
870,160,8,22
870,159,8,22
868,158,8,22
864,157,8,22
859,158,8,23
855,157,8,23
851,157,8,23
847,157,8,23
842,156,8,24
839,157,8,23
838,156,8,22
835,155,7,22
834,155,8,22
832,155,8,23
832,155,8,23
833,155,8,23
832,156,8,23
832,155,8,23
829,155,8,23
826,154,8,24
824,155,8,23
822,155,8,23
820,155,8,23
819,155,8,23
817,154,8,23
817,153,8,22
817,152,8,22
820,153,8,23
823,154,8,23
825,153,8,23
827,153,8,23
829,152,8,22
831,153,8,21
832,154,8,20
834,154,7,20
835,154,7,21
836,154,7,20
838,154,8,20
838,153,7,20
839,153,7,19
839,153,7,20
840,152,7,20
840,153,7,20
841,154,7,20
840,154,7,20
840,155,7,20
839,155,7,19
837,154,7,19
836,152,7,19
836,151,7,19
836,150,7,19
836,150,7,19
836,150,7,19
838,150,7,18
839,150,7,19
840,149,7,19
842,149,7,19
843,149,7,19
846,149,7,20
848,148,7,19
850,146,7,19
852,147,7,19
853,146,7,19
855,147,7,19
857,147,7,19
858,147,7,19
860,146,7,19
862,147,7,19
866,147,7,19
871,149,7,20
877,148,7,20
883,146,7,20
886,147,7,20
889,146,7,20
892,145,8,21
893,144,7,20
894,144,8,20
894,143,7,21
894,144,7,20
893,143,7,20
893,142,7,20
893,142,8,21
894,141,8,21
896,137,8,22
899,132,8,22
903,128,8,22
905,122,8,22
907,117,8,22
910,109,8,22
911,106,8,22
910,101,8,21
909,97,7,21
904,95,8,22
898,91,8,22
892,84,8,22
887,78,8,22
883,69,8,22
882,63,8,22
882,57,8,22
882,53,8,22
882,46,8,22
880,42,8,22
878,39,8,21
871,34,8,21
866,30,7,21
861,28,8,21
854,26,8,21
848,24,8,22
844,21,8,22
840,21,8,21
836,18,7,21
833,18,8,22
830,17,7,21
826,15,7,21
822,14,7,21
818,12,7,21
812,11,9,22
810,12,7,20
805,10,7,21
802,10,7,20
799,10,7,20
796,12,7,20
792,13,7,19
788,16,7,19
784,18,7,19
781,20,7,20
777,22,7,20
774,23,7,20
771,23,7,20
767,22,7,20
763,24,7,20
759,26,7,20
757,28,7,20
756,28,7,19
754,28,7,19
754,28,7,19
754,28,7,18
756,28,7,19
758,29,7,19
760,29,7,19
762,29,7,19
764,28,7,20
766,26,7,20
767,26,7,19
768,26,7,19
769,26,7,19
768,27,7,20
768,28,7,20
768,29,7,20
769,32,7,21
772,34,7,21
776,36,7,21
780,38,7,21
782,39,7,21
783,42,7,20
785,44,7,20
785,45,7,20
785,48,7,20
786,48,7,20
786,49,8,20
786,49,8,21
786,49,7,20
785,49,8,21
784,51,8,21
783,53,8,21
781,55,8,20
779,57,7,21
778,58,7,20
777,59,8,21
777,59,8,21
777,59,8,20
780,61,8,21
785,62,7,21
790,66,8,21
796,69,7,21
803,70,7,21
809,71,7,21
817,71,8,21
819,71,8,20
821,71,8,20
821,71,8,20
821,71,7,20
821,72,7,20
822,73,7,20
822,73,8,21
822,75,7,21
824,77,7,21
825,78,7,21
825,80,8,21
826,81,7,21
826,85,7,21
823,90,7,22
815,91,9,23
802,100,9,23
789,97,9,23
786,83,9,23
769,84,7,22
767,83,7,21
767,85,8,21
767,87,8,21
767,89,8,21
767,90,8,21
766,90,7,21
762,93,7,22
753,98,9,23
740,104,9,23
729,111,9,23
721,116,7,22
718,119,7,22
718,122,8,21
718,124,8,22
718,123,8,22
717,122,8,22
709,122,7,22
699,119,9,24
687,123,9,23
683,119,7,21
685,120,7,21
692,119,7,22
701,115,9,24
705,127,9,24
723,126,9,24
736,117,9,24
754,115,9,24
765,102,8,21
765,100,8,21
764,101,8,21
764,100,8,21
761,100,8,22
760,99,8,22
764,99,8,23
770,98,8,22
775,98,8,22
782,99,8,22
790,100,8,22
798,96,7,23
806,95,7,22
816,92,7,23
822,92,9,24
840,94,8,22
849,96,8,23
856,97,8,23
863,96,8,23
866,96,8,22
866,96,8,23
864,96,9,23
860,96,8,23
855,96,8,23
850,97,8,24
844,95,8,24
841,95,8,23
841,94,8,23
840,94,8,23
836,96,8,24
829,98,8,24
822,98,8,24
817,98,8,24
811,98,8,23
806,99,9,23
804,99,8,23
804,99,8,23
808,102,8,23
816,103,9,24
824,104,9,24
833,105,9,24
840,105,8,24
846,105,8,24
851,106,9,24
855,107,9,24
857,107,9,24
859,107,9,25
861,106,9,24
863,106,9,25
865,106,9,25
867,105,9,24
870,104,9,24
871,106,9,24
873,105,9,24
874,106,9,24
874,106,9,25
873,109,9,25
872,110,9,25
872,110,9,24
871,110,9,24
872,111,9,24
873,110,9,25
874,110,9,24
874,110,9,24
874,111,9,24
873,114,8,23
873,115,9,24
872,115,9,24
872,115,9,24
872,114,9,24
876,113,9,25
882,111,9,24
887,109,9,25
893,106,9,25
899,103,9,24
903,101,9,25
907,98,9,25
912,95,9,25
918,93,9,25
923,91,9,25
928,88,9,25
933,87,9,25
938,86,9,25
945,83,9,25
948,82,8,26
949,81,10,26
929,82,10,26
926,88,10,26
926,88,10,26
926,88,10,26
950,83,8,25
944,85,8,24
934,85,8,24
928,84,8,23
922,84,8,23
917,83,8,24
911,82,8,24
904,82,8,24
897,80,8,24
891,77,8,23
885,78,8,24
878,79,8,24
871,82,8,24
864,84,8,24
853,86,8,24
844,89,8,24
835,92,8,24
829,96,8,24
823,98,8,24
821,99,8,24
819,100,9,24
819,100,8,24
821,102,8,24
822,105,9,24
822,108,8,25
819,113,8,25
814,117,9,25
806,119,9,25
797,121,8,26
787,119,8,26
776,120,9,26
766,120,9,26
758,120,9,26
752,120,9,25
749,121,9,25
749,120,9,24
750,123,9,25
750,125,9,25
751,127,8,25
749,134,9,25
747,140,9,25
744,146,9,25
738,151,8,23
736,153,8,24
735,153,8,23
733,153,8,23
731,153,8,23
726,153,8,25
717,156,8,25
708,157,8,24
699,158,8,24
690,157,8,25
685,152,8,24
680,143,8,23
677,136,8,24
675,128,9,23
671,122,9,24
666,119,8,24
662,119,8,24
657,119,9,25
653,118,8,24
647,117,8,25
642,117,8,24
637,118,8,24
633,119,8,24
631,122,8,23
630,126,8,24
631,129,8,23
631,132,8,24
631,132,8,24
631,132,9,24
632,133,9,24
631,133,9,24
631,133,9,24
631,134,9,23
632,135,8,23
632,137,8,23
632,137,8,23
632,138,8,23
632,138,8,23
632,140,8,23
632,142,8,24
634,144,8,23
635,147,8,24
639,150,9,24
644,151,8,24
649,153,8,24
653,153,8,24
658,153,9,24
662,153,8,24
666,153,8,24
671,154,8,23
673,153,8,23
674,153,9,23
675,152,8,23
676,155,8,24
677,160,8,23
676,165,9,23
674,165,8,23
673,164,9,23
672,163,9,24
671,162,9,24
671,160,8,23
671,160,8,24
671,161,9,24
670,163,9,24
669,164,9,24
667,164,9,24
662,164,8,25
657,166,8,25
651,169,9,25
647,173,9,26
643,176,9,26
640,179,9,25
640,179,9,25
640,179,9,25
640,180,8,24
644,180,9,25
648,179,9,25
651,178,9,25
654,176,9,25
655,175,9,24
655,174,9,25
654,173,9,24
652,171,9,24
650,167,9,24
649,166,9,24
648,164,9,24
648,163,9,24
647,162,9,24
648,159,9,25
651,158,9,25
654,156,9,25
655,154,9,25
656,155,9,24
657,155,9,24
658,155,9,24
657,154,9,24
656,153,9,25
656,153,9,25
654,153,9,25
653,156,9,25
650,158,9,25
648,159,9,24
646,162,9,25
644,162,9,25
641,163,9,25
638,161,9,25
637,161,9,25
634,161,9,25
632,161,9,25
631,160,9,25
630,160,9,26
630,161,9,25
629,160,9,25
629,159,9,26
632,157,9,27
634,155,9,27
637,154,9,27
639,153,9,26
640,152,9,26
642,152,9,25
643,150,9,26
645,151,9,26
649,150,9,26
650,148,9,25
652,148,9,24
653,146,9,24
655,144,9,25
657,142,9,24
659,142,9,24
659,140,9,24
659,139,9,24
658,139,9,24
655,139,9,25
652,139,9,24
650,138,9,25
647,137,9,24
646,137,9,24
645,137,9,24
644,137,9,24
644,137,9,24
644,138,8,24
644,138,9,24
643,137,9,24
643,137,9,24
640,137,9,24
637,137,9,24
634,136,9,24
633,135,9,25
631,135,9,25
630,135,9,24
629,135,9,24
628,135,9,24
628,136,9,24
628,135,9,25
628,135,9,25
628,133,9,25
627,133,9,26
628,132,9,26
630,133,9,25
631,131,9,25
632,129,9,25
634,129,9,25
636,127,9,25
637,127,9,25
641,125,9,26
645,125,9,26
649,125,9,26
654,124,9,26
657,123,9,26
659,124,9,26
660,124,9,26
661,124,9,26
661,124,9,26
660,124,9,26
660,123,9,26
661,124,9,25
660,123,9,26
660,123,9,25
660,122,9,25
661,124,9,24
661,123,9,25
662,123,9,25
662,123,9,25
661,123,9,25
659,122,9,26
658,122,9,26
656,122,9,26
654,122,9,26
652,124,9,26
650,124,9,25
649,124,9,25
648,125,9,25
647,125,9,25
646,125,9,25
645,125,9,25
644,125,9,25
644,122,9,25
647,117,9,26
650,113,9,26
654,111,9,26
656,109,9,26
657,108,9,26
658,108,9,24
656,107,9,25
653,105,9,24
651,104,9,25
650,103,8,24
649,102,9,24
648,103,9,25
650,103,9,25
653,101,9,25
655,102,9,24
655,101,8,24
656,103,9,24
655,104,8,25
655,107,8,25
652,110,8,25
644,109,9,24
636,107,9,24
628,106,8,24
623,108,9,25
622,110,9,25
620,111,9,25
619,113,9,24
617,114,8,25
618,115,9,25
619,115,9,25
619,113,9,25
617,112,8,25
613,112,9,26
610,114,8,25
607,115,9,25
604,115,9,25
603,113,9,25
603,111,9,26
607,109,9,26
612,109,9,26
619,109,9,26
627,108,9,26
635,111,9,26
641,111,9,26
648,111,9,25
653,111,9,25
656,111,9,25
658,111,9,25
661,113,9,25
664,113,9,25
667,113,9,25
670,113,9,25
671,112,9,25
673,109,9,25
673,107,9,25
674,107,9,25
674,106,9,25
673,106,9,24
672,105,9,24
671,105,9,24
669,103,9,25
666,101,9,25
665,100,9,24
665,98,9,25
667,96,9,25
672,93,9,25
675,89,9,26
678,86,9,26
682,82,9,26
685,80,9,26
688,79,9,26
691,79,9,26
695,77,9,26
701,76,9,26
709,75,9,27
720,72,9,26
730,69,9,26
742,65,9,27
754,61,9,27
765,61,9,26
773,58,9,27
781,59,9,27
789,59,9,27
795,59,9,27
802,58,9,26
807,56,9,27
813,53,9,27
821,51,9,27
830,48,9,28
839,47,9,27
849,46,9,27
858,44,9,27
865,40,9,28
872,37,10,27
879,37,10,27
883,36,10,27
885,36,10,27
886,36,10,27
886,36,10,27
887,37,10,27
888,38,9,27
892,41,10,27
892,42,9,27
889,47,9,28
882,49,9,27
874,51,9,27
867,50,9,27
863,49,10,28
861,49,10,28
859,50,9,28
858,50,9,28
855,54,9,27
851,60,9,27
846,66,9,27
841,68,10,26
833,71,9,27
826,72,9,27
819,73,9,27
809,75,9,27
797,77,9,28
787,82,10,28
775,83,9,28
763,86,9,28
753,87,10,28
744,87,10,28
735,84,9,27
729,83,9,28
723,84,9,27
715,86,9,28
705,87,9,28
696,89,9,28
684,88,9,28
675,85,10,29
666,84,10,28
657,82,9,29
650,83,10,28
643,84,10,28
637,84,10,28
631,86,9,29
626,84,10,29
621,83,10,29
617,78,10,28
613,71,10,28
611,67,10,30
610,62,10,29
612,59,10,29
613,54,10,28
615,49,9,29
616,46,9,28
618,42,10,29
621,37,10,29
627,32,10,29
633,28,10,30
641,24,10,30
650,20,10,31
658,14,10,31
664,9,10,31
669,4,10,30
674,2,10,29
676,2,10,29
676,2,10,28
676,2,10,28
