350,196,36,83
353,200,35,80
357,201,34,78
357,199,35,82
361,203,35,78
364,206,35,75
366,205,35,79
369,206,34,78
372,207,34,75
375,206,34,78
378,205,33,77
384,208,33,78
387,208,34,78
390,210,35,78
394,210,35,80
396,212,35,80
400,211,35,81
399,210,35,81
404,211,36,82
407,216,35,82
414,218,35,81
416,212,35,81
419,211,36,83
421,214,37,84
426,214,37,85
429,215,37,85
432,215,37,85
435,216,37,86
443,217,37,85
444,219,37,85
447,217,37,86
449,220,37,86
453,224,38,87
456,223,38,87
458,221,37,85
464,220,37,85
468,224,37,86
473,229,37,85
478,222,37,84
480,231,36,83
483,230,36,83
487,230,36,83
493,228,37,84
497,230,37,84
500,232,38,87
505,236,37,86
509,238,38,87
514,235,38,87
516,237,38,88
520,236,38,87
525,238,38,87
530,238,39,89
533,244,38,89
536,240,40,92
539,239,40,91
542,243,40,92
545,249,37,91
547,245,36,89
565,253,30,83
569,252,31,82
573,253,33,76
579,252,34,78
582,248,33,88
569,248,34,81
531,248,39,91
497,256,33,80
470,255,35,84
441,255,36,79
413,262,35,80
378,263,34,88
351,262,33,79
325,267,36,80
298,274,37,75
273,263,37,86
237,273,38,77
211,274,37,84
180,278,37,81
155,281,38,83
125,280,38,84
94,284,37,82
92,282,38,84
97,287,39,81
101,284,38,85
110,288,41,75
113,282,38,88
119,286,39,86
127,287,39,86
132,289,39,87
135,290,40,87
141,292,41,90
147,294,42,90
153,291,41,89
161,288,40,92
167,295,40,86
173,300,39,86
179,264,39,86
188,225,38,88
190,198,39,78
194,191,39,89
200,193,39,90
205,192,40,86
214,196,39,89
222,198,39,89
229,202,40,85
237,204,40,80
245,210,39,83
250,206,40,85
257,208,40,85
264,210,40,87
271,209,40,89
279,209,40,90
286,210,41,89
290,211,42,89
298,214,40,93
307,217,41,91
312,218,41,87
320,225,42,80
328,222,40,85
336,225,41,87
346,226,41,89
351,221,41,94
359,223,41,91
368,225,41,93
374,227,41,95
382,225,41,95
389,227,41,94
397,228,41,94
408,235,41,91
415,238,43,89
422,231,42,94
432,236,41,96
443,240,42,97
451,237,42,96
459,238,43,95
470,239,42,96
480,242,42,97
490,242,43,98
500,244,42,98
488,244,43,99
461,252,43,99
437,251,43,99
412,255,43,99
391,270,41,92
369,266,43,96
341,258,43,100
321,267,44,98
297,264,43,99
272,274,44,97
246,264,44,100
222,272,45,100
201,275,44,95
178,278,44,98
156,276,43,98
127,279,43,98
118,281,44,102
126,297,44,97
136,286,45,102
146,293,45,98
157,291,46,98
170,285,45,102
185,286,45,104
195,297,46,99
205,289,46,106
215,290,46,106
227,299,45,104
241,290,46,105
251,289,46,106
266,296,47,108
279,299,47,108
293,303,47,109
300,299,48,110
315,300,48,110
325,302,49,111
339,296,49,113
350,297,49,112
364,297,48,115
382,297,50,115
393,295,49,112
403,297,48,113
420,308,45,116
438,308,45,122
456,297,51,117
468,294,52,120
486,314,47,121
493,316,47,119
474,312,51,122
456,306,52,122
432,309,50,124
414,316,47,120
391,315,48,123
370,308,50,123
352,305,54,125
335,312,53,129
316,318,52,123
301,313,53,132
281,321,53,128
265,324,54,127
246,316,56,130
226,312,56,129
207,311,56,129
189,313,57,131
168,314,56,130
165,321,56,137
178,322,55,133
191,326,50,141
208,326,49,134
225,328,49,138
236,328,51,135
252,327,52,141
267,341,48,133
285,325,48,129
303,286,52,140
316,244,53,139
331,247,53,131
344,235,51,147
359,232,56,139
372,224,56,134
387,237,53,137
403,243,51,131
418,240,52,135
437,239,51,139
433,232,59,135
417,243,52,137
399,241,51,138
378,242,52,144
355,227,59,135
335,242,52,136
319,246,49,139
296,235,57,135
281,250,54,142
268,255,53,140
253,249,52,146
234,247,48,144
210,250,49,143
193,256,48,129
175,249,53,138
158,248,48,142
144,253,49,142
127,260,50,139
109,250,55,141
95,252,55,142
80,267,47,132
73,260,51,140
89,256,50,139
114,255,47,137
132,250,50,137
147,247,51,133
164,251,50,134
181,255,50,131
196,241,54,125
213,239,52,129
227,237,48,135
240,237,48,136
254,240,49,136
272,243,49,131
289,241,49,128
301,234,48,134
313,224,49,128
301,222,52,121
284,227,48,132
269,230,48,123
253,228,48,118
236,225,46,116
215,227,46,120
195,230,47,119
181,231,46,112
163,224,43,110
142,220,42,113
130,219,40,114
109,219,39,110
90,217,42,106
72,219,41,109
74,221,38,113
90,214,43,117
109,213,41,102
127,212,39,110
141,205,42,113
153,205,39,114
167,205,39,115
178,203,38,116
195,207,37,114
210,206,38,111
224,202,37,112
234,195,39,107
249,195,37,112
262,196,39,114
277,192,38,112
291,184,37,111
305,192,39,107
317,186,37,113
331,184,39,111
348,185,38,110
362,183,39,106
374,176,38,106
382,179,41,107
369,175,38,111
352,176,39,108
332,181,38,107
309,173,37,102
288,175,37,97
259,174,36,92
236,173,39,97
213,171,38,96
191,165,39,95
170,169,35,92
147,174,35,94
129,173,34,91
103,173,39,95
71,176,37,96
44,175,38,93
27,173,37,91
39,172,35,90
49,167,37,90
57,159,37,92
70,160,35,92
80,157,36,93
90,152,35,89
100,147,36,92
108,149,36,87
128,145,35,87
140,145,39,96
147,133,37,86
152,126,44,102
173,140,33,94
180,138,37,97
189,130,41,96
198,125,38,101
204,127,36,91
212,125,43,99
207,137,43,100
207,137,43,99
255,122,35,78
263,120,33,90
270,122,35,84
279,122,34,81
290,123,35,80
298,119,34,78
308,116,33,75
317,114,33,78
326,110,35,79
337,109,33,80
348,107,31,78
356,110,30,82
365,107,31,81
372,105,32,86
384,109,32,81
392,108,32,81
400,106,32,79
408,105,32,77
418,107,31,77
427,101,33,79
421,105,30,74
399,102,33,81
372,97,32,79
347,91,30,76
314,87,32,79
287,88,32,78
261,90,32,76
233,82,33,77
206,87,34,70
215,99,30,69
224,99,31,69
233,98,30,70
239,94,31,73
245,84,29,73
252,83,30,68
261,82,30,71
271,79,31,72
277,75,29,72
284,87,31,79
293,119,31,74
309,134,36,83
319,142,31,89
323,146,29,87
326,150,29,74
332,149,32,70
339,148,31,72
346,149,32,73
352,147,30,70
358,144,30,66
364,141,28,69
373,141,29,72
381,140,30,71
390,141,28,72
397,137,29,71
403,132,29,67
410,133,30,64
414,130,31,66
421,128,31,65
413,127,29,64
388,132,28,64
355,122,32,76
326,124,28,62
295,124,28,63
270,124,28,64
248,115,34,79
254,128,28,64
261,128,29,62
267,123,28,61
269,117,30,66
278,121,27,60
284,122,26,59
290,121,27,61
296,119,26,59
302,115,28,59
307,114,27,59
311,114,27,55
318,115,27,57
321,115,26,60
326,114,26,54
328,113,25,53
332,115,24,57
336,112,25,55
341,113,24,55
346,109,25,54
348,109,25,53
352,106,26,52
356,107,26,53
358,108,26,51
360,102,26,52
362,98,25,53
364,100,25,52
367,101,26,54
371,98,25,55
374,96,26,56
377,93,26,55
378,89,27,55
382,87,27,55
384,88,27,54
387,86,28,58
388,83,27,56
391,82,27,59
394,83,26,58
397,87,25,56
400,86,25,57
402,83,25,54
403,82,25,55
406,79,26,54
406,74,26,53
409,73,26,55
412,75,27,55
414,71,26,56
415,72,26,57
418,71,25,55
422,72,24,55
422,67,24,52
426,67,24,53
428,67,24,53
430,64,24,50
433,64,22,51
434,60,23,51
436,61,23,51
439,63,22,50
440,56,22,50
446,59,21,49
448,59,23,50
452,56,22,51
455,57,22,50
458,57,21,49
460,58,21,48
461,56,23,50
464,56,22,50
466,56,22,50
467,53,22,47
470,53,20,48
473,53,21,50
475,52,21,49
479,51,21,48
478,45,22,53
482,48,21,48
483,47,20,48
487,49,21,49
489,47,20,49
490,45,21,50
490,42,23,56
493,45,23,56
492,41,26,60
496,39,24,56
499,39,21,50
501,40,20,48
505,43,19,45
506,42,20,44
508,40,20,47
509,39,19,46
508,33,23,53
513,36,19,44
513,33,23,54
518,35,19,43
522,35,18,43
524,33,19,45
527,33,19,42
527,30,21,48
531,31,19,42
533,32,19,46
536,31,18,43
534,23,24,54
539,30,20,45
542,29,20,48
545,26,21,50
545,22,22,52
550,27,18,42
551,23,20,46
532,28,19,46
509,35,23,53
463,32,18,43
455,44,22,52
414,52,23,52
364,43,23,53
324,34,19,46
300,39,22,52
256,27,22,52
224,33,20,47
203,34,19,43
191,49,22,51
168,34,19,40
168,32,19,40
169,30,19,41
169,30,20,46
173,31,19,39
176,33,18,40
177,30,18,41
179,30,20,42
180,27,20,40
179,20,22,50
182,29,18,40
183,26,18,41
184,25,19,41
185,24,18,38
187,26,18,40
189,26,17,38
190,25,17,36
190,23,18,38
192,25,18,38
191,23,18,40
192,24,18,40
192,23,17,40
193,22,18,40
193,37,21,47
191,55,22,51
190,82,22,51
218,129,22,52
202,168,19,42
202,172,18,41
202,172,18,40
201,171,19,40
201,172,17,41
201,173,18,40
202,170,19,41
204,170,18,40
204,170,18,40
205,165,20,44
207,165,19,42
208,163,20,43
210,166,19,41
212,167,18,41
214,164,19,41
215,165,19,43
217,166,19,42
217,167,20,41
