53,201,64,136
56,203,62,135
59,206,62,131
62,207,62,132
60,208,62,129
62,211,60,128
67,211,56,124
66,208,62,131
63,206,63,134
69,211,53,123
68,211,55,121
69,208,58,126
71,210,60,127
73,208,58,131
73,209,59,132
72,209,57,132
72,210,57,132
71,208,57,131
69,210,58,129
70,214,58,123
71,212,59,126
76,209,61,126
79,211,60,123
81,214,63,122
83,217,62,119
86,214,67,124
85,217,69,120
85,217,71,122
86,214,73,122
84,215,72,121
84,215,74,125
89,219,69,118
92,220,70,117
100,202,67,143
104,218,68,119
101,220,70,115
98,217,70,118
102,216,72,122
107,214,76,124
109,214,75,124
114,213,71,126
117,213,73,128
122,211,71,128
124,212,66,124
132,211,68,128
139,215,66,122
153,213,65,126
161,211,63,121
163,207,64,125
166,205,64,127
169,205,66,128
175,209,68,128
180,208,69,129
183,208,68,129
184,207,68,132
189,210,67,130
191,213,67,130
193,214,70,130
193,215,65,126
189,213,63,125
187,216,62,124
182,216,64,126
179,218,65,126
179,218,62,124
180,219,66,124
180,218,63,129
178,216,66,126
178,217,65,121
177,218,65,124
173,213,66,125
169,212,65,124
165,214,68,123
164,212,67,126
163,214,67,128
165,214,65,127
167,214,64,130
171,214,65,131
172,215,67,130
172,214,67,128
172,216,69,126
172,216,69,127
171,218,65,121
171,217,64,122
170,218,62,121
172,221,62,118
177,221,58,117
181,221,61,117
183,220,60,118
183,222,61,116
181,223,64,115
181,218,62,121
179,219,61,120
176,218,63,121
174,216,63,118
170,218,63,120
166,216,64,116
161,218,67,117
160,217,65,117
158,214,64,117
157,214,67,118
154,208,63,125
150,210,62,122
148,207,60,125
145,201,60,124
142,204,59,121
142,204,58,121
142,204,58,120
147,207,58,117
152,204,57,121
152,203,57,120
154,199,57,120
168,205,58,110
177,204,55,108
188,201,54,111
195,198,56,111
202,198,55,109
203,195,55,114
202,199,54,112
198,203,56,117
198,209,56,117
195,214,56,116
189,221,56,113
184,228,56,116
180,226,56,117
179,229,57,115
178,236,56,109
180,240,57,107
184,241,55,108
184,243,54,110
182,242,53,114
179,246,54,114
177,249,54,114
176,252,54,113
175,253,54,113
174,256,53,111
172,255,54,113
171,256,55,111
172,255,54,111
174,257,52,110
175,260,52,108
174,259,53,107
176,257,53,108
173,254,53,112
173,255,53,110
171,261,54,105
172,261,54,103
172,259,54,106
172,258,54,105
171,258,53,107
171,253,54,105
173,250,53,108
173,251,51,106
175,248,49,103
175,251,46,104
175,252,45,103
169,257,53,113
162,264,53,114
160,259,54,115
170,252,55,117
208,252,54,115
207,260,55,116
205,248,55,117
206,251,56,119
207,250,55,117
207,255,54,115
208,246,54,114
208,247,54,115
198,246,54,114
154,231,54,115
183,248,54,115
173,250,55,117
164,253,55,116
180,254,55,117
178,265,56,111
176,265,57,103
176,265,55,103
174,269,55,98
173,268,55,101
171,267,53,101
172,267,52,98
174,269,50,97
172,268,49,97
174,267,48,95
177,263,47,98
177,261,47,95
177,266,43,93
177,262,43,94
168,261,52,111
175,259,45,100
172,258,43,95
164,262,52,110
165,261,47,102
165,259,44,100
164,258,42,95
162,261,43,95
160,262,42,94
153,257,42,93
151,259,44,97
149,261,44,94
150,262,42,90
148,261,44,95
146,259,42,88
146,260,43,88
139,262,49,104
137,260,48,99
139,260,47,98
141,260,44,88
140,260,45,87
141,258,45,88
140,256,45,87
137,249,46,89
132,241,46,89
130,228,46,91
123,222,46,88
124,217,47,86
123,215,47,87
116,214,47,86
113,216,48,87
111,214,48,88
108,209,48,89
111,211,49,90
106,216,46,84
101,213,49,86
94,210,50,90
83,207,56,119
79,217,52,91
67,221,55,89
63,226,58,93
50,231,58,97
46,219,59,126
40,230,61,99
42,232,59,111
41,233,59,110
44,229,60,127
44,246,60,92
35,247,60,99
35,247,60,91
35,244,61,94
36,246,61,94
32,246,63,96
33,247,63,97
26,252,64,98
22,257,63,96
17,264,64,97
15,253,63,133
5,267,62,104
0,266,64,105
0,264,65,107
0,264,62,104
0,274,58,100
0,275,56,119
0,284,55,97
0,287,53,92
0,288,52,89
0,285,48,87
0,282,47,101
0,290,47,84
0,292,44,80
0,290,42,78
0,291,39,75
0,289,41,86
0,289,41,86
72,290,40,85
76,291,41,86
88,287,40,85
90,285,39,83
60,286,39,82
60,288,38,81
72,289,38,81
46,282,38,81
29,281,38,80
35,286,38,80
26,286,38,80
47,288,37,79
41,286,37,78
40,288,37,79
42,287,37,78
53,288,37,79
60,285,37,78
64,286,37,78
61,286,37,78
66,290,37,78
64,287,37,78
69,290,37,78
66,291,37,78
68,287,37,79
101,286,37,78
66,288,36,77
71,289,36,76
53,291,35,75
71,294,35,74
84,292,34,72
76,293,35,74
74,294,35,73
63,294,35,74
70,294,35,74
55,295,34,73
64,296,34,71
82,295,33,70
83,293,33,70
83,292,33,70
84,300,33,70
87,298,33,69
93,289,33,69
95,299,33,69
99,294,32,69
103,298,33,70
107,294,33,70
107,295,32,69
97,301,32,68
80,329,33,70
111,294,33,70
109,288,33,70
133,287,33,70
130,282,33,70
118,261,33,70
107,275,32,69
112,285,32,68
108,285,32,67
92,301,31,67
87,311,32,67
38,312,32,67
64,326,31,67
33,330,31,67
28,362,31,66
49,415,31,66
69,468,31,66
92,478,31,65
95,471,31,65
86,475,30,65
93,469,30,63
77,474,30,63
73,473,29,62
61,479,29,62
52,480,29,62
55,487,29,61
39,484,28,61
41,485,28,60
69,495,28,59
59,494,27,58
48,501,27,58
32,494,27,57
33,489,27,56
29,476,26,56
5,469,26,56
1,482,26,55
0,471,25,54
0,464,25,53
0,494,24,52
0,493,24,52
0,492,24,51
11,501,24,51
16,501,24,50
8,500,23,50
0,496,23,49
23,497,23,49
32,485,22,48
27,483,22,47
45,465,23,48
44,453,23,48
38,466,22,48
43,454,22,47
45,454,22,46
41,454,22,46
34,452,22,46
33,464,21,45
35,455,21,45
26,455,21,44
22,463,20,43
28,456,20,42
21,462,20,42
20,457,20,42
14,455,19,41
9,470,19,41
0,504,19,40
0,504,19,41
1,487,19,41
7,471,19,41
10,460,19,41
12,459,19,41
22,458,19,41
4,460,19,40
0,492,19,40
1,492,19,40
7,490,19,40
10,490,19,41
3,479,19,40
1,483,19,40
0,496,19,39
1,496,19,39
1,472,18,39
0,475,18,38
1,485,18,38
0,474,18,38
0,473,17,37
1,475,18,38
8,486,18,38
0,495,18,38
0,471,18,39
0,474,18,38
10,482,18,38
1,483,17,37
0,477,17,37
1,481,17,36
2,484,17,36
2,493,17,35
1,498,17,35
1,492,17,36
1,492,17,36
0,495,17,36
2,494,17,36
1,488,17,36
31,512,17,36
45,515,17,36
64,522,17,35
92,525,17,35
121,510,17,35
143,512,17,35
163,505,16,35
188,501,16,34
200,501,16,34
186,508,16,33
188,508,15,33
190,507,15,32
171,511,15,31
160,515,15,31
164,514,14,31
158,515,14,30
163,515,14,30
170,510,14,30
164,515,14,30
169,510,14,29
161,517,14,29
166,513,14,29
179,508,14,29
197,505,14,29
191,505,14,29
176,508,13,29
180,508,13,28
182,505,13,28
194,506,13,27
189,505,13,27
184,505,12,26
179,505,12,26
176,507,12,26
178,507,12,26
175,506,12,26
178,506,12,25
181,506,12,25
186,506,12,25
175,506,11,24
175,507,11,23
176,507,11,23
176,507,11,23
175,506,11,23
183,506,11,23
183,506,10,22
184,507,10,22
190,507,10,22
189,507,10,22
187,507,10,21
190,507,10,21
184,507,10,20
192,506,9,20
191,507,9,20
180,506,9,20
165,502,9,20
158,503,9,19
165,501,9,19
164,501,9,19
162,501,9,19
158,501,9,19
158,502,9,19
160,501,9,19
159,503,9,19
155,502,9,18
156,503,9,18
155,502,9,18
153,503,9,19
160,503,9,18
169,504,9,18
166,504,9,18
172,496,8,18
163,496,8,18
156,489,8,18
160,486,9,18
157,483,8,18
163,482,9,18
158,469,8,18
157,467,8,18
158,460,8,17
146,455,8,18
135,456,8,17
135,459,8,17
142,458,8,17
143,453,8,16
141,469,8,17
137,476,8,16
125,484,8,16
117,483,8,17
119,485,8,16
124,488,8,16
120,488,7,16
120,485,7,16
126,483,7,16
125,486,7,15
128,486,7,15
116,494,7,15
121,503,7,15
133,498,7,15
124,506,7,14
113,507,7,14
112,507,6,14
114,501,6,14
103,509,6,14
94,518,6,14
86,521,6,14
87,520,6,14
84,522,6,13
92,518,6,13
94,514,6,13
88,522,6,13
82,515,6,13
82,515,6,13
87,514,6,13
99,521,6,13
100,533,6,13
108,532,6,13
102,529,6,13
112,530,6,13
108,536,6,13
112,531,6,13
120,532,6,13
107,532,6,13
97,532,6,13
96,536,6,13
98,541,6,13
101,547,6,13
93,554,6,13
89,553,6,13
86,548,6,13
97,550,6,13
100,554,6,13
103,553,6,13
105,554,6,13
99,551,6,13
96,550,6,13
99,545,6,13
100,545,6,13
92,547,6,13
87,546,6,13
90,546,6,13
89,547,6,13
87,546,6,13
93,548,6,13
89,550,6,13
90,551,6,12
89,551,6,12
89,551,6,12
88,552,5,12
97,552,5,12
92,548,6,12
97,547,5,12
92,546,5,12
88,548,5,12
84,548,5,11
81,547,5,11
81,548,5,11
89,548,5,11
96,551,5,11
90,551,5,11
82,548,5,11
81,546,5,11
79,548,5,11
81,548,5,11
80,551,5,11
80,550,5,11
72,557,5,11
70,558,5,11
75,554,5,11
75,557,5,11
70,557,5,11
69,556,5,11
59,557,5,11
58,553,5,11
57,550,5,11
51,550,5,11
48,549,5,11
53,555,5,11
50,557,5,11
50,558,5,11
42,556,5,11
35,555,5,11
35,557,5,11
27,557,5,11
24,556,5,10
23,560,5,10
23,557,5,10
30,554,5,10
29,553,5,10
29,556,5,10
25,554,5,9
26,557,5,10
24,560,5,10
23,559,5,10
21,561,5,10
20,561,5,9
25,554,5,9
24,552,5,9
24,553,5,9
24,553,5,9
20,553,5,9
21,553,5,9
20,554,5,9
23,556,5,9
17,555,5,8
13,555,5,8
21,549,5,9
25,547,5,8
24,545,5,8
21,547,5,8
14,548,5,8
12,549,5,8
10,550,5,8
8,559,5,8
1,559,5,8
1,558,5,8
0,560,5,8
1,560,5,8
0,559,5,8
0,559,5,8
0,560,5,8
2,559,5,8
2,558,5,8
2,558,5,7
1,559,5,8
1,559,5,7
2,558,5,7
1,558,5,7
1,558,5,7
1,557,5,7
1,558,5,7
1,558,5,7
1,557,5,7
2,557,5,7
1,555,5,7
1,557,5,7
1,557,5,7
0,556,5,7
0,555,5,7
1,551,5,7
0,557,5,7
5,561,5,7
6,561,5,7
7,561,5,7
0,561,5,7
3,561,5,7
3,561,5,7
8,557,5,7
15,558,5,7
13,559,5,7
11,558,5,7
15,559,5,7
18,558,5,7
18,558,5,7
18,558,5,7
19,555,5,7
20,558,5,7
19,555,5,7
19,556,5,7
18,556,5,7
19,556,5,7
23,554,5,7
24,550,5,7
26,546,5,7
26,540,5,7
26,544,5,7
23,540,5,7
24,539,5,7
24,537,5,6
19,538,5,6
22,537,5,6
28,538,5,6
29,539,5,6
29,542,5,7
31,542,5,7
30,542,5,6
29,542,5,6
29,542,5,6
28,541,5,6
28,536,5,6
25,536,5,6
26,535,5,6
21,534,5,6
20,536,5,6
22,528,5,6
20,529,5,6
22,529,5,6
19,531,5,6
22,531,5,6
21,534,5,6
17,532,5,6
15,531,5,6
15,528,5,6
16,520,5,6
22,518,5,6
23,518,5,6
25,518,5,6
25,518,5,6
22,517,5,6
21,516,5,6
21,517,5,6
19,517,5,6
19,517,5,6
19,518,5,6
19,518,5,6
22,518,5,6
24,518,5,5
25,519,5,5
28,519,5,5
30,522,5,5
32,522,5,5
35,521,5,5
33,528,5,5
38,532,5,5
40,533,5,5
34,528,5,5
35,525,5,5
34,529,5,5
33,525,5,5
34,527,5,5
29,528,5,5
26,527,5,5
23,525,5,5
25,525,5,5
26,521,5,5
25,514,5,5
27,520,5,5
28,521,5,5
30,516,5,5
27,518,5,5
29,522,5,5
24,523,5,5
24,526,5,5
20,526,5,5
23,526,5,5
21,524,5,5
22,526,5,5
24,525,5,5
23,528,5,5
24,522,5,5
28,522,5,5
26,522,5,5
26,516,5,5
29,511,5,5
26,510,5,5
28,509,5,5
28,510,5,5
28,510,5,5
27,508,5,5
29,506,5,5
24,504,5,5
22,506,5,5
24,508,5,5
26,510,5,5
26,510,5,5
20,511,5,5
20,510,5,5
18,511,5,5
18,510,5,5
24,511,5,5
22,510,5,5
19,511,5,5
20,509,5,5
24,510,5,5
24,510,5,5
22,511,5,5
23,510,5,5
18,509,5,5
19,516,5,5
18,515,5,5
12,514,5,5
9,513,5,5
3,510,5,5
3,510,5,5
8,511,5,5
7,510,5,5
0,510,5,5
0,511,5,5
0,511,6,6
0,513,6,6
0,511,6,6
0,516,6,6
0,518,6,6
0,517,6,6
0,517,6,6
0,516,6,6
0,519,7,7
0,519,7,7
0,517,7,7
0,516,7,7
0,519,7,7
0,519,7,7
0,519,8,8
0,519,7,7
0,515,8,8
0,516,8,8
0,515,8,8
0,516,8,8
3,518,8,8
0,517,8,8
9,520,8,8
12,520,8,8
1,520,8,8
2,516,8,8
1,523,7,7
0,520,8,8
0,520,7,7
3,523,7,7
7,531,7,7
14,539,8,8
9,538,7,7
0,540,7,7
0,532,7,7
0,522,7,7
0,518,8,8
1,516,8,8
2,518,8,8
2,520,8,8
2,519,8,8
3,519,7,7
0,519,7,7
0,519,7,7
0,518,8,8
1,517,8,8
0,516,8,8
0,516,8,8
0,516,8,8
1,515,8,8
0,516,8,8
0,517,9,9
0,517,9,9
1,517,9,9
2,516,9,9
1,519,9,9
2,517,9,9
3,517,9,9
0,521,9,9
2,521,9,9
1,520,9,9
4,520,9,9
2,521,9,9
2,518,9,9
0,517,9,9
1,517,9,9
2,519,9,9
4,519,9,9
1,520,9,9
2,520,9,9
0,516,9,9
0,519,9,9
7,516,9,9
9,514,9,9
10,514,9,9
10,514,9,9
0,517,9,9
0,515,9,9
0,515,9,9
3,515,9,9
0,515,9,9
0,516,9,9
1,515,9,9
1,514,9,9
1,516,9,9
3,516,8,8
9,518,8,8
11,516,8,8
8,518,8,8
2,517,8,8
4,516,8,8
4,515,8,8
2,515,8,8
5,515,8,8
1,515,8,8
2,515,8,8
2,516,8,8
4,514,8,8
0,514,8,8
0,514,8,8
0,515,8,8
3,515,8,8
6,517,8,8
0,515,9,9
0,515,9,9
2,514,9,9
3,515,9,9
11,513,9,9
15,509,9,9
16,508,9,9
18,508,8,8
20,508,8,8
21,508,8,8
20,508,8,8
18,508,8,8
12,509,8,8
7,508,8,8
0,508,8,8
3,509,8,8
2,508,8,8
2,510,8,8
4,509,8,8
6,507,8,8
12,508,8,8
3,515,8,8
1,515,8,8
1,514,8,8
1,516,8,8
1,514,8,8
1,512,8,8
1,512,8,8
1,515,8,8
1,517,8,8
1,518,8,8
3,519,8,8
1,519,8,8
8,517,8,8
8,517,8,8
2,518,8,8
0,517,8,8
7,518,8,8
7,517,8,8
8,518,8,8
7,517,8,8
15,517,8,8
13,517,8,8
4,517,8,8
0,516,8,8
0,516,9,9
0,516,9,9
0,517,9,9
0,517,9,9
0,517,9,9
0,517,10,10
3,516,10,10
9,514,10,10
3,514,10,10
2,513,9,9
4,509,9,9
10,508,9,9
13,507,9,9
16,506,9,9
16,507,9,9
17,507,9,9
16,510,8,8
16,514,8,8
19,513,8,8
20,513,8,8
17,512,8,8
13,512,8,8
11,512,8,8
12,512,8,8
8,509,8,8
0,510,8,8
0,511,8,8
0,512,8,8
0,512,8,8
9,511,8,8
15,511,8,8
12,511,8,8
16,511,8,8
14,511,8,8
9,510,8,8
6,511,7,7
6,511,7,7
6,511,7,7
5,511,7,7
10,511,7,7
3,512,7,7
0,506,7,7
2,511,7,7
11,511,7,7
10,511,7,7
4,511,7,7
3,511,7,7
7,510,7,7
5,510,7,7
2,511,7,7
0,511,7,7
3,510,7,7
2,511,7,7
3,511,7,7
4,511,7,7
3,511,7,7
2,511,7,7
2,511,7,7
1,511,7,7
0,510,7,7
4,510,7,7
7,510,7,7
7,510,6,6
8,510,6,6
6,509,6,6
7,509,6,6
5,510,6,6
2,508,6,6
2,509,6,6
2,509,6,6
0,510,6,6
1,509,6,6
0,510,6,6
0,511,6,6
0,508,6,6
0,509,6,6
0,509,7,7
0,508,7,7
0,508,7,7
0,508,7,7
0,512,7,7
0,514,7,7
0,518,7,7
1,526,7,7
0,523,7,7
0,523,8,8
0,523,8,8
9,521,8,8
6,525,7,7
10,524,7,7
0,523,7,7
4,522,7,7
0,523,7,7
8,522,7,7
0,523,7,7
7,522,7,7
0,522,7,7
0,522,8,8
0,522,7,7
0,523,7,7
0,523,8,8
2,526,7,7
4,531,7,7
4,530,7,7
4,531,7,7
0,522,8,8
0,522,8,8
0,524,8,8
1,523,8,8
2,522,8,8
3,522,8,8
2,523,8,8
3,521,8,8
14,520,7,7
13,520,8,8
14,520,8,8
14,521,7,7
15,520,7,7
9,521,7,7
13,523,7,7
12,522,7,7
10,521,7,7
1,522,7,7
0,521,7,7
0,521,7,7
3,521,7,7
3,521,7,7
4,521,7,7
0,521,7,7
0,521,7,7
0,520,7,7
0,515,8,8
0,516,8,8
0,521,8,8
0,521,8,8
0,521,8,8
0,518,8,8
0,514,8,8
0,514,8,8
3,517,8,8
0,513,8,8
0,514,8,8
0,511,9,8
0,511,9,8
3,511,9,9
0,515,9,9
0,513,9,9
0,512,9,9
0,515,10,10
0,513,10,10
0,512,10,10
0,512,11,11
0,513,11,11
0,513,11,11
0,513,11,11
0,511,11,11
0,515,12,12
0,510,12,12
0,510,12,12
0,516,12,12
0,508,12,12
0,516,12,12
0,516,12,12
0,517,12,12
0,511,12,12
0,511,12,12
0,508,12,12
0,509,12,12
0,508,12,12
0,509,12,12
0,513,12,12
0,509,12,12
1,512,12,12
0,513,12,12
0,515,12,11
0,515,12,11
0,515,13,11
0,514,13,12
0,514,13,12
0,514,13,12
0,513,14,13
0,513,14,13
0,511,15,13
0,509,15,14
0,509,15,15
0,510,15,15
0,509,15,15
0,509,14,13
0,509,14,13
0,509,14,13
0,510,14,12
0,509,13,12
0,510,13,12
0,510,13,12
0,510,13,13
0,510,12,11
0,511,12,11
0,512,12,11
0,512,12,11
0,511,12,11
0,511,12,11
0,513,12,11
0,512,12,11
0,515,12,11
0,512,12,12
0,515,11,10
0,514,11,10
0,516,10,9
0,514,10,9
0,515,10,9
0,515,9,9
0,515,9,8
0,514,9,8
0,513,9,8
1,514,9,9
0,514,9,9
0,517,9,8
0,517,9,8
0,515,9,8
0,514,9,8
0,512,9,8
0,513,9,8
0,515,9,8
0,514,9,8
0,513,9,9
0,514,8,8
0,514,8,8
0,516,9,8
0,513,9,8
0,512,10,9
0,512,10,9
0,512,10,9
0,511,11,10
0,512,11,10
0,511,11,11
0,512,11,10
0,511,11,10
0,511,11,10
0,511,11,10
1,511,11,11
0,516,11,11
0,514,10,9
0,512,10,9
0,514,10,9
0,515,11,11
0,513,10,9
0,513,10,9
0,513,10,9
0,511,10,9
0,511,10,9
0,514,10,9
0,514,10,9
0,512,11,10
0,513,10,9
0,515,10,9
0,514,10,9
0,513,10,9
0,514,10,9
0,513,10,9
0,515,9,9
0,516,9,9
0,517,9,8
0,517,9,9
0,517,9,8
0,516,9,9
0,516,9,9
0,516,9,8
0,518,9,8
0,518,10,9
0,518,9,9
0,518,9,8
0,520,9,9
0,522,9,9
0,523,9,9
0,518,10,10
0,514,9,8
0,514,9,9
0,516,10,9
0,517,9,9
0,517,10,9
0,517,9,9
0,516,9,8
0,517,9,8
0,516,9,8
0,517,9,8
0,516,9,8
0,516,9,8
0,515,9,8
0,515,9,8
0,516,9,8
0,516,9,9
0,516,9,9
0,517,9,9
0,519,9,8
1,522,9,9
0,523,9,9
0,533,9,9
1,533,9,9
0,532,9,9
0,522,10,10
0,523,10,10
0,512,10,9
0,507,10,9
0,505,10,9
1,506,10,10
