17,380,31,64
20,382,33,60
24,382,30,59
27,380,31,61
33,376,31,63
37,374,31,64
39,373,32,66
43,372,32,67
46,374,33,67
49,363,33,69
63,349,34,70
100,371,34,69
99,366,33,68
100,367,32,67
100,372,33,68
79,365,33,69
74,369,33,68
62,372,33,69
72,362,34,70
73,369,34,70
103,360,34,69
104,371,33,69
115,367,33,69
118,366,33,68
118,368,33,69
126,366,34,70
138,366,34,71
140,369,34,70
146,369,33,69
152,367,34,69
156,365,34,71
159,363,35,73
168,362,35,73
174,362,36,74
182,366,35,73
186,363,36,74
190,362,36,75
193,360,37,76
198,358,36,75
205,360,36,75
210,360,35,76
213,360,37,76
220,361,36,75
227,362,36,74
235,364,36,74
239,363,36,75
241,359,37,76
244,357,36,75
249,358,37,75
259,353,38,78
265,357,38,79
272,361,38,78
275,361,38,78
280,359,38,78
290,357,38,78
294,355,37,77
296,351,38,78
304,356,38,78
307,357,37,77
318,358,37,76
324,357,37,75
329,354,37,77
335,351,37,77
342,350,36,79
349,351,37,79
354,351,37,77
361,350,34,81
364,350,35,79
370,356,35,76
375,355,34,78
378,353,34,76
381,353,35,76
386,353,37,76
390,350,36,75
394,350,37,77
403,352,37,77
409,351,38,78
413,354,38,78
421,355,38,78
427,356,38,78
429,353,38,79
432,354,39,80
437,353,39,80
438,349,40,82
441,349,40,83
449,351,40,84
456,354,40,82
460,352,39,81
462,352,39,80
471,356,39,80
472,355,39,80
476,354,39,81
479,354,39,80
483,357,39,80
480,353,39,81
482,352,40,83
485,349,40,82
486,349,40,82
487,353,39,80
489,351,39,79
490,352,37,78
488,346,38,78
489,341,38,78
486,339,38,78
497,332,38,77
488,325,38,78
497,326,39,80
509,310,38,78
523,284,38,78
510,271,37,76
509,267,37,77
505,268,37,76
522,260,36,75
522,261,37,75
523,261,36,75
503,283,36,75
494,298,37,76
482,332,36,75
481,331,37,76
477,323,36,75
511,304,36,74
524,287,36,74
544,292,35,73
565,337,35,73
573,335,35,72
581,330,34,70
581,342,34,70
641,337,34,70
633,330,34,70
653,336,33,69
652,338,34,66
663,337,34,70
675,341,34,70
686,354,34,71
695,346,34,71
665,334,34,71
636,324,34,70
618,335,34,71
585,348,35,70
556,352,35,70
547,354,35,72
546,356,35,73
544,353,35,72
544,356,35,72
546,357,35,72
542,355,35,72
541,357,35,72
540,353,35,73
538,354,34,73
534,353,33,74
532,355,32,75
528,358,36,74
524,356,36,75
522,355,36,75
520,358,36,75
534,357,36,75
517,356,36,75
515,351,37,77
513,356,37,75
516,355,37,76
509,337,37,76
511,357,33,70
508,357,34,68
506,358,34,68
507,358,34,68
505,360,33,67
508,354,35,73
508,356,33,72
506,358,34,71
506,359,34,70
501,360,34,69
508,360,32,71
508,358,34,72
505,359,34,71
506,359,34,71
506,358,33,71
505,359,33,70
504,359,33,70
504,360,33,71
503,359,33,70
505,358,33,71
504,358,34,71
505,359,33,72
503,359,32,72
505,357,33,74
503,359,33,72
502,360,33,72
502,359,33,72
502,359,33,72
503,358,32,73
503,359,32,72
502,357,33,72
501,357,33,73
501,358,33,73
500,359,33,72
501,358,33,73
501,357,33,73
501,356,33,73
500,358,33,73
500,357,33,73
499,358,33,72
498,358,33,72
499,359,31,72
498,359,32,71
499,359,32,70
498,359,31,70
497,359,32,68
497,360,31,69
497,359,32,67
497,358,32,68
496,359,32,67
496,359,32,69
496,360,31,69
495,361,31,68
493,358,33,69
494,358,33,71
492,359,33,71
491,359,32,71
491,358,32,70
493,359,32,71
491,359,32,69
491,358,33,68
491,358,33,71
492,359,32,70
491,359,32,70
493,358,32,70
492,359,33,70
491,358,33,71
492,358,33,72
493,357,33,70
493,357,33,70
491,358,33,71
492,360,32,70
492,359,33,69
491,358,34,71
492,358,33,69
491,357,34,72
491,358,34,70
492,357,34,71
492,357,34,71
492,358,33,70
493,357,33,71
491,357,34,72
491,358,34,70
494,355,34,71
492,357,34,71
492,357,34,72
494,356,34,72
494,356,34,71
492,358,34,72
495,355,34,71
494,358,34,71
494,358,33,72
494,357,34,74
494,356,35,74
496,353,35,72
496,353,35,74
495,356,34,72
497,353,35,75
497,353,35,72
496,356,34,75
498,355,34,74
498,353,34,76
498,355,34,75
498,354,34,75
498,355,34,75
498,354,35,74
496,353,35,72
495,353,35,72
492,357,34,71
493,358,34,70
493,357,34,70
491,357,34,70
490,358,34,71
490,358,33,71
491,357,34,71
491,358,34,70
489,358,34,71
489,359,34,70
490,358,33,71
490,359,33,70
489,359,33,69
490,359,33,70
492,358,33,71
492,359,32,70
492,358,33,69
493,359,32,69
494,360,31,71
492,358,32,70
493,358,32,70
492,359,32,69
493,359,32,70
492,357,32,71
491,356,32,70
487,358,33,68
488,354,34,70
490,350,34,70
498,356,34,70
485,331,33,68
481,314,33,69
493,297,33,69
501,278,33,69
503,278,33,68
499,307,33,68
484,313,33,69
477,355,33,69
475,359,33,69
495,363,29,64
504,363,29,64
501,360,30,66
500,358,33,68
497,362,29,64
498,362,33,68
496,365,28,62
497,365,30,60
496,362,32,67
495,367,29,59
496,366,29,60
501,358,32,67
499,366,30,58
507,368,29,57
508,366,29,58
506,368,29,57
507,367,28,56
509,369,27,55
514,369,27,58
513,371,26,55
514,369,26,57
513,369,26,57
513,369,27,57
513,367,26,58
512,369,26,56
514,368,25,57
512,366,26,57
514,366,26,58
513,368,26,59
511,367,26,59
510,365,27,60
507,366,27,59
503,365,28,59
501,363,30,61
500,362,30,63
500,362,29,64
499,363,29,64
498,363,28,64
497,362,30,65
498,360,31,65
498,361,30,64
499,361,30,65
500,362,29,63
500,363,29,64
501,361,30,64
501,363,29,64
500,362,30,64
502,363,29,63
502,362,30,63
501,362,29,63
500,362,30,64
502,361,29,64
502,360,30,63
502,362,29,64
502,359,31,64
501,359,30,64
503,359,31,64
504,359,31,65
502,359,32,66
504,358,32,66
503,358,32,67
503,359,32,67
501,358,32,68
501,355,33,68
500,355,34,69
498,356,34,70
497,358,33,69
498,357,33,70
494,357,33,69
492,359,34,69
491,359,33,69
493,357,34,72
493,358,34,71
492,359,33,69
490,361,32,68
492,360,32,70
492,360,32,69
492,361,32,68
493,361,32,69
491,359,32,71
491,359,33,71
491,359,33,71
492,359,32,69
493,358,32,71
492,359,33,71
492,358,33,72
491,360,32,70
492,358,32,71
492,357,33,70
495,357,32,73
494,356,33,74
493,357,33,72
494,356,34,72
493,356,33,71
493,358,33,71
492,358,33,69
492,359,32,70
492,358,32,69
492,357,34,70
492,358,33,70
492,358,33,71
492,359,33,70
495,357,32,72
493,358,33,70
492,359,33,69
493,360,32,69
494,359,32,70
494,359,32,70
495,357,31,72
494,359,32,70
494,357,32,72
492,358,33,70
493,358,32,70
493,359,32,70
494,359,31,70
493,359,32,71
493,357,33,72
493,358,32,70
493,357,33,70
494,357,33,72
493,358,32,71
492,357,33,71
494,357,33,70
494,357,32,72
494,356,33,72
493,357,33,72
493,357,33,72
492,357,33,71
493,357,33,71
494,356,33,72
494,356,33,72
494,357,33,72
494,356,33,72
493,356,34,73
492,357,34,72
493,356,33,73
491,356,34,72
492,357,34,71
493,357,33,72
493,356,34,72
493,357,33,71
492,357,33,71
493,357,33,70
494,356,33,72
493,358,33,71
493,357,33,70
495,358,32,71
495,358,31,70
492,358,32,70
494,357,32,71
494,356,33,72
495,356,33,72
496,355,33,73
493,356,33,72
493,357,33,72
494,357,32,72
494,356,33,73
494,355,34,74
495,355,34,73
494,356,33,72
494,356,33,72
495,355,33,74
493,354,34,74
494,355,33,74
493,354,34,74
494,355,33,75
493,356,34,73
492,356,34,72
492,356,34,72
493,355,33,73
495,356,33,73
493,354,35,74
493,355,33,74
493,355,34,74
493,355,35,73
494,356,33,73
494,355,34,73
494,355,34,72
494,356,33,72
494,356,33,72
493,356,34,72
493,357,33,70
493,355,34,70
493,356,33,72
495,355,33,72
494,356,33,73
494,356,34,73
493,355,36,75
495,352,36,75
493,355,35,74
493,355,35,72
495,355,34,73
493,356,34,72
493,355,34,72
495,355,33,72
494,356,33,71
496,356,33,71
497,355,33,72
498,351,34,76
498,351,33,77
502,353,35,74
502,353,34,72
504,354,34,71
506,354,34,74
507,354,36,75
508,357,36,74
499,358,36,75
511,354,36,74
517,355,35,73
520,353,36,74
524,355,35,73
528,354,35,73
513,354,36,73
527,351,36,74
519,351,36,73
521,355,36,74
533,351,37,76
541,354,36,75
555,347,36,75
526,349,36,74
510,351,35,73
489,354,36,70
491,353,36,69
492,356,34,69
493,355,34,69
494,355,34,70
494,354,35,71
493,356,34,69
496,353,34,71
496,355,33,71
496,353,34,72
497,353,34,73
497,351,34,73
497,351,35,75
498,351,35,75
497,352,34,74
497,353,34,74
496,353,34,74
496,354,34,74
494,353,35,74
496,352,35,75
495,353,34,74
494,352,35,74
494,353,34,73
496,352,34,73
492,354,35,71
495,352,34,73
495,352,34,74
494,353,34,73
493,351,35,75
495,353,34,73
495,354,34,72
493,353,35,72
495,353,33,73
493,353,34,71
492,352,34,73
494,352,34,72
494,353,34,72
494,354,33,71
495,354,32,72
496,353,33,73
494,350,35,76
494,353,34,73
495,352,36,73
494,351,36,76
495,352,34,74
495,352,34,73
494,352,35,74
494,354,35,72
493,353,34,71
495,351,34,75
494,350,35,75
494,346,35,74
494,349,34,73
492,348,34,72
492,346,34,73
492,345,35,74
492,343,34,76
493,344,34,75
492,344,34,74
491,346,34,73
492,347,34,73
494,349,33,73
492,351,34,71
491,352,34,72
493,352,33,71
493,353,33,71
493,352,34,71
491,351,36,72
492,351,36,72
492,351,35,72
491,351,36,72
492,351,34,72
491,353,34,70
491,353,34,70
492,350,35,73
491,352,34,72
491,352,34,71
491,351,35,71
492,350,35,71
492,350,34,70
490,352,34,68
491,351,35,71
492,349,35,72
491,349,35,70
490,350,35,70
489,352,35,68
491,350,36,70
490,349,36,70
490,349,35,69
491,349,34,70
491,349,35,68
490,351,34,67
491,350,33,68
492,349,34,68
491,351,34,68
490,352,34,65
491,350,33,66
493,350,33,67
493,350,33,66
493,350,32,66
495,348,32,67
495,347,32,66
494,349,32,66
494,349,32,65
493,351,32,66
494,351,33,65
493,351,33,66
491,353,32,64
492,348,33,66
492,349,34,66
494,348,33,68
492,347,34,67
490,349,34,66
492,348,33,68
491,349,33,67
490,350,34,66
489,352,33,68
489,351,34,67
489,350,34,69
489,351,33,68
490,352,32,67
490,353,32,67
492,352,31,65
491,351,32,65
491,352,31,67
490,353,31,65
491,352,32,66
489,353,32,67
489,352,33,64
490,351,33,66
488,353,32,67
488,353,33,67
487,353,33,67
488,351,34,68
488,351,34,68
488,351,34,69
489,351,34,69
489,352,33,69
490,352,33,66
490,352,33,69
490,352,33,69
491,352,33,70
491,352,33,70
490,352,33,69
489,352,33,70
490,351,34,71
491,350,33,72
490,351,33,71
490,351,34,70
490,352,33,70
492,351,33,70
493,350,33,73
491,349,35,73
492,352,33,71
493,350,33,73
493,352,33,70
493,352,33,70
492,352,33,70
491,352,33,69
487,353,33,68
489,352,33,68
489,349,34,68
487,350,34,67
486,350,33,67
483,350,33,67
486,347,34,70
484,345,34,66
484,345,34,69
481,342,34,69
481,344,35,65
481,342,34,66
480,342,34,68
477,344,34,66
481,345,33,67
480,346,33,66
481,343,33,68
480,344,33,67
481,344,33,69
479,345,33,69
479,343,34,70
479,345,34,70
478,345,34,70
477,345,34,70
478,346,34,70
478,345,34,70
475,345,34,70
473,344,35,72
472,345,35,71
472,345,34,71
468,346,35,72
473,347,35,69
472,346,34,70
472,347,34,71
472,346,34,70
472,345,34,70
472,347,34,71
471,347,34,70
469,346,34,69
468,348,33,69
467,347,33,68
466,345,33,69
466,342,34,70
464,342,34,70
465,341,35,71
465,343,34,70
466,344,34,70
464,344,34,71
465,343,34,71
465,343,35,72
465,345,35,72
465,346,35,72
466,347,35,72
467,344,35,72
469,344,35,72
467,344,35,72
465,343,35,73
464,343,35,73
463,345,35,73
464,344,36,73
463,340,36,75
461,341,37,76
463,339,37,76
462,339,37,77
461,339,37,76
462,338,37,76
459,339,37,77
457,339,38,78
454,338,37,77
452,334,38,79
450,336,38,79
446,336,39,80
444,333,39,81
444,334,40,82
443,333,40,82
443,333,40,83
441,330,40,84
443,330,40,83
441,332,40,83
441,333,41,84
440,333,40,83
434,320,41,84
429,328,42,86
423,324,41,86
420,318,41,85
418,317,41,85
418,312,41,85
416,310,42,86
412,307,43,88
423,316,42,86
401,311,42,86
393,304,42,86
449,327,42,86
437,331,41,85
465,336,41,84
486,346,40,83
492,343,41,84
484,345,41,84
485,345,41,84
488,343,40,83
484,344,40,83
475,341,40,82
484,351,37,75
487,345,39,81
482,343,39,81
486,352,36,75
487,350,36,76
486,352,35,73
487,351,36,74
486,352,36,72
486,351,35,72
487,353,34,73
486,352,35,73
487,352,34,72
487,352,34,72
487,354,34,70
486,354,34,70
486,354,33,69
487,353,34,71
486,354,34,70
486,354,34,69
486,354,33,71
487,353,33,71
488,353,33,72
488,354,33,71
487,353,33,70
486,353,34,71
486,353,33,71
487,354,32,71
486,353,33,71
485,353,34,70
485,353,33,71
486,353,33,72
485,354,33,71
486,354,33,71
486,353,33,72
485,353,33,72
485,352,34,72
486,352,34,73
485,353,34,71
485,353,34,71
485,352,34,72
484,351,35,74
482,353,35,70
484,351,35,74
485,351,34,74
481,352,36,72
482,352,35,72
482,353,35,72
484,352,35,72
484,352,34,73
484,350,35,74
484,351,35,72
483,352,34,72
483,352,34,71
484,352,34,72
483,351,35,72
484,351,35,72
485,351,35,72
486,350,35,74
487,351,35,73
487,350,35,74
487,351,35,73
487,352,34,72
488,351,34,72
488,350,35,73
488,350,34,72
488,351,34,72
489,350,35,72
491,350,34,74
489,352,34,71
489,351,35,71
490,350,35,73
490,350,34,72
488,351,34,71
488,351,35,72
489,350,35,74
490,350,35,72
490,350,35,73
490,351,34,71
489,350,35,72
489,351,34,72
492,350,34,72
489,351,34,71
490,351,34,71
490,351,34,71
490,351,34,72
490,351,34,71
490,351,34,72
491,349,35,74
490,351,35,71
490,352,33,71
490,350,34,73
489,350,35,73
490,350,35,73
491,352,34,72
491,352,35,72
490,351,36,72
490,352,35,71
491,352,35,72
491,352,35,72
490,352,35,72
492,351,35,73
491,352,35,71
492,351,34,73
493,350,34,74
493,349,35,75
492,351,35,73
492,352,35,72
495,352,35,74
498,344,39,81
446,318,40,82
440,316,40,83
443,292,41,84
459,284,41,84
467,306,41,84
