267,347,43,64
267,350,42,63
264,347,42,63
263,348,42,61
261,348,42,62
261,348,41,60
260,348,44,61
258,349,43,61
251,351,42,62
253,352,42,60
254,354,42,60
258,355,40,60
258,355,40,62
257,357,41,61
255,356,42,64
255,356,42,63
252,356,43,64
250,355,42,63
251,356,43,63
254,355,43,63
254,352,44,61
257,348,44,60
269,341,44,65
274,335,44,63
277,331,45,64
278,329,43,62
276,326,44,62
275,322,44,62
280,318,42,64
296,316,44,65
308,314,45,65
314,315,44,64
314,318,45,66
313,321,44,65
314,324,44,65
315,330,45,66
316,333,46,66
313,339,45,66
313,341,47,65
311,342,46,66
307,346,45,67
305,348,46,67
305,348,44,67
299,346,44,69
297,346,45,70
296,344,45,69
293,339,47,70
298,338,46,69
308,338,46,68
312,334,46,68
314,333,46,68
312,330,48,67
318,326,46,68
323,324,47,68
324,323,45,70
327,324,45,65
325,326,47,68
326,330,48,68
327,333,46,69
329,336,43,67
331,335,44,68
334,336,44,67
334,335,43,69
335,334,46,68
337,333,46,68
336,333,45,70
335,334,46,70
332,338,46,69
330,339,44,70
333,342,45,69
332,345,45,68
329,345,45,67
328,344,45,68
327,342,43,68
326,345,44,66
325,343,44,66
327,343,44,66
326,342,44,66
323,342,44,67
321,341,44,67
320,342,44,68
319,343,45,67
316,343,45,67
316,344,45,66
311,343,44,68
310,344,45,68
306,344,44,67
306,347,45,67
301,344,44,69
298,345,46,69
297,345,45,70
295,345,46,69
293,347,46,69
292,345,47,70
291,348,47,69
288,345,47,71
286,348,47,70
295,342,47,71
295,340,45,71
295,336,45,72
294,336,45,71
293,338,45,72
291,343,47,72
291,346,46,70
291,350,44,66
292,349,45,68
291,349,46,68
291,349,47,69
291,347,47,70
293,346,47,70
294,345,46,68
295,345,44,67
295,347,46,68
294,344,46,68
306,340,47,70
314,341,46,67
321,339,45,65
329,348,45,67
330,352,45,64
331,354,46,67
332,356,44,67
336,353,45,66
337,348,46,68
340,345,41,62
340,343,43,64
341,339,43,67
340,337,42,65
341,340,42,66
346,344,42,65
349,347,43,68
355,349,41,67
364,353,41,64
380,357,41,67
390,358,40,69
396,356,41,72
399,358,40,71
401,359,39,69
398,363,40,69
397,364,40,70
396,366,42,69
391,368,44,70
390,364,43,70
387,361,43,67
387,358,43,67
384,356,44,66
385,356,44,70
382,360,47,71
377,363,47,73
376,367,50,75
375,363,50,74
373,367,47,74
368,368,49,74
366,361,48,76
362,362,48,78
363,362,45,75
358,361,46,78
361,364,44,74
357,367,44,74
355,365,43,72
354,369,43,71
351,367,43,71
347,368,42,72
343,365,43,72
340,366,43,72
335,365,44,72
334,366,42,70
331,367,42,70
330,366,43,71
329,367,42,71
327,369,41,69
327,371,42,66
324,372,40,65
320,371,42,69
317,371,40,70
315,373,42,71
314,369,43,71
310,372,43,70
305,370,45,72
303,371,44,72
300,371,43,71
301,371,46,71
301,370,45,71
299,369,46,71
296,369,45,69
294,368,45,67
292,371,43,66
290,371,44,68
285,373,45,68
285,373,42,67
282,371,42,67
282,373,41,65
280,372,41,67
280,374,44,68
277,371,45,71
275,370,46,71
271,367,47,72
271,367,45,71
266,365,48,71
271,364,48,69
257,361,47,66
255,359,46,69
253,357,46,70
252,356,45,68
250,356,45,67
246,362,46,65
244,363,46,66
244,366,46,69
243,369,46,67
240,370,48,65
239,368,48,67
237,367,45,64
236,368,42,63
234,368,43,64
231,367,46,64
227,365,47,65
224,366,46,63
221,365,45,63
221,364,47,65
217,362,49,67
213,364,50,68
212,366,49,67
213,367,51,68
211,367,50,68
209,367,48,69
206,364,48,69
202,359,48,70
201,358,51,71
196,356,51,73
195,353,51,73
192,354,52,71
189,353,50,73
188,356,51,73
184,356,50,74
179,365,49,71
180,366,49,72
179,366,49,73
178,367,50,75
174,365,50,75
173,364,50,75
169,364,49,72
168,362,46,71
168,364,42,68
167,358,42,73
162,356,43,72
160,355,42,70
157,356,45,68
157,354,43,68
152,353,45,67
151,354,47,68
150,355,46,68
148,357,45,69
147,361,45,67
146,364,43,67
139,368,43,67
135,370,46,70
136,372,46,69
142,377,46,68
126,379,46,68
125,375,45,68
127,375,45,67
117,372,44,66
115,371,44,68
113,371,44,66
110,366,44,65
106,365,43,67
106,368,44,65
105,367,43,64
116,366,37,65
115,368,38,62
113,363,38,64
109,359,39,63
106,354,38,63
103,352,37,60
99,342,36,63
91,338,39,67
95,337,35,66
92,336,37,67
90,335,36,67
84,339,41,64
87,336,37,66
87,338,38,66
82,339,39,68
82,341,40,69
79,345,39,70
77,349,36,69
76,354,39,71
72,362,41,74
73,363,40,73
68,371,40,76
66,371,43,74
50,373,46,69
42,357,46,69
31,356,40,71
29,349,40,71
27,348,44,71
26,347,40,74
23,350,42,74
26,355,42,71
38,367,40,71
49,380,41,73
63,389,44,72
74,395,45,74
87,396,43,76
103,398,47,70
117,402,44,72
127,402,42,71
130,400,42,74
138,399,42,72
149,396,42,72
153,395,41,72
155,391,42,76
158,392,41,74
160,392,40,74
167,396,40,74
172,398,43,73
173,400,40,77
174,402,41,77
175,406,43,77
172,408,42,76
171,411,41,75
167,410,42,77
166,412,41,77
163,413,41,76
163,416,39,72
161,415,38,74
162,414,38,72
166,416,37,70
166,416,38,71
169,415,37,68
171,414,35,67
171,415,38,69
170,417,36,68
170,419,37,66
172,419,36,68
167,421,35,65
167,420,35,67
165,419,35,66
170,414,34,65
182,412,35,65
191,415,34,64
197,420,33,64
204,426,33,65
215,428,33,66
224,430,33,65
230,428,35,66
237,426,34,66
246,420,35,68
258,419,35,68
273,421,35,67
286,425,33,66
293,428,34,67
301,431,33,68
315,436,33,64
324,441,34,64
337,445,35,64
340,448,33,63
342,446,33,63
342,443,33,63
341,439,33,61
335,433,33,61
333,431,33,60
333,431,33,59
332,432,33,60
327,434,33,60
326,437,33,60
320,441,33,62
321,444,31,62
319,444,32,62
310,442,31,63
308,434,31,63
306,430,32,63
307,429,30,60
304,429,31,60
301,430,33,61
300,431,33,61
298,431,34,61
297,429,33,60
298,427,32,60
296,423,33,61
297,420,33,61
295,422,34,59
292,423,34,60
292,425,31,60
290,432,31,56
288,437,32,56
289,435,30,58
290,436,32,56
296,436,33,54
300,433,31,56
301,433,30,55
300,433,30,53
286,432,35,51
271,438,35,52
272,438,33,54
263,441,35,52
261,442,35,52
258,444,36,53
257,447,35,52
254,447,35,52
254,444,31,53
254,441,31,54
253,441,32,55
251,443,32,53
256,447,34,51
269,447,28,55
269,447,30,56
265,448,32,53
262,448,33,54
259,450,34,52
255,443,32,53
251,445,32,51
249,445,32,52
247,444,32,51
245,445,34,51
245,449,33,51
243,454,35,52
254,454,35,52
270,452,33,53
270,447,31,57
267,443,30,54
264,439,30,53
263,437,33,54
261,436,32,56
260,438,32,52
267,439,36,54
280,441,33,54
286,441,31,53
297,445,35,52
308,447,35,52
335,457,35,52
351,452,35,52
366,450,35,52
381,456,35,52
400,454,35,51
410,461,34,50
405,458,34,50
423,457,34,51
434,460,34,51
437,451,32,53
437,452,32,52
437,457,34,51
437,456,32,51
438,454,32,51
441,459,34,50
446,459,33,50
457,461,32,50
454,462,32,49
460,462,31,50
461,462,30,50
461,459,31,51
461,457,32,52
459,457,33,52
459,460,34,51
459,461,33,51
461,462,34,51
464,462,34,51
465,459,34,51
465,459,34,51
466,455,33,51
463,454,35,52
463,452,35,52
462,451,34,52
462,452,33,52
463,452,33,49
466,456,34,51
466,456,34,51
470,446,34,51
467,455,33,49
470,444,33,50
487,450,34,50
498,448,34,50
508,448,34,50
545,461,34,50
583,462,33,50
596,468,33,50
605,471,33,49
617,467,33,49
638,465,33,49
651,468,33,49
662,467,33,49
665,463,28,50
668,464,28,49
672,466,30,49
681,466,29,47
691,469,31,49
691,467,30,50
702,472,33,49
716,471,30,48
726,471,30,47
735,474,32,48
747,472,32,48
759,467,32,47
772,467,30,45
784,474,32,47
795,477,32,47
799,473,30,43
808,472,31,45
816,471,30,44
818,470,31,44
815,470,32,47
816,467,31,45
815,467,30,45
814,466,30,45
815,466,32,48
849,477,32,48
866,479,30,45
879,484,32,47
875,480,32,48
872,480,31,46
875,480,29,44
884,484,29,44
886,482,28,44
883,482,28,44
887,482,28,45
885,479,29,44
894,483,29,45
899,483,29,44
897,480,29,42
902,481,28,43
891,479,29,43
890,477,29,42
889,478,28,42
890,475,28,42
888,471,28,43
889,468,31,46
884,457,31,46
876,459,31,47
888,459,31,47
878,455,31,46
884,457,32,47
875,454,29,44
890,457,31,46
903,457,31,47
894,445,31,45
895,438,31,45
909,435,31,46
910,424,27,44
909,418,27,44
907,415,28,45
909,413,28,44
906,410,28,43
903,406,31,44
915,406,30,44
920,412,31,46
914,406,30,45
914,410,30,45
917,413,30,45
915,416,30,45
914,420,30,45
920,420,27,43
925,425,27,43
925,429,27,42
924,430,28,42
924,433,28,40
925,441,28,40
926,450,27,40
923,454,28,42
921,455,29,43
920,453,28,42
916,452,29,43
930,459,29,41
929,463,30,44
929,464,30,42
925,470,29,43
927,467,29,44
922,470,29,43
929,471,30,45
928,464,27,42
925,461,26,42
927,464,28,43
926,476,30,42
924,469,28,43
929,466,30,44
929,461,27,43
928,461,29,44
929,463,29,43
929,462,28,42
927,469,29,44
930,464,27,41
931,463,28,42
931,460,28,42
930,453,29,43
930,451,29,43
926,406,29,43
930,388,29,43
931,388,28,41
931,390,28,41
932,392,27,41
932,397,27,41
932,400,27,40
933,402,26,39
933,402,26,39
934,397,25,38
934,397,25,38
934,395,25,37
934,395,25,37
928,395,25,37
908,413,25,37
897,456,25,37
879,463,25,37
904,477,25,37
934,480,25,37
934,478,25,38
934,503,25,37
925,496,25,37
917,455,25,38
916,452,25,37
926,452,24,34
930,451,24,34
928,451,24,34
927,450,24,32
928,451,24,36
927,448,24,36
925,443,24,36
925,437,24,35
924,436,24,35
923,434,24,36
935,434,24,35
935,435,24,35
935,436,24,35
935,435,24,36
934,434,25,37
934,432,25,37
933,429,26,38
933,430,26,39
930,429,26,39
927,427,26,39
925,426,26,38
923,422,26,39
920,422,26,38
933,426,26,39
933,425,26,39
933,425,26,38
927,421,26,38
894,407,26,38
877,411,26,38
877,415,26,38
881,411,26,39
876,415,26,39
859,429,27,40
851,434,27,40
849,438,26,39
851,435,26,39
841,437,27,39
836,455,27,40
797,491,27,40
789,490,24,39
787,490,25,41
774,493,24,41
786,488,25,42
785,486,25,42
786,483,27,42
786,484,28,44
786,483,28,43
785,487,27,40
784,487,26,40
783,487,26,41
788,484,27,43
787,485,26,44
786,487,26,45
780,485,26,47
782,484,26,44
781,483,26,43
780,480,27,43
784,477,28,42
785,474,30,43
782,469,30,46
787,464,31,45
787,465,28,41
789,463,29,43
786,466,28,42
787,467,27,42
788,472,28,42
786,479,30,45
787,479,25,39
787,479,29,40
785,480,30,40
785,479,30,41
784,478,30,41
783,477,30,43
784,476,30,43
782,475,30,42
784,474,28,42
783,476,28,42
783,475,27,42
783,476,27,42
781,476,28,42
780,478,28,43
779,484,30,45
782,480,26,43
786,482,26,44
785,481,26,44
785,481,27,47
785,481,29,47
780,481,30,46
778,481,32,47
780,482,32,48
781,481,33,49
783,477,32,49
785,475,29,49
785,478,31,49
785,478,32,48
783,481,33,49
782,481,33,49
782,480,33,49
783,480,33,50
782,477,32,50
782,481,32,49
783,480,29,48
784,479,31,49
784,480,29,47
779,482,31,48
783,478,33,48
781,481,34,47
780,482,34,48
777,486,36,53
780,479,36,52
779,478,36,53
781,476,37,53
782,472,37,52
782,472,33,50
783,471,34,50
779,476,36,53
779,476,36,53
780,476,36,53
780,477,35,52
779,476,34,54
780,478,34,52
780,478,34,52
783,478,31,52
782,479,32,52
781,480,32,52
781,480,34,52
782,480,35,53
782,480,35,51
782,479,34,51
782,479,34,50
782,479,33,49
782,480,33,50
783,479,34,50
784,479,34,50
784,481,34,50
784,484,33,50
785,482,33,50
785,484,33,49
786,484,32,48
783,479,30,48
783,478,29,47
783,477,31,48
782,477,30,50
782,480,31,48
783,482,31,49
784,481,31,47
785,478,33,49
786,477,31,49
785,477,32,49
784,478,32,50
784,478,33,51
785,479,34,51
783,481,34,52
783,482,34,51
783,482,34,51
784,482,34,50
783,481,34,51
784,481,34,51
784,478,35,51
784,479,34,51
782,478,35,52
783,476,35,52
790,475,35,52
800,472,35,52
815,473,35,53
824,475,36,53
833,473,36,54
849,473,36,54
859,471,36,54
879,478,36,53
886,479,36,54
895,477,36,54
900,475,37,54
915,491,36,53
906,478,36,53
908,477,36,53
911,474,35,52
911,478,36,53
917,475,36,54
921,476,37,47
924,481,35,53
922,501,36,54
923,501,36,53
924,501,35,52
925,505,34,51
924,484,35,53
924,453,35,53
923,433,36,53
923,431,36,54
922,430,36,54
922,430,36,54
923,430,36,53
923,430,36,54
923,430,36,54
923,429,36,54
923,429,36,54
922,429,36,54
923,430,36,54
923,430,36,54
924,430,35,53
925,433,34,51
925,433,34,51
925,433,34,51
925,434,34,50
926,433,33,50
926,433,33,49
926,434,33,49
925,432,33,50
925,433,33,49
925,433,34,50
925,434,33,50
924,434,34,51
924,433,35,52
924,433,35,52
924,432,35,52
924,431,35,52
925,433,34,51
925,433,34,51
925,434,34,51
925,434,34,50
925,435,34,50
923,437,35,41
924,436,35,39
925,435,34,38
924,435,34,39
924,435,34,38
925,436,33,38
924,434,34,38
926,433,33,38
926,435,33,36
924,434,35,39
924,434,34,38
925,434,34,38
925,433,33,39
925,433,33,39
926,433,33,38
927,436,32,36
927,439,32,36
927,439,31,36
928,435,31,36
928,432,31,35
929,432,30,35
929,433,30,34
929,435,30,35
928,433,30,35
928,431,30,35
929,429,30,35
929,429,30,34
930,430,29,33
930,433,29,34
929,435,30,35
930,436,29,34
929,439,30,34
929,435,30,35
929,427,30,35
928,423,30,35
929,422,30,35
929,421,30,34
927,418,32,36
927,416,31,37
927,414,32,36
926,414,32,37
927,412,32,35
928,412,31,34
929,407,30,44
928,409,31,35
928,408,31,34
928,408,31,35
928,406,31,33
928,407,31,34
929,407,31,33
928,408,31,33
928,405,31,36
929,406,30,35
928,406,31,35
928,411,31,35
928,415,31,35
929,416,31,35
929,414,30,35
931,428,28,42
894,420,28,41
891,418,28,41
894,417,28,41
892,416,28,41
900,416,28,42
894,409,28,42
899,408,28,41
903,408,27,41
915,409,27,40
919,412,27,40
930,414,29,33
931,419,28,33
931,425,28,34
931,426,27,32
932,426,27,33
931,428,28,31
932,428,27,31
934,428,25,38
934,429,25,38
926,423,25,36
890,427,24,36
880,426,25,37
885,426,25,37
875,425,25,38
869,424,25,38
870,425,25,38
868,422,25,37
868,422,25,38
871,422,25,38
862,424,25,38
857,424,25,37
863,424,25,37
858,423,25,37
857,423,24,36
854,425,24,36
854,426,24,36
849,428,24,36
849,426,24,36
846,423,24,35
846,426,24,35
841,423,24,35
839,423,23,35
837,422,23,35
830,420,23,34
830,422,23,34
819,420,23,34
807,421,23,34
810,421,23,34
813,423,23,34
816,425,23,34
823,424,23,34
822,423,23,34
821,424,23,34
818,425,23,34
815,424,23,34
812,424,23,34
806,425,23,34
804,426,23,34
798,421,23,34
782,440,22,33
787,435,22,33
795,428,22,33
787,436,22,32
774,442,22,32
770,447,21,32
781,446,21,32
785,436,21,32
780,433,21,32
784,436,21,32
778,432,21,31
780,438,21,31
774,436,21,31
780,443,21,31
780,457,21,31
778,473,21,31
787,505,21,31
818,509,21,31
816,509,21,31
819,510,21,31
818,508,21,31
818,508,21,31
817,507,21,31
817,507,21,31
814,506,21,31
792,507,20,30
780,503,20,30
785,505,20,29
782,506,20,29
780,504,20,29
789,503,19,29
796,504,19,29
796,500,19,29
795,498,19,28
795,494,19,28
803,489,19,28
809,486,19,24
818,493,19,28
816,496,19,28
826,508,19,28
834,516,19,28
834,515,19,29
837,510,19,28
850,509,19,28
848,508,19,28
848,512,19,28
846,515,18,28
842,516,18,27
842,519,18,28
843,527,18,27
851,533,18,28
855,535,19,28
865,536,19,28
870,525,19,28
879,522,18,28
879,506,18,27
885,505,19,28
876,505,19,28
887,512,19,28
901,497,19,28
923,496,19,28
936,503,18,27
939,509,19,28
933,515,18,27
925,507,18,27
921,503,19,28
919,500,19,28
919,488,19,28
917,481,18,27
908,470,18,27
919,476,18,27
941,495,18,27
941,494,18,26
942,493,17,26
942,495,17,25
943,498,16,24
942,499,16,24
942,505,17,24
941,503,16,24
938,498,17,23
941,499,16,24
941,496,16,24
935,488,18,23
936,489,17,25
936,489,17,25
938,491,17,25
942,491,17,25
942,488,17,25
942,485,17,23
942,484,16,24
943,484,16,23
942,488,17,22
943,493,16,24
943,498,16,23
943,501,16,24
942,502,16,24
943,503,16,24
942,501,16,21
944,498,15,23
944,499,15,22
944,499,15,22
935,474,15,22
933,470,15,22
936,471,15,22
941,485,15,22
942,492,15,22
942,467,15,23
941,459,15,23
942,457,15,23
939,453,15,23
939,449,15,22
942,453,15,22
944,452,15,23
944,452,15,22
944,444,15,22
944,436,15,23
943,429,16,23
943,429,16,23
943,429,16,23
944,431,15,23
944,434,15,23
944,436,15,22
944,416,15,23
943,405,15,22
931,383,16,20
926,383,15,22
931,375,15,23
941,389,15,23
943,392,17,21
944,392,15,23
944,387,15,23
944,384,15,23
944,382,15,23
943,379,16,20
944,379,15,23
944,383,15,23
944,393,15,22
937,393,15,22
942,405,16,22
943,408,15,23
943,405,15,23
943,396,16,23
944,391,15,23
943,387,15,23
944,384,15,22
944,377,15,22
945,379,14,21
944,391,16,19
945,396,14,21
944,401,15,17
944,399,16,18
944,403,14,21
944,404,14,21
933,398,14,21
936,403,15,17
940,412,14,17
936,412,15,17
944,411,15,18
944,408,16,18
944,401,15,18
945,392,14,21
937,396,14,18
939,403,14,17
945,404,14,17
945,404,14,17
945,403,14,16
946,406,13,19
944,402,13,19
933,395,13,19
939,382,13,19
946,378,14,16
946,376,14,15
946,372,13,15
946,369,14,16
946,369,13,16
946,370,13,16
946,370,14,16
946,371,13,15
947,373,13,15
947,374,13,15
946,371,12,16
946,370,13,15
947,369,12,18
947,369,13,15
945,369,13,15
947,370,13,15
947,371,12,15
947,371,12,14
948,371,12,14
948,370,12,14
948,368,12,13
948,367,12,13
948,367,11,13
948,367,11,13
949,367,11,12
948,367,11,13
948,368,11,13
948,370,12,14
948,372,11,13
948,377,11,14
947,381,11,16
948,393,12,14
948,398,12,13
942,398,11,16
948,399,12,14
948,397,12,13
948,393,11,13
947,388,12,14
948,386,12,14
948,383,12,14
948,382,11,16
948,382,11,16
947,379,12,14
947,378,12,16
947,376,12,15
947,374,12,15
947,373,12,14
947,373,12,14
948,373,12,14
948,373,12,13
948,373,12,14
948,373,11,13
948,375,11,13
948,377,11,15
948,377,11,13
948,375,11,16
948,372,11,16
948,370,11,14
949,369,10,15
949,368,11,13
949,367,10,15
948,367,11,13
949,368,10,14
949,368,10,14
949,368,10,14
950,372,9,14
950,377,9,14
933,381,9,14
934,387,9,14
930,390,9,14
933,393,9,14
932,394,9,14
940,398,9,14
946,398,9,13
943,404,9,14
943,399,9,14
946,399,9,14
937,401,9,14
935,400,9,13
928,396,9,14
934,399,9,14
936,404,9,14
939,405,9,14
944,409,9,13
943,413,9,13
946,414,9,13
950,412,9,13
948,423,9,13
948,422,9,13
946,424,9,13
950,433,9,13
947,430,9,13
945,423,9,13
950,429,9,13
945,429,9,13
940,425,9,13
946,426,8,12
949,429,8,12
944,441,8,12
948,445,8,12
950,443,8,12
947,447,8,12
944,446,8,12
942,441,8,12
943,436,8,12
945,431,8,11
942,428,8,11
944,425,8,11
936,423,8,11
931,428,8,11
935,430,8,11
939,432,8,11
936,434,8,11
932,436,7,11
931,436,7,11
930,436,7,11
925,435,7,11
925,440,7,11
929,445,7,10
930,442,7,11
934,449,7,10
933,449,7,10
935,452,7,10
938,456,7,10
938,457,7,10
939,453,7,10
939,444,7,10
946,442,7,10
945,444,7,10
943,446,7,10
941,449,7,10
944,448,7,10
949,444,7,10
952,441,7,11
948,438,7,11
949,432,7,11
947,432,7,11
947,434,7,11
952,430,8,9
952,431,8,9
952,429,7,10
952,430,7,10
947,427,7,10
945,424,7,10
945,421,7,10
947,432,7,10
949,435,7,10
948,435,7,10
946,430,7,10
944,429,7,10
942,429,7,10
938,432,7,11
940,430,7,10
939,436,7,9
940,440,7,10
943,441,7,9
947,446,7,10
951,454,8,9
949,450,7,10
944,449,7,9
942,448,8,10
942,447,8,10
942,446,8,10
941,444,8,10
942,443,8,10
947,445,8,12
940,440,8,11
950,431,8,12
951,436,8,12
946,437,8,12
943,427,8,12
944,425,8,12
943,421,8,12
943,416,8,12
946,416,8,12
945,408,8,12
943,409,8,12
941,410,8,12
944,411,8,12
951,404,8,12
951,401,8,12
943,408,8,12
944,406,8,12
938,399,8,12
932,394,8,12
928,390,8,12
927,391,8,12
928,391,8,12
929,391,8,12
936,392,8,12
940,393,8,12
934,390,8,12
942,392,8,12
942,390,8,12
941,386,8,12
940,383,8,12
937,380,8,12
936,383,8,12
942,392,8,12
941,397,8,13
942,398,9,13
941,399,8,12
939,398,8,13
941,397,8,11
943,394,8,13
945,392,8,12
949,393,8,12
951,400,8,12
951,406,8,12
947,409,8,12
949,417,8,12
951,418,8,12
942,422,8,13
931,422,8,12
928,418,8,12
926,414,8,12
929,413,9,11
929,413,9,11
929,413,9,11
929,415,9,12
928,416,9,11
928,416,9,11
926,414,9,11
926,411,8,11
927,411,9,11
926,409,9,11
924,406,9,12
924,407,10,11
921,405,9,12
919,403,9,14
920,402,9,14
923,408,9,14
921,412,9,14
916,415,9,14
909,421,9,13
901,431,9,14
899,432,9,14
899,433,9,14
898,434,9,13
898,434,9,13
896,431,9,13
892,428,9,13
892,427,9,13
890,425,9,13
887,423,9,13
886,421,9,13
885,424,9,13
885,423,9,13
885,426,9,13
884,427,9,13
883,424,9,13
882,427,9,13
881,425,9,13
880,421,9,14
881,416,9,14
880,414,9,14
880,414,9,14
879,413,10,14
878,414,10,12
877,413,10,12
876,413,10,12
875,412,10,15
874,413,10,12
873,412,10,13
871,411,10,13
870,411,10,13
869,410,10,13
869,409,10,12
868,409,10,12
867,409,10,12
866,408,10,12
866,408,10,12
866,407,10,12
866,407,10,12
866,405,10,12
866,404,10,12
866,403,10,12
866,403,10,13
866,402,10,13
865,401,10,13
865,402,10,12
866,401,10,12
867,401,10,12
869,402,10,12
871,402,10,12
872,403,10,12
873,403,10,12
873,404,10,12
873,404,10,12
873,404,10,12
873,405,10,12
873,405,10,13
872,405,11,13
872,405,11,13
872,405,11,14
872,405,11,14
872,405,11,14
872,405,11,14
871,404,11,14
868,401,11,14
865,400,11,14
862,397,12,14
861,394,12,14
861,394,12,14
861,394,12,14
861,394,12,14
860,395,11,14
859,395,11,14
857,396,11,14
855,395,12,14
853,395,12,14
852,395,12,14
852,395,12,14
852,395,12,14
851,395,12,14
852,395,12,14
852,395,11,14
852,393,12,14
851,391,12,14
851,390,12,15
851,389,12,14
851,389,12,14
851,389,12,14
852,390,11,14
851,389,12,14
852,390,11,14
851,390,12,14
852,390,12,14
852,391,12,14
852,391,12,14
852,394,12,14
851,395,12,14
851,396,12,14
852,396,12,14
853,396,12,14
853,396,12,14
853,396,12,14
853,395,12,14
854,394,12,14
853,393,12,15
853,391,12,15
853,390,12,15
853,391,12,15
854,391,12,15
854,393,12,15
854,394,12,15
854,395,12,14
853,395,12,15
853,394,12,14
853,392,12,14
852,390,12,14
852,389,12,14
852,389,12,14
850,388,12,14
849,388,12,15
850,388,12,15
850,389,12,15
849,389,12,14
849,389,12,15
849,389,12,15
849,389,12,15
848,390,12,15
848,390,12,15
848,389,12,15
848,389,12,15
848,389,12,15
848,390,12,15
847,390,12,15
846,392,12,15
846,392,12,15
846,392,12,15
846,390,12,15
845,387,12,15
845,387,12,15
846,386,12,15
846,386,12,15
846,387,12,15
846,388,12,15
846,388,12,15
846,389,13,15
847,390,12,15
847,390,12,15
847,390,12,15
848,391,12,15
848,391,13,16
848,392,13,16
847,392,13,16
847,392,13,16
848,391,13,16
848,391,13,16
848,393,13,16
848,394,13,16
848,395,13,16
848,395,13,16
848,396,12,16
848,396,12,16
848,396,12,15
848,397,12,15
848,397,12,16
848,397,12,15
848,395,12,16
847,394,12,16
847,393,12,15
847,391,12,15
848,390,12,15
848,389,12,16
848,389,12,15
848,390,12,15
848,390,12,15
847,390,12,16
848,391,12,16
848,391,12,16
847,391,13,16
847,391,13,16
847,391,13,16
847,391,13,16
847,391,13,16
848,392,13,16
847,392,13,16
848,392,13,16
848,392,12,16
847,392,12,16
847,392,13,16
847,392,13,16
848,392,12,16
849,392,12,16
851,392,13,16
855,392,13,16
860,393,12,16
863,394,13,16
865,394,13,16
866,397,13,16
866,397,13,16
867,398,13,16
868,396,13,16
869,395,13,16
871,395,13,15
874,395,12,15
878,394,13,15
880,394,12,15
