757,387,24,67
764,388,24,66
770,390,24,67
778,389,25,64
787,391,25,63
796,390,25,64
809,391,24,67
823,390,24,66
842,390,24,65
853,385,24,66
861,388,24,67
862,391,24,68
860,394,25,68
858,397,25,69
857,396,25,69
855,394,25,69
853,394,25,69
851,394,25,69
849,394,25,70
848,391,25,71
845,389,25,70
844,390,25,70
841,390,26,70
839,390,25,71
838,393,25,70
837,391,25,70
834,393,25,70
831,394,25,70
830,395,25,71
828,398,25,72
826,396,25,70
825,397,24,66
822,394,25,65
819,392,25,66
816,390,26,65
812,391,27,66
810,388,26,72
807,390,26,69
805,389,26,73
803,392,26,73
802,390,27,74
800,397,26,70
798,397,27,72
795,396,27,72
795,396,27,74
791,401,28,69
791,400,27,69
788,400,26,68
787,403,26,67
784,403,27,70
783,399,27,74
781,398,26,74
780,402,27,74
776,405,26,74
776,404,26,72
773,405,26,72
771,405,27,71
770,407,26,66
767,407,27,64
765,408,27,65
764,408,26,64
760,409,25,63
758,409,26,62
755,411,25,62
753,408,26,65
750,405,26,70
748,408,26,67
747,403,25,69
743,404,26,69
741,406,25,71
741,410,26,71
745,417,26,67
753,416,26,66
762,413,26,70
770,414,27,67
777,411,25,70
782,410,25,70
784,413,25,69
783,416,25,69
782,421,25,70
780,419,26,71
777,420,25,71
776,420,26,71
773,417,26,73
771,414,26,71
768,413,25,71
767,415,25,71
764,418,27,71
766,420,27,69
768,420,26,72
773,419,26,73
775,419,26,73
776,418,26,73
777,419,26,73
777,420,26,72
775,421,26,73
776,422,25,76
778,425,25,76
783,427,24,78
782,425,26,74
784,428,25,73
783,423,26,73
786,428,26,72
788,429,25,72
790,434,25,71
789,429,24,68
789,429,23,68
786,431,22,67
780,427,26,71
782,429,22,67
785,429,22,71
782,426,25,70
790,427,21,65
796,427,23,72
800,427,23,72
804,425,25,71
811,423,24,69
813,418,25,70
804,425,23,67
830,424,25,70
834,428,25,68
833,428,25,70
833,430,23,65
833,434,25,69
831,437,23,67
831,435,23,70
831,433,21,68
828,424,25,71
824,432,25,70
834,433,20,70
832,430,20,70
830,432,20,71
828,433,21,71
826,436,21,70
823,436,20,68
820,434,21,69
818,436,21,69
815,437,21,68
811,434,22,68
808,433,21,69
807,431,20,70
806,431,22,74
805,434,19,72
802,433,21,73
796,433,22,71
795,434,22,72
792,437,21,69
789,438,24,69
786,439,26,70
784,442,25,69
780,440,25,70
777,442,25,70
775,442,26,72
772,441,26,74
772,442,25,74
769,443,26,74
765,442,25,72
764,441,26,76
761,441,24,77
759,443,23,75
757,444,24,75
754,444,28,76
751,445,27,78
748,447,27,77
749,447,27,76
747,446,28,78
746,447,26,72
746,449,25,76
746,450,25,75
744,448,24,78
743,451,24,80
738,454,29,80
707,459,26,75
734,456,28,79
751,461,27,76
753,462,28,77
751,461,29,79
747,458,29,80
743,457,29,79
742,456,28,79
741,458,28,76
738,456,28,79
735,456,29,78
732,457,29,76
741,456,29,79
729,458,29,73
728,458,28,75
730,457,28,77
736,456,28,77
739,461,28,76
740,459,28,78
740,462,28,74
739,461,28,77
739,461,28,77
741,462,28,76
743,460,28,75
745,463,28,76
745,462,28,77
746,464,29,76
750,464,28,76
751,463,28,77
753,463,28,73
752,464,27,75
751,462,28,74
750,462,29,80
750,460,29,80
753,459,29,82
752,460,29,81
749,458,29,82
749,460,29,81
748,460,29,81
751,460,29,81
751,462,29,80
752,460,29,79
754,460,29,80
757,457,29,81
759,459,29,81
761,459,29,80
759,459,29,80
758,455,29,82
759,458,29,80
759,461,30,81
758,462,29,80
760,463,29,79
758,459,29,80
758,458,29,80
756,459,28,79
754,458,28,77
752,458,28,77
749,455,27,76
745,459,28,78
743,458,28,78
740,462,28,78
737,461,29,81
736,459,29,81
732,463,29,80
731,465,29,80
731,464,28,81
730,462,28,79
732,462,30,84
738,462,30,85
737,463,30,84
747,465,27,85
746,464,26,83
742,460,27,81
735,452,30,82
780,458,27,82
789,461,27,81
788,463,27,77
785,462,28,78
782,462,28,78
779,466,28,77
776,465,27,75
775,462,27,74
759,465,25,70
749,469,24,68
752,462,26,71
763,457,25,70
753,461,24,69
749,462,23,69
751,462,23,68
752,462,23,69
750,464,22,68
749,466,23,71
748,468,22,69
747,467,23,71
746,464,23,68
745,464,23,70
743,460,24,68
741,463,24,68
741,456,24,68
743,454,25,69
727,472,25,69
727,474,25,69
745,460,25,70
753,475,25,70
733,467,25,71
734,464,25,71
725,470,25,70
706,476,25,70
726,469,24,68
732,468,25,69
739,462,25,69
771,465,24,68
782,466,24,68
821,464,24,68
858,462,25,70
868,455,25,69
879,453,25,69
891,451,23,71
907,456,25,70
936,454,23,74
923,446,24,68
905,463,24,68
902,462,22,68
899,463,21,68
899,464,20,68
899,465,21,69
899,468,20,67
901,471,21,69
903,472,21,68
913,474,22,67
919,474,24,66
927,470,24,67
931,470,24,66
936,476,23,65
936,472,23,63
938,472,21,66
940,470,20,67
937,471,22,61
937,479,21,60
937,470,21,61
937,465,21,60
937,461,22,61
938,454,21,64
939,456,19,62
938,458,19,61
938,459,18,64
938,460,19,63
940,464,18,63
942,465,16,58
942,464,17,59
941,463,17,60
941,465,16,59
941,466,17,59
941,463,17,58
941,464,17,56
940,470,19,53
940,456,19,52
941,469,18,51
941,486,18,51
940,446,18,52
940,439,19,53
940,441,19,53
940,441,19,53
939,440,19,54
930,467,19,54
927,469,19,54
914,458,19,54
939,443,19,54
939,436,19,54
939,457,19,54
940,474,19,53
940,478,19,53
940,481,19,52
940,481,19,52
941,484,18,51
935,461,18,52
941,443,18,50
941,444,18,50
932,451,17,49
941,452,18,49
914,463,18,49
908,486,18,49
900,492,18,49
892,490,17,49
871,487,18,49
890,489,18,49
883,488,18,50
878,485,18,49
879,489,18,49
898,495,18,49
901,498,17,48
903,497,17,48
905,497,17,48
908,497,17,48
913,495,15,45
923,499,15,45
940,503,17,48
943,500,16,50
944,501,16,48
943,499,16,45
943,514,16,44
943,498,16,44
944,496,15,44
944,493,15,42
933,509,15,42
943,516,15,42
944,516,15,42
944,517,15,42
940,513,15,42
927,502,15,42
944,515,15,42
944,497,15,42
946,496,13,44
946,492,13,44
946,490,14,44
943,491,16,44
945,492,14,44
945,504,14,46
943,491,16,45
943,498,16,44
934,489,16,45
904,480,16,46
880,504,16,46
873,508,16,46
860,512,16,45
867,513,15,47
864,514,14,47
878,517,15,45
880,500,15,47
886,490,16,46
886,484,17,45
888,481,17,47
890,485,16,46
888,483,17,47
890,489,17,47
892,501,17,47
892,505,16,47
890,504,15,45
888,493,16,46
890,502,15,47
890,505,16,46
889,501,16,48
890,501,17,47
886,491,15,47
894,503,17,48
901,512,17,47
921,503,17,47
937,486,17,47
944,484,16,50
944,484,15,50
944,484,15,50
943,484,16,49
941,487,17,50
934,484,17,49
936,482,17,48
936,481,17,48
941,492,17,49
937,487,17,48
935,488,17,47
934,486,17,49
935,488,17,49
934,489,17,48
934,482,18,49
931,480,18,49
907,472,18,49
913,468,17,48
915,473,17,49
942,475,17,47
944,485,14,45
945,490,13,47
945,493,14,52
943,494,16,54
941,500,18,51
941,505,17,55
940,507,17,56
934,508,19,54
936,506,18,56
933,505,19,54
930,507,19,54
939,511,19,54
939,520,20,55
940,521,19,54
941,521,16,53
933,511,19,53
939,514,19,53
938,508,16,52
939,517,17,52
940,524,16,53
943,517,16,53
942,516,17,56
938,517,18,55
940,515,19,53
941,512,19,55
940,514,19,54
940,511,19,53
939,514,19,54
938,510,20,55
940,512,19,53
906,522,19,53
908,522,19,53
941,524,18,51
940,524,18,51
943,520,15,45
945,519,15,45
945,524,14,51
944,522,15,49
944,521,15,44
934,524,17,48
942,526,15,47
943,527,15,47
942,528,17,47
944,527,14,43
943,527,14,45
943,524,16,41
943,525,15,45
934,524,17,47
942,523,17,46
941,522,17,47
941,523,17,46
941,519,17,47
942,519,17,46
942,516,17,46
943,522,16,46
943,527,16,44
942,523,16,45
942,527,16,45
943,529,16,44
931,517,16,44
936,524,16,44
930,530,16,45
927,521,16,45
943,517,16,45
943,510,16,45
943,511,16,44
946,518,13,42
944,519,15,45
944,519,15,43
943,521,16,44
943,521,15,43
943,521,16,44
943,523,16,44
943,520,16,45
943,517,16,46
943,514,16,45
943,501,16,45
945,502,13,43
943,513,16,44
942,521,16,40
942,524,14,36
934,518,15,43
920,513,15,42
930,503,15,42
937,502,15,42
945,501,12,34
945,501,12,34
945,502,12,34
945,501,12,36
944,501,13,36
944,504,12,37
945,506,12,38
945,503,13,37
944,502,12,37
944,516,12,40
945,499,13,38
944,502,13,40
945,508,12,41
945,511,12,39
944,502,13,37
944,501,13,37
944,500,13,37
944,505,13,38
944,513,12,40
945,515,12,39
947,517,11,42
947,516,12,44
946,512,12,42
946,504,12,43
934,499,14,45
943,512,16,46
943,501,16,45
942,498,17,47
943,499,16,51
943,501,15,50
942,510,16,47
942,516,17,48
941,517,18,50
930,508,16,50
929,510,16,50
937,499,15,48
942,495,15,45
941,494,15,48
941,499,15,48
940,509,16,52
940,505,19,52
939,515,17,49
941,522,17,52
940,521,19,46
940,526,17,49
939,522,17,52
939,517,17,50
939,517,17,51
938,514,17,54
937,510,19,56
937,508,19,54
936,505,20,53
935,503,20,54
935,503,20,53
935,501,21,56
936,499,21,57
939,502,18,60
939,497,19,62
937,492,20,64
936,484,20,62
935,480,22,62
936,475,22,63
937,482,22,66
936,482,23,65
935,490,23,67
937,494,19,69
937,491,21,66
935,472,23,64
933,465,24,65
933,453,25,65
933,450,25,69
932,452,25,68
932,449,25,66
931,446,26,68
930,442,27,71
930,445,29,74
931,458,28,78
931,481,26,72
931,476,28,75
931,460,28,74
931,452,29,72
932,444,26,69
930,458,28,74
930,458,29,75
929,479,29,75
931,482,26,71
931,474,28,78
931,476,26,70
931,486,26,71
930,472,27,72
931,465,27,73
932,479,25,65
932,472,25,65
931,461,25,73
933,490,24,71
933,481,24,72
932,491,26,70
933,492,25,66
933,491,25,66
931,489,27,68
933,491,24,68
933,472,25,67
932,451,27,68
931,451,28,66
930,446,28,73
933,436,25,74
932,437,22,69
929,433,30,83
929,438,30,84
929,437,30,83
930,437,29,82
929,434,30,84
928,430,31,86
928,428,31,87
928,426,31,86
929,426,30,84
931,436,22,75
930,442,25,82
936,464,25,85
935,454,21,74
933,450,21,69
933,448,21,67
934,453,21,66
935,454,20,64
935,454,20,63
936,454,20,65
935,447,20,67
935,440,21,68
936,439,20,69
936,431,21,72
937,431,22,83
937,433,21,79
936,438,24,83
935,437,22,80
936,460,21,74
935,471,21,65
935,481,21,60
935,488,21,59
935,494,21,56
936,499,19,56
935,501,20,61
934,509,21,63
935,490,24,68
937,450,18,58
936,446,19,56
936,442,19,57
936,437,19,57
937,436,18,57
936,432,20,60
937,433,18,57
937,435,18,58
936,435,19,61
937,439,18,62
937,441,19,65
938,446,18,65
937,443,19,68
937,446,19,67
936,446,20,67
937,448,20,72
936,445,21,74
935,443,20,73
934,439,21,65
934,446,21,64
933,461,20,75
936,457,19,68
934,448,21,64
934,449,21,61
935,450,21,63
935,449,20,64
936,445,20,66
936,445,20,73
936,440,19,72
937,443,20,77
936,441,20,74
931,444,27,75
922,444,21,69
936,455,21,75
936,465,22,75
936,456,21,75
933,433,26,72
938,441,19,71
936,439,19,67
934,438,20,63
934,438,21,65
934,435,20,64
936,436,19,68
935,435,23,72
932,432,27,75
931,428,28,77
931,429,28,78
929,437,27,76
914,441,22,75
920,449,24,70
931,461,25,75
934,441,20,66
935,434,20,61
935,435,20,64
933,430,22,65
935,431,20,60
936,429,20,56
935,418,22,63
937,424,19,65
937,426,19,71
937,430,19,71
936,436,21,75
935,436,22,70
936,422,22,68
935,410,24,68
938,409,19,63
936,413,20,70
935,403,24,68
934,403,25,69
934,405,25,71
932,405,25,70
936,413,17,61
934,407,23,68
935,419,23,67
935,414,24,67
934,413,25,68
935,419,24,68
935,415,24,67
936,416,23,65
936,416,23,65
935,420,24,66
935,423,24,66
935,423,24,66
935,424,24,66
935,424,24,67
935,422,24,68
935,422,24,68
936,427,23,66
936,430,23,63
936,432,22,62
938,437,20,60
940,439,17,61
938,433,21,58
938,432,21,58
938,430,21,59
938,431,21,59
939,438,20,57
938,438,21,58
938,439,21,59
939,442,20,57
938,441,21,57
939,441,20,57
941,443,17,52
939,433,20,56
940,438,17,50
939,442,17,49
941,439,15,50
939,431,18,54
940,426,18,56
941,428,17,56
939,421,20,57
938,421,21,58
938,420,21,58
941,424,18,57
944,424,14,52
939,410,20,55
942,411,15,50
941,415,15,51
941,413,15,48
941,413,14,49
934,411,19,53
941,414,14,47
942,414,14,47
942,419,14,47
941,421,15,47
942,424,14,46
941,423,14,45
942,428,14,48
941,429,15,48
942,425,15,50
942,419,14,50
944,420,14,50
944,421,15,49
943,421,15,48
943,422,15,47
942,425,16,50
941,427,16,48
941,429,15,50
941,433,15,50
941,436,16,51
941,439,16,52
941,445,17,52
941,449,18,54
941,446,17,51
941,444,16,51
941,446,16,52
942,452,16,55
941,456,16,54
940,455,16,54
939,452,17,53
939,453,17,57
939,453,18,59
940,453,17,58
938,447,18,54
938,452,17,57
939,454,17,53
939,452,17,53
940,455,16,50
941,451,15,49
940,440,16,49
941,446,15,49
940,439,19,54
942,454,15,46
940,449,16,48
940,448,16,50
940,450,16,50
941,446,16,48
941,450,15,49
942,446,15,46
943,456,14,51
943,447,14,46
942,445,15,45
941,444,15,44
941,440,15,44
941,438,15,45
942,443,15,44
943,444,14,43
943,444,14,44
943,447,13,41
943,446,13,41
942,445,14,43
942,445,14,45
942,446,15,45
941,444,15,46
941,444,15,48
942,441,15,44
943,443,14,44
944,443,14,43
944,446,14,42
943,448,14,39
943,447,14,42
943,445,14,39
944,447,13,41
945,447,12,42
945,446,13,39
945,447,14,37
944,446,15,36
943,446,15,36
943,445,15,37
943,445,14,35
944,446,13,38
944,448,13,38
945,451,12,37
945,456,11,35
945,455,12,35
945,459,12,34
945,465,12,35
944,474,13,37
944,481,13,38
944,490,13,38
943,495,13,38
944,498,13,36
944,500,13,36
944,500,12,36
944,496,12,36
946,492,12,36
946,485,12,36
946,485,13,34
945,481,12,35
945,484,12,34
945,481,14,38
925,456,14,39
945,462,12,34
945,459,14,38
932,472,13,35
928,476,13,35
944,478,13,35
945,474,13,37
945,462,13,37
944,455,13,38
945,450,12,39
945,450,13,38
944,445,15,41
926,447,12,38
923,446,12,38
924,441,12,38
923,439,12,38
923,437,12,38
925,435,12,38
926,433,12,36
929,433,12,35
927,436,12,36
928,435,11,34
925,434,12,35
925,434,11,33
923,433,11,34
919,433,11,34
918,432,12,33
910,435,11,34
911,430,11,34
906,430,11,34
907,427,11,34
904,428,11,34
904,426,11,34
902,425,13,36
908,428,13,35
924,432,13,35
938,433,13,35
941,435,13,36
946,434,13,36
946,432,13,36
946,432,13,36
946,435,13,35
948,440,10,32
946,442,11,33
941,441,10,33
937,438,10,32
932,436,11,32
929,435,10,32
924,434,10,32
923,435,10,32
920,435,10,31
917,436,10,31
913,436,10,32
909,438,10,31
908,438,9,31
908,438,10,30
906,438,9,30
904,437,10,30
902,437,10,32
899,437,10,31
898,437,10,31
898,436,10,32
898,436,10,31
895,432,12,34
892,434,12,34
891,433,12,34
901,430,12,34
905,431,12,34
921,436,13,35
946,443,12,35
948,447,10,30
948,445,10,31
947,441,11,32
947,439,10,32
947,440,11,32
947,438,10,31
948,437,10,31
948,438,10,31
947,440,10,31
935,445,10,29
929,447,10,29
926,449,10,30
922,448,10,29
920,448,10,29
918,445,12,34
914,450,10,30
911,451,10,31
909,453,10,32
908,453,10,31
903,449,12,33
907,443,12,33
908,443,12,33
912,444,10,30
908,443,10,30
906,437,12,34
904,436,12,34
902,438,12,34
930,447,12,33
938,447,10,31
935,448,10,32
935,445,10,31
934,445,10,32
932,444,10,31
930,444,10,31
926,444,10,31
923,446,9,31
920,447,10,31
916,448,10,32
913,449,10,32
909,448,10,32
907,447,10,32
905,442,10,33
903,440,11,32
902,438,10,32
900,436,12,34
887,434,12,33
902,435,12,33
879,432,12,33
870,433,12,33
869,429,12,33
872,429,12,33
870,433,12,33
871,430,12,34
873,415,12,33
869,425,12,33
869,433,12,33
869,432,12,34
869,433,12,34
869,433,10,32
867,436,10,31
862,438,12,33
860,441,12,33
863,434,12,33
872,425,12,32
870,428,12,32
871,428,12,33
871,426,12,33
871,429,12,33
889,437,12,33
902,443,12,34
903,444,11,34
901,443,12,33
906,444,12,33
926,446,12,34
943,456,10,33
940,454,10,31
937,453,10,33
935,452,10,32
932,451,10,32
929,451,10,32
927,452,10,33
923,452,10,34
921,452,10,34
918,452,10,33
916,450,10,32
914,449,10,32
910,449,10,32
908,448,11,35
907,446,11,33
905,444,11,34
903,441,12,34
904,440,12,34
914,445,12,34
947,451,10,31
945,454,11,31
943,456,10,31
939,457,10,31
938,456,10,31
935,456,9,31
933,454,10,31
930,453,10,32
928,453,10,32
925,454,10,32
922,452,10,33
920,452,10,32
917,452,10,33
915,453,10,33
914,452,10,34
911,453,10,34
909,452,10,34
907,450,10,34
904,448,10,35
903,449,10,32
901,448,12,33
901,445,12,34
891,443,12,34
873,431,12,34
872,400,12,34
868,391,12,34
869,397,12,33
868,397,12,34
868,398,12,34
872,395,12,33
873,393,12,33
859,393,12,33
868,397,12,33
868,399,12,34
868,413,11,32
867,404,12,34
867,405,12,32
868,405,12,31
868,405,12,31
867,406,12,31
866,406,12,31
868,405,11,32
868,406,11,32
867,406,12,31
868,406,12,31
867,407,12,32
867,407,12,32
868,407,12,32
868,407,12,31
868,408,11,30
868,408,12,30
865,409,11,29
856,408,10,28
850,402,11,31
827,406,11,28
817,404,11,31
807,411,11,29
810,412,11,26
814,412,11,27
816,411,11,27
819,410,10,27
819,408,11,31
827,410,11,28
839,416,11,28
833,417,11,31
824,416,11,30
810,413,11,30
816,403,11,30
819,400,11,30
834,399,11,30
834,400,10,29
833,400,11,30
842,400,11,30
853,398,10,29
839,395,10,29
856,395,10,29
866,400,11,29
886,397,11,29
884,391,10,29
874,403,10,29
866,401,10,28
861,410,10,28
857,415,10,28
859,417,10,29
871,434,10,28
877,433,10,28
889,447,10,28
885,466,10,28
891,468,10,28
893,480,10,29
896,488,10,29
899,486,10,29
910,482,10,28
918,473,10,28
918,473,10,28
919,471,10,27
915,475,10,27
915,470,10,27
910,465,10,28
908,467,10,28
917,452,10,27
926,448,10,28
949,447,10,28
949,450,10,27
949,449,10,27
949,438,10,28
949,434,10,28
949,433,10,27
949,432,10,28
949,413,10,27
949,402,10,27
950,401,9,26
950,400,9,25
950,401,9,25
950,403,9,24
950,402,9,24
951,401,8,23
951,402,8,23
951,402,8,22
951,403,8,22
951,402,8,22
951,403,8,21
952,404,7,21
952,404,7,20
952,404,7,20
952,404,7,20
952,405,7,19
952,405,7,19
952,405,7,18
953,405,6,18
953,406,6,18
953,406,6,17
953,407,6,17
952,408,6,17
953,406,6,17
952,404,6,17
952,401,6,17
952,388,6,17
953,387,6,16
952,389,6,16
952,397,6,16
952,397,6,16
952,397,6,16
952,397,6,16
952,397,6,16
953,398,6,16
953,398,6,17
953,398,6,17
953,398,6,17
953,398,6,17
953,398,6,18
952,398,7,18
953,397,6,18
953,397,6,18
950,400,7,18
953,398,6,18
953,397,6,17
953,397,6,17
953,398,6,17
953,398,6,18
953,398,6,17
953,398,6,17
953,398,6,17
953,397,6,17
953,398,6,17
953,398,6,17
953,398,6,17
953,398,6,17
953,398,6,16
953,398,6,16
953,407,6,16
953,409,6,15
954,407,5,15
954,409,5,15
954,410,5,14
954,409,5,14
954,410,5,14
954,409,5,14
953,409,5,13
950,407,5,13
954,410,5,13
954,410,5,13
954,410,5,13
954,410,5,12
954,410,5,12
954,410,5,12
954,410,5,12
954,408,5,12
953,406,5,11
954,410,5,11
950,409,5,12
953,412,5,11
951,412,5,11
950,414,5,11
951,410,5,11
954,410,5,11
954,410,5,11
954,411,5,11
948,408,5,11
946,407,5,11
949,405,5,11
947,407,5,10
954,409,5,10
954,416,5,10
954,418,5,10
