835,236,76,168
832,234,76,168
829,234,73,167
825,230,75,167
821,234,72,164
820,234,65,163
816,239,61,151
810,237,62,154
803,238,61,148
792,223,76,168
794,235,58,148
790,233,62,143
787,229,63,138
788,232,63,140
785,224,73,162
788,234,69,148
796,237,62,143
795,235,69,152
800,242,60,140
796,232,70,156
803,239,56,133
799,236,63,145
799,239,61,137
800,234,69,154
802,244,53,128
796,235,66,147
800,239,66,147
799,239,61,142
802,243,55,131
802,242,58,133
806,241,50,132
806,244,50,130
801,243,50,126
803,243,51,128
799,246,52,125
798,246,52,125
801,245,50,126
795,245,55,128
792,238,59,136
797,241,54,127
799,241,56,132
798,239,56,132
803,240,53,131
800,240,60,140
799,240,61,138
809,241,51,134
801,238,55,130
809,239,53,135
808,242,54,131
805,241,54,129
807,242,53,130
810,244,51,132
815,243,50,132
815,244,51,133
811,239,56,139
811,239,54,134
816,239,53,135
815,240,53,132
811,238,56,138
807,237,63,146
812,237,55,136
810,238,56,137
814,238,55,142
814,240,55,140
813,237,56,138
817,239,58,148
809,232,59,144
813,236,57,146
817,238,55,147
809,234,59,144
816,235,55,143
809,231,70,161
816,237,60,151
815,236,58,144
813,233,57,147
817,234,57,151
815,234,56,145
814,232,58,145
812,232,58,145
816,238,57,143
819,241,53,146
818,238,56,142
815,235,57,141
816,237,57,145
820,238,53,144
817,238,58,145
820,236,54,139
820,239,53,141
820,238,54,142
818,233,56,142
815,232,57,143
817,234,57,143
815,234,57,145
817,232,56,142
818,232,55,141
818,234,54,142
817,233,55,141
818,231,55,144
819,233,55,146
819,233,55,140
817,233,55,142
816,234,56,139
818,235,55,142
816,238,56,143
818,236,55,140
820,236,55,142
820,236,54,141
820,235,55,141
815,232,56,141
816,234,55,144
814,233,56,148
812,234,58,147
814,234,57,150
812,231,58,150
812,228,58,150
811,228,59,153
813,228,57,150
810,227,59,148
810,228,60,148
808,228,61,149
809,228,59,148
810,229,61,150
808,228,59,149
810,229,60,151
808,228,59,150
810,229,59,148
811,229,60,155
801,229,63,144
803,233,64,143
808,235,63,146
803,230,64,144
806,231,64,145
805,232,64,150
804,234,64,151
807,231,63,152
813,234,58,152
809,230,60,152
808,230,59,150
808,235,55,145
804,232,57,145
803,235,58,143
807,236,55,143
803,237,57,144
804,237,57,142
794,227,69,158
799,231,66,156
799,229,73,166
799,235,62,148
801,233,60,146
794,229,67,156
800,232,64,150
802,239,56,142
800,236,61,146
794,232,68,154
799,233,65,149
794,229,68,156
794,234,66,150
800,234,64,151
800,239,60,144
799,236,64,152
798,238,61,144
800,238,59,143
800,235,61,148
803,238,55,136
803,238,54,137
803,238,55,137
800,234,63,145
809,237,52,140
805,239,53,133
807,240,51,132
801,235,63,145
806,240,52,129
802,240,53,131
804,239,53,134
807,242,51,136
802,242,53,133
806,243,52,137
807,245,51,139
804,243,53,137
803,241,52,137
808,243,51,136
802,239,55,138
805,242,51,136
806,243,51,133
808,242,53,136
807,244,51,133
806,243,53,135
807,245,50,131
806,245,52,134
803,240,58,142
803,242,55,137
808,246,49,134
807,245,49,134
807,245,48,130
806,243,50,132
805,244,50,131
802,239,58,144
805,244,51,133
803,242,51,131
800,244,56,135
794,232,71,158
798,238,62,146
800,242,59,142
799,245,63,145
795,239,70,155
794,235,66,150
800,243,58,141
794,241,65,148
798,246,54,133
794,241,69,152
793,239,65,147
795,243,65,146
794,244,69,153
793,243,66,148
790,245,70,154
792,243,66,148
785,237,65,143
792,245,63,144
789,239,70,155
789,240,63,146
792,241,66,150
792,240,65,149
788,245,69,152
789,241,68,150
791,240,69,153
789,238,66,149
789,237,66,149
788,239,70,155
785,237,69,152
788,240,69,152
791,240,70,154
790,237,67,150
795,240,66,151
791,240,71,157
791,231,71,157
794,236,66,149
795,237,69,152
795,236,65,148
799,239,65,147
802,242,59,139
799,236,68,154
804,238,60,141
807,238,60,140
804,235,67,150
804,231,71,156
811,237,62,144
812,240,56,129
811,240,59,135
812,240,56,129
814,242,54,133
813,241,57,134
815,242,56,132
811,238,59,138
814,240,55,126
813,239,57,129
817,240,56,128
816,239,56,125
810,235,60,136
812,238,57,132
814,238,58,134
816,236,60,136
815,239,55,133
819,240,55,130
816,240,58,134
820,241,54,133
814,238,59,139
815,244,56,140
817,242,55,138
814,239,56,139
815,241,53,137
816,241,51,136
814,240,56,138
814,241,52,132
815,243,51,129
812,244,52,131
813,244,51,131
812,245,51,129
811,244,51,132
811,245,51,131
804,242,60,142
800,241,64,147
800,241,61,142
804,244,52,131
804,246,51,131
805,242,56,136
804,247,52,127
800,249,58,138
792,242,69,153
792,243,65,145
790,246,65,144
787,242,61,138
787,242,64,144
788,244,60,138
785,240,68,149
786,239,64,146
784,243,68,151
782,243,68,151
781,244,68,150
779,239,66,146
781,243,67,147
779,240,67,148
778,237,67,149
776,238,67,149
773,237,67,149
776,237,66,147
774,241,66,145
772,242,66,145
773,240,66,145
770,237,65,144
774,244,65,144
777,246,55,128
779,245,57,131
776,242,61,137
776,243,58,133
776,245,55,126
773,247,56,126
774,243,63,140
777,248,54,127
775,247,59,132
774,246,63,139
774,245,63,139
773,241,62,137
778,234,62,138
778,241,62,136
778,244,61,136
777,243,62,137
778,244,61,135
782,249,57,128
782,247,56,128
781,241,61,136
780,242,55,124
784,247,50,114
783,249,51,117
779,243,57,129
785,249,53,122
790,249,49,118
785,249,49,115
786,250,48,114
791,250,50,123
789,248,52,123
790,247,49,119
789,248,52,121
793,247,56,131
795,246,56,130
800,249,47,118
801,249,49,119
802,247,53,126
807,248,49,120
810,247,52,123
810,246,55,128
813,246,56,130
819,249,48,118
818,250,50,119
821,250,50,119
825,253,49,118
827,253,50,116
829,249,55,126
830,249,56,128
833,251,50,117
837,251,48,115
840,252,49,116
842,253,49,116
843,254,49,116
848,254,48,115
849,256,47,116
852,257,49,119
852,257,48,116
855,257,48,114
853,257,47,113
856,256,47,113
857,258,46,112
853,258,46,108
854,257,48,114
854,258,45,108
850,258,47,107
849,257,48,114
849,258,46,106
848,257,47,108
847,254,49,111
846,256,51,116
847,261,43,102
846,252,54,119
846,257,49,111
847,255,50,113
848,260,44,105
847,259,45,104
849,260,43,102
849,260,43,103
848,261,43,102
846,260,43,102
847,261,43,101
844,261,43,100
845,260,42,101
843,261,43,99
840,260,43,101
839,262,41,96
839,262,41,96
837,263,41,97
834,264,42,99
835,262,41,98
835,262,41,97
834,263,41,98
834,263,42,96
836,263,41,97
834,262,42,97
836,261,42,99
835,261,41,101
834,260,41,100
837,263,40,100
835,264,41,99
834,261,43,102
834,262,44,102
833,261,47,105
834,263,41,96
831,260,46,104
828,264,45,97
832,264,45,99
836,267,43,98
838,264,44,99
839,262,45,103
842,265,43,96
848,263,46,103
852,268,44,99
856,262,50,112
864,268,43,104
861,268,43,95
866,264,47,106
868,265,47,96
880,269,43,98
888,268,43,97
891,267,42,97
888,269,42,98
891,269,42,100
891,265,52,116
893,266,48,109
895,270,43,99
898,272,40,92
896,272,42,96
892,269,47,103
897,270,43,100
897,274,41,94
896,271,43,95
896,273,39,89
901,274,42,98
900,275,39,88
902,276,39,90
904,276,39,87
906,277,39,90
908,277,39,91
906,274,47,104
911,277,47,104
915,272,41,102
915,271,40,97
915,271,39,92
916,273,37,91
915,273,39,87
916,276,38,86
916,276,39,84
918,276,38,84
918,277,37,81
919,277,36,79
920,281,35,77
919,281,35,79
920,280,35,77
921,282,34,77
921,285,36,76
922,282,36,76
921,281,35,76
922,280,34,75
921,282,35,77
921,281,35,76
921,282,35,77
920,281,35,78
920,281,35,76
919,281,35,79
919,280,37,80
917,279,36,83
917,279,36,84
917,279,36,80
918,281,34,83
917,279,35,81
916,280,34,81
917,280,34,80
912,279,33,78
912,282,34,80
907,281,34,80
905,280,34,80
907,280,33,81
903,280,33,80
905,281,33,82
905,280,32,81
904,278,32,81
903,279,32,81
901,279,32,81
903,279,31,81
903,281,31,81
901,280,31,78
904,282,31,81
903,282,30,80
900,280,32,79
900,280,31,82
901,280,31,81
900,281,31,82
901,280,30,78
902,281,30,82
901,281,30,80
901,281,30,80
901,280,30,81
902,282,29,80
902,281,29,81
902,281,29,80
902,281,30,82
902,282,29,79
901,283,29,81
901,283,30,81
905,283,28,79
906,281,29,77
907,283,28,81
908,282,29,80
909,282,30,80
909,281,31,79
911,281,31,84
912,281,31,84
915,279,31,84
918,278,32,86
922,277,33,83
923,277,35,86
923,277,35,84
923,276,34,82
924,278,33,84
924,278,33,81
925,277,32,79
926,280,32,78
926,279,32,75
926,280,32,77
926,281,33,74
925,277,34,73
923,283,36,79
925,278,34,72
925,277,33,71
925,279,33,73
926,279,32,69
927,282,30,69
927,280,30,67
926,286,32,71
928,282,30,66
929,286,27,64
929,285,27,62
930,287,26,61
929,289,30,66
931,289,27,60
931,290,26,57
932,290,26,56
932,293,25,55
932,291,26,57
932,291,25,53
932,293,26,53
932,293,26,53
934,295,24,50
934,296,24,49
934,296,23,48
935,294,24,47
935,296,22,47
936,296,23,47
936,297,21,45
936,296,21,45
937,300,20,44
937,299,21,43
937,298,21,43
936,299,21,44
937,300,21,45
937,300,20,44
937,300,20,44
937,301,21,44
937,299,20,43
937,301,20,44
937,300,20,42
938,303,19,42
938,302,20,42
938,303,20,44
938,304,20,44
938,305,20,44
938,306,19,42
938,303,21,45
937,303,20,44
938,304,19,43
938,302,20,45
937,303,19,45
937,301,20,48
936,300,20,49
937,302,20,48
937,302,20,46
938,303,20,49
932,301,20,48
936,301,21,51
931,302,20,47
930,302,20,46
930,301,20,47
928,301,19,45
928,302,19,45
927,302,19,44
928,302,18,43
929,303,18,44
928,302,18,43
929,302,18,42
927,302,18,42
928,304,17,42
929,303,17,42
929,301,17,42
930,300,17,42
930,299,17,42
933,299,17,43
934,297,17,44
935,298,18,44
935,297,19,44
937,295,20,46
937,295,20,46
937,292,22,48
936,292,22,47
936,291,23,49
936,291,21,48
937,291,20,46
937,290,20,46
938,292,21,47
937,295,19,46
937,294,20,47
937,294,21,47
936,294,21,46
937,295,21,47
936,297,21,46
937,298,20,46
938,302,19,44
938,303,19,43
937,304,20,42
939,307,19,41
939,308,20,40
938,309,20,39
938,311,21,41
938,314,20,40
938,315,21,41
938,316,20,39
939,315,20,39
939,312,20,38
939,314,20,38
939,312,19,37
939,312,20,37
939,312,20,43
939,310,20,38
940,311,19,37
940,312,18,36
941,313,18,34
941,312,17,33
941,313,17,33
942,312,17,31
942,313,17,32
942,313,18,33
942,315,17,33
942,315,17,32
942,314,17,37
942,312,16,32
943,313,15,31
943,313,16,35
944,313,14,29
944,314,14,28
945,315,13,27
945,314,14,27
946,315,13,26
946,314,14,26
946,315,13,25
946,315,12,25
947,316,12,24
947,315,13,24
947,314,12,24
947,314,12,23
947,315,12,24
947,315,12,24
947,315,12,24
947,315,13,24
947,315,12,23
947,315,12,24
948,314,11,23
948,315,11,22
948,315,11,22
948,313,11,23
948,314,10,22
948,314,11,22
947,314,11,22
948,315,11,21
948,315,11,21
948,314,11,22
948,314,11,22
948,312,10,22
948,312,11,22
948,311,11,23
947,310,11,23
947,309,11,24
948,309,11,23
948,310,11,22
948,310,10,22
948,309,10,22
948,309,11,23
948,309,10,22
948,310,11,23
948,311,10,23
948,312,11,23
948,312,11,24
948,312,11,23
947,311,12,25
947,311,11,24
947,312,11,25
947,312,11,25
947,313,12,25
947,314,11,25
947,312,12,26
947,313,11,25
947,313,12,26
946,313,12,26
947,313,12,26
947,313,12,26
947,314,12,25
947,313,12,27
946,314,12,26
947,314,12,26
947,315,12,26
946,316,12,25
947,315,11,25
947,316,11,24
947,315,12,25
948,316,11,24
948,318,11,23
948,317,11,23
948,319,10,22
949,319,10,21
949,320,10,21
949,320,9,20
949,318,10,20
949,319,10,20
949,321,9,18
949,320,10,20
949,320,9,19
949,321,9,18
950,320,9,18
950,319,9,18
950,319,9,17
950,320,9,18
950,319,9,18
950,320,9,18
950,319,9,19
950,319,9,18
950,319,9,18
950,319,9,18
951,319,9,18
951,319,8,17
951,319,8,17
951,319,7,16
952,320,8,15
951,320,8,15
951,321,8,17
952,320,8,16
952,321,7,15
952,321,8,16
952,322,7,15
951,321,7,16
952,319,7,17
951,321,7,16
951,319,7,16
952,319,8,15
952,317,8,15
952,316,7,15
952,315,8,15
952,317,7,15
952,315,7,16
952,314,7,14
952,315,7,16
952,316,7,14
952,315,7,15
952,313,7,15
952,312,7,15
952,312,7,15
952,312,7,15
952,313,7,15
952,313,7,15
952,313,7,15
952,314,7,15
952,314,7,15
952,314,7,14
952,315,7,15
952,315,7,15
952,315,6,14
953,315,6,14
952,315,6,14
952,316,6,14
953,316,6,13
953,316,6,14
953,317,6,13
953,317,6,14
953,317,6,14
953,317,6,13
953,316,6,13
952,315,6,14
953,316,6,14
953,316,6,13
953,316,6,14
953,317,6,13
953,318,6,13
953,318,6,13
953,318,6,13
953,318,6,13
953,319,6,13
953,319,6,12
953,320,6,12
953,320,6,12
953,320,6,12
953,320,6,12
953,320,6,12
953,321,6,12
953,321,5,12
953,321,6,12
953,321,5,12
954,322,5,12
954,321,5,11
954,322,5,11
954,323,5,11
954,323,5,11
954,323,5,10
954,324,5,10
954,323,5,10
954,323,5,11
954,323,5,11
954,323,5,11
954,322,5,11
953,322,6,11
953,321,6,12
953,320,6,12
953,320,6,12
953,319,6,12
953,318,6,12
953,318,6,12
953,319,6,12
953,319,6,11
953,319,6,11
953,320,6,11
953,321,5,11
953,320,5,11
954,320,5,10
954,321,5,11
954,320,5,11
954,320,5,11
953,320,6,11
953,320,6,12
953,319,6,12
953,319,6,12
953,320,6,12
953,320,6,11
953,319,6,12
953,320,5,11
953,320,6,11
953,320,5,11
954,320,5,11
954,321,5,11
953,321,5,11
953,321,6,11
953,320,6,11
953,320,6,11
953,320,6,11
953,320,6,12
953,320,6,12
953,319,6,12
953,318,6,12
953,319,6,12
953,319,6,13
953,319,6,13
953,318,6,13
952,316,6,13
953,316,6,13
953,315,6,13
952,316,6,13
952,318,7,14
952,319,7,14
952,320,7,14
952,320,7,14
952,320,7,14
952,320,7,15
952,319,7,15
951,319,7,15
951,319,8,15
951,319,8,15
951,319,8,16
951,322,8,16
951,324,8,16
951,327,8,16
951,327,8,16
951,327,8,16
951,327,8,17
951,326,8,17
950,325,8,17
951,323,8,17
951,324,8,17
951,324,8,17
951,324,8,17
950,324,9,18
950,324,9,18
950,324,9,18
950,323,9,18
950,323,9,18
950,321,9,18
950,321,9,18
950,321,9,18
950,321,9,19
950,320,9,18
950,320,9,18
950,321,9,18
950,321,9,18
950,320,9,18
950,319,9,18
950,319,9,18
950,319,9,18
950,320,9,18
950,319,9,17
950,318,9,18
950,319,9,18
950,319,9,18
950,318,9,18
950,319,9,18
950,319,9,18
950,319,9,18
950,319,9,18
950,319,9,18
950,319,9,18
951,321,8,17
950,323,8,17
950,324,8,17
950,325,9,18
950,327,9,18
950,325,9,17
950,325,9,18
950,325,9,18
950,323,9,19
950,323,9,19
950,321,9,19
950,321,9,19
949,320,10,20
949,320,10,20
949,321,10,21
949,321,10,21
948,320,10,21
948,320,10,20
948,319,10,20
949,319,10,21
949,320,10,20
949,319,10,20
949,319,10,21
949,319,10,21
949,318,10,20
