441,84,69,59
420,83,65,60
398,82,68,60
380,85,67,59
353,85,68,58
339,87,69,59
327,87,69,59
304,87,69,59
290,87,68,58
272,89,69,59
252,90,68,59
229,92,69,59
217,94,70,59
201,96,67,62
185,95,66,63
172,94,62,65
149,96,58,65
132,94,64,67
116,101,66,63
103,103,66,61
89,101,67,62
79,104,62,59
83,103,61,62
115,101,63,61
136,101,61,61
152,112,67,58
169,107,67,59
165,103,60,63
160,103,61,61
165,103,54,62
162,107,56,60
135,106,57,62
112,115,69,59
114,111,56,59
104,111,59,62
97,115,58,62
90,116,57,62
81,117,56,59
73,121,54,59
63,125,55,59
52,127,56,61
48,125,56,61
54,130,56,60
69,131,53,61
89,131,67,58
128,129,52,60
164,133,50,58
192,133,53,62
195,140,54,61
193,144,50,56
190,144,53,60
187,145,50,56
185,154,48,55
178,153,52,60
175,159,53,56
176,157,46,56
173,167,48,54
168,174,48,54
170,172,49,55
166,171,48,56
167,171,47,56
164,172,50,58
165,177,50,59
164,175,47,59
160,178,50,57
159,190,50,55
161,195,48,55
158,202,48,53
159,206,48,55
156,209,48,54
153,221,50,54
153,222,48,55
153,222,46,52
151,231,47,51
151,228,46,52
151,232,44,51
151,235,46,53
151,237,47,53
147,246,46,52
146,249,47,52
138,252,51,58
139,260,51,53
161,267,54,57
180,277,61,53
201,279,61,52
228,277,57,53
238,294,61,52
262,285,61,52
286,278,50,52
306,289,58,55
312,305,58,54
336,294,56,55
348,295,57,55
350,300,61,52
333,302,62,53
301,323,62,53
271,323,62,53
247,325,56,55
219,325,63,54
201,326,63,54
177,328,61,55
156,329,61,55
160,318,56,59
173,314,55,60
181,311,54,61
193,309,56,61
190,326,52,54
216,310,51,57
231,307,52,58
231,312,63,57
246,307,66,56
260,304,55,59
243,307,65,56
219,307,66,56
198,308,67,57
185,302,66,57
172,302,66,57
158,298,66,56
149,298,68,58
138,298,67,58
134,294,67,57
124,297,68,58
116,296,68,58
112,291,67,57
109,292,66,58
112,288,61,59
107,293,66,57
116,271,65,57
124,252,56,61
122,255,58,61
132,254,54,64
108,281,65,58
114,263,67,57
122,259,58,61
118,258,61,62
111,260,60,59
110,266,64,58
117,262,59,59
115,262,62,60
116,258,58,64
114,259,62,62
118,254,56,66
110,259,64,62
114,258,61,65
112,260,62,64
109,266,66,62
107,264,69,59
112,260,63,65
105,267,69,59
105,266,69,59
106,269,69,59
105,269,67,58
106,269,67,57
104,270,67,58
109,268,65,59
109,268,64,59
109,266,65,61
112,264,63,62
116,268,58,62
119,266,56,65
116,260,57,68
116,266,58,67
116,264,59,69
112,264,60,66
116,270,57,63
111,268,62,66
110,269,63,65
111,264,62,69
114,269,59,67
112,270,61,67
114,270,61,67
112,266,61,71
112,268,61,68
111,267,64,70
111,267,63,69
111,265,65,72
110,267,66,70
113,266,63,72
111,266,65,73
110,263,66,75
109,265,67,74
113,265,65,75
113,269,64,73
111,265,65,73
113,263,65,74
113,261,66,76
114,257,64,76
113,259,66,75
115,262,63,72
115,258,64,75
115,261,63,71
118,257,59,74
118,254,60,76
118,258,60,72
116,260,61,73
118,258,59,74
120,258,57,73
117,258,59,73
114,260,62,70
118,259,61,73
117,258,59,72
115,260,61,72
116,259,60,69
114,260,62,71
115,256,58,72
115,259,57,71
115,259,57,70
116,259,58,71
118,260,55,68
117,262,56,69
119,262,56,72
119,263,55,71
119,261,54,70
121,261,54,70
120,262,52,69
122,264,51,66
118,263,52,65
122,263,53,64
125,262,46,64
118,264,51,64
120,263,50,66
115,263,54,67
116,264,57,65
113,263,55,65
111,271,58,61
111,269,57,63
115,270,54,63
114,267,55,62
110,268,55,62
112,270,55,61
110,270,56,61
110,269,56,62
110,271,56,62
110,269,55,62
110,269,59,61
111,268,58,63
112,269,56,63
111,271,56,63
112,270,57,63
112,271,56,64
107,269,58,62
108,270,60,63
109,269,61,63
108,270,63,62
111,271,60,63
108,271,60,61
109,269,60,62
111,268,60,63
105,269,65,60
113,269,57,64
117,265,54,63
118,264,51,62
117,264,52,61
117,265,52,62
120,259,52,65
118,260,52,65
117,263,53,66
118,264,52,65
117,264,54,64
116,264,53,66
112,263,55,62
114,266,56,64
113,263,55,66
113,269,58,65
114,266,58,67
115,266,56,66
115,268,55,64
116,266,53,65
114,266,56,64
115,263,53,65
112,266,58,65
111,267,60,67
109,266,61,66
107,265,65,66
107,267,65,66
108,266,62,65
105,268,67,64
106,265,63,68
107,266,64,67
107,265,67,68
108,266,64,68
108,267,65,66
103,267,70,63
103,268,70,64
107,268,66,66
105,268,70,63
103,268,71,62
102,270,71,62
103,269,70,62
102,271,71,62
106,266,69,66
101,270,74,64
102,267,72,65
100,266,74,63
106,262,69,69
107,265,68,67
109,261,66,68
107,264,68,68
109,266,67,69
104,269,68,66
109,267,65,67
111,266,66,66
113,266,67,68
112,266,67,67
111,266,66,69
115,262,69,70
113,265,69,69
114,263,69,71
115,261,67,71
116,258,70,72
115,257,71,74
118,254,69,76
118,254,69,79
115,255,67,75
117,252,70,79
114,253,69,78
114,251,69,78
114,250,67,77
113,250,67,73
114,250,68,72
116,266,68,71
121,270,62,68
121,269,64,68
120,266,65,67
125,267,65,68
129,267,66,69
136,269,63,64
138,267,67,67
140,264,71,69
148,266,69,67
154,264,72,65
154,267,72,63
158,266,75,64
166,265,76,65
179,264,72,63
188,261,74,62
193,258,75,64
207,264,75,61
216,263,74,63
224,263,74,63
239,265,74,63
253,266,74,63
266,267,72,62
277,265,71,61
295,266,71,61
299,272,71,60
280,273,72,62
257,275,72,62
247,274,72,62
239,271,74,63
246,273,73,63
257,272,74,63
276,276,74,63
296,276,74,64
277,278,74,63
258,277,73,62
237,278,73,62
218,281,73,62
200,280,72,62
181,282,73,62
160,284,73,62
140,276,73,64
123,284,73,62
109,285,72,62
105,290,72,61
84,287,71,61
90,290,71,60
102,287,71,61
120,284,71,61
137,286,71,61
150,278,71,60
177,280,71,60
193,279,69,59
218,278,70,60
234,278,70,60
254,276,71,61
240,273,72,62
223,269,73,63
202,265,74,63
186,264,74,64
172,263,74,63
159,261,73,63
141,256,72,62
145,256,73,62
173,246,63,66
181,247,70,62
196,246,71,62
216,241,68,64
236,237,67,63
252,233,67,63
260,232,69,61
275,230,70,60
298,223,60,60
299,224,68,60
309,220,68,60
324,210,63,61
333,208,56,59
343,208,52,54
348,205,53,55
354,201,50,54
358,200,49,54
359,197,64,55
363,191,49,53
364,190,49,54
368,186,48,54
367,183,49,54
368,184,61,52
372,180,47,50
376,176,45,50
376,173,46,49
376,166,46,51
378,166,45,52
377,165,46,50
379,159,44,51
375,158,46,50
376,156,45,50
375,156,45,49
373,152,47,49
373,147,45,50
370,143,46,50
368,142,45,48
368,138,44,49
364,137,46,49
360,134,46,50
360,133,45,49
357,131,45,50
354,127,46,51
352,129,45,48
349,128,47,49
347,125,46,48
343,123,45,48
342,121,45,48
340,119,45,48
338,116,43,46
335,119,44,45
333,115,43,44
329,113,42,44
326,111,45,47
325,108,44,45
322,105,42,44
319,106,44,46
318,102,42,45
315,101,42,42
314,98,41,43
311,98,41,43
310,99,40,41
309,96,39,40
306,96,38,41
307,95,38,40
306,92,38,41
306,92,41,40
305,92,39,38
306,92,39,39
303,91,41,41
304,90,40,40
305,87,40,40
306,85,38,37
304,84,40,39
305,82,38,38
305,81,39,40
307,80,37,38
308,79,38,39
309,79,39,40
309,78,38,39
311,76,40,38
314,76,38,38
316,74,37,39
317,74,37,38
319,73,37,38
322,74,36,37
324,72,36,37
324,72,37,37
330,72,35,36
333,71,37,36
334,71,36,36
339,69,36,36
340,68,37,36
342,67,37,37
348,67,36,36
351,66,37,36
355,65,35,36
357,65,34,35
359,65,34,34
363,68,33,33
366,67,34,34
370,65,34,35
374,64,33,33
378,59,33,35
380,57,36,38
384,59,33,36
388,56,30,36
393,58,32,31
395,59,33,32
399,56,33,32
403,56,33,32
406,54,32,32
411,54,32,32
416,53,31,32
418,54,36,30
422,50,36,30
426,49,32,32
431,47,31,31
433,47,34,29
439,47,30,30
443,46,30,30
447,46,30,29
449,45,30,28
453,46,30,27
456,46,29,28
460,44,30,28
464,46,29,28
469,46,29,28
470,45,28,27
474,46,29,27
476,46,30,27
479,46,33,28
481,46,31,25
486,45,29,26
487,45,30,26
490,45,29,26
495,45,28,26
