541,55,210,456
539,74,205,445
532,60,206,442
529,64,206,445
534,58,206,440
530,52,209,441
537,50,208,439
544,68,207,446
527,59,206,446
524,63,207,451
528,94,202,439
533,90,203,442
535,102,208,446
535,93,214,440
530,95,217,448
518,85,217,441
498,82,226,447
484,73,224,449
455,78,224,458
447,71,220,448
438,63,223,462
442,62,215,444
446,61,212,441
457,59,214,437
467,55,209,435
470,47,209,437
468,42,205,426
458,33,203,417
445,24,192,398
427,21,186,393
409,21,184,389
395,19,180,391
376,15,179,386
359,11,172,394
350,12,176,396
343,20,171,378
339,16,165,391
320,26,188,408
345,14,175,354
330,5,188,408
350,16,187,350
346,21,176,350
346,29,171,353
343,35,174,362
341,34,174,342
341,39,180,369
328,39,187,385
306,18,194,420
283,27,189,365
243,1,191,415
231,26,177,366
203,17,173,367
183,17,173,367
152,27,174,346
148,23,169,346
145,17,171,349
138,20,183,356
127,20,187,340
104,19,187,356
86,19,184,358
70,19,185,363
51,21,193,368
35,18,192,358
2,29,189,400
0,26,193,386
0,31,188,358
0,29,180,391
0,27,178,359
0,18,179,388
4,9,168,330
0,18,170,368
2,7,164,332
0,10,167,363
63,27,165,340
0,4,164,357
351,19,155,318
348,31,157,320
346,32,155,316
343,26,156,324
316,33,152,323
279,20,151,312
236,27,153,318
196,24,157,319
156,17,161,322
106,35,159,336
84,29,156,334
74,23,156,342
70,30,154,333
61,99,162,351
63,106,161,355
59,108,162,344
46,102,161,331
40,88,161,338
10,60,168,317
8,51,171,333
8,49,165,327
10,49,157,312
11,54,154,311
13,53,150,311
11,54,151,304
12,56,143,297
6,72,142,299
4,79,133,296
3,72,132,280
5,63,132,274
7,73,137,281
5,119,138,301
15,76,143,290
28,67,146,289
24,87,148,301
6,119,151,314
16,86,154,313
14,68,151,301
5,85,148,305
1,89,144,306
0,104,142,302
0,238,141,306
0,268,139,302
0,271,139,302
100,278,137,297
117,286,133,289
133,290,131,285
142,289,132,286
259,198,130,283
312,199,127,276
430,84,129,280
404,85,129,280
417,141,128,279
476,243,128,278
407,87,128,278
398,35,129,279
412,90,131,284
431,142,131,284
436,195,130,283
438,122,127,276
442,123,124,270
462,166,124,268
441,125,125,271
450,120,126,274
380,55,125,272
418,131,126,274
439,168,127,276
527,152,125,271
464,170,123,268
489,159,123,266
551,216,121,263
532,274,120,260
602,307,118,257
570,304,118,256
492,241,118,256
568,191,118,256
514,255,116,252
568,307,116,253
588,295,115,249
580,309,116,252
637,280,116,252
552,297,115,250
587,284,116,251
547,304,116,252
552,306,114,248
567,325,115,250
573,328,114,247
576,331,113,244
573,331,112,244
572,329,112,243
572,325,113,244
601,292,113,245
574,328,114,247
577,322,115,249
573,323,116,252
575,319,115,250
537,257,114,247
537,267,113,245
531,272,111,241
512,222,111,240
525,249,109,237
512,238,106,231
528,268,106,230
508,264,103,223
494,260,102,221
483,235,103,223
521,190,104,225
618,139,102,222
689,2,105,229
657,0,107,232
627,0,107,232
605,0,109,237
582,0,109,237
571,6,113,245
521,4,114,247
490,0,115,250
465,1,112,255
444,11,116,254
423,4,115,261
389,11,121,263
368,10,121,263
348,27,123,266
327,22,120,269
310,28,122,263
281,25,125,268
246,26,127,277
218,1,125,264
194,0,126,268
157,22,132,290
121,16,130,290
96,12,125,295
70,32,130,296
60,19,126,292
39,23,131,294
9,29,131,300
0,39,137,297
0,42,137,298
0,41,138,299
0,42,136,296
0,42,139,301
0,40,137,298
0,45,137,297
0,42,137,297
0,36,138,265
0,42,131,285
0,146,128,279
0,200,124,270
0,302,126,273
0,304,125,271
0,302,126,273
0,306,124,269
0,255,124,269
0,250,126,273
0,47,127,276
0,39,128,278
0,39,130,283
0,44,129,281
0,45,129,279
0,37,129,279
0,90,129,280
0,97,129,280
0,90,130,282
0,140,131,284
0,36,131,285
0,40,130,283
0,37,131,284
0,138,131,285
0,298,128,277
0,293,130,282
0,201,127,277
0,179,125,272
0,180,119,241
0,192,123,247
0,192,119,241
2,192,123,240
13,191,121,237
30,197,118,238
44,204,118,240
55,204,118,241
68,200,119,239
85,214,119,245
98,214,120,244
112,214,117,242
122,209,116,235
134,217,113,239
140,215,111,240
149,222,111,241
157,241,110,240
162,254,110,238
164,254,109,237
169,254,105,225
175,243,107,232
168,239,104,230
153,234,105,230
129,267,110,238
124,249,99,231
118,245,100,232
114,243,102,232
115,238,101,235
113,228,104,238
214,224,111,213
223,227,110,222
224,222,109,225
226,224,107,233
225,230,107,233
233,229,108,233
241,233,106,229
242,230,107,226
247,238,105,227
248,246,104,225
255,233,107,216
251,249,104,226
259,257,102,222
213,242,102,221
0,263,102,221
0,244,101,220
4,229,94,215
3,238,96,228
3,240,97,227
3,238,98,232
4,253,94,225
3,250,95,223
3,252,93,216
2,261,95,219
1,275,98,216
2,260,94,213
0,278,97,212
1,261,97,215
1,260,99,220
1,239,100,220
0,217,104,227
0,215,107,232
0,212,111,240
0,209,113,245
0,187,119,247
0,185,121,252
0,185,124,253
0,183,127,265
0,185,129,265
0,185,129,268
0,187,127,264
0,186,128,273
0,186,126,267
0,184,122,258
0,189,124,263
0,190,124,260
1,204,121,263
1,204,121,258
1,213,119,250
0,218,118,240
0,216,122,239
0,233,116,240
0,243,110,238
0,250,109,222
0,249,111,204
0,257,108,203
0,251,107,202
1,260,102,199
0,267,97,210
5,262,95,202
9,262,98,197
22,257,91,196
20,264,91,196
11,253,95,203
1,260,99,200
0,258,98,199
0,255,91,186
0,255,86,180
0,263,89,193
1,261,85,173
3,281,89,176
4,280,87,177
4,284,86,175
4,281,85,175
1,284,91,179
2,282,86,187
0,294,88,188
0,293,88,189
0,289,83,182
0,288,80,179
0,280,78,181
0,287,76,180
0,297,75,175
0,294,73,175
0,290,72,177
0,302,77,167
0,300,78,169
0,298,79,172
0,303,81,177
0,300,83,180
0,298,82,179
0,292,82,177
0,292,81,176
1,285,83,180
3,287,85,178
5,294,83,172
5,293,86,173
6,292,81,168
5,298,80,164
2,306,79,163
0,320,77,166
0,316,79,171
0,326,78,169
0,332,78,170
0,329,78,170
0,325,80,173
0,322,80,175
0,327,82,177
0,322,84,182
0,325,86,187
0,322,85,186
0,319,89,179
0,319,87,175
0,315,86,171
0,327,84,176
0,324,80,165
0,328,77,159
0,336,74,157
0,331,70,152
2,326,69,149
5,331,70,154
4,325,72,152
2,304,74,159
1,273,74,165
0,286,78,161
0,265,74,169
0,263,73,175
1,265,74,176
1,267,76,174
1,274,80,176
0,283,79,176
0,290,78,177
0,290,80,181
2,289,75,177
2,294,76,177
3,292,77,178
3,291,80,184
4,293,80,181
5,295,81,173
4,334,87,169
4,335,81,165
2,335,78,169
2,337,78,184
4,334,76,194
5,347,83,205
0,371,94,204
5,344,89,214
8,338,84,211
6,344,92,218
6,350,90,209
7,348,90,210
9,344,89,217
9,342,88,218
7,344,89,219
10,332,84,212
4,338,95,221
3,338,93,221
0,353,102,222
0,347,105,228
3,332,102,232
1,340,106,232
0,333,111,242
8,298,104,252
9,292,104,258
9,291,106,259
5,285,113,267
7,277,110,267
4,283,115,270
7,260,110,275
6,258,114,280
5,256,116,278
4,249,122,279
3,247,127,282
2,247,133,291
3,242,136,296
3,242,141,308
3,242,139,308
4,229,148,323
4,220,151,331
3,221,156,330
3,213,157,341
4,208,157,351
3,203,161,354
3,213,155,343
4,212,157,343
5,210,154,346
3,221,151,332
0,224,154,333
0,225,153,329
0,229,151,321
0,221,157,330
0,205,158,333
0,227,156,324
0,226,158,329
0,220,159,325
0,221,158,326
0,245,152,330
0,239,150,318
0,234,154,319
0,225,149,318
0,251,148,300
0,241,145,313
0,238,146,313
0,232,147,322
0,231,148,323
0,232,148,320
0,240,145,315
0,241,144,312
0,243,145,310
0,259,142,290
0,253,138,301
0,249,140,305
0,244,139,297
0,239,140,300
0,260,138,290
0,250,142,300
0,248,142,303
1,241,143,311
1,243,143,308
2,241,140,308
2,240,143,309
4,239,138,314
3,255,133,292
4,246,134,304
5,259,128,290
4,252,132,294
5,243,134,303
9,237,134,305
8,253,131,285
9,249,132,284
8,253,134,277
12,245,134,283
14,231,136,294
14,244,131,284
15,241,136,284
15,228,134,286
17,236,140,291
17,225,147,298
18,218,146,305
17,232,139,294
14,233,144,293
15,228,137,292
15,228,141,298
16,234,138,296
14,230,139,299
15,231,137,299
11,236,137,296
9,224,135,296
6,239,141,296
5,228,141,307
5,239,139,299
3,238,137,304
2,234,139,311
2,221,144,327
3,232,139,317
4,225,143,322
7,218,142,331
7,218,142,332
8,219,139,333
7,216,141,334
7,221,140,329
6,219,140,335
3,242,139,303
3,231,142,320
1,227,147,322
1,222,151,327
1,225,149,324
1,222,149,327
1,245,144,294
1,234,146,313
1,236,147,307
3,234,150,308
6,233,151,309
7,240,149,302
9,239,153,300
11,242,147,294
13,259,139,275
14,253,139,280
14,253,137,277
14,248,136,277
14,268,131,261
13,263,132,263
14,259,129,265
15,256,130,272
14,252,130,277
14,252,130,276
16,247,126,274
16,244,133,282
16,236,136,294
17,240,133,288
17,241,132,289
17,240,136,287
19,238,131,289
18,235,133,294
19,233,133,290
19,233,139,288
17,218,150,307
8,201,160,316
1,156,165,345
0,115,168,364
0,138,174,377
0,87,178,387
0,51,174,374
0,45,173,357
0,163,164,360
0,196,152,331
4,204,151,310
7,202,149,313
11,212,144,307
12,213,142,304
12,224,138,299
10,224,138,305
8,220,142,311
7,218,141,313
7,217,140,317
9,211,139,327
8,204,141,341
8,201,143,344
10,221,135,313
8,215,138,324
8,215,137,324
7,212,140,326
7,211,143,329
6,208,146,330
8,206,146,330
7,197,149,347
5,195,152,354
5,196,150,350
3,205,152,344
1,215,153,332
2,215,150,333
2,217,149,331
1,211,149,325
0,231,150,317
0,218,152,332
2,212,151,338
2,212,152,338
1,230,150,318
1,222,149,328
1,222,150,329
2,216,151,335
2,215,150,335
1,219,151,330
2,213,151,336
3,214,150,336
1,213,151,337
1,219,152,332
1,221,151,327
0,242,149,302
0,232,151,314
0,241,147,304
3,239,148,300
2,258,143,282
7,252,143,291
10,240,140,283
10,234,150,294
14,234,146,286
13,230,154,302
17,231,154,295
19,221,156,307
19,218,154,311
19,214,152,311
20,212,151,314
17,220,151,313
15,238,144,290
14,241,142,291
8,257,144,279
6,266,145,272
1,259,144,285
0,257,139,293
0,258,136,288
0,259,125,279
0,248,132,299
0,213,129,314
0,238,139,314
2,233,143,319
1,231,146,324
0,226,152,332
0,223,154,340
0,221,156,337
1,220,156,335
1,211,159,343
0,208,160,348
3,208,158,346
4,202,161,346
6,225,152,319
11,224,150,318
13,225,156,305
13,239,150,283
16,242,150,283
16,248,150,274
19,241,149,282
14,253,141,275
12,230,145,284
11,226,147,290
12,221,149,301
4,205,155,321
0,147,154,335
0,148,159,345
0,127,152,345
0,125,149,342
0,136,146,345
0,173,153,332
0,207,160,332
0,218,154,334
0,192,150,331
45,198,144,342
33,211,148,332
0,201,154,336
0,181,157,358
1,163,160,369
6,149,164,384
8,155,165,373
10,159,160,371
82,157,161,403
94,171,158,391
87,189,152,367
96,193,152,365
107,201,153,354
115,215,152,337
120,219,149,332
141,239,146,304
136,225,144,312
121,237,139,310
176,241,153,302
127,228,144,315
168,233,148,300
190,248,144,287
179,238,141,291
194,250,139,286
212,249,133,271
213,246,136,277
247,249,135,257
235,250,127,257
268,257,124,240
290,257,117,229
270,245,127,245
280,243,124,238
290,256,121,232
282,244,131,236
294,242,121,230
302,247,122,226
304,253,120,229
320,252,115,222
326,247,113,222
346,256,109,225
335,251,114,230
338,251,110,228
335,252,111,226
352,252,106,219
343,256,112,221
352,252,113,221
357,254,113,224
356,254,114,221
361,252,115,224
